285.0 363.0 317.0 363.0 317.0 399.0 285.0 399.0
287.087158203125 362.17486572265625 318.73447036743164 362.17486572265625 318.73447036743164 397.763370513916 287.087158203125 397.763370513916
289.2039794921875 362.0018310546875 321.87854766845703 362.0018310546875 321.87854766845703 396.17108154296875 289.2039794921875 396.17108154296875
291.3464660644531 360.54974365234375 322.7571716308594 360.54974365234375 322.7571716308594 394.79915618896484 291.3464660644531 394.79915618896484
293.28851318359375 358.12908935546875 324.06019592285156 358.12908935546875 324.06019592285156 393.4995460510254 293.28851318359375 393.4995460510254
296.17279052734375 355.6940002441406 326.4869194030762 355.6940002441406 326.4869194030762 390.87794494628906 296.17279052734375 390.87794494628906
297.5821533203125 352.80706787109375 326.96350479125977 352.80706787109375 326.96350479125977 387.7296333312988 297.5821533203125 387.7296333312988
299.46246337890625 352.76202392578125 329.4627685546875 352.76202392578125 329.4627685546875 385.9737854003906 299.46246337890625 385.9737854003906
301.90814208984375 349.33990478515625 329.49250411987305 349.33990478515625 329.49250411987305 382.2348861694336 301.90814208984375 382.2348861694336
303.6142578125 347.3539123535156 330.3323631286621 347.3539123535156 330.3323631286621 381.28336334228516 303.6142578125 381.28336334228516
305.0419006347656 346.4555358886719 332.9374179840088 346.4555358886719 332.9374179840088 380.48656463623047 305.0419006347656 380.48656463623047
306.31146240234375 346.03692626953125 335.3537349700928 346.03692626953125 335.3537349700928 380.9831771850586 306.31146240234375 380.9831771850586
307.90240478515625 344.8467102050781 335.9187774658203 344.8467102050781 335.9187774658203 378.8304862976074 307.90240478515625 378.8304862976074
310.33477783203125 344.29388427734375 337.15954971313477 344.29388427734375 337.15954971313477 378.6921157836914 310.33477783203125 378.6921157836914
312.1161193847656 343.6343688964844 339.70791244506836 343.6343688964844 339.70791244506836 377.6268424987793 312.1161193847656 377.6268424987793
313.4311828613281 340.3871154785156 340.35691833496094 340.3871154785156 340.35691833496094 375.68641662597656 313.4311828613281 375.68641662597656
315.4397277832031 340.023193359375 342.6530342102051 340.023193359375 342.6530342102051 373.08003997802734 315.4397277832031 373.08003997802734
318.1859436035156 338.36041259765625 344.5028438568115 338.36041259765625 344.5028438568115 371.58179473876953 318.1859436035156 371.58179473876953
319.4110107421875 334.63446044921875 346.3099670410156 334.63446044921875 346.3099670410156 369.7998275756836 319.4110107421875 369.7998275756836
320.89581298828125 332.7357482910156 348.70100021362305 332.7357482910156 348.70100021362305 367.1895523071289 320.89581298828125 367.1895523071289
322.016357421875 330.87835693359375 351.4901580810547 330.87835693359375 351.4901580810547 366.1530303955078 322.016357421875 366.1530303955078
323.6517639160156 331.7420959472656 353.9228973388672 331.7420959472656 353.9228973388672 364.6365280151367 323.6517639160156 364.6365280151367
325.9631652832031 329.969482421875 355.3544616699219 329.969482421875 355.3544616699219 362.39884185791016 325.9631652832031 362.39884185791016
327.212890625 327.91204833984375 357.50152587890625 327.91204833984375 357.50152587890625 361.4506721496582 327.212890625 361.4506721496582
329.08349609375 327.4760437011719 358.00073623657227 327.4760437011719 358.00073623657227 361.32187271118164 329.08349609375 361.32187271118164
330.89520263671875 325.831787109375 360.510461807251 325.831787109375 360.510461807251 360.54547119140625 330.89520263671875 360.54547119140625
333.373046875 325.15460205078125 361.91781997680664 325.15460205078125 361.91781997680664 359.03179931640625 333.373046875 359.03179931640625
335.36431884765625 322.8662109375 363.3595390319824 322.8662109375 363.3595390319824 356.86034393310547 335.36431884765625 356.86034393310547
337.0679626464844 319.6968994140625 364.07936668395996 319.6968994140625 364.07936668395996 354.5858688354492 337.0679626464844 354.5858688354492
338.09173583984375 318.6692199707031 364.563268661499 318.6692199707031 364.563268661499 353.30804443359375 338.09173583984375 353.30804443359375
339.507080078125 316.8623352050781 366.6081428527832 316.8623352050781 366.6081428527832 352.0083465576172 339.507080078125 352.0083465576172
341.4320373535156 313.69219970703125 366.31059646606445 313.69219970703125 366.31059646606445 348.78321075439453 341.4320373535156 348.78321075439453
343.0013732910156 312.82489013671875 368.6260585784912 312.82489013671875 368.6260585784912 347.0874328613281 343.0013732910156 347.0874328613281
343.0416564941406 313.2265625 370.04735374450684 313.2265625 370.04735374450684 347.5372543334961 343.0416564941406 347.5372543334961
345.2142639160156 312.45465087890625 370.4516792297363 312.45465087890625 370.4516792297363 344.6305618286133 345.2142639160156 344.6305618286133
346.64459228515625 311.408447265625 372.37499046325684 311.408447265625 372.37499046325684 344.43795013427734 346.64459228515625 344.43795013427734
348.1006164550781 310.4354553222656 374.2476444244385 310.4354553222656 374.2476444244385 344.42139434814453 348.1006164550781 344.42139434814453
349.9867858886719 309.1275329589844 374.9299507141113 309.1275329589844 374.9299507141113 343.8516044616699 349.9867858886719 343.8516044616699
351.6516418457031 309.1087646484375 376.9858341217041 309.1087646484375 376.9858341217041 343.0164794921875 351.6516418457031 343.0164794921875
354.02142333984375 307.89910888671875 379.96759033203125 307.89910888671875 379.96759033203125 339.883975982666 354.02142333984375 339.883975982666
355.1842041015625 304.8919372558594 381.00188064575195 304.8919372558594 381.00188064575195 337.4038619995117 355.1842041015625 337.4038619995117
356.69091796875 302.25201416015625 382.9888114929199 302.25201416015625 382.9888114929199 337.29425048828125 356.69091796875 337.29425048828125
358.12261962890625 300.7853088378906 385.9094295501709 300.7853088378906 385.9094295501709 335.1219482421875 358.12261962890625 335.1219482421875
359.4483642578125 300.12347412109375 387.2487907409668 300.12347412109375 387.2487907409668 333.54524993896484 359.4483642578125 333.54524993896484
361.35125732421875 299.2998046875 390.9726619720459 299.2998046875 390.9726619720459 334.1522445678711 361.35125732421875 334.1522445678711
363.188720703125 299.8985900878906 393.87677001953125 299.8985900878906 393.87677001953125 331.958984375 363.188720703125 331.958984375
365.4399108886719 298.66497802734375 396.1808834075928 298.66497802734375 396.1808834075928 331.8344917297363 365.4399108886719 331.8344917297363
367.07855224609375 298.81414794921875 398.6016902923584 298.81414794921875 398.6016902923584 330.3202323913574 367.07855224609375 330.3202323913574
369.22222900390625 297.49859619140625 398.818660736084 297.49859619140625 398.818660736084 328.8687438964844 369.22222900390625 328.8687438964844
370.7053527832031 294.69366455078125 399.4645805358887 294.69366455078125 399.4645805358887 327.5594596862793 370.7053527832031 327.5594596862793
372.75213623046875 291.3121032714844 399.47857666015625 291.3121032714844 399.47857666015625 325.12670135498047 372.75213623046875 325.12670135498047
374.3031005859375 289.3538513183594 401.1945552825928 289.3538513183594 401.1945552825928 323.87197494506836 374.3031005859375 323.87197494506836
375.7896728515625 286.56292724609375 401.95959091186523 286.56292724609375 401.95959091186523 320.33431243896484 375.7896728515625 320.33431243896484
377.13690185546875 287.072021484375 402.71405601501465 287.072021484375 402.71405601501465 318.80359268188477 377.13690185546875 318.80359268188477
378.28314208984375 285.2648620605469 402.9711265563965 285.2648620605469 402.9711265563965 318.5784912109375 378.28314208984375 318.5784912109375
379.2977600097656 285.1732177734375 404.5826759338379 285.1732177734375 404.5826759338379 318.1536636352539 379.2977600097656 318.1536636352539
379.4128112792969 286.1065979003906 406.1234588623047 286.1065979003906 406.1234588623047 317.85956382751465 379.4128112792969 317.85956382751465
381.6584777832031 284.40545654296875 407.27020263671875 284.40545654296875 407.27020263671875 315.979305267334 381.6584777832031 315.979305267334
382.6018981933594 284.4090576171875 407.6906051635742 284.4090576171875 407.6906051635742 315.28918075561523 382.6018981933594 315.28918075561523
383.9847106933594 284.3545227050781 409.8306827545166 284.3545227050781 409.8306827545166 313.808780670166 383.9847106933594 313.808780670166
385.07861328125 282.86358642578125 409.8811779022217 282.86358642578125 409.8811779022217 312.9299621582031 385.07861328125 312.9299621582031
386.858154296875 280.82373046875 412.084285736084 280.82373046875 412.084285736084 311.6078395843506 386.858154296875 311.6078395843506
388.4925537109375 279.01177978515625 413.3013572692871 279.01177978515625 413.3013572692871 311.5063285827637 388.4925537109375 311.5063285827637
390.360595703125 277.7682800292969 415.3544216156006 277.7682800292969 415.3544216156006 309.31634521484375 390.360595703125 309.31634521484375
391.89874267578125 275.93157958984375 417.75779151916504 275.93157958984375 417.75779151916504 308.0493583679199 391.89874267578125 308.0493583679199
392.4676208496094 274.8088073730469 419.52306747436523 274.8088073730469 419.52306747436523 305.7902774810791 392.4676208496094 305.7902774810791
394.0091857910156 274.69586181640625 421.17177963256836 274.69586181640625 421.17177963256836 306.68328857421875 394.0091857910156 306.68328857421875
395.8305358886719 273.6734619140625 423.50641441345215 273.6734619140625 423.50641441345215 305.0562496185303 395.8305358886719 305.0562496185303
396.5846252441406 273.65087890625 425.37043380737305 273.65087890625 425.37043380737305 304.3930416107178 396.5846252441406 304.3930416107178
398.45208740234375 271.1231384277344 426.4798126220703 271.1231384277344 426.4798126220703 303.0851020812988 398.45208740234375 303.0851020812988
399.9601745605469 271.4840393066406 428.37768936157227 271.4840393066406 428.37768936157227 302.77845764160156 399.9601745605469 302.77845764160156
401.47186279296875 269.6059265136719 429.1912326812744 269.6059265136719 429.1912326812744 302.4522285461426 401.47186279296875 302.4522285461426
404.31109619140625 267.8615417480469 429.8662452697754 267.8615417480469 429.8662452697754 301.0482711791992 404.31109619140625 301.0482711791992
405.86968994140625 265.7485046386719 431.47717666625977 265.7485046386719 431.47717666625977 296.875280380249 405.86968994140625 296.875280380249
407.1631164550781 264.18817138671875 432.0987491607666 264.18817138671875 432.0987491607666 296.0396537780762 407.1631164550781 296.0396537780762
408.3687438964844 261.752197265625 432.93325424194336 261.752197265625 432.93325424194336 292.92692947387695 408.3687438964844 292.92692947387695
409.37176513671875 260.8546447753906 434.2109203338623 260.8546447753906 434.2109203338623 293.63937759399414 409.37176513671875 293.63937759399414
410.6922302246094 261.3665466308594 435.47278785705566 261.3665466308594 435.47278785705566 291.6459560394287 410.6922302246094 291.6459560394287
411.64251708984375 260.82000732421875 436.6079044342041 260.82000732421875 436.6079044342041 292.04071044921875 411.64251708984375 292.04071044921875
412.34930419921875 261.69952392578125 437.8158893585205 261.69952392578125 437.8158893585205 292.17736434936523 412.34930419921875 292.17736434936523
414.58270263671875 261.1604309082031 439.77947998046875 261.1604309082031 439.77947998046875 292.67824935913086 414.58270263671875 292.67824935913086
416.17254638671875 260.46612548828125 441.53529930114746 260.46612548828125 441.53529930114746 290.7843265533447 416.17254638671875 290.7843265533447
417.68353271484375 259.31744384765625 442.1935520172119 259.31744384765625 442.1935520172119 290.1564235687256 417.68353271484375 290.1564235687256
419.71514892578125 258.1001892089844 444.3605537414551 258.1001892089844 444.3605537414551 288.9443473815918 419.71514892578125 288.9443473815918
421.482421875 257.0006103515625 446.54010009765625 257.0006103515625 446.54010009765625 286.3743839263916 421.482421875 286.3743839263916
422.99969482421875 253.5693817138672 447.58276176452637 253.5693817138672 447.58276176452637 284.3795528411865 422.99969482421875 284.3795528411865
424.3409118652344 253.3520965576172 449.1114845275879 253.3520965576172 449.1114845275879 282.5653648376465 424.3409118652344 282.5653648376465
425.9820251464844 250.73269653320312 451.4964771270752 250.73269653320312 451.4964771270752 281.21827125549316 425.9820251464844 281.21827125549316
426.63568115234375 250.7720184326172 453.6225643157959 250.7720184326172 453.6225643157959 280.2575225830078 426.63568115234375 280.2575225830078
428.1800842285156 249.6862030029297 456.3037624359131 249.6862030029297 456.3037624359131 281.1519412994385 428.1800842285156 281.1519412994385
430.4818420410156 251.023681640625 457.84828186035156 251.023681640625 457.84828186035156 281.2170295715332 430.4818420410156 281.2170295715332
431.67303466796875 249.9516143798828 459.45876693725586 249.9516143798828 459.45876693725586 280.14691734313965 431.67303466796875 280.14691734313965
433.04718017578125 248.30661010742188 460.447546005249 248.30661010742188 460.447546005249 279.78368759155273 433.04718017578125 279.78368759155273
435.07220458984375 247.0254364013672 462.4545955657959 247.0254364013672 462.4545955657959 279.2665672302246 435.07220458984375 279.2665672302246
436.71246337890625 245.4296875 462.91204833984375 245.4296875 462.91204833984375 278.3124465942383 436.71246337890625 278.3124465942383
438.39654541015625 243.78280639648438 463.25909996032715 243.78280639648438 463.25909996032715 274.2814025878906 438.39654541015625 274.2814025878906
440.45245361328125 241.0240478515625 464.49338722229004 241.0240478515625 464.49338722229004 272.260778427124 440.45245361328125 272.260778427124
441.37615966796875 239.8501434326172 465.21428298950195 239.8501434326172 465.21428298950195 270.5668544769287 441.37615966796875 270.5668544769287
443.53936767578125 238.7826385498047 467.75567054748535 238.7826385498047 467.75567054748535 269.0710258483887 443.53936767578125 269.0710258483887
444.508056640625 238.3035125732422 468.0799961090088 238.3035125732422 468.0799961090088 268.51478576660156 444.508056640625 268.51478576660156
444.91217041015625 239.067138671875 469.6704444885254 239.067138671875 469.6704444885254 267.9283847808838 444.91217041015625 267.9283847808838
446.3809509277344 238.5410919189453 469.3077964782715 238.5410919189453 469.3077964782715 266.62615966796875 446.3809509277344 266.62615966796875
447.8677673339844 238.76882934570312 471.8781547546387 238.76882934570312 471.8781547546387 267.18356704711914 447.8677673339844 267.18356704711914
448.7869567871094 238.3845672607422 472.476110458374 238.3845672607422 472.476110458374 266.2767677307129 448.7869567871094 266.2767677307129
450.55914306640625 237.43301391601562 474.05060386657715 237.43301391601562 474.05060386657715 265.93835830688477 450.55914306640625 265.93835830688477
452.3152770996094 236.450927734375 476.13965225219727 236.450927734375 476.13965225219727 265.0256538391113 452.3152770996094 265.0256538391113
453.89801025390625 234.0806884765625 477.61977195739746 234.0806884765625 477.61977195739746 263.0601406097412 453.89801025390625 263.0601406097412
455.68701171875 232.6360321044922 479.4597644805908 232.6360321044922 479.4597644805908 261.9146785736084 455.68701171875 261.9146785736084
457.2665100097656 232.067138671875 480.5501003265381 232.067138671875 480.5501003265381 261.329137802124 457.2665100097656 261.329137802124
458.26910400390625 229.61886596679688 482.38441276550293 229.61886596679688 482.38441276550293 259.5290412902832 458.26910400390625 259.5290412902832
458.5664978027344 228.3972930908203 484.33722496032715 228.3972930908203 484.33722496032715 257.83983421325684 458.5664978027344 257.83983421325684
460.43731689453125 227.88143920898438 486.5505485534668 227.88143920898438 486.5505485534668 257.27154541015625 460.43731689453125 257.27154541015625
461.416015625 227.62255859375 488.3914985656738 227.62255859375 488.3914985656738 257.57751083374023 461.416015625 257.57751083374023
462.93035888671875 227.2336883544922 490.2728729248047 227.2336883544922 490.2728729248047 257.45044326782227 462.93035888671875 257.45044326782227
464.27532958984375 226.1227569580078 491.80410385131836 226.1227569580078 491.80410385131836 256.0489101409912 464.27532958984375 256.0489101409912
465.2638244628906 225.564453125 492.5791664123535 225.564453125 492.5791664123535 255.05705642700195 465.2638244628906 255.05705642700195
467.13031005859375 223.379638671875 493.68287658691406 223.379638671875 493.68287658691406 254.57047080993652 467.13031005859375 254.57047080993652
468.65509033203125 222.40707397460938 494.089448928833 222.40707397460938 494.089448928833 252.03244972229004 468.65509033203125 252.03244972229004
469.24102783203125 221.1138153076172 495.6069221496582 221.1138153076172 495.6069221496582 250.5704860687256 469.24102783203125 250.5704860687256
470.75 219.1376190185547 495.2187957763672 219.1376190185547 495.2187957763672 249.13681983947754 470.75 249.13681983947754
471.3951721191406 217.6536102294922 496.5970878601074 217.6536102294922 496.5970878601074 247.66884994506836 471.3951721191406 247.66884994506836
472.5928649902344 217.3089599609375 496.21009826660156 217.3089599609375 496.21009826660156 245.77178955078125 472.5928649902344 245.77178955078125
473.56292724609375 216.5181427001953 496.7395782470703 216.5181427001953 496.7395782470703 245.24704360961914 473.56292724609375 245.24704360961914
474.536376953125 216.51193237304688 497.8158588409424 216.51193237304688 497.8158588409424 245.91252517700195 474.536376953125 245.91252517700195
475.6383361816406 216.8318634033203 497.2321834564209 216.8318634033203 497.2321834564209 246.1411647796631 475.6383361816406 246.1411647796631
476.85595703125 216.15054321289062 499.6320285797119 216.15054321289062 499.6320285797119 244.29641151428223 476.85595703125 244.29641151428223
477.04266357421875 215.8080291748047 500.58210372924805 215.8080291748047 500.58210372924805 244.9553985595703 477.04266357421875 244.9553985595703
478.55303955078125 214.9554443359375 501.8092784881592 214.9554443359375 501.8092784881592 244.20776748657227 478.55303955078125 244.20776748657227
480.36077880859375 212.40548706054688 502.8031578063965 212.40548706054688 502.8031578063965 241.6529541015625 480.36077880859375 241.6529541015625
480.98480224609375 212.31271362304688 504.8800048828125 212.31271362304688 504.8800048828125 240.97332763671875 480.98480224609375 240.97332763671875
481.8529357910156 211.7610626220703 506.19981384277344 211.7610626220703 506.19981384277344 241.9638156890869 481.8529357910156 241.9638156890869
482.7135314941406 207.77572631835938 508.36965560913086 207.77572631835938 508.36965560913086 240.2260971069336 482.7135314941406 240.2260971069336
484.61383056640625 208.24942016601562 511.0217475891113 208.24942016601562 511.0217475891113 239.15472984313965 484.61383056640625 239.15472984313965
485.5616149902344 208.664794921875 512.2868309020996 208.664794921875 512.2868309020996 238.76501083374023 485.5616149902344 238.76501083374023
486.43017578125 208.8357391357422 513.8448028564453 208.8357391357422 513.8448028564453 238.87719345092773 486.43017578125 238.87719345092773
488.99664306640625 209.00064086914062 515.3603782653809 209.00064086914062 515.3603782653809 239.1919651031494 488.99664306640625 239.1919651031494
490.4662170410156 207.2993927001953 517.6916103363037 207.2993927001953 517.6916103363037 238.08603286743164 490.4662170410156 238.08603286743164
492.80035400390625 208.62283325195312 518.5722961425781 208.62283325195312 518.5722961425781 237.6162815093994 492.80035400390625 237.6162815093994
493.388671875 205.5945281982422 520.5108604431152 205.5945281982422 520.5108604431152 236.68471717834473 493.388671875 236.68471717834473
494.9248962402344 203.5274200439453 520.8148155212402 203.5274200439453 520.8148155212402 234.05536270141602 494.9248962402344 234.05536270141602
495.90338134765625 203.12521362304688 520.3914699554443 203.12521362304688 520.3914699554443 234.16534042358398 495.90338134765625 234.16534042358398
496.80133056640625 201.90921020507812 520.9948768615723 201.90921020507812 520.9948768615723 232.06832313537598 496.80133056640625 232.06832313537598
498.25836181640625 199.48831176757812 522.4050178527832 199.48831176757812 522.4050178527832 230.7319393157959 498.25836181640625 230.7319393157959
499.32855224609375 199.84410095214844 522.1815299987793 199.84410095214844 522.1815299987793 229.61331176757812 499.32855224609375 229.61331176757812
500.47296142578125 197.84375 523.0582695007324 197.84375 523.0582695007324 227.52188682556152 500.47296142578125 227.52188682556152
501.41845703125 197.91275024414062 524.2126598358154 197.91275024414062 524.2126598358154 227.05920028686523 501.41845703125 227.05920028686523
502.04949951171875 198.33078002929688 524.6801986694336 198.33078002929688 524.6801986694336 226.6004981994629 502.04949951171875 226.6004981994629
503.1326599121094 198.13555908203125 525.6380271911621 198.13555908203125 525.6380271911621 228.2220401763916 503.1326599121094 228.2220401763916
504.3741760253906 197.50454711914062 527.4611930847168 197.50454711914062 527.4611930847168 226.2899990081787 504.3741760253906 226.2899990081787
505.429443359375 196.79393005371094 528.8716278076172 196.79393005371094 528.8716278076172 224.6722354888916 505.429443359375 224.6722354888916
505.9812927246094 195.9842987060547 529.5239410400391 195.9842987060547 529.5239410400391 224.82999229431152 505.9812927246094 224.82999229431152
507.11407470703125 195.6534423828125 531.3030700683594 195.6534423828125 531.3030700683594 224.0509910583496 507.11407470703125 224.0509910583496
508.180419921875 192.861328125 532.3608570098877 192.861328125 532.3608570098877 222.4768829345703 508.180419921875 222.4768829345703
509.2398376464844 191.673095703125 534.0889625549316 191.673095703125 534.0889625549316 221.02101135253906 509.2398376464844 221.02101135253906
509.8182067871094 188.99876403808594 534.7020511627197 188.99876403808594 534.7020511627197 219.19797134399414 509.8182067871094 219.19797134399414
510.3662109375 189.05075073242188 536.3270835876465 189.05075073242188 536.3270835876465 217.9654655456543 510.3662109375 217.9654655456543
510.4335021972656 190.67666625976562 537.7168579101562 190.67666625976562 537.7168579101562 219.45112228393555 510.4335021972656 219.45112228393555
512.3013916015625 191.08627319335938 538.5108070373535 191.08627319335938 538.5108070373535 219.4916114807129 512.3013916015625 219.4916114807129
513.4786376953125 188.71884155273438 540.6750793457031 188.71884155273438 540.6750793457031 218.80920028686523 513.4786376953125 218.80920028686523
514.33544921875 188.6282958984375 542.1001319885254 188.6282958984375 542.1001319885254 218.7384910583496 514.33544921875 218.7384910583496
516.2672119140625 186.57801818847656 542.6757392883301 186.57801818847656 542.6757392883301 218.13132286071777 516.2672119140625 218.13132286071777
518.2376708984375 185.6792449951172 543.1686363220215 185.6792449951172 543.1686363220215 216.98463821411133 518.2376708984375 216.98463821411133
517.1168212890625 186.9449462890625 543.4311008453369 186.9449462890625 543.4311008453369 216.5753574371338 517.1168212890625 216.5753574371338
506.74066162109375 186.12696838378906 532.5036735534668 186.12696838378906 532.5036735534668 215.11037826538086 506.74066162109375 215.11037826538086
495.67333984375 184.20315551757812 521.9901180267334 184.20315551757812 521.9901180267334 213.80955505371094 495.67333984375 213.80955505371094
482.90216064453125 184.62344360351562 509.1574897766113 184.62344360351562 509.1574897766113 214.1607151031494 482.90216064453125 214.1607151031494
463.0408630371094 190.2236785888672 489.30559730529785 190.2236785888672 489.30559730529785 219.7715301513672 463.0408630371094 219.7715301513672
449.22930908203125 185.03964233398438 474.8282814025879 185.03964233398438 474.8282814025879 213.8385124206543 449.22930908203125 213.8385124206543
425.34197998046875 182.4846954345703 451.2409210205078 182.4846954345703 451.2409210205078 211.62102890014648 425.34197998046875 211.62102890014648
425.62432861328125 178.6335906982422 451.2081108093262 178.6335906982422 451.2081108093262 207.41536903381348 425.62432861328125 207.41536903381348
396.8273010253906 179.76290893554688 422.8907279968262 179.76290893554688 422.8907279968262 209.08428955078125 396.8273010253906 209.08428955078125
392.1956481933594 181.9767608642578 415.72058486938477 181.9767608642578 415.72058486938477 212.4697666168213 392.1956481933594 212.4697666168213
394.2749938964844 178.512451171875 419.30820083618164 178.512451171875 419.30820083618164 208.6941261291504 394.2749938964844 208.6941261291504
394.53369140625 177.81265258789062 417.9208335876465 177.81265258789062 417.9208335876465 206.71097373962402 394.53369140625 206.71097373962402
395.54803466796875 178.16342163085938 419.420467376709 178.16342163085938 419.420467376709 207.9525032043457 395.54803466796875 207.9525032043457
395.9303894042969 175.4910430908203 419.4720516204834 175.4910430908203 419.4720516204834 206.2637596130371 395.9303894042969 206.2637596130371
396.0402526855469 173.9916229248047 419.8604679107666 173.9916229248047 419.8604679107666 204.35277366638184 396.0402526855469 204.35277366638184
396.4153137207031 175.2097625732422 421.5150508880615 175.2097625732422 421.5150508880615 205.52664756774902 396.4153137207031 205.52664756774902
397.4688720703125 175.66905212402344 422.72247886657715 175.66905212402344 422.72247886657715 205.21026611328125 397.4688720703125 205.21026611328125
397.2803955078125 173.7091064453125 422.8955993652344 173.7091064453125 422.8955993652344 204.1409454345703 397.2803955078125 204.1409454345703
397.62420654296875 174.52894592285156 423.1456050872803 174.52894592285156 423.1456050872803 204.4393653869629 397.62420654296875 204.4393653869629
398.47283935546875 173.9770965576172 424.6551094055176 173.9770965576172 424.6551094055176 204.48917770385742 398.47283935546875 204.48917770385742
399.8155822753906 171.84373474121094 425.15892601013184 171.84373474121094 425.15892601013184 202.52586364746094 399.8155822753906 202.52586364746094
400.579345703125 170.28384399414062 426.6153144836426 170.28384399414062 426.6153144836426 201.7855224609375 400.579345703125 201.7855224609375
402.0997314453125 170.18838500976562 426.6869316101074 170.18838500976562 426.6869316101074 200.6970977783203 402.0997314453125 200.6970977783203
403.492431640625 168.79440307617188 427.46217918395996 168.79440307617188 427.46217918395996 198.4653434753418 403.492431640625 198.4653434753418
403.8725280761719 166.6637420654297 427.4156379699707 166.6637420654297 427.4156379699707 197.59312438964844 403.8725280761719 197.59312438964844
405.2285461425781 166.2627716064453 429.46606063842773 166.2627716064453 429.46606063842773 194.2298698425293 405.2285461425781 194.2298698425293
406.3079833984375 166.15322875976562 428.9639320373535 166.15322875976562 428.9639320373535 193.75286865234375 406.3079833984375 193.75286865234375
406.7654724121094 166.34017944335938 430.04396629333496 166.34017944335938 430.04396629333496 193.6835060119629 406.7654724121094 193.6835060119629
407.585693359375 165.38351440429688 430.9514102935791 165.38351440429688 430.9514102935791 194.0067138671875 407.585693359375 194.0067138671875
407.57171630859375 164.90545654296875 431.1268730163574 164.90545654296875 431.1268730163574 193.7063865661621 407.57171630859375 193.7063865661621
408.1193542480469 165.40078735351562 431.2536811828613 165.40078735351562 431.2536811828613 193.6162929534912 408.1193542480469 193.6162929534912
408.81610107421875 164.4602813720703 432.8565979003906 164.4602813720703 432.8565979003906 192.5030632019043 408.81610107421875 192.5030632019043
409.57379150390625 162.7779998779297 434.13430404663086 162.7779998779297 434.13430404663086 191.10711288452148 409.57379150390625 191.10711288452148
410.53857421875 161.49246215820312 435.6640224456787 161.49246215820312 435.6640224456787 191.1764793395996 410.53857421875 191.1764793395996
411.8802795410156 161.0376739501953 437.21250915527344 161.0376739501953 437.21250915527344 190.25257301330566 411.8802795410156 190.25257301330566
412.40679931640625 159.5495147705078 437.04792404174805 159.5495147705078 437.04792404174805 188.83255004882812 412.40679931640625 188.83255004882812
413.978271484375 158.77987670898438 437.65722274780273 158.77987670898438 437.65722274780273 185.55155563354492 413.978271484375 185.55155563354492
414.08758544921875 159.5865020751953 438.3932399749756 159.5865020751953 438.3932399749756 186.13531112670898 414.08758544921875 186.13531112670898
414.6650390625 157.35955810546875 439.4630928039551 157.35955810546875 439.4630928039551 186.36387252807617 414.6650390625 186.36387252807617
414.765380859375 157.84530639648438 440.1092414855957 157.84530639648438 440.1092414855957 188.41672897338867 414.765380859375 188.41672897338867
414.81707763671875 158.31178283691406 441.1608085632324 158.31178283691406 441.1608085632324 189.36666297912598 414.81707763671875 189.36666297912598
415.9683532714844 157.56219482421875 442.0111331939697 157.56219482421875 442.0111331939697 189.21773147583008 415.9683532714844 189.21773147583008
416.98077392578125 158.09652709960938 443.1455478668213 158.09652709960938 443.1455478668213 189.98767471313477 416.98077392578125 189.98767471313477
418.763671875 157.1771240234375 444.059419631958 157.1771240234375 444.059419631958 187.39781188964844 418.763671875 187.39781188964844
418.3882751464844 155.27908325195312 444.1570472717285 155.27908325195312 444.1570472717285 187.56157302856445 418.3882751464844 187.56157302856445
419.3749084472656 154.35516357421875 444.7569389343262 154.35516357421875 444.7569389343262 185.86607933044434 419.3749084472656 185.86607933044434
420.25714111328125 151.9503173828125 445.41837882995605 151.9503173828125 445.41837882995605 184.55122756958008 420.25714111328125 184.55122756958008
421.97247314453125 150.7272491455078 445.24428939819336 150.7272491455078 445.24428939819336 181.49544715881348 421.97247314453125 181.49544715881348
422.4827575683594 150.47378540039062 446.1055393218994 150.47378540039062 446.1055393218994 180.8108673095703 422.4827575683594 180.8108673095703
423.46063232421875 150.71133422851562 446.77128982543945 150.71133422851562 446.77128982543945 181.75128173828125 423.46063232421875 181.75128173828125
424.32147216796875 150.6288604736328 447.9990291595459 150.6288604736328 447.9990291595459 180.95415878295898 424.32147216796875 180.95415878295898
424.46966552734375 150.39254760742188 448.0840263366699 150.39254760742188 448.0840263366699 179.6065731048584 424.46966552734375 179.6065731048584
425.02874755859375 149.85511779785156 448.41766929626465 149.85511779785156 448.41766929626465 180.23146629333496 425.02874755859375 180.23146629333496
426.0299377441406 148.35015869140625 449.2315788269043 148.35015869140625 449.2315788269043 179.04110717773438 426.0299377441406 179.04110717773438
425.62115478515625 148.9186248779297 449.07934951782227 148.9186248779297 449.07934951782227 178.58260536193848 425.62115478515625 178.58260536193848
426.6903381347656 148.23416137695312 450.57415771484375 148.23416137695312 450.57415771484375 176.9713020324707 426.6903381347656 176.9713020324707
427.35650634765625 147.3731231689453 450.79193687438965 147.3731231689453 450.79193687438965 176.8355369567871 427.35650634765625 176.8355369567871
429.471923828125 146.686767578125 452.19163513183594 146.686767578125 452.19163513183594 173.3747215270996 429.471923828125 173.3747215270996
429.44891357421875 145.35423278808594 451.80183601379395 145.35423278808594 451.80183601379395 172.7598762512207 429.44891357421875 172.7598762512207
429.93426513671875 144.51638793945312 453.7516288757324 144.51638793945312 453.7516288757324 172.60003089904785 429.93426513671875 172.60003089904785
430.21038818359375 143.60983276367188 453.56031036376953 143.60983276367188 453.56031036376953 172.3336696624756 430.21038818359375 172.3336696624756
430.4407653808594 144.20175170898438 454.5330238342285 144.20175170898438 454.5330238342285 171.35409545898438 430.4407653808594 171.35409545898438
430.5987243652344 143.5539093017578 455.4520454406738 143.5539093017578 455.4520454406738 171.88849258422852 430.5987243652344 171.88849258422852
431.14208984375 144.4363250732422 454.5095672607422 144.4363250732422 454.5095672607422 172.8247127532959 431.14208984375 172.8247127532959
432.40509033203125 143.99887084960938 456.4053153991699 143.99887084960938 456.4053153991699 172.82993125915527 432.40509033203125 172.82993125915527
433.7886657714844 141.84158325195312 458.3349208831787 141.84158325195312 458.3349208831787 172.2771816253662 433.7886657714844 172.2771816253662
435.02789306640625 141.7914276123047 459.0358772277832 141.7914276123047 459.0358772277832 170.82485389709473 435.02789306640625 170.82485389709473
436.2353515625 140.93629455566406 459.3651523590088 140.93629455566406 459.3651523590088 169.6728515625 436.2353515625 169.6728515625
435.98431396484375 140.68655395507812 460.4058132171631 140.68655395507812 460.4058132171631 168.22413635253906 435.98431396484375 168.22413635253906
437.38311767578125 138.88546752929688 460.3118076324463 138.88546752929688 460.3118076324463 167.43725204467773 437.38311767578125 167.43725204467773
438.68096923828125 136.18679809570312 461.2926826477051 136.18679809570312 461.2926826477051 164.0841407775879 438.68096923828125 164.0841407775879
438.7120666503906 136.48141479492188 460.9107856750488 136.48141479492188 460.9107856750488 163.56569480895996 438.7120666503906 163.56569480895996
438.9374084472656 136.35507202148438 462.2481269836426 136.35507202148438 462.2481269836426 162.8570613861084 438.9374084472656 162.8570613861084
439.6815490722656 136.12753295898438 463.36082458496094 136.12753295898438 463.36082458496094 165.57522201538086 439.6815490722656 165.57522201538086
441.27777099609375 138.3614501953125 464.08466148376465 138.3614501953125 464.08466148376465 165.11224365234375 441.27777099609375 165.11224365234375
441.34283447265625 137.06033325195312 464.08185958862305 137.06033325195312 464.08185958862305 164.96746826171875 441.34283447265625 164.96746826171875
441.9140625 137.3818359375 465.2815742492676 137.3818359375 465.2815742492676 163.98045921325684 441.9140625 163.98045921325684
442.86370849609375 136.2189483642578 466.158052444458 136.2189483642578 466.158052444458 162.50985145568848 442.86370849609375 162.50985145568848
443.0654296875 133.488525390625 466.80934143066406 133.488525390625 466.80934143066406 163.16356468200684 443.0654296875 163.16356468200684
444.23223876953125 133.371337890625 466.6552562713623 133.371337890625 466.6552562713623 160.44612503051758 444.23223876953125 160.44612503051758
444.70538330078125 132.56341552734375 467.660457611084 132.56341552734375 467.660457611084 160.79426956176758 444.70538330078125 160.79426956176758
444.81146240234375 132.2074737548828 468.65678787231445 132.2074737548828 468.65678787231445 158.49918746948242 444.81146240234375 158.49918746948242
445.71392822265625 131.80831909179688 468.62901496887207 131.80831909179688 468.62901496887207 158.57162857055664 445.71392822265625 158.57162857055664
446.6591796875 131.81216430664062 469.906063079834 131.81216430664062 469.906063079834 157.9591941833496 446.6591796875 157.9591941833496
445.98016357421875 133.1900177001953 470.6005039215088 133.1900177001953 470.6005039215088 160.78533935546875 445.98016357421875 160.78533935546875
446.67291259765625 129.83157348632812 472.0221519470215 129.83157348632812 472.0221519470215 159.60078811645508 446.67291259765625 159.60078811645508
447.5159606933594 129.91232299804688 471.48737716674805 129.91232299804688 471.48737716674805 159.52867698669434 447.5159606933594 159.52867698669434
448.375732421875 129.78866577148438 473.87213134765625 129.78866577148438 473.87213134765625 160.7849235534668 448.375732421875 160.7849235534668
449.668701171875 128.67538452148438 473.92898178100586 128.67538452148438 473.92898178100586 158.9782314300537 449.668701171875 158.9782314300537
450.9627380371094 128.16470336914062 476.033655166626 128.16470336914062 476.033655166626 158.48693466186523 450.9627380371094 158.48693466186523
452.50164794921875 129.0092010498047 477.5463695526123 129.0092010498047 477.5463695526123 158.5254364013672 452.50164794921875 158.5254364013672
453.1724548339844 126.58213806152344 479.12535095214844 126.58213806152344 479.12535095214844 156.2547149658203 453.1724548339844 156.2547149658203
453.89605712890625 124.64299011230469 478.68815994262695 124.64299011230469 478.68815994262695 155.0969295501709 453.89605712890625 155.0969295501709
454.92840576171875 122.70146179199219 478.63336181640625 122.70146179199219 478.63336181640625 153.15564346313477 454.92840576171875 153.15564346313477
456.1416931152344 123.46067810058594 478.51079750061035 123.46067810058594 478.51079750061035 151.7480525970459 456.1416931152344 151.7480525970459
456.2745056152344 124.6750717163086 479.45322608947754 124.6750717163086 479.45322608947754 152.5721206665039 456.2745056152344 152.5721206665039
457.2542419433594 122.90399169921875 480.7501697540283 122.90399169921875 480.7501697540283 152.84619522094727 457.2542419433594 152.84619522094727
457.7515563964844 123.38138580322266 481.7327823638916 123.38138580322266 481.7327823638916 153.46447944641113 457.7515563964844 153.46447944641113
458.31744384765625 125.53482818603516 481.26025390625 125.53482818603516 481.26025390625 153.6672592163086 458.31744384765625 153.6672592163086
459.97576904296875 123.0280532836914 483.5602226257324 123.0280532836914 483.5602226257324 151.01802825927734 459.97576904296875 151.01802825927734
460.8016052246094 122.40092468261719 483.8178405761719 122.40092468261719 483.8178405761719 151.2007656097412 460.8016052246094 151.2007656097412
461.712890625 121.75728607177734 486.3580799102783 121.75728607177734 486.3580799102783 149.98395156860352 461.712890625 149.98395156860352
462.384521484375 119.53828430175781 487.8255729675293 119.53828430175781 487.8255729675293 150.13870811462402 462.384521484375 150.13870811462402
463.63006591796875 120.27073669433594 486.87499046325684 120.27073669433594 486.87499046325684 148.5453395843506 463.63006591796875 148.5453395843506
463.7333984375 119.24076843261719 486.9371795654297 119.24076843261719 486.9371795654297 148.3426628112793 463.7333984375 148.3426628112793
464.1180114746094 119.35261535644531 486.75564193725586 119.35261535644531 486.75564193725586 149.29770851135254 464.1180114746094 149.29770851135254
464.297119140625 117.80777740478516 489.02054023742676 117.80777740478516 489.02054023742676 147.70594024658203 464.297119140625 147.70594024658203
464.69500732421875 119.06556701660156 488.27126693725586 119.06556701660156 488.27126693725586 149.25112533569336 464.69500732421875 149.25112533569336
465.82733154296875 118.12394714355469 491.7103691101074 118.12394714355469 491.7103691101074 148.57041549682617 465.82733154296875 148.57041549682617
467.4158630371094 118.4144058227539 492.14098167419434 118.4144058227539 492.14098167419434 149.70173835754395 467.4158630371094 149.70173835754395
469.7877502441406 118.31037902832031 493.5864601135254 118.31037902832031 493.5864601135254 147.51179122924805 469.7877502441406 147.51179122924805
470.2889709472656 115.69693756103516 495.33088302612305 115.69693756103516 495.33088302612305 147.73931884765625 470.2889709472656 147.73931884765625
471.5414123535156 116.37507629394531 496.6438789367676 116.37507629394531 496.6438789367676 146.52557373046875 471.5414123535156 146.52557373046875
466.17706298828125 117.8814926147461 491.7498893737793 117.8814926147461 491.7498893737793 146.65095710754395 466.17706298828125 146.65095710754395
463.223388671875 114.0799560546875 489.1158046722412 114.0799560546875 489.1158046722412 143.20895957946777 463.223388671875 143.20895957946777
458.4212951660156 105.7209701538086 484.66042137145996 105.7209701538086 484.66042137145996 135.2400245666504 458.4212951660156 135.2400245666504
458.21722412109375 113.1036605834961 484.1748352050781 113.1036605834961 484.1748352050781 142.3060073852539 458.21722412109375 142.3060073852539
460.08642578125 113.86031341552734 486.2893829345703 113.86031341552734 486.2893829345703 143.33867263793945 460.08642578125 143.33867263793945
