377.0 168.0 397.0 168.0 397.0 226.0 377.0 226.0
375.4035339355469 169.95550537109375 396.0602912902832 169.95550537109375 396.0602912902832 226.7841567993164 375.4035339355469 226.7841567993164
374.4307556152344 169.21859741210938 394.6130714416504 169.21859741210938 394.6130714416504 226.98648071289062 374.4307556152344 226.98648071289062
372.6012268066406 170.98411560058594 393.3098201751709 170.98411560058594 393.3098201751709 225.4581069946289 372.6012268066406 225.4581069946289
371.4774475097656 171.61001586914062 390.9938449859619 171.61001586914062 390.9938449859619 228.20757293701172 371.4774475097656 228.20757293701172
369.5431213378906 170.25245666503906 389.994083404541 170.25245666503906 389.994083404541 227.2049331665039 369.5431213378906 227.2049331665039
368.01568603515625 170.46200561523438 387.9818229675293 170.46200561523438 387.9818229675293 228.73523712158203 368.01568603515625 228.73523712158203
366.94482421875 166.38339233398438 386.6189155578613 166.38339233398438 386.6189155578613 227.1132583618164 366.94482421875 227.1132583618164
366.2453308105469 169.27096557617188 385.52540588378906 169.27096557617188 385.52540588378906 228.5816535949707 366.2453308105469 228.5816535949707
364.46087646484375 164.4114532470703 383.96582221984863 164.4114532470703 383.96582221984863 223.76995086669922 364.46087646484375 223.76995086669922
364.6903991699219 168.74771118164062 385.1909980773926 168.74771118164062 385.1909980773926 228.19944381713867 364.6903991699219 228.19944381713867
364.8117370605469 172.53549194335938 383.592960357666 172.53549194335938 383.592960357666 230.37389373779297 364.8117370605469 230.37389373779297
363.6579284667969 171.74488830566406 384.263147354126 171.74488830566406 384.263147354126 230.71020126342773 363.6579284667969 230.71020126342773
360.41705322265625 177.37271118164062 381.02733993530273 177.37271118164062 381.02733993530273 237.14253616333008 360.41705322265625 237.14253616333008
359.2803649902344 179.14041137695312 378.9804172515869 179.14041137695312 378.9804172515869 234.90571212768555 359.2803649902344 234.90571212768555
357.01287841796875 181.88491821289062 377.50168228149414 181.88491821289062 377.50168228149414 237.77083206176758 357.01287841796875 237.77083206176758
355.7606506347656 187.2973175048828 375.25506591796875 187.2973175048828 375.25506591796875 242.44485092163086 355.7606506347656 242.44485092163086
354.3912658691406 188.8705291748047 374.37814712524414 188.8705291748047 374.37814712524414 247.29576873779297 354.3912658691406 247.29576873779297
353.27362060546875 186.756591796875 374.0848693847656 186.756591796875 374.0848693847656 247.10921478271484 353.27362060546875 247.10921478271484
352.1473693847656 185.1033477783203 372.1982021331787 185.1033477783203 372.1982021331787 246.1857032775879 352.1473693847656 246.1857032775879
352.6565856933594 185.81398010253906 373.287202835083 185.81398010253906 373.287202835083 245.64276885986328 352.6565856933594 245.64276885986328
349.7242126464844 182.31753540039062 369.6704750061035 182.31753540039062 369.6704750061035 246.36688995361328 349.7242126464844 246.36688995361328
349.661865234375 182.87191772460938 370.2234630584717 182.87191772460938 370.2234630584717 246.71503448486328 349.661865234375 246.71503448486328
350.6291198730469 185.38543701171875 371.5547332763672 185.38543701171875 371.5547332763672 249.78157806396484 350.6291198730469 249.78157806396484
350.58380126953125 182.80189514160156 371.6592903137207 182.80189514160156 371.6592903137207 248.13710021972656 350.58380126953125 248.13710021972656
350.12139892578125 185.505859375 371.20409774780273 185.505859375 371.20409774780273 246.64567184448242 350.12139892578125 246.64567184448242
347.61865234375 182.80860900878906 368.94726943969727 182.80860900878906 368.94726943969727 249.40644073486328 347.61865234375 249.40644073486328
348.1405029296875 181.2294921875 369.7848815917969 181.2294921875 369.7848815917969 246.24890899658203 348.1405029296875 246.24890899658203
349.056640625 183.40548706054688 371.28797149658203 183.40548706054688 371.28797149658203 250.06198120117188 349.056640625 250.06198120117188
347.8357849121094 182.47000122070312 369.80229568481445 182.47000122070312 369.80229568481445 247.8765106201172 347.8357849121094 247.8765106201172
347.36334228515625 181.97250366210938 369.7246341705322 181.97250366210938 369.7246341705322 248.66675567626953 347.36334228515625 248.66675567626953
348.6998291015625 181.679443359375 370.88348388671875 181.679443359375 370.88348388671875 248.00493621826172 348.6998291015625 248.00493621826172
349.332275390625 181.3702850341797 371.77707862854004 181.3702850341797 371.77707862854004 246.78199768066406 349.332275390625 246.78199768066406
349.13812255859375 179.78123474121094 371.11272621154785 179.78123474121094 371.11272621154785 246.7884750366211 349.13812255859375 246.7884750366211
347.83636474609375 180.25701904296875 369.88534355163574 180.25701904296875 369.88534355163574 247.1533660888672 347.83636474609375 247.1533660888672
347.1256408691406 180.56362915039062 369.77488136291504 180.56362915039062 369.77488136291504 249.48714447021484 347.1256408691406 249.48714447021484
347.38055419921875 181.5587158203125 369.37103843688965 181.5587158203125 369.37103843688965 248.04010772705078 347.38055419921875 248.04010772705078
347.62017822265625 179.35986328125 370.37328338623047 179.35986328125 370.37328338623047 249.46151733398438 347.62017822265625 249.46151733398438
349.39410400390625 180.1510467529297 372.5020942687988 180.1510467529297 372.5020942687988 247.94334411621094 349.39410400390625 247.94334411621094
348.4072265625 183.0211181640625 371.3191032409668 183.0211181640625 371.3191032409668 252.36634826660156 348.4072265625 252.36634826660156
348.3451843261719 180.9837646484375 370.8361339569092 180.9837646484375 370.8361339569092 248.1558380126953 348.3451843261719 248.1558380126953
347.9776611328125 181.11984252929688 370.04433822631836 181.11984252929688 370.04433822631836 249.23858642578125 347.9776611328125 249.23858642578125
347.74993896484375 179.83551025390625 370.51681900024414 179.83551025390625 370.51681900024414 248.92578125 347.74993896484375 248.92578125
349.00299072265625 182.87234497070312 371.8147029876709 182.87234497070312 371.8147029876709 249.96916961669922 349.00299072265625 249.96916961669922
346.26190185546875 179.94021606445312 368.8249397277832 179.94021606445312 368.8249397277832 248.96529388427734 346.26190185546875 248.96529388427734
347.85809326171875 181.05419921875 370.3086814880371 181.05419921875 370.3086814880371 249.07810974121094 347.85809326171875 249.07810974121094
348.7583923339844 180.83908081054688 371.3843307495117 180.83908081054688 371.3843307495117 248.8373260498047 348.7583923339844 248.8373260498047
347.47265625 179.84104919433594 369.97618865966797 179.84104919433594 369.97618865966797 249.23065185546875 347.47265625 249.23065185546875
346.83868408203125 179.64292907714844 369.40882301330566 179.64292907714844 369.40882301330566 249.22012329101562 346.83868408203125 249.22012329101562
348.7400817871094 177.82601928710938 371.3235607147217 177.82601928710938 371.3235607147217 247.50201416015625 348.7400817871094 247.50201416015625
348.2015380859375 181.0834197998047 371.1918525695801 181.0834197998047 371.1918525695801 250.9215087890625 348.2015380859375 250.9215087890625
347.32391357421875 179.15191650390625 369.78674697875977 179.15191650390625 369.78674697875977 249.32472229003906 347.32391357421875 249.32472229003906
347.6537170410156 180.9824981689453 369.7733726501465 180.9824981689453 369.7733726501465 248.45298767089844 347.6537170410156 248.45298767089844
347.6256408691406 178.3585662841797 370.377628326416 178.3585662841797 370.377628326416 249.41168212890625 347.6256408691406 249.41168212890625
348.692626953125 181.28271484375 371.4519157409668 181.28271484375 371.4519157409668 250.9499282836914 348.692626953125 250.9499282836914
347.74639892578125 178.80712890625 370.7395210266113 178.80712890625 370.7395210266113 248.7759552001953 347.74639892578125 248.7759552001953
347.45526123046875 178.52554321289062 369.9540500640869 178.52554321289062 369.9540500640869 249.41350555419922 347.45526123046875 249.41350555419922
346.37628173828125 176.86831665039062 369.90773010253906 176.86831665039062 369.90773010253906 249.37250518798828 346.37628173828125 249.37250518798828
346.2216796875 176.64703369140625 370.1196002960205 176.64703369140625 370.1196002960205 251.1125030517578 346.2216796875 251.1125030517578
346.78118896484375 178.02462768554688 370.17841720581055 178.02462768554688 370.17841720581055 252.6778793334961 346.78118896484375 252.6778793334961
346.370849609375 177.3954620361328 369.7605857849121 177.3954620361328 369.7605857849121 249.62368774414062 346.370849609375 249.62368774414062
347.00726318359375 179.13998413085938 370.73919105529785 179.13998413085938 370.73919105529785 251.90774536132812 347.00726318359375 251.90774536132812
347.3232116699219 181.1794891357422 370.79474449157715 181.1794891357422 370.79474449157715 253.23663330078125 347.3232116699219 253.23663330078125
346.528564453125 179.133056640625 369.88201904296875 179.133056640625 369.88201904296875 252.88404846191406 346.528564453125 252.88404846191406
348.02850341796875 183.06893920898438 371.0306701660156 183.06893920898438 371.0306701660156 254.96002960205078 348.02850341796875 254.96002960205078
347.3288879394531 182.750244140625 370.5854682922363 182.750244140625 370.5854682922363 254.98114776611328 347.3288879394531 254.98114776611328
347.28082275390625 179.39898681640625 371.56997299194336 179.39898681640625 371.56997299194336 253.5500030517578 347.28082275390625 253.5500030517578
347.47222900390625 178.7205810546875 371.657413482666 178.7205810546875 371.657413482666 253.66883850097656 347.47222900390625 253.66883850097656
346.1754455566406 178.2185516357422 369.8379192352295 178.2185516357422 369.8379192352295 254.4624252319336 346.1754455566406 254.4624252319336
347.08062744140625 179.58840942382812 371.0021514892578 179.58840942382812 371.0021514892578 255.50274658203125 347.08062744140625 255.50274658203125
347.1427001953125 176.76681518554688 371.4751396179199 176.76681518554688 371.4751396179199 249.63429260253906 347.1427001953125 249.63429260253906
346.904052734375 178.40382385253906 371.35583305358887 178.40382385253906 371.35583305358887 254.3312759399414 346.904052734375 254.3312759399414
345.8265075683594 176.4774932861328 370.35717582702637 176.4774932861328 370.35717582702637 252.44906616210938 345.8265075683594 252.44906616210938
346.3665771484375 176.6229705810547 371.5242500305176 176.6229705810547 371.5242500305176 255.39730072021484 346.3665771484375 255.39730072021484
345.16943359375 174.85964965820312 370.354700088501 174.85964965820312 370.354700088501 251.82908630371094 345.16943359375 251.82908630371094
346.07012939453125 176.63784790039062 370.88939476013184 176.63784790039062 370.88939476013184 251.4501190185547 346.07012939453125 251.4501190185547
347.3244934082031 176.47994995117188 371.6904773712158 176.47994995117188 371.6904773712158 253.82804107666016 347.3244934082031 253.82804107666016
346.0657653808594 178.98069763183594 371.3276710510254 178.98069763183594 371.3276710510254 256.9364700317383 346.0657653808594 256.9364700317383
346.66552734375 177.6370086669922 371.3912525177002 177.6370086669922 371.3912525177002 252.83187866210938 346.66552734375 252.83187866210938
346.673095703125 179.62307739257812 371.130802154541 179.62307739257812 371.130802154541 254.76934814453125 346.673095703125 254.76934814453125
346.9764709472656 178.15960693359375 371.627721786499 178.15960693359375 371.627721786499 253.36524200439453 346.9764709472656 253.36524200439453
347.15765380859375 177.2282257080078 371.1874523162842 177.2282257080078 371.1874523162842 251.9581069946289 347.15765380859375 251.9581069946289
347.69451904296875 178.98838806152344 371.919002532959 178.98838806152344 371.919002532959 253.8277130126953 347.69451904296875 253.8277130126953
348.2456359863281 178.54916381835938 372.8327217102051 178.54916381835938 372.8327217102051 250.24606323242188 348.2456359863281 250.24606323242188
347.010498046875 178.50851440429688 370.88475227355957 178.50851440429688 370.88475227355957 254.0186538696289 347.010498046875 254.0186538696289
347.71484375 179.71981811523438 372.2065544128418 179.71981811523438 372.2065544128418 253.92002868652344 347.71484375 253.92002868652344
348.5085144042969 178.88003540039062 372.8537139892578 178.88003540039062 372.8537139892578 252.77214813232422 348.5085144042969 252.77214813232422
347.1570739746094 178.7441864013672 371.2469062805176 178.7441864013672 371.2469062805176 252.31040954589844 347.1570739746094 252.31040954589844
346.81109619140625 177.3172149658203 370.8750991821289 177.3172149658203 370.8750991821289 252.98516845703125 346.81109619140625 252.98516845703125
347.0851135253906 176.38742065429688 371.03782653808594 176.38742065429688 371.03782653808594 251.01201629638672 347.0851135253906 251.01201629638672
347.45880126953125 179.47242736816406 370.9869556427002 179.47242736816406 370.9869556427002 252.4786605834961 347.45880126953125 252.4786605834961
346.7904052734375 174.3201904296875 371.0306091308594 174.3201904296875 371.0306091308594 246.5223388671875 346.7904052734375 246.5223388671875
348.2774963378906 179.83837890625 372.2464237213135 179.83837890625 372.2464237213135 251.36052703857422 348.2774963378906 251.36052703857422
345.7911376953125 175.84854125976562 369.7113380432129 175.84854125976562 369.7113380432129 250.99933624267578 345.7911376953125 250.99933624267578
345.98345947265625 174.32470703125 370.0061893463135 174.32470703125 370.0061893463135 248.3934555053711 345.98345947265625 248.3934555053711
347.4795837402344 180.97862243652344 371.12049102783203 180.97862243652344 371.12049102783203 254.51388549804688 347.4795837402344 254.51388549804688
347.4727478027344 180.25335693359375 370.9417190551758 180.25335693359375 370.9417190551758 253.3467559814453 347.4727478027344 253.3467559814453
347.881591796875 178.7167205810547 370.84006690979004 178.7167205810547 370.84006690979004 250.93688201904297 347.881591796875 250.93688201904297
346.90435791015625 177.32449340820312 370.89814376831055 177.32449340820312 370.89814376831055 250.98601531982422 346.90435791015625 250.98601531982422
346.21356201171875 176.8921661376953 370.10756492614746 176.8921661376953 370.10756492614746 250.392578125 346.21356201171875 250.392578125
346.41375732421875 177.1591033935547 370.39183044433594 177.1591033935547 370.39183044433594 251.1364288330078 346.41375732421875 251.1364288330078
346.39361572265625 178.54736328125 370.0697650909424 178.54736328125 370.0697650909424 251.9019012451172 346.39361572265625 251.9019012451172
345.2825622558594 178.01034545898438 368.8745937347412 178.01034545898438 368.8745937347412 251.15563201904297 345.2825622558594 251.15563201904297
346.8968811035156 177.94822692871094 369.73427963256836 177.94822692871094 369.73427963256836 250.68732452392578 346.8968811035156 250.68732452392578
345.8045349121094 178.02218627929688 369.5186195373535 178.02218627929688 369.5186195373535 253.01783752441406 345.8045349121094 253.01783752441406
347.61199951171875 178.3285369873047 371.31837463378906 178.3285369873047 371.31837463378906 253.6638641357422 347.61199951171875 253.6638641357422
345.26666259765625 179.5745086669922 369.36120223999023 179.5745086669922 369.36120223999023 255.17760467529297 345.26666259765625 255.17760467529297
345.9577331542969 180.10122680664062 370.65041160583496 180.10122680664062 370.65041160583496 253.62588500976562 345.9577331542969 253.62588500976562
345.4769287109375 177.2348175048828 369.15808868408203 177.2348175048828 369.15808868408203 251.326416015625 345.4769287109375 251.326416015625
344.92352294921875 176.59695434570312 368.65474128723145 176.59695434570312 368.65474128723145 251.01117706298828 344.92352294921875 251.01117706298828
346.9049377441406 178.2262725830078 370.1498546600342 178.2262725830078 370.1498546600342 250.62102508544922 346.9049377441406 250.62102508544922
345.9965515136719 177.35903930664062 369.31159591674805 177.35903930664062 369.31159591674805 250.84889221191406 345.9965515136719 250.84889221191406
346.90142822265625 179.85870361328125 371.2126121520996 179.85870361328125 371.2126121520996 253.17318725585938 346.90142822265625 253.17318725585938
346.9623107910156 175.81094360351562 370.9365921020508 175.81094360351562 370.9365921020508 249.70350646972656 346.9623107910156 249.70350646972656
346.20672607421875 174.86175537109375 369.9728488922119 174.86175537109375 369.9728488922119 246.95069885253906 346.20672607421875 246.95069885253906
345.71990966796875 177.5577392578125 369.4922904968262 177.5577392578125 369.4922904968262 251.43373107910156 345.71990966796875 251.43373107910156
345.6964416503906 174.88095092773438 369.4926452636719 174.88095092773438 369.4926452636719 251.57400512695312 345.6964416503906 251.57400512695312
346.64337158203125 178.80667114257812 370.7201328277588 178.80667114257812 370.7201328277588 252.4021759033203 346.64337158203125 252.4021759033203
346.3412170410156 175.35238647460938 370.5699005126953 175.35238647460938 370.5699005126953 248.98451232910156 346.3412170410156 248.98451232910156
347.37017822265625 176.08836364746094 370.94094467163086 176.08836364746094 370.94094467163086 250.22686767578125 347.37017822265625 250.22686767578125
346.59967041015625 178.69679260253906 370.57370376586914 178.69679260253906 370.57370376586914 252.04196166992188 346.59967041015625 252.04196166992188
346.029052734375 179.18026733398438 370.15174293518066 179.18026733398438 370.15174293518066 253.65493774414062 346.029052734375 253.65493774414062
346.482421875 177.78126525878906 370.2919616699219 177.78126525878906 370.2919616699219 252.887451171875 346.482421875 252.887451171875
346.10089111328125 178.25689697265625 370.0033874511719 178.25689697265625 370.0033874511719 251.03955078125 346.10089111328125 251.03955078125
345.88995361328125 176.80978393554688 370.16575050354004 176.80978393554688 370.16575050354004 252.63404846191406 345.88995361328125 252.63404846191406
345.2755126953125 177.26516723632812 369.74919509887695 177.26516723632812 369.74919509887695 251.63076782226562 345.2755126953125 251.63076782226562
345.7174377441406 177.8615264892578 370.1576232910156 177.8615264892578 370.1576232910156 251.89740753173828 345.7174377441406 251.89740753173828
348.4399108886719 178.7611846923828 372.72018814086914 178.7611846923828 372.72018814086914 252.39054107666016 348.4399108886719 252.39054107666016
346.22052001953125 176.45907592773438 370.56773376464844 176.45907592773438 370.56773376464844 250.9138946533203 346.22052001953125 250.9138946533203
345.10028076171875 175.38519287109375 370.2942237854004 175.38519287109375 370.2942237854004 252.2476348876953 345.10028076171875 252.2476348876953
346.6545715332031 176.34129333496094 370.84042739868164 176.34129333496094 370.84042739868164 250.69558715820312 346.6545715332031 250.69558715820312
345.6566162109375 177.16395568847656 369.9087657928467 177.16395568847656 369.9087657928467 251.83863830566406 345.6566162109375 251.83863830566406
345.37237548828125 174.08901977539062 369.3761787414551 174.08901977539062 369.3761787414551 249.5299530029297 345.37237548828125 249.5299530029297
346.1619873046875 178.01589965820312 370.56640625 178.01589965820312 370.56640625 252.0733184814453 346.1619873046875 252.0733184814453
346.33526611328125 176.88929748535156 370.37903594970703 176.88929748535156 370.37903594970703 252.57102966308594 346.33526611328125 252.57102966308594
345.5593566894531 177.0642852783203 369.6729335784912 177.0642852783203 369.6729335784912 252.7275161743164 345.5593566894531 252.7275161743164
345.5372314453125 178.08132934570312 369.47400093078613 178.08132934570312 369.47400093078613 252.78284454345703 345.5372314453125 252.78284454345703
346.57501220703125 176.47120666503906 369.9043560028076 176.47120666503906 369.9043560028076 249.68732452392578 346.57501220703125 249.68732452392578
344.873779296875 177.21774291992188 368.61670875549316 177.21774291992188 368.61670875549316 253.7034454345703 344.873779296875 253.7034454345703
346.667724609375 177.5449676513672 369.7450866699219 177.5449676513672 369.7450866699219 250.05799865722656 346.667724609375 250.05799865722656
346.0330810546875 178.7130126953125 370.0549507141113 178.7130126953125 370.0549507141113 252.6918182373047 346.0330810546875 252.6918182373047
348.22772216796875 181.93894958496094 371.5746555328369 181.93894958496094 371.5746555328369 253.54534149169922 348.22772216796875 253.54534149169922
345.0859680175781 180.48756408691406 368.99348068237305 180.48756408691406 368.99348068237305 254.61719512939453 345.0859680175781 254.61719512939453
346.2021179199219 177.96630859375 369.5334014892578 177.96630859375 369.5334014892578 252.2833023071289 346.2021179199219 252.2833023071289
346.03216552734375 179.8694305419922 369.26076889038086 179.8694305419922 369.26076889038086 252.31295013427734 346.03216552734375 252.31295013427734
346.7425231933594 179.0183563232422 370.4503593444824 179.0183563232422 370.4503593444824 252.1511993408203 346.7425231933594 252.1511993408203
346.9140319824219 179.55360412597656 370.3024597167969 179.55360412597656 370.3024597167969 252.4683837890625 346.9140319824219 252.4683837890625
346.22137451171875 174.98049926757812 370.12628746032715 174.98049926757812 370.12628746032715 248.21592712402344 346.22137451171875 248.21592712402344
345.91448974609375 178.20474243164062 369.560604095459 178.20474243164062 369.560604095459 252.43426513671875 345.91448974609375 252.43426513671875
346.11529541015625 179.12191772460938 369.3321838378906 179.12191772460938 369.3321838378906 252.94772338867188 346.11529541015625 252.94772338867188
346.62432861328125 178.44345092773438 370.4147701263428 178.44345092773438 370.4147701263428 251.5450897216797 346.62432861328125 251.5450897216797
346.883544921875 176.29632568359375 370.51758766174316 176.29632568359375 370.51758766174316 249.9588394165039 346.883544921875 249.9588394165039
345.2911682128906 175.7411651611328 368.802059173584 175.7411651611328 368.802059173584 249.4379653930664 345.2911682128906 249.4379653930664
344.66082763671875 175.51321411132812 369.5008850097656 175.51321411132812 369.5008850097656 252.03607940673828 344.66082763671875 252.03607940673828
346.0761413574219 177.85726928710938 369.9684028625488 177.85726928710938 369.9684028625488 255.71876525878906 346.0761413574219 255.71876525878906
344.5157165527344 176.05894470214844 368.920373916626 176.05894470214844 368.920373916626 254.0779266357422 344.5157165527344 254.0779266357422
346.93133544921875 176.8984832763672 371.02044105529785 176.8984832763672 371.02044105529785 254.97703552246094 346.93133544921875 254.97703552246094
345.860595703125 176.7384796142578 370.2996940612793 176.7384796142578 370.2996940612793 255.25768280029297 345.860595703125 255.25768280029297
346.5900573730469 178.7781524658203 370.9507942199707 178.7781524658203 370.9507942199707 254.75395965576172 346.5900573730469 254.75395965576172
346.62762451171875 177.2576904296875 370.40436935424805 177.2576904296875 370.40436935424805 252.39493560791016 346.62762451171875 252.39493560791016
346.5414123535156 178.43930053710938 370.7185363769531 178.43930053710938 370.7185363769531 251.58991241455078 346.5414123535156 251.58991241455078
345.2621765136719 178.724853515625 369.30212211608887 178.724853515625 369.30212211608887 253.70211029052734 345.2621765136719 253.70211029052734
347.4831237792969 177.96170043945312 370.16147804260254 177.96170043945312 370.16147804260254 249.6971893310547 347.4831237792969 249.6971893310547
345.52130126953125 176.8028106689453 369.9567756652832 176.8028106689453 369.9567756652832 253.7459259033203 345.52130126953125 253.7459259033203
346.7575378417969 176.81344604492188 370.8332061767578 176.81344604492188 370.8332061767578 250.57271575927734 346.7575378417969 250.57271575927734
346.17669677734375 178.18157958984375 369.74855613708496 178.18157958984375 369.74855613708496 253.5394287109375 346.17669677734375 253.5394287109375
346.0252380371094 177.99644470214844 370.1245880126953 177.99644470214844 370.1245880126953 253.743896484375 346.0252380371094 253.743896484375
345.85504150390625 178.94325256347656 370.04994010925293 178.94325256347656 370.04994010925293 254.78848266601562 345.85504150390625 254.78848266601562
345.720947265625 180.47967529296875 370.3066940307617 180.47967529296875 370.3066940307617 256.2059783935547 345.720947265625 256.2059783935547
346.4523010253906 177.65927124023438 370.6402244567871 177.65927124023438 370.6402244567871 251.8706817626953 346.4523010253906 251.8706817626953
346.7284240722656 179.81375122070312 370.00049018859863 179.81375122070312 370.00049018859863 253.20771026611328 346.7284240722656 253.20771026611328
346.67059326171875 179.39979553222656 370.724552154541 179.39979553222656 370.724552154541 252.98141479492188 346.67059326171875 252.98141479492188
345.9771728515625 178.16647338867188 370.3629608154297 178.16647338867188 370.3629608154297 253.83547973632812 345.9771728515625 253.83547973632812
346.14459228515625 176.17642211914062 369.8865604400635 176.17642211914062 369.8865604400635 250.1156768798828 346.14459228515625 250.1156768798828
345.69647216796875 176.6995086669922 369.446102142334 176.6995086669922 369.446102142334 252.02227020263672 345.69647216796875 252.02227020263672
344.84844970703125 177.4266357421875 369.2791404724121 177.4266357421875 369.2791404724121 255.4772491455078 344.84844970703125 255.4772491455078
346.4971008300781 179.57289123535156 370.56558990478516 179.57289123535156 370.56558990478516 252.8773651123047 346.4971008300781 252.8773651123047
345.34625244140625 175.86947631835938 369.1498222351074 175.86947631835938 369.1498222351074 252.80731201171875 345.34625244140625 252.80731201171875
347.62054443359375 180.88990783691406 371.2771854400635 180.88990783691406 371.2771854400635 255.25262451171875 347.62054443359375 255.25262451171875
345.79241943359375 176.10511779785156 369.64004135131836 176.10511779785156 369.64004135131836 249.72967529296875 345.79241943359375 249.72967529296875
345.31097412109375 178.90841674804688 369.6485424041748 178.90841674804688 369.6485424041748 256.8669967651367 345.31097412109375 256.8669967651367
346.4163818359375 178.26153564453125 370.5440788269043 178.26153564453125 370.5440788269043 250.6715087890625 346.4163818359375 250.6715087890625
346.28070068359375 176.55712890625 370.2414016723633 176.55712890625 370.2414016723633 249.37955474853516 346.28070068359375 249.37955474853516
346.6240539550781 178.39950561523438 369.45566177368164 178.39950561523438 369.45566177368164 248.85230255126953 346.6240539550781 248.85230255126953
346.3395690917969 179.3516082763672 370.11653900146484 179.3516082763672 370.11653900146484 251.71214294433594 346.3395690917969 251.71214294433594
347.4625549316406 178.36312866210938 370.83000564575195 178.36312866210938 370.83000564575195 251.39320373535156 347.4625549316406 251.39320373535156
345.3114013671875 176.353515625 369.14151191711426 176.353515625 369.14151191711426 250.14315032958984 345.3114013671875 250.14315032958984
346.080810546875 177.0775604248047 369.89674949645996 177.0775604248047 369.89674949645996 250.80994415283203 346.080810546875 250.80994415283203
346.39569091796875 177.2691650390625 369.4625663757324 177.2691650390625 369.4625663757324 251.62178802490234 346.39569091796875 251.62178802490234
347.3173828125 178.5872802734375 370.93601989746094 178.5872802734375 370.93601989746094 251.71297454833984 347.3173828125 251.71297454833984
345.4562072753906 177.6493682861328 369.7428779602051 177.6493682861328 369.7428779602051 254.84618377685547 345.4562072753906 254.84618377685547
346.60821533203125 177.97299194335938 370.4773635864258 177.97299194335938 370.4773635864258 253.67174530029297 346.60821533203125 253.67174530029297
345.2271423339844 176.0262451171875 369.59835052490234 176.0262451171875 369.59835052490234 251.97879791259766 345.2271423339844 251.97879791259766
345.6328125 179.27322387695312 369.947265625 179.27322387695312 369.947265625 255.8629913330078 345.6328125 255.8629913330078
346.4056091308594 177.4447021484375 370.2408962249756 177.4447021484375 370.2408962249756 254.0703353881836 346.4056091308594 254.0703353881836
345.3961486816406 176.43484497070312 369.35089683532715 176.43484497070312 369.35089683532715 253.24300384521484 345.3961486816406 253.24300384521484
347.2554931640625 178.33009338378906 370.13148498535156 178.33009338378906 370.13148498535156 248.06338500976562 347.2554931640625 248.06338500976562
346.5577697753906 177.69558715820312 370.0209102630615 177.69558715820312 370.0209102630615 251.5485076904297 346.5577697753906 251.5485076904297
346.40643310546875 179.7073516845703 370.1824073791504 179.7073516845703 370.1824073791504 253.07240295410156 346.40643310546875 253.07240295410156
346.72735595703125 176.72933959960938 369.5890808105469 176.72933959960938 369.5890808105469 247.91735076904297 346.72735595703125 247.91735076904297
346.32928466796875 179.78089904785156 370.15731620788574 179.78089904785156 370.15731620788574 251.46383666992188 346.32928466796875 251.46383666992188
346.6431884765625 178.72567749023438 371.0352420806885 178.72567749023438 371.0352420806885 253.79126739501953 346.6431884765625 253.79126739501953
345.58551025390625 180.0250701904297 369.7025318145752 180.0250701904297 369.7025318145752 255.86238861083984 345.58551025390625 255.86238861083984
346.3729553222656 176.6488494873047 369.96969413757324 176.6488494873047 369.96969413757324 250.0483856201172 346.3729553222656 250.0483856201172
346.90875244140625 177.1973419189453 370.80406379699707 177.1973419189453 370.80406379699707 253.79113006591797 346.90875244140625 253.79113006591797
346.6993713378906 177.2246856689453 370.1637420654297 177.2246856689453 370.1637420654297 249.91027069091797 346.6993713378906 249.91027069091797
346.755615234375 178.09011840820312 370.98637771606445 178.09011840820312 370.98637771606445 253.79761505126953 346.755615234375 253.79761505126953
345.9303894042969 177.57424926757812 370.3211555480957 177.57424926757812 370.3211555480957 252.86859893798828 345.9303894042969 252.86859893798828
345.66552734375 176.6590118408203 368.9926509857178 176.6590118408203 368.9926509857178 249.59022521972656 345.66552734375 249.59022521972656
346.416748046875 177.362548828125 370.4604206085205 177.362548828125 370.4604206085205 251.12100982666016 346.416748046875 251.12100982666016
345.5270690917969 178.2145538330078 369.19109535217285 178.2145538330078 369.19109535217285 254.20777130126953 345.5270690917969 254.20777130126953
346.9667053222656 178.5179443359375 370.7106018066406 178.5179443359375 370.7106018066406 252.66651916503906 346.9667053222656 252.66651916503906
346.8987731933594 177.94212341308594 370.1485023498535 177.94212341308594 370.1485023498535 251.45331573486328 346.8987731933594 251.45331573486328
346.32379150390625 179.8064727783203 369.82275009155273 179.8064727783203 369.82275009155273 255.31626892089844 346.32379150390625 255.31626892089844
345.97259521484375 179.94784545898438 370.16150665283203 179.94784545898438 370.16150665283203 254.55662536621094 345.97259521484375 254.55662536621094
345.95965576171875 177.7302703857422 370.12504386901855 177.7302703857422 370.12504386901855 252.110107421875 345.95965576171875 252.110107421875
345.2779235839844 179.45376586914062 369.6560688018799 179.45376586914062 369.6560688018799 254.16602325439453 345.2779235839844 254.16602325439453
346.2247314453125 178.1348876953125 370.44116973876953 178.1348876953125 370.44116973876953 253.7287139892578 346.2247314453125 253.7287139892578
346.0420227050781 175.85824584960938 370.36606788635254 175.85824584960938 370.36606788635254 251.20726013183594 346.0420227050781 251.20726013183594
346.26214599609375 179.09617614746094 370.67687225341797 179.09617614746094 370.67687225341797 254.87313079833984 346.26214599609375 254.87313079833984
346.5101623535156 178.3220672607422 370.2906017303467 178.3220672607422 370.2906017303467 251.04108428955078 346.5101623535156 251.04108428955078
347.2917175292969 178.53140258789062 371.16496658325195 178.53140258789062 371.16496658325195 251.4081573486328 347.2917175292969 251.4081573486328
