353.0 123.0 376.0 123.0 376.0 195.0 353.0 195.0
355.51904296875 122.8630599975586 377.9812927246094 122.8630599975586 377.9812927246094 194.60211181640625 355.51904296875 194.60211181640625
357.83013916015625 122.20466613769531 381.06166648864746 122.20466613769531 381.06166648864746 195.51746368408203 357.83013916015625 195.51746368408203
362.23199462890625 123.15290832519531 385.06169509887695 123.15290832519531 385.06169509887695 195.59906005859375 362.23199462890625 195.59906005859375
367.0860900878906 123.06831359863281 390.32151985168457 123.06831359863281 390.32151985168457 194.38220977783203 367.0860900878906 194.38220977783203
370.1479797363281 121.74312591552734 393.0719451904297 121.74312591552734 393.0719451904297 194.31480407714844 370.1479797363281 194.31480407714844
373.1228942871094 121.97723388671875 396.1644172668457 121.97723388671875 396.1644172668457 194.1693572998047 373.1228942871094 194.1693572998047
378.0608215332031 123.27388763427734 400.9182243347168 123.27388763427734 400.9182243347168 194.1528549194336 378.0608215332031 194.1528549194336
380.5224609375 123.38444519042969 403.7769203186035 123.38444519042969 403.7769203186035 195.7506332397461 380.5224609375 195.7506332397461
385.4295959472656 121.76081848144531 409.9224090576172 121.76081848144531 409.9224090576172 193.0841064453125 385.4295959472656 193.0841064453125
388.69171142578125 119.88859558105469 412.58750343322754 119.88859558105469 412.58750343322754 194.20945739746094 388.69171142578125 194.20945739746094
394.07232666015625 119.90779113769531 417.96602058410645 119.90779113769531 417.96602058410645 195.05460357666016 394.07232666015625 195.05460357666016
397.22528076171875 122.82627868652344 421.3278560638428 122.82627868652344 421.3278560638428 193.18085479736328 397.22528076171875 193.18085479736328
401.81268310546875 121.20857238769531 426.6556587219238 121.20857238769531 426.6556587219238 193.2640838623047 401.81268310546875 193.2640838623047
404.9600524902344 121.5141830444336 428.6778450012207 121.5141830444336 428.6778450012207 193.74136352539062 404.9600524902344 193.74136352539062
410.60107421875 119.61186218261719 435.00376319885254 119.61186218261719 435.00376319885254 191.57467651367188 410.60107421875 191.57467651367188
413.77606201171875 120.69193267822266 438.0966453552246 120.69193267822266 438.0966453552246 192.37032318115234 413.77606201171875 192.37032318115234
416.29156494140625 120.64986419677734 441.2696952819824 120.64986419677734 441.2696952819824 191.93521118164062 416.29156494140625 191.93521118164062
421.6499938964844 120.57523345947266 447.0190773010254 120.57523345947266 447.0190773010254 193.9730453491211 421.6499938964844 193.9730453491211
427.5980529785156 119.45369720458984 452.15135192871094 119.45369720458984 452.15135192871094 192.9832000732422 427.5980529785156 192.9832000732422
430.2733459472656 119.82032775878906 455.3251152038574 119.82032775878906 455.3251152038574 190.95804595947266 430.2733459472656 190.95804595947266
433.10205078125 120.8509292602539 459.044189453125 120.8509292602539 459.044189453125 190.59622955322266 433.10205078125 190.59622955322266
438.9031677246094 120.47831726074219 463.3018035888672 120.47831726074219 463.3018035888672 192.0985565185547 438.9031677246094 192.0985565185547
442.7203674316406 120.34346771240234 465.9912166595459 120.34346771240234 465.9912166595459 191.96634674072266 442.7203674316406 191.96634674072266
447.27740478515625 118.3996353149414 472.36247062683105 118.3996353149414 472.36247062683105 192.24915313720703 447.27740478515625 192.24915313720703
450.5264587402344 118.22679138183594 474.67504119873047 118.22679138183594 474.67504119873047 191.6165771484375 450.5264587402344 191.6165771484375
455.81011962890625 120.68437194824219 480.68732833862305 120.68437194824219 480.68732833862305 193.84473419189453 455.81011962890625 193.84473419189453
459.28973388671875 120.09721374511719 483.7099723815918 120.09721374511719 483.7099723815918 192.06761169433594 459.28973388671875 192.06761169433594
461.97039794921875 121.50563049316406 486.18320083618164 121.50563049316406 486.18320083618164 193.08611297607422 461.97039794921875 193.08611297607422
466.552001953125 120.82408142089844 490.9867877960205 120.82408142089844 490.9867877960205 192.1518325805664 466.552001953125 192.1518325805664
471.80010986328125 119.59749603271484 495.6719608306885 119.59749603271484 495.6719608306885 191.98371124267578 471.80010986328125 191.98371124267578
475.51837158203125 119.95462799072266 498.2784767150879 119.95462799072266 498.2784767150879 192.69786834716797 475.51837158203125 192.69786834716797
477.2814025878906 118.75897216796875 501.4958095550537 118.75897216796875 501.4958095550537 192.4438247680664 477.2814025878906 192.4438247680664
481.67510986328125 119.12098693847656 506.60929679870605 119.12098693847656 506.60929679870605 193.1390609741211 481.67510986328125 193.1390609741211
484.68865966796875 118.596435546875 507.64103507995605 118.596435546875 507.64103507995605 190.70809173583984 484.68865966796875 190.70809173583984
488.83319091796875 117.44580078125 512.6217842102051 117.44580078125 512.6217842102051 191.20116424560547 488.83319091796875 191.20116424560547
485.6891174316406 119.15126037597656 513.498722076416 119.15126037597656 513.498722076416 190.62823486328125 485.6891174316406 190.62823486328125
472.7019958496094 117.56877136230469 499.80788230895996 117.56877136230469 499.80788230895996 187.65420532226562 472.7019958496094 187.65420532226562
464.4312438964844 118.69706726074219 493.01763343811035 118.69706726074219 493.01763343811035 190.3109130859375 464.4312438964844 190.3109130859375
450.27978515625 117.9018325805664 478.8768501281738 117.9018325805664 478.8768501281738 189.82035064697266 450.27978515625 189.82035064697266
444.76055908203125 117.20491027832031 472.8911552429199 117.20491027832031 472.8911552429199 190.27113342285156 444.76055908203125 190.27113342285156
429.99041748046875 116.73060607910156 459.8845634460449 116.73060607910156 459.8845634460449 188.84465789794922 429.99041748046875 188.84465789794922
424.511962890625 116.154052734375 454.28016090393066 116.154052734375 454.28016090393066 190.1088409423828 424.511962890625 190.1088409423828
418.02081298828125 117.6843490600586 447.83323669433594 117.6843490600586 447.83323669433594 189.34369659423828 418.02081298828125 189.34369659423828
407.97174072265625 118.39693450927734 434.86916732788086 118.39693450927734 434.86916732788086 190.81409454345703 407.97174072265625 190.81409454345703
393.7378234863281 119.35746765136719 421.2147617340088 119.35746765136719 421.2147617340088 189.86293029785156 393.7378234863281 189.86293029785156
388.2158508300781 121.33845520019531 416.4232997894287 121.33845520019531 416.4232997894287 190.23202514648438 388.2158508300781 190.23202514648438
374.591796875 116.5793685913086 402.8601589202881 116.5793685913086 402.8601589202881 188.82847595214844 374.591796875 188.82847595214844
368.06744384765625 116.76182556152344 395.8614444732666 116.76182556152344 395.8614444732666 189.4460678100586 368.06744384765625 189.4460678100586
363.2425537109375 119.73503112792969 390.6345329284668 119.73503112792969 390.6345329284668 190.06954193115234 363.2425537109375 190.06954193115234
349.60589599609375 117.5457763671875 377.96430015563965 117.5457763671875 377.96430015563965 190.7272491455078 349.60589599609375 190.7272491455078
343.244873046875 120.52049255371094 371.98483657836914 120.52049255371094 371.98483657836914 190.19090270996094 343.244873046875 190.19090270996094
330.018310546875 119.7072982788086 358.368444442749 119.7072982788086 358.368444442749 189.61199951171875 330.018310546875 189.61199951171875
324.7203369140625 117.60063171386719 352.3279666900635 117.60063171386719 352.3279666900635 189.4870834350586 324.7203369140625 189.4870834350586
311.105224609375 119.48008728027344 339.0572700500488 119.48008728027344 339.0572700500488 190.1095962524414 311.105224609375 190.1095962524414
306.5372619628906 123.16444396972656 333.6121940612793 123.16444396972656 333.6121940612793 190.1209945678711 306.5372619628906 190.1209945678711
299.9415588378906 122.82075500488281 328.30491065979004 122.82075500488281 328.30491065979004 191.58655548095703 299.9415588378906 191.58655548095703
288.9464111328125 121.02093505859375 317.2332763671875 121.02093505859375 317.2332763671875 192.14968872070312 288.9464111328125 192.14968872070312
282.45458984375 122.87078857421875 310.14630699157715 122.87078857421875 310.14630699157715 189.7760772705078 282.45458984375 189.7760772705078
269.8777160644531 118.59456634521484 298.7848415374756 118.59456634521484 298.7848415374756 191.49375915527344 269.8777160644531 191.49375915527344
263.9188232421875 120.7332763671875 292.79243087768555 120.7332763671875 292.79243087768555 191.64837646484375 263.9188232421875 191.64837646484375
253.3595428466797 121.10152435302734 281.01385498046875 121.10152435302734 281.01385498046875 191.80008697509766 253.3595428466797 191.80008697509766
247.0692901611328 122.81495666503906 275.5933380126953 122.81495666503906 275.5933380126953 190.74506378173828 247.0692901611328 190.74506378173828
235.85400390625 121.66485595703125 262.7346305847168 121.66485595703125 262.7346305847168 190.61792755126953 235.85400390625 190.61792755126953
222.9182891845703 122.8586196899414 251.87845420837402 122.8586196899414 251.87845420837402 190.84941864013672 222.9182891845703 190.84941864013672
219.4093780517578 120.6705551147461 245.28391075134277 120.6705551147461 245.28391075134277 190.38898468017578 219.4093780517578 190.38898468017578
225.1271514892578 121.27586364746094 250.65405082702637 121.27586364746094 250.65405082702637 189.8154296875 225.1271514892578 189.8154296875
230.31613159179688 121.62811279296875 254.86083984375 121.62811279296875 254.86083984375 192.2888946533203 230.31613159179688 192.2888946533203
234.44253540039062 121.77803039550781 258.7194480895996 121.77803039550781 258.7194480895996 191.0160675048828 234.44253540039062 191.0160675048828
238.6195831298828 121.76820373535156 262.85099601745605 121.76820373535156 262.85099601745605 189.57471466064453 238.6195831298828 189.57471466064453
244.40518188476562 123.02195739746094 267.5997200012207 123.02195739746094 267.5997200012207 190.92678833007812 244.40518188476562 190.92678833007812
246.25601196289062 122.3219985961914 272.7423858642578 122.3219985961914 272.7423858642578 192.15453338623047 246.25601196289062 192.15453338623047
252.2697296142578 121.1095199584961 277.79656982421875 121.1095199584961 277.79656982421875 192.73571014404297 252.2697296142578 192.73571014404297
255.0883026123047 120.32127380371094 280.88190269470215 120.32127380371094 280.88190269470215 190.31039428710938 255.0883026123047 190.31039428710938
261.38262939453125 120.0901870727539 285.0245361328125 120.0901870727539 285.0245361328125 192.6404266357422 261.38262939453125 192.6404266357422
265.2322692871094 118.87591552734375 288.1216621398926 118.87591552734375 288.1216621398926 192.25413513183594 265.2322692871094 192.25413513183594
270.4309997558594 115.04893493652344 292.60288429260254 115.04893493652344 292.60288429260254 192.30858612060547 270.4309997558594 192.30858612060547
271.8609313964844 114.6366958618164 295.7999744415283 114.6366958618164 295.7999744415283 189.5762939453125 271.8609313964844 189.5762939453125
272.4566345214844 118.2487564086914 296.21678352355957 118.2487564086914 296.21678352355957 192.6283416748047 272.4566345214844 192.6283416748047
287.93634033203125 119.90281677246094 311.8649654388428 119.90281677246094 311.8649654388428 194.80980682373047 287.93634033203125 194.80980682373047
288.5452880859375 121.82447814941406 312.89299964904785 121.82447814941406 312.89299964904785 190.74310302734375 288.5452880859375 190.74310302734375
291.580078125 120.23287200927734 315.2758674621582 120.23287200927734 315.2758674621582 188.52928161621094 291.580078125 188.52928161621094
288.98333740234375 123.0602798461914 314.3639030456543 123.0602798461914 314.3639030456543 189.4626693725586 288.98333740234375 189.4626693725586
283.43255615234375 117.34161376953125 310.41320419311523 117.34161376953125 310.41320419311523 185.89981842041016 283.43255615234375 185.89981842041016
272.3995056152344 119.37313079833984 299.527774810791 119.37313079833984 299.527774810791 189.60700225830078 272.3995056152344 189.60700225830078
265.53631591796875 119.82173919677734 292.0613899230957 119.82173919677734 292.0613899230957 189.08550262451172 265.53631591796875 189.08550262451172
255.5062713623047 119.47151184082031 279.5033988952637 119.47151184082031 279.5033988952637 190.23304748535156 255.5062713623047 190.23304748535156
247.53573608398438 118.7206802368164 274.9779510498047 118.7206802368164 274.9779510498047 189.31341552734375 247.53573608398438 189.31341552734375
237.6621551513672 118.51148986816406 263.3347625732422 118.51148986816406 263.3347625732422 188.2667007446289 237.6621551513672 188.2667007446289
223.1831817626953 118.82852935791016 251.4652557373047 118.82852935791016 251.4652557373047 188.99578094482422 223.1831817626953 188.99578094482422
217.74844360351562 118.1728744506836 245.90053367614746 118.1728744506836 245.90053367614746 189.03998565673828 217.74844360351562 189.03998565673828
207.16806030273438 122.10762786865234 235.23451805114746 122.10762786865234 235.23451805114746 189.582763671875 207.16806030273438 189.582763671875
211.2498779296875 118.82597351074219 235.82274436950684 118.82597351074219 235.82274436950684 189.85855102539062 211.2498779296875 189.85855102539062
214.5547637939453 118.33293151855469 240.33770370483398 118.33293151855469 240.33770370483398 189.27359771728516 214.5547637939453 189.27359771728516
222.160888671875 117.12159729003906 244.56262588500977 117.12159729003906 244.56262588500977 190.29629516601562 222.160888671875 190.29629516601562
228.70651245117188 118.36421203613281 252.4672737121582 118.36421203613281 252.4672737121582 191.39364624023438 228.70651245117188 191.39364624023438
230.66635131835938 118.68502044677734 255.5215721130371 118.68502044677734 255.5215721130371 191.46937561035156 230.66635131835938 191.46937561035156
238.0167999267578 117.599609375 262.8410987854004 117.599609375 262.8410987854004 190.8792495727539 238.0167999267578 190.8792495727539
244.92373657226562 117.79541015625 269.75249671936035 117.79541015625 269.75249671936035 190.59788513183594 244.92373657226562 190.59788513183594
248.05575561523438 113.94232177734375 273.7277526855469 113.94232177734375 273.7277526855469 190.55079650878906 248.05575561523438 190.55079650878906
256.2708435058594 117.91606140136719 280.6686305999756 117.91606140136719 280.6686305999756 189.23978424072266 256.2708435058594 189.23978424072266
259.63104248046875 118.01629638671875 283.7944221496582 118.01629638671875 283.7944221496582 190.5482635498047 259.63104248046875 190.5482635498047
266.6352844238281 115.5110092163086 291.1380310058594 115.5110092163086 291.1380310058594 190.7940216064453 266.6352844238281 190.7940216064453
273.3432312011719 118.48173522949219 299.8044242858887 118.48173522949219 299.8044242858887 189.35646057128906 273.3432312011719 189.35646057128906
277.5782775878906 115.81044006347656 303.0068759918213 115.81044006347656 303.0068759918213 188.13709259033203 277.5782775878906 188.13709259033203
284.5377502441406 115.79475402832031 310.3753852844238 115.79475402832031 310.3753852844238 186.4034423828125 284.5377502441406 186.4034423828125
288.70916748046875 119.6056900024414 314.6197624206543 119.6056900024414 314.6197624206543 188.39671325683594 288.70916748046875 188.39671325683594
296.8693542480469 119.06797790527344 322.2662467956543 119.06797790527344 322.2662467956543 189.9107437133789 296.8693542480469 189.9107437133789
304.33819580078125 115.2796401977539 329.06794357299805 115.2796401977539 329.06794357299805 189.42621612548828 304.33819580078125 189.42621612548828
312.54022216796875 108.79931640625 333.6136722564697 108.79931640625 333.6136722564697 188.7071533203125 312.54022216796875 188.7071533203125
321.8095397949219 114.89564514160156 346.8282985687256 114.89564514160156 346.8282985687256 193.2152099609375 321.8095397949219 193.2152099609375
327.5424499511719 112.4534683227539 351.060001373291 112.4534683227539 351.060001373291 187.99080657958984 327.5424499511719 187.99080657958984
333.15814208984375 116.53401947021484 358.9360160827637 116.53401947021484 358.9360160827637 186.43311309814453 333.15814208984375 186.43311309814453
337.1271057128906 116.63094329833984 363.99171447753906 116.63094329833984 363.99171447753906 188.1990737915039 337.1271057128906 188.1990737915039
345.0554504394531 115.585205078125 372.37872314453125 115.585205078125 372.37872314453125 186.28173828125 345.0554504394531 186.28173828125
349.65228271484375 115.05165100097656 375.5644474029541 115.05165100097656 375.5644474029541 186.01040649414062 349.65228271484375 186.01040649414062
357.84967041015625 114.09537506103516 384.7755889892578 114.09537506103516 384.7755889892578 186.0169906616211 357.84967041015625 186.0169906616211
365.7504577636719 111.24946594238281 392.6036777496338 111.24946594238281 392.6036777496338 188.3169937133789 365.7504577636719 188.3169937133789
373.9205627441406 112.27738952636719 399.13022232055664 112.27738952636719 399.13022232055664 188.24124145507812 373.9205627441406 188.24124145507812
378.74127197265625 109.58985900878906 403.2435894012451 109.58985900878906 403.2435894012451 186.25344848632812 378.74127197265625 186.25344848632812
386.97247314453125 106.9270248413086 411.7817668914795 106.9270248413086 411.7817668914795 188.7595443725586 386.97247314453125 188.7595443725586
391.78204345703125 112.78729248046875 417.1681251525879 112.78729248046875 417.1681251525879 192.25672912597656 391.78204345703125 192.25672912597656
388.75872802734375 95.98538970947266 413.89762115478516 95.98538970947266 413.89762115478516 174.68102264404297 388.75872802734375 174.68102264404297
406.98638916015625 114.05562591552734 431.4017219543457 114.05562591552734 431.4017219543457 189.12677001953125 406.98638916015625 189.12677001953125
414.44976806640625 113.4388656616211 439.8578681945801 113.4388656616211 439.8578681945801 183.1421127319336 414.44976806640625 183.1421127319336
417.89337158203125 113.53035736083984 444.17290115356445 113.53035736083984 444.17290115356445 185.01654052734375 417.89337158203125 185.01654052734375
425.2640686035156 112.9912109375 450.83710861206055 112.9912109375 450.83710861206055 184.67469024658203 425.2640686035156 184.67469024658203
433.55682373046875 112.55289459228516 458.7068729400635 112.55289459228516 458.7068729400635 186.5727081298828 433.55682373046875 186.5727081298828
440.879638671875 113.00392150878906 465.79717445373535 113.00392150878906 465.79717445373535 189.90933227539062 440.879638671875 189.90933227539062
436.22900390625 107.7889175415039 464.4308567047119 107.7889175415039 464.4308567047119 182.69390106201172 436.22900390625 182.69390106201172
424.4823303222656 107.50151062011719 453.4502143859863 107.50151062011719 453.4502143859863 182.0212631225586 424.4823303222656 182.0212631225586
422.98870849609375 108.66355895996094 449.8986701965332 108.66355895996094 449.8986701965332 182.65704345703125 422.98870849609375 182.65704345703125
413.5750427246094 111.77238464355469 440.6227149963379 111.77238464355469 440.6227149963379 183.19912719726562 413.5750427246094 183.19912719726562
405.55828857421875 116.09635925292969 432.22923278808594 116.09635925292969 432.22923278808594 185.76181030273438 405.55828857421875 185.76181030273438
394.24505615234375 111.57933044433594 423.86110496520996 111.57933044433594 423.86110496520996 186.86800384521484 394.24505615234375 186.86800384521484
387.6803894042969 118.88497161865234 414.2769412994385 118.88497161865234 414.2769412994385 192.6956787109375 387.6803894042969 192.6956787109375
377.76129150390625 109.68037414550781 402.4270782470703 109.68037414550781 402.4270782470703 186.89498901367188 377.76129150390625 186.89498901367188
370.979248046875 119.5723876953125 395.1676902770996 119.5723876953125 395.1676902770996 195.29270935058594 370.979248046875 195.29270935058594
359.0486145019531 118.11871337890625 382.9742965698242 118.11871337890625 382.9742965698242 193.01648712158203 359.0486145019531 193.01648712158203
348.79180908203125 130.3543243408203 372.9594249725342 130.3543243408203 372.9594249725342 206.00945281982422 348.79180908203125 206.00945281982422
324.1023254394531 124.54988861083984 347.66698837280273 124.54988861083984 347.66698837280273 198.31752014160156 324.1023254394531 198.31752014160156
319.74237060546875 108.03489685058594 343.7603530883789 108.03489685058594 343.7603530883789 183.22161865234375 319.74237060546875 183.22161865234375
324.01904296875 114.09854888916016 348.4201240539551 114.09854888916016 348.4201240539551 190.48453521728516 324.01904296875 190.48453521728516
343.5027770996094 104.164306640625 367.9469509124756 104.164306640625 367.9469509124756 180.68519592285156 343.5027770996094 180.68519592285156
322.163330078125 108.87461853027344 346.3108539581299 108.87461853027344 346.3108539581299 184.46686553955078 322.163330078125 184.46686553955078
347.08465576171875 101.77340698242188 371.39874267578125 101.77340698242188 371.39874267578125 177.88706970214844 347.08465576171875 177.88706970214844
393.0747375488281 110.86186218261719 417.1802101135254 110.86186218261719 417.1802101135254 186.32247161865234 393.0747375488281 186.32247161865234
400.7347717285156 163.36410522460938 425.01263999938965 163.36410522460938 425.01263999938965 239.36438751220703 400.7347717285156 239.36438751220703
398.19134521484375 172.22364807128906 422.6120491027832 172.22364807128906 422.6120491027832 248.67105865478516 398.19134521484375 248.67105865478516
406.52593994140625 165.36399841308594 431.20024490356445 165.36399841308594 431.20024490356445 242.60528564453125 406.52593994140625 242.60528564453125
390.0301818847656 190.68576049804688 414.17572021484375 190.68576049804688 414.17572021484375 266.2717819213867 390.0301818847656 266.2717819213867
396.9074401855469 167.54727172851562 420.98476791381836 167.54727172851562 420.98476791381836 242.91976928710938 396.9074401855469 242.91976928710938
391.6492614746094 172.7352294921875 415.52657890319824 172.7352294921875 415.52657890319824 247.4816131591797 391.6492614746094 247.4816131591797
393.9246826171875 160.13951110839844 417.76797103881836 160.13951110839844 417.76797103881836 234.77938079833984 393.9246826171875 234.77938079833984
400.0203857421875 166.72630310058594 424.0657081604004 166.72630310058594 424.0657081604004 241.99862670898438 400.0203857421875 241.99862670898438
383.7510070800781 188.0755615234375 407.314266204834 188.0755615234375 407.314266204834 261.8388214111328 383.7510070800781 261.8388214111328
374.4978942871094 184.80250549316406 398.2254810333252 184.80250549316406 398.2254810333252 264.6280822753906 374.4978942871094 264.6280822753906
359.971923828125 187.93045043945312 383.1896572113037 187.93045043945312 383.1896572113037 260.61206817626953 359.971923828125 260.61206817626953
344.80609130859375 190.50079345703125 369.70313262939453 190.50079345703125 369.70313262939453 263.77728271484375 344.80609130859375 263.77728271484375
326.1507568359375 191.57327270507812 351.4156494140625 191.57327270507812 351.4156494140625 270.7104721069336 326.1507568359375 270.7104721069336
323.073974609375 194.61181640625 347.26544761657715 194.61181640625 347.26544761657715 264.3424606323242 323.073974609375 264.3424606323242
309.39727783203125 189.87539672851562 330.5414352416992 189.87539672851562 330.5414352416992 268.1843948364258 309.39727783203125 268.1843948364258
308.9008483886719 202.34909057617188 331.03320693969727 202.34909057617188 331.03320693969727 271.6330108642578 308.9008483886719 271.6330108642578
312.37640380859375 194.49612426757812 333.0378475189209 194.49612426757812 333.0378475189209 266.6852722167969 312.37640380859375 266.6852722167969
318.5934143066406 191.44363403320312 338.50539779663086 191.44363403320312 338.50539779663086 263.184814453125 318.5934143066406 263.184814453125
290.3875732421875 190.2954864501953 315.11122703552246 190.2954864501953 315.11122703552246 266.8119888305664 290.3875732421875 266.8119888305664
283.68572998046875 193.7916717529297 307.7480297088623 193.7916717529297 307.7480297088623 269.187255859375 283.68572998046875 269.187255859375
265.179443359375 193.24118041992188 290.4030513763428 193.24118041992188 290.4030513763428 266.92098236083984 265.179443359375 266.92098236083984
265.7445983886719 195.5658721923828 290.24494552612305 195.5658721923828 290.24494552612305 273.3362350463867 265.7445983886719 273.3362350463867
268.8677673339844 190.974365234375 289.8917427062988 190.974365234375 289.8917427062988 267.4804458618164 268.8677673339844 267.4804458618164
269.23846435546875 191.58287048339844 290.60801124572754 191.58287048339844 290.60801124572754 267.2528991699219 269.23846435546875 267.2528991699219
270.10076904296875 191.7775115966797 290.6636447906494 191.7775115966797 290.6636447906494 267.73194122314453 270.10076904296875 267.73194122314453
271.5118713378906 186.91441345214844 293.81766510009766 186.91441345214844 293.81766510009766 262.1670150756836 271.5118713378906 262.1670150756836
250.32192993164062 191.65089416503906 273.98583221435547 191.65089416503906 273.98583221435547 265.4785614013672 250.32192993164062 265.4785614013672
239.118896484375 193.9440460205078 264.3329162597656 193.9440460205078 264.3329162597656 266.07418060302734 239.118896484375 266.07418060302734
225.952392578125 187.3380889892578 252.14200401306152 187.3380889892578 252.14200401306152 262.78617095947266 225.952392578125 262.78617095947266
219.26864624023438 192.91653442382812 243.3601360321045 192.91653442382812 243.3601360321045 272.66847229003906 219.26864624023438 272.66847229003906
220.0876007080078 193.738037109375 244.3658390045166 193.738037109375 244.3658390045166 269.84938049316406 220.0876007080078 269.84938049316406
224.70455932617188 193.87533569335938 246.5539150238037 193.87533569335938 246.5539150238037 270.5093688964844 224.70455932617188 270.5093688964844
225.03262329101562 194.89093017578125 245.61208152770996 194.89093017578125 245.61208152770996 268.7737274169922 225.03262329101562 268.7737274169922
210.5618438720703 188.6238250732422 236.24649620056152 188.6238250732422 236.24649620056152 264.0391082763672 210.5618438720703 264.0391082763672
202.3331298828125 192.50865173339844 226.41379165649414 192.50865173339844 226.41379165649414 269.8778991699219 202.3331298828125 269.8778991699219
185.8915557861328 190.90884399414062 210.8936882019043 190.90884399414062 210.8936882019043 266.1553039550781 185.8915557861328 266.1553039550781
164.52955627441406 190.98069763183594 190.75563049316406 190.98069763183594 190.75563049316406 267.9173583984375 164.52955627441406 267.9173583984375
155.88992309570312 192.28897094726562 181.10705375671387 192.28897094726562 181.10705375671387 268.5026626586914 155.88992309570312 268.5026626586914
152.82701110839844 189.7071533203125 177.24529647827148 189.7071533203125 177.24529647827148 270.54434967041016 152.82701110839844 270.54434967041016
153.1560821533203 189.37594604492188 178.42625045776367 189.37594604492188 178.42625045776367 269.71984100341797 153.1560821533203 269.71984100341797
154.37881469726562 196.09927368164062 178.96962547302246 196.09927368164062 178.96962547302246 273.07920837402344 154.37881469726562 273.07920837402344
148.9855194091797 187.33363342285156 173.9708709716797 187.33363342285156 173.9708709716797 267.2543029785156 148.9855194091797 267.2543029785156
132.85116577148438 195.01467895507812 158.89359664916992 195.01467895507812 158.89359664916992 272.66121673583984 132.85116577148438 272.66121673583984
116.8362808227539 187.67514038085938 144.58411407470703 187.67514038085938 144.58411407470703 269.5330276489258 116.8362808227539 269.5330276489258
102.94921875 185.10079956054688 127.85214233398438 185.10079956054688 127.85214233398438 268.29139709472656 102.94921875 268.29139709472656
102.416259765625 187.3521270751953 126.01256370544434 187.3521270751953 126.01256370544434 269.78653717041016 102.416259765625 269.78653717041016
100.68760681152344 185.52651977539062 124.8112850189209 185.52651977539062 124.8112850189209 269.86534881591797 100.68760681152344 269.86534881591797
92.0437240600586 191.964599609375 118.8037338256836 191.964599609375 118.8037338256836 271.4170379638672 92.0437240600586 271.4170379638672
71.2884292602539 191.05191040039062 99.0803050994873 191.05191040039062 99.0803050994873 273.4929504394531 71.2884292602539 273.4929504394531
63.482276916503906 194.06979370117188 90.0075798034668 194.06979370117188 90.0075798034668 274.43909454345703 63.482276916503906 274.43909454345703
49.404266357421875 191.30091857910156 74.90418434143066 191.30091857910156 74.90418434143066 268.5938720703125 49.404266357421875 268.5938720703125
50.52805709838867 191.61489868164062 73.75629425048828 191.61489868164062 73.75629425048828 269.49913024902344 50.52805709838867 269.49913024902344
33.786903381347656 190.21514892578125 60.84811592102051 190.21514892578125 60.84811592102051 268.9470443725586 33.786903381347656 268.9470443725586
22.064035415649414 195.51864624023438 47.50919151306152 195.51864624023438 47.50919151306152 275.4599075317383 22.064035415649414 275.4599075317383
19.814987182617188 191.2910614013672 43.84588050842285 191.2910614013672 43.84588050842285 272.45947265625 19.814987182617188 272.45947265625
17.312265396118164 189.65438842773438 43.053802490234375 189.65438842773438 43.053802490234375 271.12545013427734 17.312265396118164 271.12545013427734
3.2671821117401123 188.01702880859375 33.61315608024597 188.01702880859375 33.61315608024597 270.6521759033203 3.2671821117401123 270.6521759033203
-4.7807135581970215 193.49801635742188 19.914135456085205 193.49801635742188 19.914135456085205 270.80364990234375 -4.7807135581970215 270.80364990234375
-6.195076942443848 192.0135498046875 18.487359046936035 192.0135498046875 18.487359046936035 269.2803268432617 -6.195076942443848 269.2803268432617
0.0 189.72610473632812 24.97433090209961 189.72610473632812 24.97433090209961 270.7311553955078 0.0 270.7311553955078
-5.340916633605957 193.2527313232422 19.331482887268066 193.2527313232422 19.331482887268066 270.4880828857422 -5.340916633605957 270.4880828857422
0.0 190.14614868164062 23.17831802368164 190.14614868164062 23.17831802368164 269.7081298828125 0.0 269.7081298828125
0.0 190.6885986328125 24.55545425415039 190.6885986328125 24.55545425415039 270.33338928222656 0.0 270.33338928222656
0.0 187.55038452148438 24.347803115844727 187.55038452148438 24.347803115844727 269.4302673339844 0.0 269.4302673339844
0.0 187.5918426513672 24.159099578857422 187.5918426513672 24.159099578857422 271.52799224853516 0.0 271.52799224853516
0.0 186.7318878173828 23.40675926208496 186.7318878173828 23.40675926208496 270.91827392578125 0.0 270.91827392578125
0.0 187.64358520507812 25.175220489501953 187.64358520507812 25.175220489501953 270.7670440673828 0.0 270.7670440673828
0.0 187.11143493652344 23.397350311279297 187.11143493652344 23.397350311279297 272.5746841430664 0.0 272.5746841430664
0.0 189.82632446289062 23.308469772338867 189.82632446289062 23.308469772338867 270.7938766479492 0.0 270.7938766479492
0.0 186.24705505371094 24.420612335205078 186.24705505371094 24.420612335205078 269.8713836669922 0.0 269.8713836669922
0.0 186.6084747314453 24.712162017822266 186.6084747314453 24.712162017822266 270.8790054321289 0.0 270.8790054321289
0.0 188.94180297851562 24.418590545654297 188.94180297851562 24.418590545654297 273.7102508544922 0.0 273.7102508544922
0.0 191.4466094970703 23.525299072265625 191.4466094970703 23.525299072265625 274.1276550292969 0.0 274.1276550292969
0.0 185.60174560546875 24.997520446777344 185.60174560546875 24.997520446777344 271.20729064941406 0.0 271.20729064941406
0.0 185.5562286376953 24.87246322631836 185.5562286376953 24.87246322631836 270.8249816894531 0.0 270.8249816894531
0.0 187.42274475097656 24.419445037841797 187.42274475097656 24.419445037841797 274.5592575073242 0.0 274.5592575073242
0.0 184.19076538085938 24.883411407470703 184.19076538085938 24.883411407470703 269.5017547607422 0.0 269.5017547607422
0.0 186.28598022460938 24.836225509643555 186.28598022460938 24.836225509643555 272.9476852416992 0.0 272.9476852416992
