524.0 66.0 540.0 66.0 540.0 102.0 524.0 102.0
523.0943603515625 66.87060546875 538.9527387619019 66.87060546875 538.9527387619019 102.48914337158203 523.0943603515625 102.48914337158203
522.521484375 65.26871490478516 538.9289226531982 65.26871490478516 538.9289226531982 101.77162551879883 522.521484375 101.77162551879883
520.9583129882812 66.86304473876953 537.128007888794 66.86304473876953 537.128007888794 101.5951156616211 520.9583129882812 101.5951156616211
521.01513671875 64.60094451904297 536.9133052825928 64.60094451904297 536.9133052825928 100.37182235717773 521.01513671875 100.37182235717773
519.6600341796875 65.10185241699219 535.9202079772949 65.10185241699219 535.9202079772949 102.24225616455078 519.6600341796875 102.24225616455078
518.794921875 65.36416625976562 533.5233898162842 65.36416625976562 533.5233898162842 102.01313400268555 518.794921875 102.01313400268555
516.9215087890625 66.36186981201172 532.3304977416992 66.36186981201172 532.3304977416992 102.37627029418945 516.9215087890625 102.37627029418945
516.044677734375 66.47080993652344 531.3977718353271 66.47080993652344 531.3977718353271 102.95196151733398 516.044677734375 102.95196151733398
514.3670043945312 66.58113098144531 529.3978672027588 66.58113098144531 529.3978672027588 103.09097671508789 514.3670043945312 103.09097671508789
512.6661376953125 66.3467025756836 527.8614749908447 66.3467025756836 527.8614749908447 101.0952262878418 512.6661376953125 101.0952262878418
513.0556030273438 66.1059799194336 527.8235416412354 66.1059799194336 527.8235416412354 100.87596893310547 513.0556030273438 100.87596893310547
510.2244567871094 65.55714416503906 526.0922594070435 65.55714416503906 526.0922594070435 100.88666534423828 510.2244567871094 100.88666534423828
509.804443359375 67.10846710205078 525.0283813476562 67.10846710205078 525.0283813476562 99.98966217041016 509.804443359375 99.98966217041016
510.0193786621094 67.5413589477539 524.6647062301636 67.5413589477539 524.6647062301636 101.13891983032227 510.0193786621094 101.13891983032227
508.47357177734375 65.95611572265625 523.0565128326416 65.95611572265625 523.0565128326416 101.1309700012207 508.47357177734375 101.1309700012207
508.2515563964844 65.07391357421875 522.7376327514648 65.07391357421875 522.7376327514648 101.45626068115234 508.2515563964844 101.45626068115234
507.2096252441406 64.99190521240234 522.3721084594727 64.99190521240234 522.3721084594727 101.11832046508789 507.2096252441406 101.11832046508789
505.6993103027344 64.97669219970703 520.9773464202881 64.97669219970703 520.9773464202881 102.31317901611328 505.6993103027344 102.31317901611328
504.66363525390625 65.01133728027344 520.143572807312 65.01133728027344 520.143572807312 101.83269500732422 504.66363525390625 101.83269500732422
503.9271545410156 65.3456039428711 519.5561952590942 65.3456039428711 519.5561952590942 102.04076766967773 503.9271545410156 102.04076766967773
503.2483825683594 64.38980102539062 518.8909406661987 64.38980102539062 518.8909406661987 100.69074630737305 503.2483825683594 100.69074630737305
502.046875 65.0099105834961 517.6445293426514 65.0099105834961 517.6445293426514 101.31515502929688 502.046875 101.31515502929688
501.674560546875 66.91224670410156 517.1187973022461 66.91224670410156 517.1187973022461 102.1274528503418 501.674560546875 102.1274528503418
501.31695556640625 67.29942321777344 516.6589870452881 67.29942321777344 516.6589870452881 100.83103942871094 501.31695556640625 100.83103942871094
500.61248779296875 65.86821746826172 516.2776365280151 65.86821746826172 516.2776365280151 101.30400085449219 500.61248779296875 101.30400085449219
500.224853515625 66.91663360595703 516.4808158874512 66.91663360595703 516.4808158874512 101.14546966552734 500.224853515625 101.14546966552734
499.42608642578125 65.0118179321289 515.7931613922119 65.0118179321289 515.7931613922119 101.68693161010742 499.42608642578125 101.68693161010742
498.1700134277344 65.25483703613281 514.752010345459 65.25483703613281 514.752010345459 100.71844100952148 498.1700134277344 100.71844100952148
498.31695556640625 63.778472900390625 514.1688480377197 63.778472900390625 514.1688480377197 101.27911376953125 498.31695556640625 101.27911376953125
498.0516052246094 65.21172332763672 513.3272609710693 65.21172332763672 513.3272609710693 100.99099731445312 498.0516052246094 100.99099731445312
498.304931640625 65.18110656738281 514.0583066940308 65.18110656738281 514.0583066940308 101.00235748291016 498.304931640625 101.00235748291016
498.38397216796875 65.48048400878906 513.2236919403076 65.48048400878906 513.2236919403076 101.14838027954102 498.38397216796875 101.14838027954102
498.06866455078125 64.98751068115234 512.6126155853271 64.98751068115234 512.6126155853271 101.5340576171875 498.06866455078125 101.5340576171875
497.5400390625 66.21662139892578 512.3823881149292 66.21662139892578 512.3823881149292 100.66636276245117 497.5400390625 100.66636276245117
497.1168518066406 65.0132827758789 512.198245048523 65.0132827758789 512.198245048523 100.51263427734375 497.1168518066406 100.51263427734375
496.8495178222656 65.5465087890625 511.81519317626953 65.5465087890625 511.81519317626953 99.9957275390625 496.8495178222656 99.9957275390625
496.1944274902344 64.04852294921875 511.83325958251953 64.04852294921875 511.83325958251953 99.88879013061523 496.1944274902344 99.88879013061523
495.9834899902344 64.49128723144531 510.66985511779785 64.49128723144531 510.66985511779785 99.68913269042969 495.9834899902344 99.68913269042969
495.5833435058594 64.25220489501953 510.89134979248047 64.25220489501953 510.89134979248047 100.00804138183594 495.5833435058594 100.00804138183594
495.0262145996094 65.4468002319336 510.4835968017578 65.4468002319336 510.4835968017578 99.19245529174805 495.0262145996094 99.19245529174805
495.3304748535156 64.96216583251953 510.04914379119873 64.96216583251953 510.04914379119873 100.52154541015625 495.3304748535156 100.52154541015625
494.36279296875 64.49156188964844 509.56134605407715 64.49156188964844 509.56134605407715 100.23585510253906 494.36279296875 100.23585510253906
493.71148681640625 65.706298828125 508.78309631347656 65.706298828125 508.78309631347656 100.2588005065918 493.71148681640625 100.2588005065918
493.3235778808594 64.97920989990234 508.7806987762451 64.97920989990234 508.7806987762451 101.08427810668945 493.3235778808594 101.08427810668945
493.25634765625 64.68305969238281 507.90077018737793 64.68305969238281 507.90077018737793 100.15170669555664 493.25634765625 100.15170669555664
492.9580993652344 63.551246643066406 507.4558334350586 63.551246643066406 507.4558334350586 100.68686294555664 492.9580993652344 100.68686294555664
492.47406005859375 63.60667037963867 507.19331073760986 63.60667037963867 507.19331073760986 100.29933166503906 492.47406005859375 100.29933166503906
492.27862548828125 64.18512725830078 507.0722990036011 64.18512725830078 507.0722990036011 100.27568435668945 492.27862548828125 100.27568435668945
492.11083984375 64.14492797851562 506.44825744628906 64.14492797851562 506.44825744628906 99.78533172607422 492.11083984375 99.78533172607422
491.64715576171875 64.05504608154297 506.0018768310547 64.05504608154297 506.0018768310547 100.08832550048828 491.64715576171875 100.08832550048828
491.50152587890625 64.47392272949219 505.87160778045654 64.47392272949219 505.87160778045654 100.23071670532227 491.50152587890625 100.23071670532227
491.25543212890625 63.834754943847656 505.82006072998047 63.834754943847656 505.82006072998047 100.24820709228516 491.25543212890625 100.24820709228516
490.9925231933594 63.338287353515625 505.40417194366455 63.338287353515625 505.40417194366455 100.62542724609375 490.9925231933594 100.62542724609375
490.3271484375 63.89916229248047 505.1869144439697 63.89916229248047 505.1869144439697 99.52603530883789 490.3271484375 99.52603530883789
490.43658447265625 63.114410400390625 505.8513774871826 63.114410400390625 505.8513774871826 100.68548202514648 490.43658447265625 100.68548202514648
489.7706604003906 63.554534912109375 504.89668560028076 63.554534912109375 504.89668560028076 99.8689193725586 489.7706604003906 99.8689193725586
489.98468017578125 63.1465950012207 504.37437915802 63.1465950012207 504.37437915802 98.24641418457031 489.98468017578125 98.24641418457031
488.84375 62.1839599609375 503.9332675933838 62.1839599609375 503.9332675933838 100.56145477294922 488.84375 100.56145477294922
489.26385498046875 62.69707107543945 503.75393199920654 62.69707107543945 503.75393199920654 99.43976974487305 489.26385498046875 99.43976974487305
487.8860778808594 63.35381317138672 502.87352180480957 63.35381317138672 502.87352180480957 100.37982940673828 487.8860778808594 100.37982940673828
488.177490234375 62.384788513183594 502.4460391998291 62.384788513183594 502.4460391998291 98.66860961914062 488.177490234375 98.66860961914062
487.08026123046875 62.52488327026367 502.7898893356323 62.52488327026367 502.7898893356323 98.71077346801758 487.08026123046875 98.71077346801758
486.318603515625 63.01117706298828 501.4773426055908 63.01117706298828 501.4773426055908 99.34809112548828 486.318603515625 99.34809112548828
485.7959899902344 62.4688720703125 501.95742416381836 62.4688720703125 501.95742416381836 98.85209655761719 485.7959899902344 98.85209655761719
485.96307373046875 62.14813232421875 502.15655517578125 62.14813232421875 502.15655517578125 99.15536880493164 485.96307373046875 99.15536880493164
486.0611877441406 61.17132568359375 500.884783744812 61.17132568359375 500.884783744812 99.08916091918945 486.0611877441406 99.08916091918945
485.677001953125 61.702796936035156 500.6378574371338 61.702796936035156 500.6378574371338 99.79942321777344 485.677001953125 99.79942321777344
485.32122802734375 61.954689025878906 500.36559772491455 61.954689025878906 500.36559772491455 99.30052185058594 485.32122802734375 99.30052185058594
485.162109375 62.437400817871094 500.2037477493286 62.437400817871094 500.2037477493286 99.7548828125 485.162109375 99.7548828125
484.7076110839844 62.209815979003906 500.11577129364014 62.209815979003906 500.11577129364014 99.75143051147461 484.7076110839844 99.75143051147461
484.62030029296875 61.27386474609375 500.06257915496826 61.27386474609375 500.06257915496826 99.22732543945312 484.62030029296875 99.22732543945312
484.3177185058594 63.10402297973633 499.8352909088135 63.10402297973633 499.8352909088135 98.49611282348633 484.3177185058594 98.49611282348633
483.81536865234375 62.52888870239258 499.89129066467285 62.52888870239258 499.89129066467285 98.3771858215332 483.81536865234375 98.3771858215332
483.94598388671875 61.72864532470703 499.23135566711426 61.72864532470703 499.23135566711426 98.0064811706543 483.94598388671875 98.0064811706543
483.75775146484375 62.66472625732422 498.5496597290039 62.66472625732422 498.5496597290039 97.9398193359375 483.75775146484375 97.9398193359375
483.2166442871094 62.676475524902344 498.96528816223145 62.676475524902344 498.96528816223145 98.92292785644531 483.2166442871094 98.92292785644531
482.82354736328125 62.38654708862305 497.8077392578125 62.38654708862305 497.8077392578125 98.41141128540039 482.82354736328125 98.41141128540039
482.65887451171875 61.915550231933594 497.82520484924316 61.915550231933594 497.82520484924316 98.69244384765625 482.65887451171875 98.69244384765625
482.57476806640625 62.42897415161133 498.05959606170654 62.42897415161133 498.05959606170654 98.3026123046875 482.57476806640625 98.3026123046875
482.2445373535156 61.221214294433594 497.2534055709839 61.221214294433594 497.2534055709839 97.78984069824219 482.2445373535156 97.78984069824219
480.22271728515625 60.580970764160156 495.7968397140503 60.580970764160156 495.7968397140503 95.6074333190918 480.22271728515625 95.6074333190918
480.78302001953125 61.4306755065918 497.026798248291 61.4306755065918 497.026798248291 96.78494644165039 480.78302001953125 96.78494644165039
481.09857177734375 61.2248649597168 495.827392578125 61.2248649597168 495.827392578125 95.2012710571289 481.09857177734375 95.2012710571289
480.1866760253906 62.04082489013672 495.3814697265625 62.04082489013672 495.3814697265625 95.45992279052734 480.1866760253906 95.45992279052734
480.2305603027344 62.5857048034668 495.78804302215576 62.5857048034668 495.78804302215576 97.09814834594727 480.2305603027344 97.09814834594727
480.2637634277344 60.9386100769043 495.3843107223511 60.9386100769043 495.3843107223511 96.90376663208008 480.2637634277344 96.90376663208008
480.2574768066406 61.7670783996582 495.4223403930664 61.7670783996582 495.4223403930664 96.93546676635742 480.2574768066406 96.93546676635742
479.57977294921875 59.79948806762695 494.9137935638428 59.79948806762695 494.9137935638428 96.53039169311523 479.57977294921875 96.53039169311523
479.4434509277344 61.578521728515625 494.01661682128906 61.578521728515625 494.01661682128906 95.29544830322266 479.4434509277344 95.29544830322266
478.99774169921875 61.428123474121094 494.02598762512207 61.428123474121094 494.02598762512207 94.93855285644531 478.99774169921875 94.93855285644531
478.85321044921875 60.910858154296875 493.77546882629395 60.910858154296875 493.77546882629395 96.01896286010742 478.85321044921875 96.01896286010742
479.1211853027344 60.210166931152344 493.1939649581909 60.210166931152344 493.1939649581909 97.32046890258789 479.1211853027344 97.32046890258789
478.0039978027344 60.81412887573242 492.2144594192505 60.81412887573242 492.2144594192505 95.11924362182617 478.0039978027344 95.11924362182617
478.3714904785156 61.12095260620117 492.0710697174072 61.12095260620117 492.0710697174072 96.58780288696289 478.3714904785156 96.58780288696289
477.87457275390625 62.06319046020508 492.1725950241089 62.06319046020508 492.1725950241089 96.96574020385742 477.87457275390625 96.96574020385742
477.851318359375 62.7322998046875 491.70158863067627 62.7322998046875 491.70158863067627 96.69895553588867 477.851318359375 96.69895553588867
476.55181884765625 61.30315399169922 490.81919384002686 61.30315399169922 490.81919384002686 96.53894424438477 476.55181884765625 96.53894424438477
475.38409423828125 61.41571807861328 490.0089750289917 61.41571807861328 490.0089750289917 94.52901077270508 475.38409423828125 94.52901077270508
474.96038818359375 58.52519989013672 489.70545959472656 58.52519989013672 489.70545959472656 95.29307556152344 474.96038818359375 95.29307556152344
474.3114318847656 58.36478805541992 489.66450214385986 58.36478805541992 489.66450214385986 95.52234268188477 474.3114318847656 95.52234268188477
474.55267333984375 59.43723678588867 490.01823234558105 59.43723678588867 490.01823234558105 96.58197021484375 474.55267333984375 96.58197021484375
474.135498046875 58.978363037109375 489.4748592376709 58.978363037109375 489.4748592376709 94.81260299682617 474.135498046875 94.81260299682617
474.1826171875 59.34587478637695 489.037091255188 59.34587478637695 489.037091255188 93.84592056274414 474.1826171875 93.84592056274414
473.310546875 57.56499481201172 488.47141551971436 57.56499481201172 488.47141551971436 94.08785629272461 473.310546875 94.08785629272461
473.94683837890625 57.528106689453125 488.1612215042114 57.528106689453125 488.1612215042114 95.03683853149414 473.94683837890625 95.03683853149414
473.49981689453125 58.37865447998047 488.3842897415161 58.37865447998047 488.3842897415161 94.76692199707031 473.49981689453125 94.76692199707031
472.97064208984375 58.460472106933594 488.35058307647705 58.460472106933594 488.35058307647705 95.71710586547852 472.97064208984375 95.71710586547852
472.92315673828125 59.99657440185547 487.2803773880005 59.99657440185547 487.2803773880005 93.52521514892578 472.92315673828125 93.52521514892578
472.5989685058594 57.37018585205078 487.3719997406006 57.37018585205078 487.3719997406006 93.97476577758789 472.5989685058594 93.97476577758789
472.4345703125 58.3004264831543 487.3151035308838 58.3004264831543 487.3151035308838 93.83363723754883 472.4345703125 93.83363723754883
472.69805908203125 56.0897102355957 486.7038059234619 56.0897102355957 486.7038059234619 94.07469177246094 472.69805908203125 94.07469177246094
472.6831970214844 57.85955810546875 487.3443422317505 57.85955810546875 487.3443422317505 92.75255966186523 472.6831970214844 92.75255966186523
472.92755126953125 58.18925094604492 487.0000581741333 58.18925094604492 487.0000581741333 93.36679458618164 472.92755126953125 93.36679458618164
472.15533447265625 56.89275360107422 486.9939851760864 56.89275360107422 486.9939851760864 93.46625137329102 472.15533447265625 93.46625137329102
472.46331787109375 56.619773864746094 486.9011764526367 56.619773864746094 486.9011764526367 93.1697883605957 472.46331787109375 93.1697883605957
472.2118225097656 55.64472198486328 486.6046543121338 55.64472198486328 486.6046543121338 91.95085144042969 472.2118225097656 91.95085144042969
472.6620178222656 55.96085739135742 486.7570466995239 55.96085739135742 486.7570466995239 92.82543182373047 472.6620178222656 92.82543182373047
471.9725036621094 56.572052001953125 487.2030944824219 56.572052001953125 487.2030944824219 91.83080291748047 471.9725036621094 91.83080291748047
472.08953857421875 55.533119201660156 487.0315980911255 55.533119201660156 487.0315980911255 92.02265167236328 472.08953857421875 92.02265167236328
471.999267578125 54.98406982421875 486.7807340621948 54.98406982421875 486.7807340621948 92.44829559326172 471.999267578125 92.44829559326172
472.0750427246094 56.05934524536133 486.47909355163574 56.05934524536133 486.47909355163574 92.63783645629883 472.0750427246094 92.63783645629883
471.8392028808594 56.3629035949707 485.92978954315186 56.3629035949707 485.92978954315186 91.71427536010742 471.8392028808594 91.71427536010742
471.5025939941406 55.930519104003906 485.2549591064453 55.930519104003906 485.2549591064453 91.7576904296875 471.5025939941406 91.7576904296875
471.35968017578125 55.48640823364258 485.7020540237427 55.48640823364258 485.7020540237427 92.06075668334961 471.35968017578125 92.06075668334961
470.91033935546875 56.2042121887207 484.85058784484863 56.2042121887207 484.85058784484863 92.63535690307617 470.91033935546875 92.63535690307617
470.6148986816406 56.076087951660156 485.152063369751 56.076087951660156 485.152063369751 92.09062576293945 470.6148986816406 92.09062576293945
470.0101013183594 56.556678771972656 484.58819007873535 56.556678771972656 484.58819007873535 91.62326049804688 470.0101013183594 91.62326049804688
469.736328125 55.0155029296875 484.2442398071289 55.0155029296875 484.2442398071289 89.59815216064453 469.736328125 89.59815216064453
469.48590087890625 55.3331413269043 484.282244682312 55.3331413269043 484.282244682312 89.5598258972168 469.48590087890625 89.5598258972168
469.9317321777344 55.437400817871094 483.95422172546387 55.437400817871094 483.95422172546387 91.37680053710938 469.9317321777344 91.37680053710938
469.9908752441406 56.223609924316406 484.2150421142578 56.223609924316406 484.2150421142578 91.41638565063477 469.9908752441406 91.41638565063477
469.7158203125 54.64049530029297 483.60068798065186 54.64049530029297 483.60068798065186 89.50046920776367 469.7158203125 89.50046920776367
469.494140625 54.626800537109375 483.3573532104492 54.626800537109375 483.3573532104492 90.10222244262695 469.494140625 90.10222244262695
469.83221435546875 55.69098663330078 483.52002239227295 55.69098663330078 483.52002239227295 90.97386169433594 469.83221435546875 90.97386169433594
468.9554138183594 54.772300720214844 483.64753437042236 54.772300720214844 483.64753437042236 89.25791549682617 468.9554138183594 89.25791549682617
469.12677001953125 56.605377197265625 483.3936138153076 56.605377197265625 483.3936138153076 90.20228576660156 469.12677001953125 90.20228576660156
468.93096923828125 53.988258361816406 482.84404277801514 53.988258361816406 482.84404277801514 90.14088821411133 468.93096923828125 90.14088821411133
469.1014099121094 55.8228874206543 483.6968536376953 55.8228874206543 483.6968536376953 90.2367935180664 469.1014099121094 90.2367935180664
469.00836181640625 55.90234375 482.9892826080322 55.90234375 482.9892826080322 90.33557510375977 469.00836181640625 90.33557510375977
469.1781311035156 55.15507125854492 482.7077121734619 55.15507125854492 482.7077121734619 90.96666717529297 469.1781311035156 90.96666717529297
468.56890869140625 56.901756286621094 482.27546977996826 56.901756286621094 482.27546977996826 90.92300033569336 468.56890869140625 90.92300033569336
468.67724609375 56.0475959777832 482.29881858825684 56.0475959777832 482.29881858825684 90.28243637084961 468.67724609375 90.28243637084961
467.9324645996094 57.2872200012207 481.97935676574707 57.2872200012207 481.97935676574707 90.77287292480469 467.9324645996094 90.77287292480469
467.3243713378906 55.601295471191406 481.7367343902588 55.601295471191406 481.7367343902588 90.05263900756836 467.3243713378906 90.05263900756836
466.88232421875 56.84189987182617 482.3415775299072 56.84189987182617 482.3415775299072 90.26773452758789 466.88232421875 90.26773452758789
466.92041015625 55.628761291503906 481.9058485031128 55.628761291503906 481.9058485031128 90.31009674072266 466.92041015625 90.31009674072266
467.1932678222656 55.657020568847656 481.76872730255127 55.657020568847656 481.76872730255127 91.02101135253906 467.1932678222656 91.02101135253906
466.8944396972656 55.99737548828125 481.43396949768066 55.99737548828125 481.43396949768066 89.54790878295898 466.8944396972656 89.54790878295898
467.39837646484375 55.7573127746582 481.24755096435547 55.7573127746582 481.24755096435547 89.87871170043945 467.39837646484375 89.87871170043945
466.8824157714844 55.50762939453125 481.29176807403564 55.50762939453125 481.29176807403564 90.00601959228516 466.8824157714844 90.00601959228516
466.4203186035156 55.41447067260742 480.9522981643677 55.41447067260742 480.9522981643677 89.1047248840332 466.4203186035156 89.1047248840332
466.56396484375 55.31956100463867 481.41196632385254 55.31956100463867 481.41196632385254 90.54269409179688 466.56396484375 90.54269409179688
465.9728088378906 55.627662658691406 481.1155090332031 55.627662658691406 481.1155090332031 89.98355865478516 465.9728088378906 89.98355865478516
465.7723083496094 54.23114776611328 481.09437561035156 54.23114776611328 481.09437561035156 89.12798690795898 465.7723083496094 89.12798690795898
465.5850524902344 53.994895935058594 480.17204570770264 53.994895935058594 480.17204570770264 89.50460052490234 465.5850524902344 89.50460052490234
466.6878967285156 53.32072067260742 480.68846893310547 53.32072067260742 480.68846893310547 89.96501541137695 466.6878967285156 89.96501541137695
466.04974365234375 53.633750915527344 479.8052291870117 53.633750915527344 479.8052291870117 90.31913757324219 466.04974365234375 90.31913757324219
465.78680419921875 54.83317947387695 479.3343334197998 54.83317947387695 479.3343334197998 89.95273971557617 465.78680419921875 89.95273971557617
465.15509033203125 55.558868408203125 478.4430799484253 55.558868408203125 478.4430799484253 89.24214172363281 465.15509033203125 89.24214172363281
464.759033203125 53.49251174926758 478.39603900909424 53.49251174926758 478.39603900909424 88.40208435058594 464.759033203125 88.40208435058594
464.0093688964844 53.783172607421875 477.94909381866455 53.783172607421875 477.94909381866455 87.92073822021484 464.0093688964844 87.92073822021484
462.85107421875 53.453834533691406 477.549786567688 53.453834533691406 477.549786567688 88.95996856689453 462.85107421875 88.95996856689453
462.97265625 55.31516647338867 477.56780529022217 55.31516647338867 477.56780529022217 88.3101692199707 462.97265625 88.3101692199707
461.85302734375 54.80585861206055 477.31474590301514 54.80585861206055 477.31474590301514 89.13138198852539 461.85302734375 89.13138198852539
462.40386962890625 54.251953125 476.9691114425659 54.251953125 476.9691114425659 89.88505554199219 462.40386962890625 89.88505554199219
461.34100341796875 54.67034912109375 476.9168701171875 54.67034912109375 476.9168701171875 89.1474723815918 461.34100341796875 89.1474723815918
460.93975830078125 52.656761169433594 476.3053207397461 52.656761169433594 476.3053207397461 88.6709098815918 460.93975830078125 88.6709098815918
461.1434631347656 53.47037887573242 476.22936058044434 53.47037887573242 476.22936058044434 88.32869338989258 461.1434631347656 88.32869338989258
460.9073181152344 52.706207275390625 475.98729133605957 52.706207275390625 475.98729133605957 87.53353118896484 460.9073181152344 87.53353118896484
460.8941955566406 54.585052490234375 476.1556730270386 54.585052490234375 476.1556730270386 89.6332015991211 460.8941955566406 89.6332015991211
460.420166015625 55.15619659423828 475.20013427734375 55.15619659423828 475.20013427734375 89.94349670410156 460.420166015625 89.94349670410156
460.5052185058594 54.739891052246094 474.8572664260864 54.739891052246094 474.8572664260864 89.58773040771484 460.5052185058594 89.58773040771484
459.62286376953125 53.70214080810547 474.704345703125 53.70214080810547 474.704345703125 88.40245819091797 459.62286376953125 88.40245819091797
459.52239990234375 54.3917121887207 474.1747226715088 54.3917121887207 474.1747226715088 86.60592269897461 459.52239990234375 86.60592269897461
459.15277099609375 54.79186248779297 473.89223194122314 54.79186248779297 473.89223194122314 87.32284927368164 459.15277099609375 87.32284927368164
459.0523376464844 53.55207061767578 474.1344223022461 53.55207061767578 474.1344223022461 88.62654113769531 459.0523376464844 88.62654113769531
458.9258728027344 54.091209411621094 474.1028718948364 54.091209411621094 474.1028718948364 88.42337799072266 458.9258728027344 88.42337799072266
458.60455322265625 52.441368103027344 473.8117198944092 52.441368103027344 473.8117198944092 89.7005844116211 458.60455322265625 89.7005844116211
458.5248107910156 54.9095458984375 473.8722553253174 54.9095458984375 473.8722553253174 87.53223419189453 458.5248107910156 87.53223419189453
457.9423828125 52.60063552856445 473.38810443878174 52.60063552856445 473.38810443878174 87.10992813110352 457.9423828125 87.10992813110352
458.08941650390625 53.23528289794922 473.41221141815186 53.23528289794922 473.41221141815186 88.19998168945312 458.08941650390625 88.19998168945312
458.3392028808594 53.742919921875 474.20080757141113 53.742919921875 474.20080757141113 88.1318244934082 458.3392028808594 88.1318244934082
458.66705322265625 53.71892547607422 474.08217334747314 53.71892547607422 474.08217334747314 88.48799514770508 458.66705322265625 88.48799514770508
458.246826171875 51.71533203125 474.2719249725342 51.71533203125 474.2719249725342 88.54442596435547 458.246826171875 88.54442596435547
458.50390625 53.4613037109375 473.94691276550293 53.4613037109375 473.94691276550293 86.75818634033203 458.50390625 86.75818634033203
458.7801208496094 53.287025451660156 473.57360553741455 53.287025451660156 473.57360553741455 87.5321044921875 458.7801208496094 87.5321044921875
458.861572265625 53.82334518432617 473.3827266693115 53.82334518432617 473.3827266693115 88.40765380859375 458.861572265625 88.40765380859375
458.8736267089844 53.1434440612793 473.6037826538086 53.1434440612793 473.6037826538086 87.47290420532227 458.8736267089844 87.47290420532227
458.42694091796875 53.049903869628906 472.98151206970215 53.049903869628906 472.98151206970215 87.59856033325195 458.42694091796875 87.59856033325195
457.92626953125 53.0765495300293 473.4983491897583 53.0765495300293 473.4983491897583 87.12874603271484 457.92626953125 87.12874603271484
458.228271484375 51.67987823486328 473.1163024902344 51.67987823486328 473.1163024902344 85.51933670043945 458.228271484375 85.51933670043945
457.7021484375 51.99623489379883 473.22041034698486 51.99623489379883 473.22041034698486 86.24764251708984 457.7021484375 86.24764251708984
457.67864990234375 52.196929931640625 472.9320125579834 52.196929931640625 472.9320125579834 86.15085220336914 457.67864990234375 86.15085220336914
458.57720947265625 52.359046936035156 473.98679065704346 52.359046936035156 473.98679065704346 86.6848030090332 458.57720947265625 86.6848030090332
458.65655517578125 52.651214599609375 474.29195976257324 52.651214599609375 474.29195976257324 86.86371231079102 458.65655517578125 86.86371231079102
458.770263671875 53.0911979675293 474.50722312927246 53.0911979675293 474.50722312927246 87.19735717773438 458.770263671875 87.19735717773438
459.34356689453125 52.9412956237793 474.53657245635986 52.9412956237793 474.53657245635986 87.76948928833008 459.34356689453125 87.76948928833008
459.5350646972656 52.70344161987305 474.9103088378906 52.70344161987305 474.9103088378906 86.84930801391602 459.5350646972656 86.84930801391602
459.6809997558594 51.1633186340332 475.4098358154297 51.1633186340332 475.4098358154297 85.45528793334961 459.6809997558594 85.45528793334961
460.5186462402344 52.09862518310547 476.1428451538086 52.09862518310547 476.1428451538086 85.19590759277344 460.5186462402344 85.19590759277344
460.15570068359375 53.67278289794922 475.7673921585083 53.67278289794922 475.7673921585083 86.18492889404297 460.15570068359375 86.18492889404297
459.66290283203125 52.2726936340332 476.00798988342285 52.2726936340332 476.00798988342285 86.93792724609375 459.66290283203125 86.93792724609375
459.9501953125 51.813514709472656 475.5567111968994 51.813514709472656 475.5567111968994 86.4913215637207 459.9501953125 86.4913215637207
459.9208068847656 52.13505172729492 475.9804344177246 52.13505172729492 475.9804344177246 85.6413803100586 459.9208068847656 85.6413803100586
459.27886962890625 51.50335693359375 475.8899745941162 51.50335693359375 475.8899745941162 85.27204895019531 459.27886962890625 85.27204895019531
459.87628173828125 51.88850784301758 476.55603981018066 51.88850784301758 476.55603981018066 86.70674133300781 459.87628173828125 86.70674133300781
459.47021484375 53.095970153808594 476.2099914550781 53.095970153808594 476.2099914550781 86.26876831054688 459.47021484375 86.26876831054688
459.79046630859375 52.178733825683594 476.158992767334 52.178733825683594 476.158992767334 85.3017578125 459.79046630859375 85.3017578125
459.72613525390625 50.885581970214844 476.33729553222656 50.885581970214844 476.33729553222656 86.00433349609375 459.72613525390625 86.00433349609375
460.2146911621094 52.53216552734375 476.7923393249512 52.53216552734375 476.7923393249512 86.08115005493164 460.2146911621094 86.08115005493164
460.1654357910156 51.72498321533203 476.2095146179199 51.72498321533203 476.2095146179199 85.64124298095703 460.1654357910156 85.64124298095703
460.7938537597656 52.870361328125 477.0344982147217 52.870361328125 477.0344982147217 85.70645904541016 460.7938537597656 85.70645904541016
460.24755859375 52.37493896484375 477.2036552429199 52.37493896484375 477.2036552429199 85.92215728759766 460.24755859375 85.92215728759766
460.61260986328125 51.39164352416992 477.0813522338867 51.39164352416992 477.0813522338867 85.95367813110352 460.61260986328125 85.95367813110352
460.23516845703125 50.373260498046875 476.60603523254395 50.373260498046875 476.60603523254395 83.5339126586914 460.23516845703125 83.5339126586914
460.8323669433594 51.98109817504883 476.3650484085083 51.98109817504883 476.3650484085083 84.33840942382812 460.8323669433594 84.33840942382812
461.060302734375 51.80560302734375 476.6017322540283 51.80560302734375 476.6017322540283 86.70613861083984 461.060302734375 86.70613861083984
460.74066162109375 53.64569854736328 476.76569747924805 53.64569854736328 476.76569747924805 86.66366577148438 460.74066162109375 86.66366577148438
460.8785705566406 53.51593780517578 475.99530601501465 53.51593780517578 475.99530601501465 85.80551147460938 460.8785705566406 85.80551147460938
460.48797607421875 52.79372024536133 476.56135177612305 52.79372024536133 476.56135177612305 85.41401672363281 460.48797607421875 85.41401672363281
459.80224609375 52.564064025878906 476.7043342590332 52.564064025878906 476.7043342590332 84.55924224853516 459.80224609375 84.55924224853516
460.2108459472656 52.7883415222168 477.350305557251 52.7883415222168 477.350305557251 84.9326400756836 460.2108459472656 84.9326400756836
460.1324157714844 51.491363525390625 476.85133934020996 51.491363525390625 476.85133934020996 86.29314804077148 460.1324157714844 86.29314804077148
459.92730712890625 51.989898681640625 477.0308036804199 51.989898681640625 477.0308036804199 85.63323211669922 459.92730712890625 85.63323211669922
459.89849853515625 52.275733947753906 476.8296356201172 52.275733947753906 476.8296356201172 84.91556549072266 459.89849853515625 84.91556549072266
459.8064880371094 51.56036376953125 477.16821098327637 51.56036376953125 477.16821098327637 83.5572452545166 459.8064880371094 83.5572452545166
460.3473205566406 51.445396423339844 477.2051029205322 51.445396423339844 477.2051029205322 84.47933197021484 460.3473205566406 84.47933197021484
460.8614807128906 50.89154052734375 477.1637134552002 50.89154052734375 477.1637134552002 83.8646011352539 460.8614807128906 83.8646011352539
460.47222900390625 52.082000732421875 477.4366455078125 52.082000732421875 477.4366455078125 85.19628143310547 460.47222900390625 85.19628143310547
460.2928771972656 52.070838928222656 477.87319564819336 52.070838928222656 477.87319564819336 85.47512435913086 460.2928771972656 85.47512435913086
460.91253662109375 51.5633430480957 477.2160015106201 51.5633430480957 477.2160015106201 84.11103439331055 460.91253662109375 84.11103439331055
460.04998779296875 51.79517364501953 477.4207534790039 51.79517364501953 477.4207534790039 83.78772735595703 460.04998779296875 83.78772735595703
460.662841796875 51.12522506713867 477.0163516998291 51.12522506713867 477.0163516998291 82.41171836853027 460.662841796875 82.41171836853027
461.29766845703125 53.137046813964844 476.8686828613281 53.137046813964844 476.8686828613281 84.46984100341797 461.29766845703125 84.46984100341797
460.8536682128906 53.658531188964844 476.2018632888794 53.658531188964844 476.2018632888794 85.18629264831543 460.8536682128906 85.18629264831543
460.400146484375 52.04448318481445 476.4223518371582 52.04448318481445 476.4223518371582 84.4729118347168 460.400146484375 84.4729118347168
460.5332946777344 50.78355026245117 476.9148578643799 50.78355026245117 476.9148578643799 84.2811279296875 460.5332946777344 84.2811279296875
460.125732421875 52.09391403198242 476.3300666809082 52.09391403198242 476.3300666809082 83.63144493103027 460.125732421875 83.63144493103027
460.32928466796875 52.428001403808594 476.69294357299805 52.428001403808594 476.69294357299805 84.07544326782227 460.32928466796875 84.07544326782227
459.94879150390625 51.888954162597656 476.9215087890625 51.888954162597656 476.9215087890625 83.0911979675293 459.94879150390625 83.0911979675293
460.77374267578125 51.49797821044922 476.5693836212158 51.49797821044922 476.5693836212158 84.02953338623047 460.77374267578125 84.02953338623047
460.92987060546875 51.93009567260742 476.6914520263672 51.93009567260742 476.6914520263672 84.61501693725586 460.92987060546875 84.61501693725586
460.44073486328125 51.59230422973633 476.7413673400879 51.59230422973633 476.7413673400879 83.8398208618164 460.44073486328125 83.8398208618164
460.1847229003906 50.56319808959961 475.9004487991333 50.56319808959961 475.9004487991333 83.23426055908203 460.1847229003906 83.23426055908203
460.6297912597656 51.60742950439453 476.9356517791748 51.60742950439453 476.9356517791748 82.08743667602539 460.6297912597656 82.08743667602539
460.28961181640625 52.66022491455078 476.58202171325684 52.66022491455078 476.58202171325684 82.4996223449707 460.28961181640625 82.4996223449707
460.8294982910156 52.706947326660156 477.10044288635254 52.706947326660156 477.10044288635254 83.88955879211426 460.8294982910156 83.88955879211426
460.63616943359375 52.13850021362305 477.1567192077637 52.13850021362305 477.1567192077637 82.66318321228027 460.63616943359375 82.66318321228027
460.8125 52.8192024230957 476.66160583496094 52.8192024230957 476.66160583496094 81.8659896850586 460.8125 81.8659896850586
460.57855224609375 51.4392204284668 476.3697967529297 51.4392204284668 476.3697967529297 82.53788948059082 460.57855224609375 82.53788948059082
460.974853515625 51.62329864501953 476.71155548095703 51.62329864501953 476.71155548095703 82.88845634460449 460.974853515625 82.88845634460449
461.1602478027344 51.47039794921875 476.12645721435547 51.47039794921875 476.12645721435547 83.29404258728027 461.1602478027344 83.29404258728027
460.52557373046875 52.67010498046875 476.08875465393066 52.67010498046875 476.08875465393066 84.70580291748047 460.52557373046875 84.70580291748047
460.9903259277344 52.39701461791992 476.5020065307617 52.39701461791992 476.5020065307617 83.6720085144043 460.9903259277344 83.6720085144043
459.8306579589844 51.4857292175293 476.29576683044434 51.4857292175293 476.29576683044434 82.6828727722168 459.8306579589844 82.6828727722168
459.50787353515625 50.90947723388672 475.69653129577637 50.90947723388672 475.69653129577637 82.53839492797852 459.50787353515625 82.53839492797852
459.8553161621094 52.07659912109375 475.3950958251953 52.07659912109375 475.3950958251953 82.01835250854492 459.8553161621094 82.01835250854492
459.62567138671875 51.706146240234375 475.782262802124 51.706146240234375 475.782262802124 82.8627986907959 459.62567138671875 82.8627986907959
460.40203857421875 51.16730499267578 476.24647331237793 51.16730499267578 476.24647331237793 84.28130340576172 460.40203857421875 84.28130340576172
460.1268615722656 50.905548095703125 475.4199800491333 50.905548095703125 475.4199800491333 83.12521743774414 460.1268615722656 83.12521743774414
460.2356872558594 50.72616195678711 474.72716331481934 50.72616195678711 474.72716331481934 83.58013153076172 460.2356872558594 83.58013153076172
459.4049377441406 49.900230407714844 474.2523241043091 49.900230407714844 474.2523241043091 82.79228973388672 459.4049377441406 82.79228973388672
459.51873779296875 49.93585968017578 474.4906358718872 49.93585968017578 474.4906358718872 82.09397888183594 459.51873779296875 82.09397888183594
459.1910095214844 50.39241027832031 475.06147289276123 50.39241027832031 475.06147289276123 82.66475296020508 459.1910095214844 82.66475296020508
459.2755432128906 49.76508712768555 475.38330459594727 49.76508712768555 475.38330459594727 82.47414016723633 459.2755432128906 82.47414016723633
459.4935607910156 49.065406799316406 475.4442310333252 49.065406799316406 475.4442310333252 82.27360534667969 459.4935607910156 82.27360534667969
458.6358947753906 49.14860916137695 474.76002311706543 49.14860916137695 474.76002311706543 81.11300468444824 458.6358947753906 81.11300468444824
459.0296325683594 48.97998046875 474.69293785095215 48.97998046875 474.69293785095215 81.7391242980957 459.0296325683594 81.7391242980957
459.10687255859375 49.3985595703125 474.57618713378906 49.3985595703125 474.57618713378906 82.3637466430664 459.10687255859375 82.3637466430664
459.0567321777344 49.57769775390625 473.83831787109375 49.57769775390625 473.83831787109375 82.40346908569336 459.0567321777344 82.40346908569336
458.64776611328125 50.43951416015625 473.5629987716675 50.43951416015625 473.5629987716675 82.23007202148438 458.64776611328125 82.23007202148438
458.195556640625 48.827850341796875 473.5329761505127 48.827850341796875 473.5329761505127 81.44087600708008 458.195556640625 81.44087600708008
457.96112060546875 47.967071533203125 473.22864818573 47.967071533203125 473.22864818573 81.8048324584961 457.96112060546875 81.8048324584961
458.3359375 49.230712890625 473.158411026001 49.230712890625 473.158411026001 81.98237228393555 458.3359375 81.98237228393555
457.30780029296875 50.772918701171875 472.85305309295654 50.772918701171875 472.85305309295654 81.23134422302246 457.30780029296875 81.23134422302246
457.380615234375 49.56255340576172 473.21299171447754 49.56255340576172 473.21299171447754 81.29863166809082 457.380615234375 81.29863166809082
457.06268310546875 49.99639129638672 472.6459836959839 49.99639129638672 472.6459836959839 82.246337890625 457.06268310546875 82.246337890625
456.2022399902344 49.44354248046875 472.5715560913086 49.44354248046875 472.5715560913086 81.65055084228516 456.2022399902344 81.65055084228516
456.725830078125 49.40795135498047 471.9697618484497 49.40795135498047 471.9697618484497 81.7533073425293 456.725830078125 81.7533073425293
456.9283142089844 50.04564666748047 472.2021179199219 50.04564666748047 472.2021179199219 81.56856536865234 456.9283142089844 81.56856536865234
456.43634033203125 50.665557861328125 472.1720428466797 50.665557861328125 472.1720428466797 80.96893310546875 456.43634033203125 80.96893310546875
456.20733642578125 50.678184509277344 471.8532590866089 50.678184509277344 471.8532590866089 82.02153778076172 456.20733642578125 82.02153778076172
456.6490783691406 50.22599411010742 472.20603466033936 50.22599411010742 472.20603466033936 81.38670349121094 456.6490783691406 81.38670349121094
455.7765197753906 50.280357360839844 472.5036087036133 50.280357360839844 472.5036087036133 81.63557052612305 455.7765197753906 81.63557052612305
455.5826110839844 49.68009567260742 472.5485420227051 49.68009567260742 472.5485420227051 81.67346954345703 455.5826110839844 81.67346954345703
455.36572265625 49.62480926513672 471.8845558166504 49.62480926513672 471.8845558166504 80.48548126220703 455.36572265625 80.48548126220703
455.39337158203125 49.60280227661133 471.85641860961914 49.60280227661133 471.85641860961914 81.67863082885742 455.39337158203125 81.67863082885742
455.181396484375 50.272117614746094 471.1138858795166 50.272117614746094 471.1138858795166 80.87319755554199 455.181396484375 80.87319755554199
455.391357421875 49.599456787109375 470.9363479614258 49.599456787109375 470.9363479614258 81.7399673461914 455.391357421875 81.7399673461914
455.09051513671875 48.808982849121094 471.03233337402344 48.808982849121094 471.03233337402344 81.76363372802734 455.09051513671875 81.76363372802734
454.93414306640625 49.59309005737305 469.70977783203125 49.59309005737305 469.70977783203125 81.4064712524414 454.93414306640625 81.4064712524414
454.5146484375 49.832984924316406 470.1063051223755 49.832984924316406 470.1063051223755 81.10199737548828 454.5146484375 81.10199737548828
454.38262939453125 48.332664489746094 469.88713550567627 48.332664489746094 469.88713550567627 80.61602783203125 454.38262939453125 80.61602783203125
454.02587890625 49.698402404785156 469.4793930053711 49.698402404785156 469.4793930053711 81.12772941589355 454.02587890625 81.12772941589355
453.7273864746094 47.86806106567383 469.0926637649536 47.86806106567383 469.0926637649536 80.26107025146484 453.7273864746094 80.26107025146484
453.49603271484375 49.22837448120117 468.63056659698486 49.22837448120117 468.63056659698486 81.04488182067871 453.49603271484375 81.04488182067871
453.125 48.74775314331055 468.64882373809814 48.74775314331055 468.64882373809814 80.80395889282227 453.125 80.80395889282227
453.50616455078125 49.06011962890625 468.53752613067627 49.06011962890625 468.53752613067627 81.56206130981445 453.50616455078125 81.56206130981445
453.73699951171875 49.55860900878906 468.28083515167236 49.55860900878906 468.28083515167236 82.10330963134766 453.73699951171875 82.10330963134766
453.08111572265625 48.523963928222656 468.2277889251709 48.523963928222656 468.2277889251709 80.05376052856445 453.08111572265625 80.05376052856445
452.81378173828125 47.52085876464844 467.99333000183105 47.52085876464844 467.99333000183105 80.38189697265625 452.81378173828125 80.38189697265625
452.750244140625 46.12651443481445 467.7583827972412 46.12651443481445 467.7583827972412 79.76568603515625 452.750244140625 79.76568603515625
452.3028869628906 47.52784729003906 468.0956449508667 47.52784729003906 468.0956449508667 79.26270484924316 452.3028869628906 79.26270484924316
451.42779541015625 47.80091094970703 467.6180191040039 47.80091094970703 467.6180191040039 80.54011535644531 451.42779541015625 80.54011535644531
452.1056213378906 46.95298385620117 467.39898109436035 46.95298385620117 467.39898109436035 79.79190444946289 452.1056213378906 79.79190444946289
451.0926818847656 47.17900848388672 465.70055103302 47.17900848388672 465.70055103302 81.4642333984375 451.0926818847656 81.4642333984375
451.3008728027344 47.16074752807617 465.664758682251 47.16074752807617 465.664758682251 79.77576065063477 451.3008728027344 79.77576065063477
450.1800842285156 48.77881622314453 465.22659492492676 48.77881622314453 465.22659492492676 81.20741653442383 450.1800842285156 81.20741653442383
449.3495178222656 46.310752868652344 464.3577060699463 46.310752868652344 464.3577060699463 80.11863708496094 449.3495178222656 80.11863708496094
449.37152099609375 47.980194091796875 464.68631744384766 47.980194091796875 464.68631744384766 81.6872329711914 449.37152099609375 81.6872329711914
448.3368225097656 48.39666748046875 463.67713928222656 48.39666748046875 463.67713928222656 80.56060409545898 448.3368225097656 80.56060409545898
448.27581787109375 48.054237365722656 463.3715715408325 48.054237365722656 463.3715715408325 80.16897583007812 448.27581787109375 80.16897583007812
448.3558654785156 47.487457275390625 462.90581703186035 47.487457275390625 462.90581703186035 80.5756607055664 448.3558654785156 80.5756607055664
448.3678283691406 48.0648078918457 462.469500541687 48.0648078918457 462.469500541687 80.02581214904785 448.3678283691406 80.02581214904785
447.70574951171875 47.02244567871094 462.4372663497925 47.02244567871094 462.4372663497925 79.85945892333984 447.70574951171875 79.85945892333984
447.9493713378906 47.45177459716797 461.9650402069092 47.45177459716797 461.9650402069092 80.66426086425781 447.9493713378906 80.66426086425781
447.23876953125 48.459617614746094 461.77751445770264 48.459617614746094 461.77751445770264 80.13114738464355 447.23876953125 80.13114738464355
446.98236083984375 49.36888885498047 461.54208183288574 49.36888885498047 461.54208183288574 79.89413642883301 446.98236083984375 79.89413642883301
446.6029357910156 49.20743179321289 460.7980728149414 49.20743179321289 460.7980728149414 79.90322685241699 446.6029357910156 79.90322685241699
446.45751953125 47.61977005004883 460.21878242492676 47.61977005004883 460.21878242492676 78.85120010375977 446.45751953125 78.85120010375977
446.00616455078125 48.138301849365234 459.9735441207886 48.138301849365234 459.9735441207886 78.86367988586426 446.00616455078125 78.86367988586426
445.48846435546875 48.29621124267578 459.31589221954346 48.29621124267578 459.31589221954346 79.88871002197266 445.48846435546875 79.88871002197266
445.47869873046875 48.72477340698242 459.1280117034912 48.72477340698242 459.1280117034912 78.9512996673584 445.47869873046875 78.9512996673584
444.42279052734375 48.98522186279297 459.4228849411011 48.98522186279297 459.4228849411011 78.89197158813477 444.42279052734375 78.89197158813477
443.35369873046875 49.86061477661133 457.9596939086914 49.86061477661133 457.9596939086914 79.52839469909668 443.35369873046875 79.52839469909668
443.12078857421875 48.441314697265625 457.15717792510986 48.441314697265625 457.15717792510986 79.2241153717041 443.12078857421875 79.2241153717041
442.3863220214844 49.0766716003418 456.4594268798828 49.0766716003418 456.4594268798828 79.56639862060547 442.3863220214844 79.56639862060547
441.06512451171875 48.160484313964844 456.82014751434326 48.160484313964844 456.82014751434326 80.62274169921875 441.06512451171875 80.62274169921875
440.68701171875 46.911476135253906 455.4347276687622 46.911476135253906 455.4347276687622 79.79404830932617 440.68701171875 79.79404830932617
440.17779541015625 46.936302185058594 454.53551197052 46.936302185058594 454.53551197052 79.50008392333984 440.17779541015625 79.50008392333984
439.99554443359375 46.23345947265625 454.62962341308594 46.23345947265625 454.62962341308594 78.75639724731445 439.99554443359375 78.75639724731445
439.68524169921875 46.604400634765625 453.95019817352295 46.604400634765625 453.95019817352295 79.92148971557617 439.68524169921875 79.92148971557617
439.202392578125 47.35564041137695 453.59931659698486 47.35564041137695 453.59931659698486 79.87200546264648 439.202392578125 79.87200546264648
438.68890380859375 48.233245849609375 453.0041561126709 48.233245849609375 453.0041561126709 79.56892013549805 438.68890380859375 79.56892013549805
438.5481872558594 46.455535888671875 452.55615997314453 46.455535888671875 452.55615997314453 78.7598762512207 438.5481872558594 78.7598762512207
437.53399658203125 47.153411865234375 452.09235858917236 47.153411865234375 452.09235858917236 80.3914680480957 437.53399658203125 80.3914680480957
434.31890869140625 50.193321228027344 448.43567943573 50.193321228027344 448.43567943573 79.37029838562012 434.31890869140625 79.37029838562012
434.041259765625 47.28501892089844 447.26750659942627 47.28501892089844 447.26750659942627 79.37334823608398 434.041259765625 79.37334823608398
433.24005126953125 49.64434814453125 446.12857246398926 49.64434814453125 446.12857246398926 79.88446044921875 433.24005126953125 79.88446044921875
432.44573974609375 47.02399826049805 445.6346254348755 47.02399826049805 445.6346254348755 79.26863479614258 432.44573974609375 79.26863479614258
431.25640869140625 47.904964447021484 445.2603454589844 47.904964447021484 445.2603454589844 79.17037582397461 431.25640869140625 79.17037582397461
430.81182861328125 47.56378936767578 444.43278217315674 47.56378936767578 444.43278217315674 78.1766586303711 430.81182861328125 78.1766586303711
430.85302734375 47.65711212158203 444.162561416626 47.65711212158203 444.162561416626 79.1802749633789 430.85302734375 79.1802749633789
430.18878173828125 48.1464958190918 443.32812690734863 48.1464958190918 443.32812690734863 79.76614570617676 430.18878173828125 79.76614570617676
429.21600341796875 48.520347595214844 442.62329864501953 48.520347595214844 442.62329864501953 78.68678665161133 429.21600341796875 78.68678665161133
429.3407287597656 47.79403305053711 441.0449695587158 47.79403305053711 441.0449695587158 77.98953437805176 429.3407287597656 77.98953437805176
427.50958251953125 46.669559478759766 439.03834533691406 46.669559478759766 439.03834533691406 77.2071762084961 427.50958251953125 77.2071762084961
426.3539123535156 45.44600296020508 438.5406560897827 45.44600296020508 438.5406560897827 76.42179298400879 426.3539123535156 76.42179298400879
426.1172790527344 47.913124084472656 438.3493185043335 47.913124084472656 438.3493185043335 76.70479011535645 426.1172790527344 76.70479011535645
425.9730529785156 43.405311584472656 438.24101734161377 43.405311584472656 438.24101734161377 76.3128662109375 425.9730529785156 76.3128662109375
425.38299560546875 46.09194564819336 438.1376895904541 46.09194564819336 438.1376895904541 76.86982727050781 425.38299560546875 76.86982727050781
425.06329345703125 45.46559524536133 437.71799659729004 45.46559524536133 437.71799659729004 76.97386169433594 425.06329345703125 76.97386169433594
424.6556091308594 46.97916793823242 436.911021232605 46.97916793823242 436.911021232605 76.25566291809082 424.6556091308594 76.25566291809082
424.230712890625 45.62636184692383 436.3898448944092 45.62636184692383 436.3898448944092 75.7477855682373 424.230712890625 75.7477855682373
423.6643981933594 46.11994171142578 436.32892990112305 46.11994171142578 436.32892990112305 75.7935562133789 423.6643981933594 75.7935562133789
423.4165954589844 46.99913787841797 436.20955753326416 46.99913787841797 436.20955753326416 76.2540397644043 423.4165954589844 76.2540397644043
423.61163330078125 47.118385314941406 436.05920600891113 47.118385314941406 436.05920600891113 77.9129467010498 423.61163330078125 77.9129467010498
423.4766540527344 47.576534271240234 435.85234546661377 47.576534271240234 435.85234546661377 77.65510749816895 423.4766540527344 77.65510749816895
423.0140686035156 47.436973571777344 435.54715156555176 47.436973571777344 435.54715156555176 77.28070259094238 423.0140686035156 77.28070259094238
422.3201599121094 46.4088134765625 435.2348804473877 46.4088134765625 435.2348804473877 77.4544620513916 422.3201599121094 77.4544620513916
422.0550231933594 44.64714431762695 434.8977680206299 44.64714431762695 434.8977680206299 75.07232666015625 422.0550231933594 75.07232666015625
421.12139892578125 44.80219268798828 434.7956600189209 44.80219268798828 434.7956600189209 76.08305549621582 421.12139892578125 76.08305549621582
421.78997802734375 45.617034912109375 434.93003368377686 45.617034912109375 434.93003368377686 76.14524459838867 421.78997802734375 76.14524459838867
421.4186096191406 43.66548538208008 434.42076683044434 43.66548538208008 434.42076683044434 75.08898735046387 421.4186096191406 75.08898735046387
421.22021484375 46.90037155151367 433.7785406112671 46.90037155151367 433.7785406112671 75.86455345153809 421.22021484375 75.86455345153809
420.5564880371094 46.444114685058594 433.0419340133667 46.444114685058594 433.0419340133667 76.2062816619873 420.5564880371094 76.2062816619873
419.685546875 47.391563415527344 432.8605623245239 47.391563415527344 432.8605623245239 77.28843307495117 419.685546875 77.28843307495117
419.72967529296875 47.3791389465332 432.3791561126709 47.3791389465332 432.3791561126709 77.2885684967041 419.72967529296875 77.2885684967041
419.53955078125 47.3768424987793 432.3902282714844 47.3768424987793 432.3902282714844 76.43749046325684 419.53955078125 76.43749046325684
418.88104248046875 49.17961120605469 432.9771604537964 49.17961120605469 432.9771604537964 78.2564754486084 418.88104248046875 78.2564754486084
418.35369873046875 47.7526741027832 431.87439918518066 47.7526741027832 431.87439918518066 76.29700469970703 418.35369873046875 76.29700469970703
418.5267639160156 47.29277801513672 432.2377014160156 47.29277801513672 432.2377014160156 76.69003486633301 418.5267639160156 76.69003486633301
418.0858459472656 45.918392181396484 431.98181343078613 45.918392181396484 431.98181343078613 77.29094696044922 418.0858459472656 77.29094696044922
418.00384521484375 45.667381286621094 431.2288303375244 45.667381286621094 431.2288303375244 76.44305801391602 418.00384521484375 76.44305801391602
418.0814514160156 45.68743133544922 431.4972276687622 45.68743133544922 431.4972276687622 76.4984245300293 418.0814514160156 76.4984245300293
418.2730407714844 46.77998352050781 431.4536437988281 46.77998352050781 431.4536437988281 76.87150573730469 418.2730407714844 76.87150573730469
417.7928771972656 46.4691162109375 431.16589069366455 46.4691162109375 431.16589069366455 76.9821720123291 417.7928771972656 76.9821720123291
417.4462890625 45.271751403808594 431.10273265838623 45.271751403808594 431.10273265838623 76.0833625793457 417.4462890625 76.0833625793457
417.5877380371094 45.879249572753906 431.4552173614502 45.879249572753906 431.4552173614502 75.7957649230957 417.5877380371094 75.7957649230957
417.20855712890625 46.808509826660156 430.9031810760498 46.808509826660156 430.9031810760498 75.64620590209961 417.20855712890625 75.64620590209961
416.876953125 46.510215759277344 430.75710582733154 46.510215759277344 430.75710582733154 75.74010467529297 416.876953125 75.74010467529297
416.59039306640625 45.64160919189453 430.46189308166504 45.64160919189453 430.46189308166504 75.4868335723877 416.59039306640625 75.4868335723877
416.2376403808594 43.84052276611328 430.0351896286011 43.84052276611328 430.0351896286011 75.53528022766113 416.2376403808594 75.53528022766113
415.9033203125 45.974853515625 429.9885940551758 45.974853515625 429.9885940551758 76.43605995178223 415.9033203125 76.43605995178223
415.375732421875 46.53279495239258 428.99022102355957 46.53279495239258 428.99022102355957 76.52691078186035 415.375732421875 76.52691078186035
415.44830322265625 46.171730041503906 428.7783660888672 46.171730041503906 428.7783660888672 76.2257194519043 415.44830322265625 76.2257194519043
415.1482849121094 47.126136779785156 429.1865482330322 47.126136779785156 429.1865482330322 75.75745391845703 415.1482849121094 75.75745391845703
415.0113220214844 47.293663024902344 428.54200744628906 47.293663024902344 428.54200744628906 76.2340259552002 415.0113220214844 76.2340259552002
414.8994140625 47.43457794189453 428.6563262939453 47.43457794189453 428.6563262939453 75.68585395812988 414.8994140625 75.68585395812988
414.5498962402344 46.99894714355469 428.2821636199951 46.99894714355469 428.2821636199951 75.59860610961914 414.5498962402344 75.59860610961914
414.7052307128906 45.816062927246094 428.5635862350464 45.816062927246094 428.5635862350464 75.56117057800293 414.7052307128906 75.56117057800293
414.67694091796875 46.63582229614258 428.4908504486084 46.63582229614258 428.4908504486084 76.03108596801758 414.67694091796875 76.03108596801758
414.40301513671875 46.90143585205078 427.56594371795654 46.90143585205078 427.56594371795654 75.65429878234863 414.40301513671875 75.65429878234863
414.397216796875 47.180946350097656 427.86165618896484 47.180946350097656 427.86165618896484 76.37043380737305 414.397216796875 76.37043380737305
414.7195739746094 46.58302307128906 428.4551668167114 46.58302307128906 428.4551668167114 75.86264991760254 414.7195739746094 75.86264991760254
414.24493408203125 46.39656448364258 427.3750705718994 46.39656448364258 427.3750705718994 75.70919227600098 414.24493408203125 75.70919227600098
414.56903076171875 45.54474639892578 428.29002952575684 45.54474639892578 428.29002952575684 76.13820266723633 414.56903076171875 76.13820266723633
414.1651916503906 46.04684066772461 427.75927734375 46.04684066772461 427.75927734375 74.95372581481934 414.1651916503906 74.95372581481934
413.8475036621094 47.39310073852539 427.2646656036377 47.39310073852539 427.2646656036377 75.59866714477539 413.8475036621094 75.59866714477539
413.84771728515625 45.529991149902344 427.1345567703247 45.529991149902344 427.1345567703247 74.34022331237793 413.84771728515625 74.34022331237793
413.5035705566406 45.48775863647461 427.2579097747803 45.48775863647461 427.2579097747803 75.11218452453613 413.5035705566406 75.11218452453613
413.13934326171875 46.77358627319336 426.1903591156006 46.77358627319336 426.1903591156006 75.2652587890625 413.13934326171875 75.2652587890625
412.9007873535156 46.1075439453125 426.18424797058105 46.1075439453125 426.18424797058105 76.03632164001465 412.9007873535156 76.03632164001465
412.9638671875 47.214569091796875 426.10276985168457 47.214569091796875 426.10276985168457 76.51417541503906 412.9638671875 76.51417541503906
412.4981384277344 46.264137268066406 425.9393186569214 46.264137268066406 425.9393186569214 76.63613510131836 412.4981384277344 76.63613510131836
412.0594787597656 45.6201286315918 426.0529537200928 45.6201286315918 426.0529537200928 75.46194076538086 412.0594787597656 75.46194076538086
411.5943908691406 45.31647872924805 425.1883945465088 45.31647872924805 425.1883945465088 76.3505973815918 411.5943908691406 76.3505973815918
411.4798889160156 44.828041076660156 425.6854200363159 44.828041076660156 425.6854200363159 75.39513969421387 411.4798889160156 75.39513969421387
411.6366271972656 44.8711051940918 425.2211666107178 44.8711051940918 425.2211666107178 75.88976669311523 411.6366271972656 75.88976669311523
411.64471435546875 46.966773986816406 425.34109687805176 46.966773986816406 425.34109687805176 75.96166801452637 411.64471435546875 75.96166801452637
411.42938232421875 46.794578552246094 425.2245759963989 46.794578552246094 425.2245759963989 75.65211296081543 411.42938232421875 75.65211296081543
411.7369079589844 45.88101577758789 425.18395805358887 45.88101577758789 425.18395805358887 75.54877662658691 411.7369079589844 75.54877662658691
411.2972717285156 44.70026779174805 424.9039001464844 44.70026779174805 424.9039001464844 75.32002830505371 411.2972717285156 75.32002830505371
411.1634826660156 45.09552764892578 424.87567615509033 45.09552764892578 424.87567615509033 75.68221664428711 411.1634826660156 75.68221664428711
411.1229553222656 44.854270935058594 424.59206676483154 44.854270935058594 424.59206676483154 76.24727630615234 411.1229553222656 76.24727630615234
410.9649353027344 46.758079528808594 424.8469772338867 46.758079528808594 424.8469772338867 75.28592681884766 410.9649353027344 75.28592681884766
410.77459716796875 45.34059143066406 424.2039794921875 45.34059143066406 424.2039794921875 75.97635269165039 410.77459716796875 75.97635269165039
410.8629455566406 45.263328552246094 424.3462858200073 45.263328552246094 424.3462858200073 74.98868179321289 410.8629455566406 74.98868179321289
410.39801025390625 45.879676818847656 423.7059783935547 45.879676818847656 423.7059783935547 75.78989028930664 410.39801025390625 75.78989028930664
410.42822265625 45.556434631347656 423.58392906188965 45.556434631347656 423.58392906188965 75.45551872253418 410.42822265625 75.45551872253418
409.81158447265625 46.15217590332031 423.3948726654053 46.15217590332031 423.3948726654053 75.24732398986816 409.81158447265625 75.24732398986816
408.7371520996094 46.04209899902344 423.64173126220703 46.04209899902344 423.64173126220703 74.33053970336914 408.7371520996094 74.33053970336914
408.9523010253906 43.903564453125 422.82488536834717 43.903564453125 422.82488536834717 74.48285293579102 408.9523010253906 74.48285293579102
408.19744873046875 43.46149444580078 422.7913484573364 43.46149444580078 422.7913484573364 73.90020370483398 408.19744873046875 73.90020370483398
407.72845458984375 42.723670959472656 421.7727870941162 42.723670959472656 421.7727870941162 72.70886993408203 407.72845458984375 72.70886993408203
407.4792785644531 44.57973861694336 421.6066951751709 44.57973861694336 421.6066951751709 74.54465293884277 407.4792785644531 74.54465293884277
408.12274169921875 44.436126708984375 421.74900817871094 44.436126708984375 421.74900817871094 74.40782737731934 408.12274169921875 74.40782737731934
407.6366882324219 44.73465347290039 421.0970935821533 44.73465347290039 421.0970935821533 74.39693450927734 407.6366882324219 74.39693450927734
407.4723205566406 44.44874954223633 422.16190338134766 44.44874954223633 422.16190338134766 73.86334037780762 407.4723205566406 73.86334037780762
407.46484375 44.033424377441406 421.5772304534912 44.033424377441406 421.5772304534912 73.90374374389648 407.46484375 73.90374374389648
406.6598205566406 43.92501449584961 421.66682720184326 43.92501449584961 421.66682720184326 73.18032455444336 406.6598205566406 73.18032455444336
406.8893737792969 44.20268630981445 420.9234256744385 44.20268630981445 420.9234256744385 72.60782241821289 406.8893737792969 72.60782241821289
406.540771484375 43.251129150390625 420.8736848831177 43.251129150390625 420.8736848831177 74.4306755065918 406.540771484375 74.4306755065918
406.85089111328125 44.030033111572266 420.72659492492676 44.030033111572266 420.72659492492676 74.41016578674316 406.85089111328125 74.41016578674316
406.6583557128906 45.0150032043457 420.32121086120605 45.0150032043457 420.32121086120605 74.33576774597168 406.6583557128906 74.33576774597168
406.30316162109375 43.17705154418945 420.16383934020996 43.17705154418945 420.16383934020996 74.05549049377441 406.30316162109375 74.05549049377441
406.4454040527344 44.09445571899414 420.3349609375 44.09445571899414 420.3349609375 73.86619567871094 406.4454040527344 73.86619567871094
405.61083984375 44.8656005859375 419.71168327331543 44.8656005859375 419.71168327331543 74.20461463928223 405.61083984375 74.20461463928223
405.140625 45.340816497802734 419.22502613067627 45.340816497802734 419.22502613067627 74.38578796386719 405.140625 74.38578796386719
404.77008056640625 44.979408264160156 418.97793102264404 44.979408264160156 418.97793102264404 73.68220329284668 404.77008056640625 73.68220329284668
405.069580078125 43.995643615722656 419.48962116241455 43.995643615722656 419.48962116241455 72.83797454833984 405.069580078125 72.83797454833984
404.5186462402344 44.832069396972656 418.5361280441284 44.832069396972656 418.5361280441284 73.63494682312012 404.5186462402344 73.63494682312012
403.90966796875 44.24707794189453 418.15795135498047 44.24707794189453 418.15795135498047 72.69368362426758 403.90966796875 72.69368362426758
404.2547302246094 43.696067810058594 417.37471199035645 43.696067810058594 417.37471199035645 73.55939865112305 404.2547302246094 73.55939865112305
403.5833435058594 42.673255920410156 417.4960536956787 42.673255920410156 417.4960536956787 73.74655532836914 403.5833435058594 73.74655532836914
403.6419982910156 43.88823699951172 417.55849266052246 43.88823699951172 417.55849266052246 73.0175609588623 403.6419982910156 73.0175609588623
403.0971984863281 43.76103973388672 417.2380313873291 43.76103973388672 417.2380313873291 73.08959197998047 403.0971984863281 73.08959197998047
402.9232482910156 43.682350158691406 417.25727558135986 43.682350158691406 417.25727558135986 72.91102981567383 402.9232482910156 72.91102981567383
402.9572448730469 43.515586853027344 416.58914947509766 43.515586853027344 416.58914947509766 72.90128707885742 402.9572448730469 72.90128707885742
401.9101867675781 42.99095916748047 415.87389183044434 42.99095916748047 415.87389183044434 72.40071487426758 401.9101867675781 72.40071487426758
402.08074951171875 43.58877182006836 416.207781791687 43.58877182006836 416.207781791687 72.47435760498047 402.08074951171875 72.47435760498047
401.3800354003906 42.963016510009766 416.159574508667 42.963016510009766 416.159574508667 72.8916244506836 401.3800354003906 72.8916244506836
401.55450439453125 42.73106002807617 415.3532304763794 42.73106002807617 415.3532304763794 71.06728172302246 401.55450439453125 71.06728172302246
401.09100341796875 41.719722747802734 415.23601245880127 41.719722747802734 415.23601245880127 71.40196800231934 401.09100341796875 71.40196800231934
401.45989990234375 42.27223587036133 415.336633682251 42.27223587036133 415.336633682251 71.86331939697266 401.45989990234375 71.86331939697266
401.6446228027344 43.351905822753906 415.1615629196167 43.351905822753906 415.1615629196167 72.47380256652832 401.6446228027344 72.47380256652832
401.23382568359375 42.52397537231445 415.6110715866089 42.52397537231445 415.6110715866089 72.75589752197266 401.23382568359375 72.75589752197266
401.10845947265625 41.465370178222656 415.0779972076416 41.465370178222656 415.0779972076416 72.67927932739258 401.10845947265625 72.67927932739258
400.78240966796875 40.887489318847656 415.05263233184814 40.887489318847656 415.05263233184814 71.50176811218262 400.78240966796875 71.50176811218262
400.736328125 41.56241226196289 415.1813507080078 41.56241226196289 415.1813507080078 71.81255912780762 400.736328125 71.81255912780762
400.80755615234375 40.84185028076172 415.31483936309814 40.84185028076172 415.31483936309814 71.88408660888672 400.80755615234375 71.88408660888672
400.5322570800781 40.586708068847656 415.43788146972656 40.586708068847656 415.43788146972656 71.39837837219238 400.5322570800781 71.39837837219238
401.0055847167969 41.773040771484375 414.8854923248291 41.773040771484375 414.8854923248291 72.04001426696777 401.0055847167969 72.04001426696777
400.6656188964844 41.000831604003906 413.9599552154541 41.000831604003906 413.9599552154541 71.79155349731445 400.6656188964844 71.79155349731445
400.6646423339844 43.050785064697266 414.38655281066895 43.050785064697266 414.38655281066895 72.10870361328125 400.6646423339844 72.10870361328125
400.11663818359375 41.35533905029297 413.95631980895996 41.35533905029297 413.95631980895996 70.53061294555664 400.11663818359375 70.53061294555664
399.7794189453125 42.41447830200195 413.62317943573 42.41447830200195 413.62317943573 71.66821670532227 399.7794189453125 71.66821670532227
399.769775390625 41.823421478271484 413.3031768798828 41.823421478271484 413.3031768798828 70.90308380126953 399.769775390625 70.90308380126953
398.7539978027344 40.4429931640625 413.4551601409912 40.4429931640625 413.4551601409912 72.58174896240234 398.7539978027344 72.58174896240234
399.1973571777344 41.44629669189453 413.66358757019043 41.44629669189453 413.66358757019043 72.09492683410645 399.1973571777344 72.09492683410645
398.9646301269531 42.227699279785156 413.6586332321167 42.227699279785156 413.6586332321167 70.91741180419922 398.9646301269531 70.91741180419922
398.8995666503906 42.565589904785156 413.23076915740967 42.565589904785156 413.23076915740967 71.24349784851074 398.8995666503906 71.24349784851074
399.03631591796875 42.323631286621094 412.8526554107666 42.323631286621094 412.8526554107666 71.61300277709961 399.03631591796875 71.61300277709961
398.96539306640625 42.16123580932617 413.1677074432373 42.16123580932617 413.1677074432373 72.77245140075684 398.96539306640625 72.77245140075684
399.2203674316406 42.525691986083984 413.4211673736572 42.525691986083984 413.4211673736572 71.20555877685547 399.2203674316406 71.20555877685547
399.10382080078125 40.81697463989258 412.77717113494873 40.81697463989258 412.77717113494873 70.62505912780762 399.10382080078125 70.62505912780762
399.1170349121094 42.248252868652344 413.1673460006714 42.248252868652344 413.1673460006714 71.13631439208984 399.1170349121094 71.13631439208984
399.4961242675781 42.049278259277344 413.13561248779297 42.049278259277344 413.13561248779297 70.01987838745117 399.4961242675781 70.01987838745117
399.0270080566406 41.33049774169922 412.67438793182373 41.33049774169922 412.67438793182373 69.45230293273926 399.0270080566406 69.45230293273926
399.43011474609375 43.433204650878906 412.9845561981201 43.433204650878906 412.9845561981201 72.02128410339355 399.43011474609375 72.02128410339355
399.27142333984375 41.95520782470703 412.7885513305664 41.95520782470703 412.7885513305664 70.34247589111328 399.27142333984375 70.34247589111328
399.15362548828125 42.70349884033203 412.3072910308838 42.70349884033203 412.3072910308838 71.00390815734863 399.15362548828125 71.00390815734863
399.052001953125 43.07553482055664 412.4916887283325 43.07553482055664 412.4916887283325 71.11612892150879 399.052001953125 71.11612892150879
398.82379150390625 42.538536071777344 412.22730445861816 42.538536071777344 412.22730445861816 70.67720794677734 398.82379150390625 70.67720794677734
399.028076171875 42.51984405517578 412.59497261047363 42.51984405517578 412.59497261047363 70.62536239624023 399.028076171875 70.62536239624023
398.65899658203125 42.469844818115234 412.3874101638794 42.469844818115234 412.3874101638794 70.57127380371094 398.65899658203125 70.57127380371094
397.96746826171875 41.69501495361328 411.71791553497314 41.69501495361328 411.71791553497314 70.03677558898926 397.96746826171875 70.03677558898926
398.28271484375 41.335426330566406 411.68371391296387 41.335426330566406 411.68371391296387 69.77205657958984 398.28271484375 69.77205657958984
398.2340393066406 42.309959411621094 411.6430892944336 42.309959411621094 411.6430892944336 70.3689193725586 398.2340393066406 70.3689193725586
398.33892822265625 43.16782760620117 411.60303020477295 43.16782760620117 411.60303020477295 69.59120178222656 398.33892822265625 69.59120178222656
398.14141845703125 43.08576202392578 411.4843063354492 43.08576202392578 411.4843063354492 70.28216171264648 398.14141845703125 70.28216171264648
397.62310791015625 41.929405212402344 410.48151874542236 41.929405212402344 410.48151874542236 70.0319709777832 397.62310791015625 70.0319709777832
397.63775634765625 42.43181610107422 410.8757734298706 42.43181610107422 410.8757734298706 69.32198715209961 397.63775634765625 69.32198715209961
397.41961669921875 42.37349319458008 410.49499797821045 42.37349319458008 410.49499797821045 69.4512710571289 397.41961669921875 69.4512710571289
397.16644287109375 41.79468536376953 410.8193073272705 41.79468536376953 410.8193073272705 69.68819999694824 397.16644287109375 69.68819999694824
397.23651123046875 41.72391128540039 410.67332458496094 41.72391128540039 410.67332458496094 71.47161865234375 397.23651123046875 71.47161865234375
397.66705322265625 42.092994689941406 411.4227886199951 42.092994689941406 411.4227886199951 69.58783340454102 397.66705322265625 69.58783340454102
