406.0 241.0 605.0 241.0 605.0 420.0 406.0 420.0
389.1005859375 232.89013671875 584.7373352050781 232.89013671875 584.7373352050781 402.9405212402344 389.1005859375 402.9405212402344
390.7198791503906 232.45925903320312 583.9861602783203 232.45925903320312 583.9861602783203 403.5726013183594 390.7198791503906 403.5726013183594
379.2652282714844 228.6577911376953 572.9164428710938 228.6577911376953 572.9164428710938 393.07965087890625 379.2652282714844 393.07965087890625
373.1068420410156 222.56201171875 561.6647491455078 222.56201171875 561.6647491455078 386.1225128173828 373.1068420410156 386.1225128173828
365.677490234375 217.3884735107422 549.8848571777344 217.3884735107422 549.8848571777344 378.0601501464844 365.677490234375 378.0601501464844
360.562255859375 214.5209197998047 542.3613128662109 214.5209197998047 542.3613128662109 372.4715118408203 360.562255859375 372.4715118408203
355.7533874511719 213.6343994140625 532.154052734375 213.6343994140625 532.154052734375 366.7653503417969 355.7533874511719 366.7653503417969
350.47784423828125 209.0443878173828 521.1336822509766 209.0443878173828 521.1336822509766 361.27281188964844 350.47784423828125 361.27281188964844
345.14068603515625 204.7807159423828 515.9211120605469 204.7807159423828 515.9211120605469 354.9107971191406 345.14068603515625 354.9107971191406
343.07867431640625 203.0302734375 504.5600891113281 203.0302734375 504.5600891113281 349.04493713378906 343.07867431640625 349.04493713378906
337.42144775390625 198.6777801513672 495.4896240234375 198.6777801513672 495.4896240234375 343.07215881347656 337.42144775390625 343.07215881347656
334.48077392578125 196.2059326171875 490.12586975097656 196.2059326171875 490.12586975097656 338.5960388183594 334.48077392578125 338.5960388183594
330.4441223144531 192.32289123535156 490.9113311767578 192.32289123535156 490.9113311767578 337.46949768066406 330.4441223144531 337.46949768066406
330.42791748046875 190.65000915527344 484.3020477294922 190.65000915527344 484.3020477294922 335.9900665283203 330.42791748046875 335.9900665283203
327.3670654296875 188.752197265625 486.3429718017578 188.752197265625 486.3429718017578 332.2770690917969 327.3670654296875 332.2770690917969
326.96124267578125 187.38442993164062 475.0277099609375 187.38442993164062 475.0277099609375 330.33937072753906 326.96124267578125 330.33937072753906
325.47265625 186.1394500732422 480.2252197265625 186.1394500732422 480.2252197265625 328.8904724121094 325.47265625 328.8904724121094
322.6647033691406 183.4288787841797 468.0188903808594 183.4288787841797 468.0188903808594 324.2141876220703 322.6647033691406 324.2141876220703
320.95025634765625 182.0175323486328 470.4540100097656 182.0175323486328 470.4540100097656 318.83995056152344 320.95025634765625 318.83995056152344
320.878662109375 179.95004272460938 467.0822296142578 179.95004272460938 467.0822296142578 317.08522033691406 320.878662109375 317.08522033691406
319.4538269042969 178.49166870117188 456.9216766357422 178.49166870117188 456.9216766357422 315.49212646484375 319.4538269042969 315.49212646484375
314.14959716796875 175.4135284423828 455.78839111328125 175.4135284423828 455.78839111328125 311.44508361816406 314.14959716796875 311.44508361816406
314.45703125 172.93731689453125 454.1260986328125 172.93731689453125 454.1260986328125 309.6175842285156 314.45703125 309.6175842285156
308.546142578125 168.811279296875 448.7506866455078 168.811279296875 448.7506866455078 306.20355224609375 308.546142578125 306.20355224609375
309.48828125 167.9432373046875 450.2275390625 167.9432373046875 450.2275390625 303.4500732421875 309.48828125 303.4500732421875
305.01922607421875 163.169921875 445.2342834472656 163.169921875 445.2342834472656 299.64463806152344 305.01922607421875 299.64463806152344
301.37384033203125 159.41958618164062 444.0856018066406 159.41958618164062 444.0856018066406 298.04425048828125 301.37384033203125 298.04425048828125
301.5755615234375 158.23048400878906 443.89788818359375 158.23048400878906 443.89788818359375 292.54981994628906 301.5755615234375 292.54981994628906
302.94512939453125 157.75604248046875 441.96766662597656 157.75604248046875 441.96766662597656 291.5300750732422 302.94512939453125 291.5300750732422
308.25238037109375 159.031005859375 446.9908142089844 159.031005859375 446.9908142089844 288.566650390625 308.25238037109375 288.566650390625
310.34075927734375 161.51095581054688 445.8549041748047 161.51095581054688 445.8549041748047 289.61492919921875 310.34075927734375 289.61492919921875
310.5740051269531 156.96694946289062 446.46620178222656 156.96694946289062 446.46620178222656 283.35047149658203 310.5740051269531 283.35047149658203
304.8734436035156 157.9796905517578 437.7311096191406 157.9796905517578 437.7311096191406 288.1087188720703 304.8734436035156 288.1087188720703
314.2080993652344 156.77685546875 451.455078125 156.77685546875 451.455078125 282.35530853271484 314.2080993652344 282.35530853271484
315.38604736328125 157.44314575195312 450.28172302246094 157.44314575195312 450.28172302246094 284.2747116088867 315.38604736328125 284.2747116088867
315.97894287109375 158.3359375 447.47991943359375 158.3359375 447.47991943359375 282.6550750732422 315.97894287109375 282.6550750732422
311.8264465332031 157.0775146484375 439.6345520019531 157.0775146484375 439.6345520019531 281.4222640991211 311.8264465332031 281.4222640991211
318.1257629394531 151.67922973632812 446.6167297363281 151.67922973632812 446.6167297363281 272.69031524658203 318.1257629394531 272.69031524658203
320.4344177246094 150.76589965820312 444.4210891723633 150.76589965820312 444.4210891723633 269.5740280151367 320.4344177246094 269.5740280151367
319.3423767089844 150.13272094726562 446.1137008666992 150.13272094726562 446.1137008666992 268.5785675048828 319.3423767089844 268.5785675048828
314.7850341796875 146.8402862548828 439.9404754638672 146.8402862548828 439.9404754638672 266.92882537841797 314.7850341796875 266.92882537841797
319.1983947753906 146.2134552001953 442.5950012207031 146.2134552001953 442.5950012207031 263.4600524902344 319.1983947753906 263.4600524902344
323.048583984375 145.3822784423828 443.195068359375 145.3822784423828 443.195068359375 258.9048156738281 323.048583984375 258.9048156738281
321.23919677734375 138.51806640625 447.37772369384766 138.51806640625 447.37772369384766 253.7737808227539 321.23919677734375 253.7737808227539
329.2952880859375 135.1431884765625 456.5885238647461 135.1431884765625 456.5885238647461 248.2177963256836 329.2952880859375 248.2177963256836
325.89111328125 132.30776977539062 452.8639144897461 132.30776977539062 452.8639144897461 247.27056121826172 325.89111328125 247.27056121826172
337.80633544921875 134.7027587890625 466.4440155029297 134.7027587890625 466.4440155029297 251.51353454589844 337.80633544921875 251.51353454589844
343.553955078125 135.09451293945312 471.3721923828125 135.09451293945312 471.3721923828125 250.24978637695312 343.553955078125 250.24978637695312
341.53924560546875 132.51068115234375 468.58455657958984 132.51068115234375 468.58455657958984 245.53885650634766 341.53924560546875 245.53885650634766
345.0830078125 132.5617218017578 470.80934143066406 132.5617218017578 470.80934143066406 242.62725067138672 345.0830078125 242.62725067138672
346.5743103027344 133.8932647705078 471.01329040527344 133.8932647705078 471.01329040527344 245.98988342285156 346.5743103027344 245.98988342285156
347.0643615722656 135.63145446777344 473.65245056152344 135.63145446777344 473.65245056152344 248.99274444580078 347.0643615722656 248.99274444580078
349.26129150390625 132.63320922851562 474.3998794555664 132.63320922851562 474.3998794555664 241.08495330810547 349.26129150390625 241.08495330810547
347.32867431640625 129.9928741455078 474.88648986816406 129.9928741455078 474.88648986816406 236.11471557617188 347.32867431640625 236.11471557617188
352.93243408203125 127.1741714477539 484.19073486328125 127.1741714477539 484.19073486328125 232.7847671508789 352.93243408203125 232.7847671508789
350.9586486816406 125.22049713134766 483.30059814453125 125.22049713134766 483.30059814453125 232.6161651611328 350.9586486816406 232.6161651611328
349.9413146972656 121.368408203125 481.6123046875 121.368408203125 481.6123046875 228.64566802978516 349.9413146972656 228.64566802978516
355.05914306640625 116.5252685546875 483.1414489746094 116.5252685546875 483.1414489746094 221.1110610961914 355.05914306640625 221.1110610961914
352.6134338378906 116.12886810302734 484.43202209472656 116.12886810302734 484.43202209472656 223.15137481689453 352.6134338378906 223.15137481689453
354.439208984375 126.19189453125 487.5965270996094 126.19189453125 487.5965270996094 229.92144775390625 354.439208984375 229.92144775390625
353.9878845214844 120.82624816894531 488.50335693359375 120.82624816894531 488.50335693359375 224.16537475585938 353.9878845214844 224.16537475585938
359.2443542480469 115.5384292602539 494.05189514160156 115.5384292602539 494.05189514160156 220.38761138916016 359.2443542480469 220.38761138916016
368.7679443359375 119.13041687011719 502.401611328125 119.13041687011719 502.401611328125 224.01851654052734 368.7679443359375 224.01851654052734
370.8223571777344 117.44559478759766 505.4145202636719 117.44559478759766 505.4145202636719 224.5917510986328 370.8223571777344 224.5917510986328
378.9975891113281 115.35980224609375 511.1704559326172 115.35980224609375 511.1704559326172 223.11312103271484 378.9975891113281 223.11312103271484
378.2376403808594 116.04864501953125 508.43359375 116.04864501953125 508.43359375 222.28765869140625 378.2376403808594 222.28765869140625
383.6540222167969 116.9617919921875 511.29197692871094 116.9617919921875 511.29197692871094 223.3062286376953 383.6540222167969 223.3062286376953
391.7737731933594 114.96968078613281 515.3444900512695 114.96968078613281 515.3444900512695 220.34742736816406 391.7737731933594 220.34742736816406
394.5898132324219 117.4449234008789 517.8225402832031 117.4449234008789 517.8225402832031 225.53375244140625 394.5898132324219 225.53375244140625
400.163330078125 114.21461486816406 522.1513290405273 114.21461486816406 522.1513290405273 222.1671142578125 400.163330078125 222.1671142578125
407.8741455078125 111.443115234375 528.6626815795898 111.443115234375 528.6626815795898 220.8963165283203 407.8741455078125 220.8963165283203
408.72796630859375 109.44527435302734 528.8678436279297 109.44527435302734 528.8678436279297 220.796142578125 408.72796630859375 220.796142578125
411.29302978515625 112.94725036621094 530.7541122436523 112.94725036621094 530.7541122436523 222.06326293945312 411.29302978515625 222.06326293945312
417.64031982421875 107.32612609863281 537.4552993774414 107.32612609863281 537.4552993774414 216.22490692138672 417.64031982421875 216.22490692138672
428.6734924316406 106.62357330322266 543.2117004394531 106.62357330322266 543.2117004394531 210.9604034423828 428.6734924316406 210.9604034423828
435.97589111328125 107.7575454711914 551.5608062744141 107.7575454711914 551.5608062744141 209.74856567382812 435.97589111328125 209.74856567382812
439.3553771972656 106.09416198730469 552.499885559082 106.09416198730469 552.499885559082 206.62163543701172 439.3553771972656 206.62163543701172
449.87261962890625 104.8167495727539 563.0352401733398 104.8167495727539 563.0352401733398 205.9905548095703 449.87261962890625 205.9905548095703
466.21441650390625 98.91112518310547 584.9508285522461 98.91112518310547 584.9508285522461 202.90975952148438 466.21441650390625 202.90975952148438
478.0816955566406 97.67818450927734 596.1165313720703 97.67818450927734 596.1165313720703 205.12144470214844 478.0816955566406 205.12144470214844
483.1314392089844 95.1189956665039 600.2772674560547 95.1189956665039 600.2772674560547 203.4170150756836 483.1314392089844 203.4170150756836
485.45758056640625 97.22429656982422 602.2555160522461 97.22429656982422 602.2555160522461 205.99154663085938 485.45758056640625 205.99154663085938
486.28472900390625 95.4424819946289 601.7487640380859 95.4424819946289 601.7487640380859 204.1168975830078 486.28472900390625 204.1168975830078
489.31201171875 89.6260986328125 603.7874298095703 89.6260986328125 603.7874298095703 199.2613754272461 489.31201171875 199.2613754272461
494.5728454589844 92.89335632324219 605.8242874145508 92.89335632324219 605.8242874145508 202.0796356201172 494.5728454589844 202.0796356201172
493.011962890625 88.40895080566406 604.7326431274414 88.40895080566406 604.7326431274414 197.5707778930664 493.011962890625 197.5707778930664
493.18798828125 89.33600616455078 604.2305297851562 89.33600616455078 604.2305297851562 196.85879516601562 493.18798828125 196.85879516601562
493.56805419921875 92.451171875 612.7850723266602 92.451171875 612.7850723266602 199.6865463256836 493.56805419921875 199.6865463256836
