338.0 84.0 382.0 84.0 382.0 115.0 338.0 115.0
336.01806640625 84.90827941894531 380.9417037963867 84.90827941894531 380.9417037963867 115.10927200317383 336.01806640625 115.10927200317383
334.1929626464844 85.20341491699219 378.15845108032227 85.20341491699219 378.15845108032227 116.16961288452148 334.1929626464844 116.16961288452148
329.869873046875 86.20255279541016 375.16272354125977 86.20255279541016 375.16272354125977 117.11300468444824 329.869873046875 117.11300468444824
326.88751220703125 86.1988296508789 372.9383773803711 86.1988296508789 372.9383773803711 117.12410736083984 326.88751220703125 117.12410736083984
324.4095153808594 86.49296569824219 370.1336555480957 86.49296569824219 370.1336555480957 118.05459594726562 324.4095153808594 118.05459594726562
321.89056396484375 87.55793762207031 367.1952705383301 87.55793762207031 367.1952705383301 118.7590217590332 321.89056396484375 118.7590217590332
320.89288330078125 87.4243392944336 365.6759033203125 87.4243392944336 365.6759033203125 119.2981185913086 320.89288330078125 119.2981185913086
317.3284912109375 88.34123992919922 362.67530059814453 88.34123992919922 362.67530059814453 119.82159233093262 317.3284912109375 119.82159233093262
314.31829833984375 88.54216003417969 360.42625427246094 88.54216003417969 360.42625427246094 120.65557098388672 314.31829833984375 120.65557098388672
311.81793212890625 89.12581634521484 358.25988388061523 89.12581634521484 358.25988388061523 121.15859985351562 311.81793212890625 121.15859985351562
309.28424072265625 89.58707427978516 354.80870056152344 89.58707427978516 354.80870056152344 122.21910858154297 309.28424072265625 122.21910858154297
305.89874267578125 90.26619720458984 353.6198043823242 90.26619720458984 353.6198043823242 122.59978103637695 305.89874267578125 122.59978103637695
303.153564453125 90.97624206542969 350.8623352050781 90.97624206542969 350.8623352050781 123.52113342285156 303.153564453125 123.52113342285156
300.93341064453125 91.50114440917969 346.9532241821289 91.50114440917969 346.9532241821289 124.33489608764648 300.93341064453125 124.33489608764648
297.10272216796875 91.99446105957031 344.7461929321289 91.99446105957031 344.7461929321289 124.81734085083008 297.10272216796875 124.81734085083008
293.4608459472656 93.58744812011719 341.29817962646484 93.58744812011719 341.29817962646484 126.25271224975586 293.4608459472656 126.25271224975586
290.98370361328125 93.55484008789062 339.10783767700195 93.55484008789062 339.10783767700195 126.85967254638672 290.98370361328125 126.85967254638672
288.16851806640625 94.65950012207031 336.3698043823242 94.65950012207031 336.3698043823242 127.46130752563477 288.16851806640625 127.46130752563477
279.8229064941406 95.68830871582031 328.9198532104492 95.68830871582031 328.9198532104492 129.3049087524414 279.8229064941406 129.3049087524414
274.8155822753906 97.154296875 324.8412628173828 97.154296875 324.8412628173828 130.36990356445312 274.8155822753906 130.36990356445312
270.10882568359375 99.62854766845703 317.45272064208984 99.62854766845703 317.45272064208984 132.86674880981445 270.10882568359375 132.86674880981445
266.10675048828125 101.05891418457031 314.8665771484375 101.05891418457031 314.8665771484375 133.7162628173828 266.10675048828125 133.7162628173828
262.52587890625 101.08902740478516 312.36677169799805 101.08902740478516 312.36677169799805 134.7854881286621 262.52587890625 134.7854881286621
259.87188720703125 101.30573272705078 309.6460494995117 101.30573272705078 309.6460494995117 136.1586685180664 259.87188720703125 136.1586685180664
256.90838623046875 102.44712829589844 306.5296325683594 102.44712829589844 306.5296325683594 136.60250091552734 256.90838623046875 136.60250091552734
253.1514434814453 102.82670593261719 303.7181510925293 102.82670593261719 303.7181510925293 137.73558044433594 253.1514434814453 137.73558044433594
250.5176544189453 103.16607666015625 303.69690322875977 103.16607666015625 303.69690322875977 138.1444435119629 250.5176544189453 138.1444435119629
247.39187622070312 105.3927230834961 300.25151443481445 105.3927230834961 300.25151443481445 139.08820343017578 247.39187622070312 139.08820343017578
244.0152130126953 105.14701080322266 296.7940216064453 105.14701080322266 296.7940216064453 139.90565872192383 244.0152130126953 139.90565872192383
241.7377166748047 106.11033630371094 293.6124954223633 106.11033630371094 293.6124954223633 140.40306091308594 241.7377166748047 140.40306091308594
237.5722198486328 106.0313949584961 289.1052894592285 106.0313949584961 289.1052894592285 142.0006103515625 237.5722198486328 142.0006103515625
236.16500854492188 107.40794372558594 288.4486618041992 107.40794372558594 288.4486618041992 142.33069229125977 236.16500854492188 142.33069229125977
232.56924438476562 108.4570083618164 284.94457244873047 108.4570083618164 284.94457244873047 143.07946014404297 232.56924438476562 143.07946014404297
229.1577911376953 109.22039794921875 282.0273780822754 109.22039794921875 282.0273780822754 144.48301696777344 229.1577911376953 144.48301696777344
226.0084228515625 110.0312271118164 278.5348701477051 110.0312271118164 278.5348701477051 145.5445098876953 226.0084228515625 145.5445098876953
222.04287719726562 110.97077941894531 274.6006050109863 110.97077941894531 274.6006050109863 146.72019958496094 222.04287719726562 146.72019958496094
219.2416534423828 111.38240051269531 273.11779403686523 111.38240051269531 273.11779403686523 147.09859466552734 219.2416534423828 147.09859466552734
216.1103973388672 113.35032653808594 269.82603454589844 113.35032653808594 269.82603454589844 148.21883392333984 216.1103973388672 148.21883392333984
211.52023315429688 114.3989486694336 265.50479888916016 114.3989486694336 265.50479888916016 149.28065490722656 211.52023315429688 149.28065490722656
209.108154296875 113.95872497558594 264.2804641723633 113.95872497558594 264.2804641723633 149.9732666015625 209.108154296875 149.9732666015625
204.8673858642578 113.9013442993164 258.988094329834 113.9013442993164 258.988094329834 151.31970977783203 204.8673858642578 151.31970977783203
200.54861450195312 115.41495513916016 255.83405303955078 115.41495513916016 255.83405303955078 152.13848876953125 200.54861450195312 152.13848876953125
197.56851196289062 116.78712463378906 252.35588455200195 116.78712463378906 252.35588455200195 153.47668838500977 197.56851196289062 153.47668838500977
191.63595581054688 117.07295989990234 248.31987762451172 117.07295989990234 248.31987762451172 155.20144653320312 191.63595581054688 155.20144653320312
188.08157348632812 118.1806640625 245.83219146728516 118.1806640625 245.83219146728516 156.1281394958496 188.08157348632812 156.1281394958496
184.6319580078125 119.2439193725586 243.58322143554688 119.2439193725586 243.58322143554688 157.40830993652344 184.6319580078125 157.40830993652344
182.1619110107422 120.11073303222656 239.67804718017578 120.11073303222656 239.67804718017578 158.22147750854492 182.1619110107422 158.22147750854492
179.47825622558594 120.33917236328125 237.43914031982422 120.33917236328125 237.43914031982422 158.5762481689453 179.47825622558594 158.5762481689453
177.2353057861328 121.5750503540039 234.18886947631836 121.5750503540039 234.18886947631836 158.82439041137695 177.2353057861328 158.82439041137695
172.99134826660156 122.4698257446289 230.0383529663086 122.4698257446289 230.0383529663086 161.24684524536133 172.99134826660156 161.24684524536133
170.00611877441406 123.35196685791016 227.23659896850586 123.35196685791016 227.23659896850586 162.40687942504883 170.00611877441406 162.40687942504883
166.5570526123047 124.7794418334961 223.4361228942871 124.7794418334961 223.4361228942871 163.67521286010742 166.5570526123047 163.67521286010742
166.23068237304688 126.04304504394531 220.46524047851562 126.04304504394531 220.46524047851562 164.56419372558594 166.23068237304688 164.56419372558594
161.73709106445312 127.06258392333984 217.19453811645508 127.06258392333984 217.19453811645508 165.82588958740234 161.73709106445312 165.82588958740234
158.55783081054688 128.2068634033203 212.85248565673828 128.2068634033203 212.85248565673828 167.4991683959961 158.55783081054688 167.4991683959961
155.62875366210938 128.74110412597656 210.70819091796875 128.74110412597656 210.70819091796875 167.70087432861328 155.62875366210938 167.70087432861328
153.5850830078125 129.94320678710938 207.43535232543945 129.94320678710938 207.43535232543945 168.7056541442871 153.5850830078125 168.7056541442871
151.91030883789062 129.40443420410156 204.82174682617188 129.40443420410156 204.82174682617188 168.8201560974121 151.91030883789062 168.8201560974121
148.71453857421875 130.7390594482422 201.87993621826172 130.7390594482422 201.87993621826172 170.43203353881836 148.71453857421875 170.43203353881836
146.0292205810547 131.85911560058594 199.11658477783203 131.85911560058594 199.11658477783203 172.24457168579102 146.0292205810547 172.24457168579102
138.6681671142578 133.83447265625 193.71485900878906 133.83447265625 193.71485900878906 173.9311752319336 138.6681671142578 173.9311752319336
135.06703186035156 135.88864135742188 190.99969100952148 135.88864135742188 190.99969100952148 175.40213775634766 135.06703186035156 175.40213775634766
128.68960571289062 138.77822875976562 183.3636245727539 138.77822875976562 183.3636245727539 180.17244338989258 128.68960571289062 180.17244338989258
123.7596435546875 139.39297485351562 180.29465866088867 139.39297485351562 180.29465866088867 180.42653274536133 123.7596435546875 180.42653274536133
117.12591552734375 138.7522735595703 176.74467849731445 138.7522735595703 176.74467849731445 179.4795265197754 117.12591552734375 179.4795265197754
117.50700378417969 141.55421447753906 175.08422470092773 141.55421447753906 175.08422470092773 182.83423614501953 117.50700378417969 182.83423614501953
117.03173828125 141.511962890625 173.6594352722168 141.511962890625 173.6594352722168 182.01001739501953 117.03173828125 182.01001739501953
114.92112731933594 142.70083618164062 173.0622787475586 142.70083618164062 173.0622787475586 183.42282104492188 114.92112731933594 183.42282104492188
114.54060363769531 139.29141235351562 172.12951278686523 139.29141235351562 172.12951278686523 179.86540985107422 114.54060363769531 179.86540985107422
112.13570404052734 143.04415893554688 171.07029724121094 143.04415893554688 171.07029724121094 183.80825805664062 112.13570404052734 183.80825805664062
111.8680419921875 143.1341552734375 169.37020111083984 143.1341552734375 169.37020111083984 182.77192306518555 111.8680419921875 182.77192306518555
109.0518569946289 144.37442016601562 167.2776641845703 144.37442016601562 167.2776641845703 184.6135025024414 109.0518569946289 184.6135025024414
109.74088287353516 145.3794403076172 168.74627304077148 145.3794403076172 168.74627304077148 185.30323028564453 109.74088287353516 185.30323028564453
108.47309875488281 146.55433654785156 166.94677352905273 146.55433654785156 166.94677352905273 186.5939064025879 108.47309875488281 186.5939064025879
107.6724624633789 146.8113555908203 165.06082916259766 146.8113555908203 165.06082916259766 186.05278396606445 107.6724624633789 186.05278396606445
106.51568603515625 147.79885864257812 164.81784057617188 147.79885864257812 164.81784057617188 187.8175277709961 106.51568603515625 187.8175277709961
103.812255859375 149.5959014892578 162.09738159179688 149.5959014892578 162.09738159179688 188.87824249267578 103.812255859375 188.87824249267578
104.00997161865234 151.713134765625 162.95945739746094 151.713134765625 162.95945739746094 190.5245018005371 104.00997161865234 190.5245018005371
103.2483139038086 151.23912048339844 161.4852294921875 151.23912048339844 161.4852294921875 190.0940933227539 103.2483139038086 190.0940933227539
102.70445251464844 152.12103271484375 161.62453842163086 152.12103271484375 161.62453842163086 191.04053497314453 102.70445251464844 191.04053497314453
100.99105072021484 152.0147705078125 161.92144775390625 152.0147705078125 161.92144775390625 191.64583587646484 100.99105072021484 191.64583587646484
100.85611724853516 153.6082000732422 161.8249168395996 153.6082000732422 161.8249168395996 193.90954208374023 100.85611724853516 193.90954208374023
99.51256561279297 155.42108154296875 161.62569427490234 155.42108154296875 161.62569427490234 196.03524780273438 99.51256561279297 196.03524780273438
100.77013397216797 155.5490264892578 163.1760711669922 155.5490264892578 163.1760711669922 196.90535736083984 100.77013397216797 196.90535736083984
99.1828842163086 155.61666870117188 162.94366836547852 155.61666870117188 162.94366836547852 196.99907302856445 99.1828842163086 196.99907302856445
100.53038787841797 155.66429138183594 164.7711410522461 155.66429138183594 164.7711410522461 197.83231353759766 100.53038787841797 197.83231353759766
99.00907897949219 156.97149658203125 163.51577758789062 156.97149658203125 163.51577758789062 199.31232452392578 99.00907897949219 199.31232452392578
97.5918960571289 159.38694763183594 162.43072509765625 159.38694763183594 162.43072509765625 202.51607513427734 97.5918960571289 202.51607513427734
99.28675842285156 157.78610229492188 163.3399658203125 157.78610229492188 163.3399658203125 199.56460189819336 99.28675842285156 199.56460189819336
98.52384948730469 159.7073974609375 163.47116088867188 159.7073974609375 163.47116088867188 203.10383987426758 98.52384948730469 203.10383987426758
100.5562744140625 158.53579711914062 165.08612060546875 158.53579711914062 165.08612060546875 201.4419822692871 100.5562744140625 201.4419822692871
101.36289978027344 164.5980682373047 167.16757202148438 164.5980682373047 167.16757202148438 208.9274139404297 101.36289978027344 208.9274139404297
103.27388000488281 165.76821899414062 169.994384765625 165.76821899414062 169.994384765625 209.28144454956055 103.27388000488281 209.28144454956055
104.66545104980469 168.26046752929688 174.3387451171875 168.26046752929688 174.3387451171875 213.3535614013672 104.66545104980469 213.3535614013672
108.06236267089844 169.845947265625 178.94552612304688 169.845947265625 178.94552612304688 215.50271606445312 108.06236267089844 215.50271606445312
108.4447250366211 170.5272979736328 178.30979919433594 170.5272979736328 178.30979919433594 216.43224716186523 108.4447250366211 216.43224716186523
109.9787368774414 174.13455200195312 182.20565032958984 174.13455200195312 182.20565032958984 219.4196319580078 109.9787368774414 219.4196319580078
112.2406997680664 174.72018432617188 183.46758270263672 174.72018432617188 183.46758270263672 219.91804885864258 112.2406997680664 219.91804885864258
115.36968994140625 177.9346160888672 186.1913604736328 177.9346160888672 186.1913604736328 223.86481475830078 115.36968994140625 223.86481475830078
114.1587142944336 177.43991088867188 186.8045654296875 177.43991088867188 186.8045654296875 223.78914642333984 114.1587142944336 223.78914642333984
115.5689697265625 178.0308837890625 187.0425567626953 178.0308837890625 187.0425567626953 223.91826629638672 115.5689697265625 223.91826629638672
118.1221923828125 180.80584716796875 190.10853576660156 180.80584716796875 190.10853576660156 226.13995742797852 118.1221923828125 226.13995742797852
120.22147369384766 183.47586059570312 192.25814056396484 183.47586059570312 192.25814056396484 228.78808975219727 120.22147369384766 228.78808975219727
122.29217529296875 184.51345825195312 194.41250610351562 184.51345825195312 194.41250610351562 229.3230743408203 122.29217529296875 229.3230743408203
126.06620788574219 187.7564239501953 199.8491439819336 187.7564239501953 199.8491439819336 232.63567352294922 126.06620788574219 232.63567352294922
129.689453125 188.80140686035156 203.6668243408203 188.80140686035156 203.6668243408203 234.72216796875 129.689453125 234.72216796875
136.03228759765625 191.1427764892578 209.2803955078125 191.1427764892578 209.2803955078125 235.04227447509766 136.03228759765625 235.04227447509766
133.37173461914062 192.529541015625 211.13590240478516 192.529541015625 211.13590240478516 238.61672973632812 133.37173461914062 238.61672973632812
146.7237091064453 197.60313415527344 221.30349731445312 197.60313415527344 221.30349731445312 243.76659393310547 146.7237091064453 243.76659393310547
152.9060516357422 201.7649383544922 228.0481719970703 201.7649383544922 228.0481719970703 247.9571533203125 152.9060516357422 247.9571533203125
158.7008819580078 204.97299194335938 234.8907470703125 204.97299194335938 234.8907470703125 252.73831939697266 158.7008819580078 252.73831939697266
154.51194763183594 205.41482543945312 230.2653579711914 205.41482543945312 230.2653579711914 255.17369842529297 154.51194763183594 255.17369842529297
158.10061645507812 209.92343139648438 232.42346954345703 209.92343139648438 232.42346954345703 259.5583801269531 158.10061645507812 259.5583801269531
158.26876831054688 212.0615234375 232.74867248535156 212.0615234375 232.74867248535156 262.83656311035156 158.26876831054688 262.83656311035156
159.75588989257812 213.51907348632812 233.67677307128906 213.51907348632812 233.67677307128906 264.71885681152344 159.75588989257812 264.71885681152344
162.5819091796875 215.7709503173828 237.4066390991211 215.7709503173828 237.4066390991211 267.32739639282227 162.5819091796875 267.32739639282227
168.63577270507812 220.44454956054688 245.15211486816406 220.44454956054688 245.15211486816406 271.3602714538574 168.63577270507812 271.3602714538574
172.89389038085938 221.66455078125 249.49195861816406 221.66455078125 249.49195861816406 273.3960494995117 172.89389038085938 273.3960494995117
171.49346923828125 223.2976531982422 250.7669677734375 223.2976531982422 250.7669677734375 275.41138458251953 171.49346923828125 275.41138458251953
171.5845947265625 224.83505249023438 252.5615234375 224.83505249023438 252.5615234375 276.4044189453125 171.5845947265625 276.4044189453125
181.0818634033203 228.58847045898438 263.90753173828125 228.58847045898438 263.90753173828125 280.9611396789551 181.0818634033203 280.9611396789551
186.2110595703125 231.54922485351562 271.1402893066406 231.54922485351562 271.1402893066406 284.5848922729492 186.2110595703125 284.5848922729492
191.49288940429688 234.36831665039062 275.90699768066406 234.36831665039062 275.90699768066406 287.7712211608887 191.49288940429688 287.7712211608887
195.2111053466797 236.64547729492188 280.1842269897461 236.64547729492188 280.1842269897461 291.0047912597656 195.2111053466797 291.0047912597656
200.4265594482422 240.8837432861328 286.20806884765625 240.8837432861328 286.20806884765625 293.9724998474121 200.4265594482422 293.9724998474121
205.31900024414062 243.66989135742188 292.07286834716797 243.66989135742188 292.07286834716797 297.1674499511719 205.31900024414062 297.1674499511719
208.8857879638672 245.0320587158203 296.3026809692383 245.0320587158203 296.3026809692383 298.6656150817871 208.8857879638672 298.6656150817871
216.4803009033203 248.6859893798828 303.2320098876953 248.6859893798828 303.2320098876953 302.3985023498535 216.4803009033203 302.3985023498535
223.548583984375 253.32650756835938 309.90777587890625 253.32650756835938 309.90777587890625 306.39417266845703 223.548583984375 306.39417266845703
243.3917694091797 260.3316650390625 328.43335723876953 260.3316650390625 328.43335723876953 313.3443489074707 243.3917694091797 313.3443489074707
261.97698974609375 268.53814697265625 347.89452362060547 268.53814697265625 347.89452362060547 322.8952522277832 261.97698974609375 322.8952522277832
273.62359619140625 278.4168701171875 362.59476470947266 278.4168701171875 362.59476470947266 334.42851638793945 273.62359619140625 334.42851638793945
282.71966552734375 281.9569091796875 372.6996841430664 281.9569091796875 372.6996841430664 340.2524604797363 282.71966552734375 340.2524604797363
289.47137451171875 284.3675537109375 381.89849853515625 284.3675537109375 381.89849853515625 344.5291633605957 289.47137451171875 344.5291633605957
306.623046875 290.95440673828125 401.17647552490234 290.95440673828125 401.17647552490234 352.68012619018555 306.623046875 352.68012619018555
303.619384765625 290.31781005859375 398.7357940673828 290.31781005859375 398.7357940673828 352.20983123779297 303.619384765625 352.20983123779297
316.2879943847656 296.44940185546875 414.0608367919922 296.44940185546875 414.0608367919922 359.671630859375 316.2879943847656 359.671630859375
321.66180419921875 300.05230712890625 422.2715301513672 300.05230712890625 422.2715301513672 365.0681610107422 321.66180419921875 365.0681610107422
330.259765625 301.69873046875 430.6230697631836 301.69873046875 430.6230697631836 366.023681640625 330.259765625 366.023681640625
345.20684814453125 308.6662902832031 446.51695251464844 308.6662902832031 446.51695251464844 374.91651153564453 345.20684814453125 374.91651153564453
351.8291015625 312.6411437988281 454.38777923583984 312.6411437988281 454.38777923583984 379.73069763183594 351.8291015625 379.73069763183594
363.29583740234375 317.673095703125 467.97232818603516 317.673095703125 467.97232818603516 385.48238372802734 363.29583740234375 385.48238372802734
381.31536865234375 325.53704833984375 487.74879455566406 325.53704833984375 487.74879455566406 394.82261657714844 381.31536865234375 394.82261657714844
388.4832458496094 326.4657287597656 497.24388885498047 326.4657287597656 497.24388885498047 397.14290618896484 388.4832458496094 397.14290618896484
408.37103271484375 333.1803283691406 518.2073822021484 333.1803283691406 518.2073822021484 404.0097198486328 408.37103271484375 404.0097198486328
408.0899353027344 335.722412109375 518.883186340332 335.722412109375 518.883186340332 407.6050567626953 408.0899353027344 407.6050567626953
