287.0 228.0 399.0 228.0 399.0 321.0 287.0 321.0
287.307373046875 227.88497924804688 399.2499237060547 227.88497924804688 399.2499237060547 319.7549591064453 287.307373046875 319.7549591064453
286.78582763671875 226.5492706298828 399.7350082397461 226.5492706298828 399.7350082397461 319.66017150878906 286.78582763671875 319.66017150878906
287.9234313964844 225.7440185546875 400.43736267089844 225.7440185546875 400.43736267089844 318.1217269897461 287.9234313964844 318.1217269897461
288.67364501953125 224.88888549804688 400.61102294921875 224.88888549804688 400.61102294921875 317.7532653808594 288.67364501953125 317.7532653808594
289.2168884277344 223.9680938720703 401.1873474121094 223.9680938720703 401.1873474121094 316.0593032836914 289.2168884277344 316.0593032836914
291.2582702636719 224.1831512451172 402.55662536621094 224.1831512451172 402.55662536621094 315.1553649902344 291.2582702636719 315.1553649902344
289.854248046875 223.651611328125 403.6703872680664 223.651611328125 403.6703872680664 314.80674743652344 289.854248046875 314.80674743652344
291.2866516113281 222.5425262451172 403.82237243652344 222.5425262451172 403.82237243652344 313.93628692626953 291.2866516113281 313.93628692626953
291.2329406738281 221.8143310546875 405.02660369873047 221.8143310546875 405.02660369873047 314.2401657104492 291.2329406738281 314.2401657104492
292.65594482421875 220.88394165039062 405.0439682006836 220.88394165039062 405.0439682006836 314.2017059326172 292.65594482421875 314.2017059326172
293.15185546875 221.1429901123047 406.6554946899414 221.1429901123047 406.6554946899414 312.3465576171875 293.15185546875 312.3465576171875
294.55328369140625 219.7466583251953 405.8714141845703 219.7466583251953 405.8714141845703 312.01526641845703 294.55328369140625 312.01526641845703
294.52606201171875 219.91455078125 407.31524658203125 219.91455078125 407.31524658203125 311.10218811035156 294.52606201171875 311.10218811035156
294.9803466796875 218.5658416748047 407.91011810302734 218.5658416748047 407.91011810302734 310.49039459228516 294.9803466796875 310.49039459228516
295.65557861328125 218.464111328125 409.37577056884766 218.464111328125 409.37577056884766 309.24749755859375 295.65557861328125 309.24749755859375
296.2782287597656 218.03378295898438 409.2561569213867 218.03378295898438 409.2561569213867 308.38890075683594 296.2782287597656 308.38890075683594
297.32928466796875 217.341552734375 411.81758880615234 217.341552734375 411.81758880615234 307.3650665283203 297.32928466796875 307.3650665283203
298.8448791503906 216.56155395507812 411.8751525878906 216.56155395507812 411.8751525878906 306.3886413574219 298.8448791503906 306.3886413574219
298.06976318359375 216.26510620117188 413.37074279785156 216.26510620117188 413.37074279785156 305.89830780029297 298.06976318359375 305.89830780029297
298.4930725097656 216.2269744873047 414.58203887939453 216.2269744873047 414.58203887939453 305.21910858154297 298.4930725097656 305.21910858154297
299.22869873046875 215.5861053466797 416.43087005615234 215.5861053466797 416.43087005615234 304.7397232055664 299.22869873046875 304.7397232055664
300.8691711425781 215.7628936767578 414.9983596801758 215.7628936767578 414.9983596801758 305.0017623901367 300.8691711425781 305.0017623901367
301.1531677246094 215.76034545898438 415.63304901123047 215.76034545898438 415.63304901123047 304.15816497802734 301.1531677246094 304.15816497802734
301.8631896972656 215.16439819335938 418.0147247314453 215.16439819335938 418.0147247314453 302.97496032714844 301.8631896972656 302.97496032714844
303.1459655761719 215.1117706298828 417.2756652832031 215.1117706298828 417.2756652832031 302.77020263671875 303.1459655761719 302.77020263671875
304.4495544433594 214.23876953125 418.2903137207031 214.23876953125 418.2903137207031 302.1462936401367 304.4495544433594 302.1462936401367
305.5108337402344 214.2080535888672 418.85301208496094 214.2080535888672 418.85301208496094 302.27806854248047 305.5108337402344 302.27806854248047
306.37103271484375 212.65670776367188 420.36143493652344 212.65670776367188 420.36143493652344 301.81016540527344 306.37103271484375 301.81016540527344
308.06573486328125 212.99404907226562 422.05091857910156 212.99404907226562 422.05091857910156 301.68688201904297 308.06573486328125 301.68688201904297
307.96905517578125 212.42984008789062 422.77408599853516 212.42984008789062 422.77408599853516 300.6645050048828 307.96905517578125 300.6645050048828
309.8319396972656 212.8829345703125 426.12318420410156 212.8829345703125 426.12318420410156 300.59632110595703 309.8319396972656 300.59632110595703
311.7286376953125 212.44223022460938 425.7596435546875 212.44223022460938 425.7596435546875 301.08179473876953 311.7286376953125 301.08179473876953
313.2342224121094 213.1208038330078 425.88219451904297 213.1208038330078 425.88219451904297 300.17443084716797 313.2342224121094 300.17443084716797
314.80633544921875 212.80398559570312 426.8893585205078 212.80398559570312 426.8893585205078 300.4229049682617 314.80633544921875 300.4229049682617
315.98992919921875 212.528076171875 427.31134033203125 212.528076171875 427.31134033203125 299.4642028808594 315.98992919921875 299.4642028808594
317.3180236816406 212.6182403564453 427.6575469970703 212.6182403564453 427.6575469970703 298.0747833251953 317.3180236816406 298.0747833251953
319.6299743652344 211.2943572998047 429.33680725097656 211.2943572998047 429.33680725097656 296.9857406616211 319.6299743652344 296.9857406616211
319.6981201171875 210.7221221923828 429.3950653076172 210.7221221923828 429.3950653076172 295.9468078613281 319.6981201171875 295.9468078613281
320.87872314453125 211.3114013671875 430.79222106933594 211.3114013671875 430.79222106933594 297.10948944091797 320.87872314453125 297.10948944091797
322.05218505859375 210.98995971679688 431.70381927490234 210.98995971679688 431.70381927490234 295.11331939697266 322.05218505859375 295.11331939697266
323.39947509765625 211.2978057861328 433.7466812133789 211.2978057861328 433.7466812133789 296.59315490722656 323.39947509765625 296.59315490722656
325.40948486328125 210.7716064453125 438.0135269165039 210.7716064453125 438.0135269165039 297.2735290527344 325.40948486328125 297.2735290527344
327.3013610839844 211.070556640625 436.9880065917969 211.070556640625 436.9880065917969 296.34285736083984 327.3013610839844 296.34285736083984
329.59429931640625 210.406494140625 437.5450668334961 210.406494140625 437.5450668334961 295.7749710083008 329.59429931640625 295.7749710083008
330.9178466796875 209.9800262451172 439.8221893310547 209.9800262451172 439.8221893310547 295.12984466552734 330.9178466796875 295.12984466552734
333.356201171875 208.4892120361328 441.34625244140625 208.4892120361328 441.34625244140625 294.48887634277344 333.356201171875 294.48887634277344
334.32244873046875 206.6375274658203 444.85023498535156 206.6375274658203 444.85023498535156 294.19705963134766 334.32244873046875 294.19705963134766
336.7918701171875 207.73828125 448.6519012451172 207.73828125 448.6519012451172 294.8901138305664 336.7918701171875 294.8901138305664
340.11322021484375 208.27334594726562 445.66133880615234 208.27334594726562 445.66133880615234 293.6973419189453 340.11322021484375 293.6973419189453
342.71478271484375 207.298583984375 448.5210189819336 207.298583984375 448.5210189819336 292.9643096923828 342.71478271484375 292.9643096923828
344.9222717285156 207.69760131835938 450.77781677246094 207.69760131835938 450.77781677246094 293.58265686035156 344.9222717285156 293.58265686035156
347.1183776855469 209.6578826904297 452.5935745239258 209.6578826904297 452.5935745239258 293.65565490722656 347.1183776855469 293.65565490722656
351.1724548339844 209.52468872070312 456.63014221191406 209.52468872070312 456.63014221191406 294.67163848876953 351.1724548339844 294.67163848876953
351.0615539550781 207.8673858642578 456.48302459716797 207.8673858642578 456.48302459716797 292.8093490600586 351.0615539550781 292.8093490600586
352.86187744140625 208.3240203857422 459.71299743652344 208.3240203857422 459.71299743652344 293.8094177246094 352.86187744140625 293.8094177246094
353.71600341796875 207.4698028564453 459.1959457397461 207.4698028564453 459.1959457397461 294.0010986328125 353.71600341796875 294.0010986328125
355.0723876953125 206.71072387695312 459.59310150146484 206.71072387695312 459.59310150146484 292.1920394897461 355.0723876953125 292.1920394897461
358.1307067871094 206.1919708251953 465.23887634277344 206.1919708251953 465.23887634277344 293.41944885253906 358.1307067871094 293.41944885253906
361.12054443359375 207.21078491210938 468.3584213256836 207.21078491210938 468.3584213256836 294.3989028930664 361.12054443359375 294.3989028930664
362.0560607910156 205.8959503173828 470.1046829223633 205.8959503173828 470.1046829223633 293.2816619873047 362.0560607910156 293.2816619873047
362.69122314453125 206.0774383544922 471.76558685302734 206.0774383544922 471.76558685302734 294.51979064941406 362.69122314453125 294.51979064941406
365.9155578613281 206.55850219726562 474.7892608642578 206.55850219726562 474.7892608642578 295.07366943359375 365.9155578613281 295.07366943359375
367.1144104003906 205.5984344482422 474.7948455810547 205.5984344482422 474.7948455810547 294.58129119873047 367.1144104003906 294.58129119873047
369.91156005859375 205.1636962890625 474.6386489868164 205.1636962890625 474.6386489868164 291.6800231933594 369.91156005859375 291.6800231933594
373.69439697265625 205.6374053955078 476.7135467529297 205.6374053955078 476.7135467529297 292.41729736328125 373.69439697265625 292.41729736328125
375.08563232421875 205.51925659179688 478.0185089111328 205.51925659179688 478.0185089111328 291.9578399658203 375.08563232421875 291.9578399658203
375.1020202636719 206.2644500732422 478.4943542480469 206.2644500732422 478.4943542480469 291.8206100463867 375.1020202636719 291.8206100463867
374.57684326171875 208.52468872070312 480.37776947021484 208.52468872070312 480.37776947021484 294.2667999267578 374.57684326171875 294.2667999267578
349.02349853515625 206.6824951171875 466.8600616455078 206.6824951171875 466.8600616455078 287.97154998779297 349.02349853515625 287.97154998779297
322.79443359375 206.5283660888672 436.0749740600586 206.5283660888672 436.0749740600586 288.69476318359375 322.79443359375 288.69476318359375
305.93353271484375 209.902587890625 423.0134735107422 209.902587890625 423.0134735107422 292.6985549926758 305.93353271484375 292.6985549926758
266.3662109375 208.8607635498047 375.8799285888672 208.8607635498047 375.8799285888672 289.0613708496094 266.3662109375 289.0613708496094
229.2501983642578 208.6313934326172 342.13675689697266 208.6313934326172 342.13675689697266 290.38995361328125 229.2501983642578 290.38995361328125
199.1135711669922 206.99612426757812 317.1977233886719 206.99612426757812 317.1977233886719 289.21842193603516 199.1135711669922 289.21842193603516
168.8493194580078 206.8616943359375 276.77496337890625 206.8616943359375 276.77496337890625 290.308349609375 168.8493194580078 290.308349609375
174.15777587890625 209.70126342773438 277.36653900146484 209.70126342773438 277.36653900146484 290.3849639892578 174.15777587890625 290.3849639892578
175.38768005371094 206.75491333007812 278.9168701171875 206.75491333007812 278.9168701171875 287.1267852783203 175.38768005371094 287.1267852783203
178.57376098632812 207.7386016845703 282.7602844238281 207.7386016845703 282.7602844238281 289.5802307128906 178.57376098632812 289.5802307128906
180.55685424804688 207.7631072998047 283.7673034667969 207.7631072998047 283.7673034667969 292.5644226074219 180.55685424804688 292.5644226074219
182.89791870117188 208.60525512695312 287.3801727294922 208.60525512695312 287.3801727294922 291.20819091796875 182.89791870117188 291.20819091796875
184.11752319335938 206.2459259033203 285.10475158691406 206.2459259033203 285.10475158691406 288.8674621582031 184.11752319335938 288.8674621582031
188.43283081054688 205.99240112304688 290.30995178222656 205.99240112304688 290.30995178222656 291.33978271484375 188.43283081054688 291.33978271484375
189.5917510986328 205.03793334960938 291.3101043701172 205.03793334960938 291.3101043701172 286.45812225341797 189.5917510986328 286.45812225341797
193.7567596435547 206.7126007080078 293.74267578125 206.7126007080078 293.74267578125 288.780029296875 193.7567596435547 288.780029296875
195.69635009765625 206.8778839111328 294.61463165283203 206.8778839111328 294.61463165283203 289.9579162597656 195.69635009765625 289.9579162597656
197.26834106445312 208.44302368164062 296.8109664916992 208.44302368164062 296.8109664916992 290.1679000854492 197.26834106445312 290.1679000854492
200.2158966064453 208.0460205078125 299.59024810791016 208.0460205078125 299.59024810791016 290.0884017944336 200.2158966064453 290.0884017944336
204.10580444335938 203.81704711914062 300.64530181884766 203.81704711914062 300.64530181884766 286.0469970703125 204.10580444335938 286.0469970703125
206.5432586669922 206.0951385498047 303.5326843261719 206.0951385498047 303.5326843261719 287.2448501586914 206.5432586669922 287.2448501586914
210.1864776611328 207.5868377685547 305.83753204345703 207.5868377685547 305.83753204345703 289.81456756591797 210.1864776611328 289.81456756591797
212.3609619140625 208.58212280273438 307.7840347290039 208.58212280273438 307.7840347290039 291.9918899536133 212.3609619140625 291.9918899536133
216.1629180908203 207.0127716064453 312.1832046508789 207.0127716064453 312.1832046508789 290.6985321044922 216.1629180908203 290.6985321044922
220.3233642578125 205.9378204345703 314.5106506347656 205.9378204345703 314.5106506347656 289.74732208251953 220.3233642578125 289.74732208251953
222.27725219726562 206.07339477539062 314.98705291748047 206.07339477539062 314.98705291748047 288.9864959716797 222.27725219726562 288.9864959716797
225.3148193359375 205.35110473632812 318.0514450073242 205.35110473632812 318.0514450073242 290.1716613769531 225.3148193359375 290.1716613769531
227.62808227539062 204.9347381591797 319.71986389160156 204.9347381591797 319.71986389160156 287.69647216796875 227.62808227539062 287.69647216796875
229.9156951904297 208.63076782226562 323.8453598022461 208.63076782226562 323.8453598022461 292.13089752197266 229.9156951904297 292.13089752197266
230.39083862304688 209.62142944335938 323.6760025024414 209.62142944335938 323.6760025024414 293.0497283935547 230.39083862304688 293.0497283935547
238.89547729492188 207.1873321533203 329.34156799316406 207.1873321533203 329.34156799316406 288.90213775634766 238.89547729492188 288.90213775634766
237.1287078857422 207.9070281982422 332.1942443847656 207.9070281982422 332.1942443847656 288.4508056640625 237.1287078857422 288.4508056640625
202.6428680419922 211.43527221679688 297.7569351196289 211.43527221679688 297.7569351196289 289.48292541503906 202.6428680419922 289.48292541503906
160.65023803710938 212.7861328125 258.0805206298828 212.7861328125 258.0805206298828 291.92855072021484 160.65023803710938 291.92855072021484
126.4730453491211 210.72195434570312 231.50574493408203 210.72195434570312 231.50574493408203 293.6303024291992 126.4730453491211 293.6303024291992
95.64742279052734 207.56698608398438 201.12510681152344 207.56698608398438 201.12510681152344 289.3041458129883 95.64742279052734 289.3041458129883
55.120338439941406 210.6188201904297 156.47888946533203 210.6188201904297 156.47888946533203 293.5568084716797 55.120338439941406 293.5568084716797
55.419456481933594 206.79653930664062 152.53717803955078 206.79653930664062 152.53717803955078 296.0498962402344 55.419456481933594 296.0498962402344
58.8785285949707 206.9756317138672 157.51286697387695 206.9756317138672 157.51286697387695 296.6922607421875 58.8785285949707 296.6922607421875
58.65065383911133 207.89590454101562 158.2004280090332 207.89590454101562 158.2004280090332 297.68922424316406 58.65065383911133 297.68922424316406
66.3831787109375 206.06399536132812 163.09851837158203 206.06399536132812 163.09851837158203 297.86988067626953 66.3831787109375 297.86988067626953
69.2275390625 206.04782104492188 170.80916595458984 206.04782104492188 170.80916595458984 296.1670684814453 69.2275390625 296.1670684814453
68.3279037475586 209.1011505126953 172.6785659790039 209.1011505126953 172.6785659790039 298.5112838745117 68.3279037475586 298.5112838745117
72.74757385253906 206.68612670898438 176.28456115722656 206.68612670898438 176.28456115722656 298.2540512084961 72.74757385253906 298.2540512084961
77.69571685791016 206.97537231445312 178.2101593017578 206.97537231445312 178.2101593017578 299.7886657714844 77.69571685791016 299.7886657714844
86.19049072265625 207.990966796875 186.56565856933594 207.990966796875 186.56565856933594 301.3514404296875 86.19049072265625 301.3514404296875
85.7694320678711 206.3464813232422 186.65515899658203 206.3464813232422 186.65515899658203 300.5215148925781 85.7694320678711 300.5215148925781
85.45340728759766 207.72463989257812 186.4981460571289 207.72463989257812 186.4981460571289 300.08744049072266 85.45340728759766 300.08744049072266
95.0931396484375 207.43447875976562 195.7926483154297 207.43447875976562 195.7926483154297 299.6278839111328 95.0931396484375 299.6278839111328
88.24378967285156 206.5690155029297 188.109130859375 206.5690155029297 188.109130859375 298.8562469482422 88.24378967285156 298.8562469482422
96.70820617675781 208.9635467529297 196.1517333984375 208.9635467529297 196.1517333984375 299.6274871826172 96.70820617675781 299.6274871826172
102.0740737915039 204.6583251953125 203.2297134399414 204.6583251953125 203.2297134399414 298.02220153808594 102.0740737915039 298.02220153808594
104.41963958740234 205.4063720703125 204.77099609375 205.4063720703125 204.77099609375 297.9670944213867 104.41963958740234 297.9670944213867
102.6434326171875 204.6688995361328 205.41146087646484 204.6688995361328 205.41146087646484 299.5204162597656 102.6434326171875 299.5204162597656
108.82623291015625 205.4429473876953 213.1893310546875 205.4429473876953 213.1893310546875 300.9085388183594 108.82623291015625 300.9085388183594
110.43412780761719 206.28369140625 215.3770751953125 206.28369140625 215.3770751953125 298.8951416015625 110.43412780761719 298.8951416015625
114.82075500488281 212.7968292236328 220.79762268066406 212.7968292236328 220.79762268066406 303.4473571777344 114.82075500488281 303.4473571777344
118.21915435791016 207.4730224609375 224.4507064819336 207.4730224609375 224.4507064819336 300.17748260498047 118.21915435791016 300.17748260498047
121.55033111572266 206.65005493164062 226.11978912353516 206.65005493164062 226.11978912353516 298.32787322998047 121.55033111572266 298.32787322998047
130.06893920898438 203.40786743164062 232.5705108642578 203.40786743164062 232.5705108642578 296.4457778930664 130.06893920898438 296.4457778930664
134.9678192138672 207.6517791748047 238.7322006225586 207.6517791748047 238.7322006225586 298.65875244140625 134.9678192138672 298.65875244140625
135.10897827148438 205.454345703125 240.58686065673828 205.454345703125 240.58686065673828 297.17786407470703 135.10897827148438 297.17786407470703
137.70913696289062 200.7623291015625 240.85015106201172 200.7623291015625 240.85015106201172 294.6133575439453 137.70913696289062 294.6133575439453
144.30149841308594 202.98648071289062 248.2704315185547 202.98648071289062 248.2704315185547 296.1155700683594 144.30149841308594 296.1155700683594
146.3188934326172 200.13009643554688 251.8505859375 200.13009643554688 251.8505859375 293.34193420410156 146.3188934326172 293.34193420410156
147.81668090820312 202.18215942382812 255.03134155273438 202.18215942382812 255.03134155273438 296.31243896484375 147.81668090820312 296.31243896484375
151.4175262451172 201.4773406982422 257.24517822265625 201.4773406982422 257.24517822265625 294.99755859375 151.4175262451172 294.99755859375
159.16485595703125 200.92698669433594 262.7894744873047 200.92698669433594 262.7894744873047 294.72821044921875 159.16485595703125 294.72821044921875
165.79116821289062 201.47833251953125 270.6666564941406 201.47833251953125 270.6666564941406 293.99361419677734 165.79116821289062 293.99361419677734
173.94363403320312 199.1559295654297 276.0803985595703 199.1559295654297 276.0803985595703 294.6327209472656 173.94363403320312 294.6327209472656
178.7974853515625 199.64187622070312 281.5118179321289 199.64187622070312 281.5118179321289 294.0618209838867 178.7974853515625 294.0618209838867
174.78518676757812 203.13087463378906 278.85581970214844 203.13087463378906 278.85581970214844 296.81929779052734 174.78518676757812 296.81929779052734
179.377685546875 200.37020874023438 283.59971618652344 200.37020874023438 283.59971618652344 295.4306411743164 179.377685546875 295.4306411743164
183.23728942871094 202.40695190429688 289.0132751464844 202.40695190429688 289.0132751464844 296.9237976074219 183.23728942871094 296.9237976074219
188.93417358398438 204.1304473876953 296.16063690185547 204.1304473876953 296.16063690185547 297.9251174926758 188.93417358398438 297.9251174926758
189.8612518310547 203.10183715820312 299.2957763671875 203.10183715820312 299.2957763671875 298.70079803466797 189.8612518310547 298.70079803466797
198.8035888671875 202.9944305419922 308.6271743774414 202.9944305419922 308.6271743774414 297.3429489135742 198.8035888671875 297.3429489135742
203.38754272460938 201.73153686523438 315.6694869995117 201.73153686523438 315.6694869995117 296.5822067260742 203.38754272460938 296.5822067260742
216.08004760742188 202.13919067382812 324.4762725830078 202.13919067382812 324.4762725830078 293.8993835449219 216.08004760742188 293.8993835449219
231.6741180419922 200.17520141601562 334.4979705810547 200.17520141601562 334.4979705810547 289.9877471923828 231.6741180419922 289.9877471923828
235.61306762695312 198.3394317626953 338.0284118652344 198.3394317626953 338.0284118652344 287.8934631347656 235.61306762695312 287.8934631347656
240.0703125 201.12289428710938 345.00238037109375 201.12289428710938 345.00238037109375 292.0144805908203 240.0703125 292.0144805908203
244.4407501220703 197.94119262695312 349.7870864868164 197.94119262695312 349.7870864868164 289.61096954345703 244.4407501220703 289.61096954345703
253.5864715576172 202.42059326171875 361.34009552001953 202.42059326171875 361.34009552001953 292.02220153808594 253.5864715576172 292.02220153808594
262.1848449707031 204.36082458496094 370.2102508544922 204.36082458496094 370.2102508544922 291.9919738769531 262.1848449707031 291.9919738769531
272.14910888671875 201.86468505859375 380.0184097290039 201.86468505859375 380.0184097290039 289.3619384765625 272.14910888671875 289.3619384765625
282.4393005371094 202.9839324951172 386.9266815185547 202.9839324951172 386.9266815185547 289.0584487915039 282.4393005371094 289.0584487915039
275.78253173828125 202.0172119140625 379.82794189453125 202.0172119140625 379.82794189453125 285.5888900756836 275.78253173828125 285.5888900756836
235.81289672851562 203.1446990966797 345.8993682861328 203.1446990966797 345.8993682861328 289.26373291015625 235.81289672851562 289.26373291015625
194.56637573242188 206.18685913085938 306.4088592529297 206.18685913085938 306.4088592529297 291.02716064453125 194.56637573242188 291.02716064453125
174.9447784423828 200.8784637451172 286.7802734375 200.8784637451172 286.7802734375 288.0380096435547 174.9447784423828 288.0380096435547
152.93060302734375 200.17068481445312 260.85691833496094 200.17068481445312 260.85691833496094 286.9386520385742 152.93060302734375 286.9386520385742
164.09877014160156 198.6368865966797 267.10306549072266 198.6368865966797 267.10306549072266 288.5348815917969 164.09877014160156 288.5348815917969
175.83236694335938 194.0609893798828 276.254150390625 194.0609893798828 276.254150390625 288.3765563964844 175.83236694335938 288.3765563964844
180.4898223876953 191.23109436035156 281.8415222167969 191.23109436035156 281.8415222167969 285.1417465209961 180.4898223876953 285.1417465209961
189.43862915039062 195.21737670898438 291.4951629638672 195.21737670898438 291.4951629638672 290.8816223144531 189.43862915039062 290.8816223144531
194.7384796142578 197.34634399414062 293.4707794189453 197.34634399414062 293.4707794189453 289.3770980834961 194.7384796142578 289.3770980834961
205.519287109375 194.36947631835938 302.76696014404297 194.36947631835938 302.76696014404297 290.5172576904297 205.519287109375 290.5172576904297
213.73721313476562 197.30618286132812 308.4007339477539 197.30618286132812 308.4007339477539 289.07879638671875 213.73721313476562 289.07879638671875
232.1251678466797 199.6165313720703 335.5131530761719 199.6165313720703 335.5131530761719 285.4656066894531 232.1251678466797 285.4656066894531
238.1175079345703 194.48455810546875 337.68741607666016 194.48455810546875 337.68741607666016 287.54659271240234 238.1175079345703 287.54659271240234
257.68817138671875 193.92666625976562 352.8689422607422 193.92666625976562 352.8689422607422 288.4595184326172 257.68817138671875 288.4595184326172
263.22613525390625 195.30410766601562 360.9772491455078 195.30410766601562 360.9772491455078 289.9899444580078 263.22613525390625 289.9899444580078
277.95916748046875 190.70143127441406 372.9588165283203 190.70143127441406 372.9588165283203 287.1434783935547 277.95916748046875 287.1434783935547
283.92474365234375 192.81417846679688 378.5298080444336 192.81417846679688 378.5298080444336 287.25270080566406 283.92474365234375 287.25270080566406
290.6875915527344 197.00045776367188 385.2969741821289 197.00045776367188 385.2969741821289 287.74424743652344 290.6875915527344 287.74424743652344
301.0039978027344 195.2294921875 393.2864532470703 195.2294921875 393.2864532470703 285.1966323852539 301.0039978027344 285.1966323852539
319.580078125 193.22360229492188 414.70691680908203 193.22360229492188 414.70691680908203 282.2041320800781 319.580078125 282.2041320800781
333.03643798828125 194.52598571777344 425.99098205566406 194.52598571777344 425.99098205566406 282.43856048583984 333.03643798828125 282.43856048583984
338.68011474609375 196.7323455810547 432.33201599121094 196.7323455810547 432.33201599121094 283.4934997558594 338.68011474609375 283.4934997558594
340.4985046386719 196.96267700195312 437.8886260986328 196.96267700195312 437.8886260986328 280.8806915283203 340.4985046386719 280.8806915283203
299.07757568359375 194.86911010742188 402.85269927978516 194.86911010742188 402.85269927978516 279.05592346191406 299.07757568359375 279.05592346191406
271.9092712402344 196.23602294921875 373.1554946899414 196.23602294921875 373.1554946899414 280.1439666748047 271.9092712402344 280.1439666748047
278.47723388671875 193.5508270263672 376.00753021240234 193.5508270263672 376.00753021240234 278.4949264526367 278.47723388671875 278.4949264526367
292.23992919921875 193.86868286132812 385.7945327758789 193.86868286132812 385.7945327758789 281.3255920410156 292.23992919921875 281.3255920410156
296.69500732421875 195.31991577148438 392.6797180175781 195.31991577148438 392.6797180175781 281.5968933105469 296.69500732421875 281.5968933105469
312.2063903808594 192.3160858154297 406.6095199584961 192.3160858154297 406.6095199584961 278.1903762817383 312.2063903808594 278.1903762817383
325.84326171875 191.2115936279297 419.41487884521484 191.2115936279297 419.41487884521484 281.22882080078125 325.84326171875 281.22882080078125
330.37066650390625 190.2074737548828 423.68929290771484 190.2074737548828 423.68929290771484 279.2237854003906 330.37066650390625 279.2237854003906
347.1537170410156 186.74166870117188 437.8304138183594 186.74166870117188 437.8304138183594 276.2039489746094 347.1537170410156 276.2039489746094
333.9341735839844 190.57986450195312 430.7080383300781 190.57986450195312 430.7080383300781 272.13843536376953 333.9341735839844 272.13843536376953
315.92828369140625 193.83839416503906 409.19288635253906 193.83839416503906 409.19288635253906 275.3413391113281 315.92828369140625 275.3413391113281
285.7186279296875 198.87124633789062 379.2931213378906 198.87124633789062 379.2931213378906 276.57164001464844 285.7186279296875 276.57164001464844
269.23089599609375 195.70217895507812 361.7155456542969 195.70217895507812 361.7155456542969 272.4976043701172 269.23089599609375 272.4976043701172
254.64529418945312 190.8930206298828 346.95594787597656 190.8930206298828 346.95594787597656 267.5439758300781 254.64529418945312 267.5439758300781
209.6577606201172 198.08404541015625 303.4414978027344 198.08404541015625 303.4414978027344 275.95819091796875 209.6577606201172 275.95819091796875
174.4807586669922 193.85638427734375 273.6608352661133 193.85638427734375 273.6608352661133 272.47535705566406 174.4807586669922 272.47535705566406
147.4481964111328 197.3524627685547 239.4517822265625 197.3524627685547 239.4517822265625 273.7484436035156 147.4481964111328 273.7484436035156
113.60369873046875 195.12234497070312 213.15917205810547 195.12234497070312 213.15917205810547 271.9992141723633 113.60369873046875 271.9992141723633
82.4538345336914 197.37112426757812 173.7749481201172 197.37112426757812 173.7749481201172 273.2004089355469 82.4538345336914 273.2004089355469
61.833168029785156 194.74452209472656 154.79938507080078 194.74452209472656 154.79938507080078 271.93983459472656 61.833168029785156 271.93983459472656
27.19809913635254 196.858642578125 120.27572059631348 196.858642578125 120.27572059631348 274.1464614868164 27.19809913635254 274.1464614868164
1.1978561878204346 198.72622680664062 92.42730259895325 198.72622680664062 92.42730259895325 274.4794006347656 1.1978561878204346 274.4794006347656
-6.866017818450928 180.65023803710938 85.67629480361938 180.65023803710938 85.67629480361938 257.4935607910156 -6.866017818450928 257.4935607910156
-0.033310700207948685 192.4150848388672 92.36780471727252 192.4150848388672 92.36780471727252 269.1411666870117 -0.033310700207948685 269.1411666870117
46.896202087402344 200.50881958007812 137.5333023071289 200.50881958007812 137.5333023071289 275.77013397216797 46.896202087402344 275.77013397216797
48.37125778198242 194.4144287109375 139.09076309204102 194.4144287109375 139.09076309204102 269.7441635131836 48.37125778198242 269.7441635131836
35.893043518066406 202.72119140625 127.41633605957031 202.72119140625 127.41633605957031 278.7183532714844 35.893043518066406 278.7183532714844
58.516029357910156 201.51904296875 149.1919708251953 201.51904296875 149.1919708251953 276.81260681152344 58.516029357910156 276.81260681152344
34.184661865234375 197.53964233398438 128.07615661621094 197.53964233398438 128.07615661621094 275.82483673095703 34.184661865234375 275.82483673095703
37.855430603027344 197.5371856689453 131.68275451660156 197.5371856689453 131.68275451660156 277.2615966796875 37.855430603027344 277.2615966796875
50.72736740112305 200.7819061279297 146.9394416809082 200.7819061279297 146.9394416809082 282.81842041015625 50.72736740112305 282.81842041015625
42.549556732177734 197.01309204101562 139.39078903198242 197.01309204101562 139.39078903198242 280.25550842285156 42.549556732177734 280.25550842285156
50.360870361328125 196.1123046875 145.9544219970703 196.1123046875 145.9544219970703 279.99837493896484 50.360870361328125 279.99837493896484
32.345394134521484 189.79376220703125 123.5455436706543 189.79376220703125 123.5455436706543 275.47290802001953 32.345394134521484 275.47290802001953
48.54754638671875 194.10818481445312 140.1898193359375 194.10818481445312 140.1898193359375 275.1610565185547 48.54754638671875 275.1610565185547
59.92329025268555 189.415283203125 150.1243019104004 189.415283203125 150.1243019104004 271.97174072265625 59.92329025268555 271.97174072265625
69.45579528808594 192.88221740722656 161.47296142578125 192.88221740722656 161.47296142578125 277.5084228515625 69.45579528808594 277.5084228515625
81.08739471435547 192.61572265625 175.07061004638672 192.61572265625 175.07061004638672 275.32262420654297 81.08739471435547 275.32262420654297
97.98255920410156 195.1358184814453 193.9559097290039 195.1358184814453 193.9559097290039 276.5516891479492 97.98255920410156 276.5516891479492
113.0075912475586 192.5012969970703 210.6993408203125 192.5012969970703 210.6993408203125 276.4841003417969 113.0075912475586 276.4841003417969
120.01234436035156 189.9576873779297 219.35098266601562 189.9576873779297 219.35098266601562 275.5125732421875 120.01234436035156 275.5125732421875
130.13327026367188 188.37234497070312 230.76629638671875 188.37234497070312 230.76629638671875 273.31641387939453 130.13327026367188 273.31641387939453
145.74948120117188 186.86026000976562 240.57249450683594 186.86026000976562 240.57249450683594 274.8439483642578 145.74948120117188 274.8439483642578
157.56402587890625 185.58326721191406 251.12498474121094 185.58326721191406 251.12498474121094 272.29906463623047 157.56402587890625 272.29906463623047
170.6639862060547 174.40283203125 263.5242385864258 174.40283203125 263.5242385864258 256.75972747802734 170.6639862060547 256.75972747802734
198.6813507080078 182.866455078125 291.3675537109375 182.866455078125 291.3675537109375 259.82923889160156 198.6813507080078 259.82923889160156
188.53147888183594 181.37449645996094 281.4922103881836 181.37449645996094 281.4922103881836 258.5652313232422 188.53147888183594 258.5652313232422
211.70687866210938 179.2642364501953 304.4627151489258 179.2642364501953 304.4627151489258 256.2848434448242 211.70687866210938 256.2848434448242
248.24081420898438 164.2626190185547 340.29876708984375 164.2626190185547 340.29876708984375 240.7037353515625 248.24081420898438 240.7037353515625
247.9229278564453 183.55410766601562 341.42154693603516 183.55410766601562 341.42154693603516 261.19149017333984 247.9229278564453 261.19149017333984
