206.0 174.0 277.0 174.0 277.0 231.0 206.0 231.0
206.8301544189453 174.13308715820312 277.4504699707031 174.13308715820312 277.4504699707031 231.55479049682617 206.8301544189453 231.55479049682617
206.8421630859375 174.65020751953125 276.7427062988281 174.65020751953125 276.7427062988281 231.71453094482422 206.8421630859375 231.71453094482422
205.8656005859375 175.15518188476562 276.82383728027344 175.15518188476562 276.82383728027344 230.9488754272461 205.8656005859375 230.9488754272461
206.8119659423828 174.1678009033203 277.49060821533203 174.1678009033203 277.49060821533203 230.8649559020996 206.8119659423828 230.8649559020996
205.9026641845703 174.16510009765625 277.9164047241211 174.16510009765625 277.9164047241211 230.9013786315918 205.9026641845703 230.9013786315918
205.51095581054688 174.7793731689453 276.96680450439453 174.7793731689453 276.96680450439453 231.16920471191406 205.51095581054688 231.16920471191406
206.302734375 174.1844024658203 277.70977783203125 174.1844024658203 277.70977783203125 231.6316795349121 206.302734375 231.6316795349121
206.1657257080078 174.4864044189453 277.1934051513672 174.4864044189453 277.1934051513672 231.33617401123047 206.1657257080078 231.33617401123047
207.04153442382812 174.6154327392578 277.30125427246094 174.6154327392578 277.30125427246094 230.91187286376953 207.04153442382812 230.91187286376953
206.44961547851562 173.81942749023438 276.83824157714844 173.81942749023438 276.83824157714844 230.8011245727539 206.44961547851562 230.8011245727539
206.3859405517578 174.2195587158203 277.42144775390625 174.2195587158203 277.42144775390625 231.0000877380371 206.3859405517578 231.0000877380371
206.3537139892578 174.3719024658203 277.8156433105469 174.3719024658203 277.8156433105469 230.9348487854004 206.3537139892578 230.9348487854004
206.3839874267578 174.82394409179688 277.45081329345703 174.82394409179688 277.45081329345703 231.4653091430664 206.3839874267578 231.4653091430664
205.9307861328125 174.7821044921875 277.11639404296875 174.7821044921875 277.11639404296875 231.03767013549805 205.9307861328125 231.03767013549805
205.96481323242188 174.63356018066406 277.33555603027344 174.63356018066406 277.33555603027344 230.93214416503906 205.96481323242188 230.93214416503906
206.363525390625 174.27053833007812 277.50621032714844 174.27053833007812 277.50621032714844 230.8003158569336 206.363525390625 230.8003158569336
206.0128631591797 174.79391479492188 276.63924407958984 174.79391479492188 276.63924407958984 230.7967300415039 206.0128631591797 230.7967300415039
205.8218231201172 175.08192443847656 277.30248260498047 175.08192443847656 277.30248260498047 231.0979881286621 205.8218231201172 231.0979881286621
207.09487915039062 174.65182495117188 277.7622833251953 174.65182495117188 277.7622833251953 231.71749877929688 207.09487915039062 231.71749877929688
206.2501220703125 174.28823852539062 277.137939453125 174.28823852539062 277.137939453125 231.57157135009766 206.2501220703125 231.57157135009766
206.5890655517578 174.26943969726562 277.5336456298828 174.26943969726562 277.5336456298828 230.95356369018555 206.5890655517578 230.95356369018555
206.36514282226562 173.81448364257812 277.3497009277344 173.81448364257812 277.3497009277344 230.89641189575195 206.36514282226562 230.89641189575195
205.5723876953125 175.182861328125 276.8855209350586 175.182861328125 276.8855209350586 231.60977172851562 205.5723876953125 231.60977172851562
206.0020751953125 175.12985229492188 276.92518615722656 175.12985229492188 276.92518615722656 232.06785202026367 206.0020751953125 232.06785202026367
206.0679473876953 175.26593017578125 276.98773193359375 175.26593017578125 276.98773193359375 231.61482620239258 206.0679473876953 231.61482620239258
205.9766082763672 175.0604705810547 278.23785400390625 175.0604705810547 278.23785400390625 230.91732025146484 205.9766082763672 230.91732025146484
207.17025756835938 174.9443359375 276.21788024902344 174.9443359375 276.21788024902344 230.536865234375 207.17025756835938 230.536865234375
206.8455047607422 174.92201232910156 277.6073913574219 174.92201232910156 277.6073913574219 231.6074981689453 206.8455047607422 231.6074981689453
206.6807098388672 175.80496215820312 277.123046875 175.80496215820312 277.123046875 232.09705352783203 206.6807098388672 232.09705352783203
206.2101593017578 176.53233337402344 277.6144561767578 176.53233337402344 277.6144561767578 231.6724090576172 206.2101593017578 231.6724090576172
205.8129119873047 175.87513732910156 278.4126434326172 175.87513732910156 278.4126434326172 231.26345443725586 205.8129119873047 231.26345443725586
206.19107055664062 175.1017608642578 277.4634552001953 175.1017608642578 277.4634552001953 229.91505432128906 206.19107055664062 229.91505432128906
205.8371124267578 176.16531372070312 276.94287109375 176.16531372070312 276.94287109375 230.58554077148438 205.8371124267578 230.58554077148438
204.1731414794922 175.45425415039062 278.00516510009766 175.45425415039062 278.00516510009766 229.5902214050293 204.1731414794922 229.5902214050293
202.57241821289062 176.3917694091797 275.8674545288086 176.3917694091797 275.8674545288086 230.88193130493164 202.57241821289062 230.88193130493164
200.26724243164062 175.84181213378906 279.4338836669922 175.84181213378906 279.4338836669922 229.78861236572266 200.26724243164062 229.78861236572266
206.7509002685547 173.7767333984375 279.85289764404297 173.7767333984375 279.85289764404297 228.49868774414062 206.7509002685547 228.49868774414062
205.8375244140625 173.90890502929688 277.3036422729492 173.90890502929688 277.3036422729492 229.1830062866211 205.8375244140625 229.1830062866211
206.45578002929688 174.59323120117188 277.3481750488281 174.59323120117188 277.3481750488281 229.88920974731445 206.45578002929688 229.88920974731445
207.762451171875 174.70460510253906 277.50872802734375 174.70460510253906 277.50872802734375 231.95428085327148 207.762451171875 231.95428085327148
206.4441680908203 175.1000213623047 277.62081146240234 175.1000213623047 277.62081146240234 231.41217803955078 206.4441680908203 231.41217803955078
205.50595092773438 174.18667602539062 277.6456604003906 174.18667602539062 277.6456604003906 231.20536422729492 205.50595092773438 231.20536422729492
204.23757934570312 174.3087921142578 277.46583557128906 174.3087921142578 277.46583557128906 231.21277236938477 204.23757934570312 231.21277236938477
204.87515258789062 173.9882354736328 277.88157653808594 173.9882354736328 277.88157653808594 230.9442481994629 204.87515258789062 230.9442481994629
205.630615234375 174.67788696289062 277.59112548828125 174.67788696289062 277.59112548828125 231.8055648803711 205.630615234375 231.8055648803711
206.54867553710938 175.26522827148438 277.39183044433594 175.26522827148438 277.39183044433594 231.51577758789062 206.54867553710938 231.51577758789062
206.1619873046875 175.00440979003906 277.7040557861328 175.00440979003906 277.7040557861328 231.36157608032227 206.1619873046875 231.36157608032227
206.1166534423828 173.5538330078125 278.1116638183594 173.5538330078125 278.1116638183594 230.58158111572266 206.1166534423828 230.58158111572266
206.1571502685547 174.2693634033203 276.7470397949219 174.2693634033203 276.7470397949219 230.96837615966797 206.1571502685547 230.96837615966797
205.25296020507812 173.90066528320312 277.10144805908203 173.90066528320312 277.10144805908203 231.02875900268555 205.25296020507812 231.02875900268555
205.610595703125 174.4573211669922 277.87191009521484 174.4573211669922 277.87191009521484 231.76987075805664 205.610595703125 231.76987075805664
206.3752899169922 174.48721313476562 277.97669219970703 174.48721313476562 277.97669219970703 231.54327392578125 206.3752899169922 231.54327392578125
206.1937255859375 174.94674682617188 276.9333267211914 174.94674682617188 276.9333267211914 231.63721466064453 206.1937255859375 231.63721466064453
205.5655059814453 173.48928833007812 278.00262451171875 173.48928833007812 278.00262451171875 230.77616119384766 205.5655059814453 230.77616119384766
206.3567352294922 174.02627563476562 277.05104064941406 174.02627563476562 277.05104064941406 230.5770378112793 206.3567352294922 230.5770378112793
206.2771453857422 174.68740844726562 276.0913314819336 174.68740844726562 276.0913314819336 231.10763549804688 206.2771453857422 231.10763549804688
206.3532257080078 175.1800994873047 277.1475830078125 175.1800994873047 277.1475830078125 232.14306259155273 206.3532257080078 232.14306259155273
206.37673950195312 175.03585815429688 277.41564178466797 175.03585815429688 277.41564178466797 231.59441375732422 206.37673950195312 231.59441375732422
206.20248413085938 174.1675262451172 277.66197204589844 174.1675262451172 277.66197204589844 231.0108413696289 206.20248413085938 231.0108413696289
206.3119354248047 173.6058807373047 276.56436920166016 173.6058807373047 276.56436920166016 230.56260681152344 206.3119354248047 230.56260681152344
205.58261108398438 173.89944458007812 277.2461624145508 173.89944458007812 277.2461624145508 230.96989059448242 205.58261108398438 230.96989059448242
206.05203247070312 174.7165069580078 277.1850280761719 174.7165069580078 277.1850280761719 231.33230209350586 206.05203247070312 231.33230209350586
206.08010864257812 174.95974731445312 277.01983642578125 174.95974731445312 277.01983642578125 231.62824630737305 206.08010864257812 231.62824630737305
206.09762573242188 175.0482940673828 277.7277297973633 175.0482940673828 277.7277297973633 231.52707290649414 206.09762573242188 231.52707290649414
205.8984375 173.6547393798828 276.99686431884766 173.6547393798828 276.99686431884766 231.0323829650879 205.8984375 231.0323829650879
205.7583465576172 174.16036987304688 276.9362030029297 174.16036987304688 276.9362030029297 230.59900665283203 205.7583465576172 230.59900665283203
205.81607055664062 173.78988647460938 277.6383972167969 173.78988647460938 277.6383972167969 230.63702392578125 205.81607055664062 230.63702392578125
205.70626831054688 174.9434814453125 277.6986618041992 174.9434814453125 277.6986618041992 231.80491256713867 205.70626831054688 231.80491256713867
206.74032592773438 175.25137329101562 277.4879837036133 175.25137329101562 277.4879837036133 232.25684356689453 206.74032592773438 232.25684356689453
206.5126953125 174.5058135986328 277.64862060546875 174.5058135986328 277.64862060546875 231.13286590576172 206.5126953125 231.13286590576172
206.0829315185547 173.5500030517578 277.7934265136719 173.5500030517578 277.7934265136719 230.75296783447266 206.0829315185547 230.75296783447266
205.7598114013672 174.01390075683594 276.9517593383789 174.01390075683594 276.9517593383789 230.80169296264648 205.7598114013672 230.80169296264648
206.25607299804688 173.99569702148438 277.3908920288086 173.99569702148438 277.3908920288086 230.9796028137207 206.25607299804688 230.9796028137207
206.23593139648438 174.5071258544922 277.46092987060547 174.5071258544922 277.46092987060547 231.4967384338379 206.23593139648438 231.4967384338379
206.2370147705078 175.34182739257812 277.2112274169922 175.34182739257812 277.2112274169922 232.26240921020508 206.2370147705078 232.26240921020508
205.820556640625 174.1365966796875 278.1444396972656 174.1365966796875 278.1444396972656 230.87877655029297 205.820556640625 230.87877655029297
206.04208374023438 173.67922973632812 277.2640686035156 173.67922973632812 277.2640686035156 230.50979614257812 206.04208374023438 230.50979614257812
206.4033966064453 173.5084686279297 277.8013916015625 173.5084686279297 277.8013916015625 230.47264862060547 206.4033966064453 230.47264862060547
205.8637237548828 173.9627227783203 276.96361541748047 173.9627227783203 276.96361541748047 231.36851501464844 205.8637237548828 231.36851501464844
206.3112335205078 174.66810607910156 278.6014099121094 174.66810607910156 278.6014099121094 231.68720245361328 206.3112335205078 231.68720245361328
206.5946502685547 174.8199005126953 277.97398376464844 174.8199005126953 277.97398376464844 231.35272598266602 206.5946502685547 231.35272598266602
206.3623504638672 173.87423706054688 277.3670120239258 173.87423706054688 277.3670120239258 230.91347122192383 206.3623504638672 230.91347122192383
206.5277557373047 173.9676971435547 276.9406433105469 173.9676971435547 276.9406433105469 230.44897079467773 206.5277557373047 230.44897079467773
206.2823028564453 173.8632049560547 277.5848159790039 173.8632049560547 277.5848159790039 230.76853942871094 206.2823028564453 230.76853942871094
206.5688018798828 174.8504638671875 277.78849029541016 174.8504638671875 277.78849029541016 231.55793380737305 206.5688018798828 231.55793380737305
206.5907440185547 175.22705078125 278.0584487915039 175.22705078125 278.0584487915039 231.90141677856445 206.5907440185547 231.90141677856445
205.9763641357422 174.34898376464844 277.6960983276367 174.34898376464844 277.6960983276367 231.24298858642578 205.9763641357422 231.24298858642578
206.31094360351562 173.85130310058594 277.12721252441406 173.85130310058594 277.12721252441406 230.67131805419922 206.31094360351562 230.67131805419922
206.0955810546875 173.91152954101562 277.67317962646484 173.91152954101562 277.67317962646484 230.81603240966797 206.0955810546875 230.81603240966797
206.0940399169922 174.4754180908203 277.88348388671875 174.4754180908203 277.88348388671875 231.97243881225586 206.0940399169922 231.97243881225586
206.25625610351562 174.7110137939453 277.38490295410156 174.7110137939453 277.38490295410156 231.70038223266602 206.25625610351562 231.70038223266602
206.4106903076172 174.12367248535156 277.1021423339844 174.12367248535156 277.1021423339844 231.13440704345703 206.4106903076172 231.13440704345703
206.5239715576172 173.82272338867188 277.1689453125 173.82272338867188 277.1689453125 230.57441329956055 206.5239715576172 230.57441329956055
205.78494262695312 174.72091674804688 277.7477111816406 174.72091674804688 277.7477111816406 231.81851959228516 205.78494262695312 231.81851959228516
206.21347045898438 174.68736267089844 278.1659469604492 174.68736267089844 278.1659469604492 231.42355728149414 206.21347045898438 231.42355728149414
205.3473358154297 174.31346130371094 277.2686462402344 174.31346130371094 277.2686462402344 230.89087295532227 205.3473358154297 230.89087295532227
206.6323699951172 174.07925415039062 277.0264434814453 174.07925415039062 277.0264434814453 230.4234733581543 206.6323699951172 230.4234733581543
206.4298095703125 173.85031127929688 277.613037109375 173.85031127929688 277.613037109375 231.35393524169922 206.4298095703125 231.35393524169922
206.34439086914062 174.9950714111328 277.7138977050781 174.9950714111328 277.7138977050781 232.17062759399414 206.34439086914062 232.17062759399414
206.0738067626953 174.44509887695312 277.23561096191406 174.44509887695312 277.23561096191406 230.83695220947266 206.0738067626953 230.83695220947266
205.7954864501953 173.8187255859375 277.1036376953125 173.8187255859375 277.1036376953125 230.3309097290039 205.7954864501953 230.3309097290039
206.4139862060547 173.6287078857422 277.41625213623047 173.6287078857422 277.41625213623047 230.4786148071289 206.4139862060547 230.4786148071289
205.6735076904297 174.51144409179688 277.25164794921875 174.51144409179688 277.25164794921875 231.49857711791992 205.6735076904297 231.49857711791992
205.80322265625 175.2733612060547 278.23766326904297 175.2733612060547 278.23766326904297 232.07854461669922 205.80322265625 232.07854461669922
206.33511352539062 174.16783142089844 277.9200134277344 174.16783142089844 277.9200134277344 231.38339614868164 206.33511352539062 231.38339614868164
205.5286102294922 174.15219116210938 277.31139373779297 174.15219116210938 277.31139373779297 230.34489059448242 205.5286102294922 230.34489059448242
205.8759765625 174.2138671875 277.5835494995117 174.2138671875 277.5835494995117 230.46013259887695 205.8759765625 230.46013259887695
206.2327423095703 174.02413940429688 278.0312042236328 174.02413940429688 278.0312042236328 231.81142044067383 206.2327423095703 231.81142044067383
206.0521240234375 174.65383911132812 277.7042007446289 174.65383911132812 277.7042007446289 231.93914794921875 206.0521240234375 231.93914794921875
206.09786987304688 174.5648651123047 277.07518005371094 174.5648651123047 277.07518005371094 231.21058654785156 206.09786987304688 231.21058654785156
205.69906616210938 174.15589904785156 276.2894592285156 174.15589904785156 276.2894592285156 230.78118133544922 205.69906616210938 230.78118133544922
205.6710662841797 174.08865356445312 277.19517517089844 174.08865356445312 277.19517517089844 230.88734817504883 205.6710662841797 230.88734817504883
205.93679809570312 174.0360565185547 278.11305236816406 174.0360565185547 278.11305236816406 231.46858978271484 205.93679809570312 231.46858978271484
206.23342895507812 175.23843383789062 276.71341705322266 175.23843383789062 276.71341705322266 232.4559440612793 206.23342895507812 232.4559440612793
205.60012817382812 174.28335571289062 277.7998580932617 174.28335571289062 277.7998580932617 231.75265502929688 205.60012817382812 231.75265502929688
205.23416137695312 173.91844177246094 277.57637786865234 173.91844177246094 277.57637786865234 230.4875717163086 205.23416137695312 230.4875717163086
206.1471405029297 173.3616943359375 277.51619720458984 173.3616943359375 277.51619720458984 230.0446548461914 206.1471405029297 230.0446548461914
205.90896606445312 174.49520874023438 278.1046600341797 174.49520874023438 278.1046600341797 231.25532150268555 205.90896606445312 231.25532150268555
205.9051513671875 175.43710327148438 278.40804290771484 175.43710327148438 278.40804290771484 231.44558715820312 205.9051513671875 231.44558715820312
205.6939239501953 174.8417510986328 277.7366027832031 174.8417510986328 277.7366027832031 231.2059783935547 205.6939239501953 231.2059783935547
204.37991333007812 173.4751434326172 277.58853912353516 173.4751434326172 277.58853912353516 230.48949432373047 204.37991333007812 230.48949432373047
205.0972137451172 173.93588256835938 277.61328125 173.93588256835938 277.61328125 230.83660888671875 205.0972137451172 230.83660888671875
205.3214111328125 174.9307861328125 277.7809600830078 174.9307861328125 277.7809600830078 231.60693359375 205.3214111328125 231.60693359375
205.9830322265625 174.45925903320312 277.80924224853516 174.45925903320312 277.80924224853516 231.8602180480957 205.9830322265625 231.8602180480957
205.5939483642578 174.2241668701172 277.1786193847656 174.2241668701172 277.1786193847656 230.81793594360352 205.5939483642578 230.81793594360352
205.48275756835938 173.66567993164062 278.0023498535156 173.66567993164062 278.0023498535156 230.61478805541992 205.48275756835938 230.61478805541992
206.17434692382812 173.8560028076172 277.77626037597656 173.8560028076172 277.77626037597656 230.25116729736328 206.17434692382812 230.25116729736328
206.109375 174.79544067382812 278.4263381958008 174.79544067382812 278.4263381958008 231.78119659423828 206.109375 231.78119659423828
205.7925567626953 175.0998077392578 277.3841552734375 175.0998077392578 277.3841552734375 231.76068878173828 205.7925567626953 231.76068878173828
206.04965209960938 174.02203369140625 278.41722106933594 174.02203369140625 278.41722106933594 230.66519927978516 206.04965209960938 230.66519927978516
205.6404266357422 173.39926147460938 277.4937744140625 173.39926147460938 277.4937744140625 230.61043548583984 205.6404266357422 230.61043548583984
206.0205535888672 173.42221069335938 277.59033966064453 173.42221069335938 277.59033966064453 230.29953002929688 206.0205535888672 230.29953002929688
205.9961395263672 174.114990234375 277.8865051269531 174.114990234375 277.8865051269531 232.00619506835938 205.9961395263672 232.00619506835938
206.2454071044922 173.79983520507812 277.88018798828125 173.79983520507812 277.88018798828125 230.96427154541016 206.2454071044922 230.96427154541016
205.9430389404297 174.02890014648438 277.31815338134766 174.02890014648438 277.31815338134766 231.23089599609375 205.9430389404297 231.23089599609375
205.20651245117188 172.87008666992188 277.6269073486328 172.87008666992188 277.6269073486328 230.11080932617188 205.20651245117188 230.11080932617188
205.85714721679688 174.45265197753906 277.91180419921875 174.45265197753906 277.91180419921875 231.79640197753906 205.85714721679688 231.79640197753906
205.63418579101562 175.2500762939453 278.11544036865234 175.2500762939453 278.11544036865234 231.73959732055664 205.63418579101562 231.73959732055664
206.2787628173828 174.98187255859375 278.67381286621094 174.98187255859375 278.67381286621094 231.9501838684082 206.2787628173828 231.9501838684082
205.4198455810547 172.52932739257812 277.8518524169922 172.52932739257812 277.8518524169922 230.88533401489258 205.4198455810547 230.88533401489258
205.6317596435547 173.94808959960938 277.78680419921875 173.94808959960938 277.78680419921875 231.67718505859375 205.6317596435547 231.67718505859375
205.2641143798828 173.6053466796875 278.6946716308594 173.6053466796875 278.6946716308594 231.27108001708984 205.2641143798828 231.27108001708984
206.0626983642578 174.8778533935547 281.3326644897461 174.8778533935547 281.3326644897461 233.9958267211914 206.0626983642578 233.9958267211914
205.52737426757812 175.108154296875 281.2737731933594 175.108154296875 281.2737731933594 233.46005249023438 205.52737426757812 233.46005249023438
203.96868896484375 174.0002899169922 279.8747787475586 174.0002899169922 279.8747787475586 232.48638534545898 203.96868896484375 232.48638534545898
202.38287353515625 174.2781982421875 279.5038604736328 174.2781982421875 279.5038604736328 231.69805908203125 202.38287353515625 231.69805908203125
201.2752227783203 175.2470245361328 280.3038635253906 175.2470245361328 280.3038635253906 233.64167022705078 201.2752227783203 233.64167022705078
201.0399627685547 175.57838439941406 278.45263671875 175.57838439941406 278.45263671875 234.62783432006836 201.0399627685547 234.62783432006836
199.64605712890625 174.57321166992188 278.59368896484375 174.57321166992188 278.59368896484375 235.18836212158203 199.64605712890625 235.18836212158203
189.83499145507812 168.8723907470703 273.74058532714844 168.8723907470703 273.74058532714844 236.23322296142578 189.83499145507812 236.23322296142578
192.6863555908203 165.8014373779297 277.1463928222656 165.8014373779297 277.1463928222656 233.60739135742188 192.6863555908203 233.60739135742188
197.34744262695312 172.69998168945312 281.1767272949219 172.69998168945312 281.1767272949219 231.9334945678711 197.34744262695312 231.9334945678711
196.98739624023438 174.0618133544922 280.27747344970703 174.0618133544922 280.27747344970703 229.20482635498047 196.98739624023438 229.20482635498047
199.91140747070312 176.7494659423828 284.1648406982422 176.7494659423828 284.1648406982422 233.2104835510254 199.91140747070312 233.2104835510254
201.82962036132812 175.04983520507812 280.4740524291992 175.04983520507812 280.4740524291992 231.6044692993164 201.82962036132812 231.6044692993164
205.4698944091797 174.4886932373047 279.6581115722656 174.4886932373047 279.6581115722656 231.8678321838379 205.4698944091797 231.8678321838379
204.5984344482422 175.71551513671875 277.6063766479492 175.71551513671875 277.6063766479492 232.93924713134766 204.5984344482422 232.93924713134766
205.325439453125 176.18002319335938 277.6576156616211 176.18002319335938 277.6576156616211 233.86239624023438 205.325439453125 233.86239624023438
205.22213745117188 174.4405059814453 277.8332290649414 174.4405059814453 277.8332290649414 231.2368621826172 205.22213745117188 231.2368621826172
205.2503204345703 174.19529724121094 277.86866760253906 174.19529724121094 277.86866760253906 230.95566177368164 205.2503204345703 230.95566177368164
206.02658081054688 173.3134002685547 277.7861022949219 173.3134002685547 277.7861022949219 230.45516204833984 206.02658081054688 230.45516204833984
205.84585571289062 174.40585327148438 277.7743225097656 174.40585327148438 277.7743225097656 231.8555908203125 205.84585571289062 231.8555908203125
206.10586547851562 174.73275756835938 277.4304428100586 174.73275756835938 277.4304428100586 231.92269134521484 206.10586547851562 231.92269134521484
205.5159912109375 174.0187225341797 278.11966705322266 174.0187225341797 278.11966705322266 231.03914642333984 205.5159912109375 231.03914642333984
205.8953094482422 173.55494689941406 277.0985870361328 173.55494689941406 277.0985870361328 230.7641258239746 205.8953094482422 230.7641258239746
205.11965942382812 173.66494750976562 277.10730743408203 173.66494750976562 277.10730743408203 230.71497344970703 205.11965942382812 230.71497344970703
205.53311157226562 174.23794555664062 278.1647186279297 174.23794555664062 278.1647186279297 232.26203155517578 205.53311157226562 232.26203155517578
206.40133666992188 174.01995849609375 278.52278900146484 174.01995849609375 278.52278900146484 231.6833610534668 206.40133666992188 231.6833610534668
206.0388946533203 173.79379272460938 278.14664459228516 173.79379272460938 278.14664459228516 231.9032096862793 206.0388946533203 231.9032096862793
206.1910858154297 172.97747802734375 277.46424102783203 172.97747802734375 277.46424102783203 230.6604118347168 206.1910858154297 230.6604118347168
206.1841278076172 173.82192993164062 278.16456604003906 173.82192993164062 278.16456604003906 231.3133659362793 206.1841278076172 231.3133659362793
206.13827514648438 174.49148559570312 277.43517303466797 174.49148559570312 277.43517303466797 231.79352951049805 206.13827514648438 231.79352951049805
206.048828125 174.1071319580078 277.14292907714844 174.1071319580078 277.14292907714844 231.52701568603516 206.048828125 231.52701568603516
205.25949096679688 173.66995239257812 276.9381332397461 173.66995239257812 276.9381332397461 230.79013061523438 205.25949096679688 230.79013061523438
205.75326538085938 173.50656127929688 277.3848419189453 173.50656127929688 277.3848419189453 230.3652572631836 205.75326538085938 230.3652572631836
205.5744171142578 173.9558563232422 276.33082580566406 173.9558563232422 276.33082580566406 231.36220932006836 205.5744171142578 231.36220932006836
206.489501953125 174.92742919921875 277.31504821777344 174.92742919921875 277.31504821777344 232.71631622314453 206.489501953125 232.71631622314453
205.71884155273438 173.7985382080078 277.1903533935547 173.7985382080078 277.1903533935547 230.96244049072266 205.71884155273438 230.96244049072266
205.2576904296875 173.52230834960938 276.73252868652344 173.52230834960938 276.73252868652344 230.68096923828125 205.2576904296875 230.68096923828125
205.4218292236328 174.2006072998047 277.1561050415039 174.2006072998047 277.1561050415039 231.4350128173828 205.4218292236328 231.4350128173828
206.17098999023438 173.95309448242188 278.43824768066406 173.95309448242188 278.43824768066406 232.60482788085938 206.17098999023438 232.60482788085938
206.1745147705078 173.90736389160156 278.7183532714844 173.90736389160156 278.7183532714844 232.1257553100586 206.1745147705078 232.1257553100586
205.4617462158203 173.146728515625 277.69176483154297 173.146728515625 277.69176483154297 231.47598266601562 205.4617462158203 231.47598266601562
205.25601196289062 173.33106994628906 278.51232147216797 173.33106994628906 278.51232147216797 231.59807586669922 205.25601196289062 231.59807586669922
204.9475555419922 173.1674041748047 278.6018371582031 173.1674041748047 278.6018371582031 231.76929473876953 204.9475555419922 231.76929473876953
205.024169921875 175.03700256347656 278.2276382446289 175.03700256347656 278.2276382446289 231.85541534423828 205.024169921875 231.85541534423828
205.9350128173828 174.9580535888672 280.39752197265625 174.9580535888672 280.39752197265625 232.30513763427734 205.9350128173828 232.30513763427734
205.9910430908203 173.78622436523438 279.46019744873047 173.78622436523438 279.46019744873047 231.45090866088867 205.9910430908203 231.45090866088867
207.3965606689453 175.108154296875 277.70714569091797 175.108154296875 277.70714569091797 232.62114715576172 207.3965606689453 232.62114715576172
206.13833618164062 174.960205078125 279.12984466552734 174.960205078125 279.12984466552734 232.91506958007812 206.13833618164062 232.91506958007812
206.15365600585938 176.81834411621094 279.2326354980469 176.81834411621094 279.2326354980469 234.1759490966797 206.15365600585938 234.1759490966797
204.04786682128906 175.661376953125 281.0111083984375 175.661376953125 281.0111083984375 233.14453125 204.04786682128906 233.14453125
203.69100952148438 175.61415100097656 280.70369720458984 175.61415100097656 280.70369720458984 232.11349868774414 203.69100952148438 232.11349868774414
204.30923461914062 173.99755859375 279.5240936279297 173.99755859375 279.5240936279297 232.1864242553711 204.30923461914062 232.1864242553711
203.67620849609375 174.34068298339844 279.8153610229492 174.34068298339844 279.8153610229492 231.93523788452148 203.67620849609375 231.93523788452148
203.20986938476562 175.503662109375 279.2811965942383 175.503662109375 279.2811965942383 233.1650390625 203.20986938476562 233.1650390625
203.39053344726562 175.68020629882812 279.1485137939453 175.68020629882812 279.1485137939453 232.68891143798828 203.39053344726562 232.68891143798828
201.10479736328125 174.46658325195312 278.0146026611328 174.46658325195312 278.0146026611328 231.95952224731445 201.10479736328125 231.95952224731445
200.4894256591797 174.45449829101562 275.7795639038086 174.45449829101562 275.7795639038086 231.74591827392578 200.4894256591797 231.74591827392578
198.8170623779297 173.4998321533203 275.0198059082031 173.4998321533203 275.0198059082031 231.42275619506836 198.8170623779297 231.42275619506836
201.0794677734375 174.48301696777344 275.96065521240234 174.48301696777344 275.96065521240234 232.22156524658203 201.0794677734375 232.22156524658203
201.05006408691406 174.47885131835938 276.93836212158203 174.47885131835938 276.93836212158203 230.72020721435547 201.05006408691406 230.72020721435547
201.2200164794922 174.31118774414062 274.94557189941406 174.31118774414062 274.94557189941406 231.44307327270508 201.2200164794922 231.44307327270508
203.37269592285156 173.57431030273438 277.86742401123047 173.57431030273438 277.86742401123047 229.9483757019043 203.37269592285156 229.9483757019043
202.92855834960938 173.20530700683594 275.7450408935547 173.20530700683594 275.7450408935547 230.28153228759766 202.92855834960938 230.28153228759766
206.4529571533203 174.4393768310547 276.28565216064453 174.4393768310547 276.28565216064453 230.76269912719727 206.4529571533203 230.76269912719727
207.29873657226562 174.1726837158203 277.6506881713867 174.1726837158203 277.6506881713867 232.07745742797852 207.29873657226562 232.07745742797852
205.5224609375 174.7655487060547 277.3672332763672 174.7655487060547 277.3672332763672 232.8797378540039 205.5224609375 232.8797378540039
206.19033813476562 174.69723510742188 277.10997772216797 174.69723510742188 277.10997772216797 231.78545379638672 206.19033813476562 231.78545379638672
204.2288055419922 173.80032348632812 277.44175720214844 173.80032348632812 277.44175720214844 230.43027877807617 204.2288055419922 230.43027877807617
205.3683319091797 173.58773803710938 277.89293670654297 173.58773803710938 277.89293670654297 231.28285598754883 205.3683319091797 231.28285598754883
204.70889282226562 174.20587158203125 277.5744171142578 174.20587158203125 277.5744171142578 232.01155471801758 204.70889282226562 232.01155471801758
206.0099334716797 175.06272888183594 278.2197494506836 175.06272888183594 278.2197494506836 232.12148666381836 206.0099334716797 232.12148666381836
205.4684295654297 174.08070373535156 277.59278106689453 174.08070373535156 277.59278106689453 231.29759216308594 205.4684295654297 231.29759216308594
205.98764038085938 173.60452270507812 278.0386199951172 173.60452270507812 278.0386199951172 230.68840408325195 205.98764038085938 230.68840408325195
205.88723754882812 173.7334747314453 276.33888244628906 173.7334747314453 276.33888244628906 230.95726013183594 205.88723754882812 230.95726013183594
206.0996551513672 174.52566528320312 276.9767532348633 174.52566528320312 276.9767532348633 231.69244384765625 206.0996551513672 231.69244384765625
206.3861846923828 175.1727752685547 277.71730041503906 175.1727752685547 277.71730041503906 232.2726593017578 206.3861846923828 232.2726593017578
206.2923126220703 173.96798706054688 277.9959716796875 173.96798706054688 277.9959716796875 231.51655197143555 206.2923126220703 231.51655197143555
205.335693359375 174.0696258544922 276.0253601074219 174.0696258544922 276.0253601074219 230.7228546142578 205.335693359375 230.7228546142578
205.6977081298828 174.23666381835938 277.56500244140625 174.23666381835938 277.56500244140625 230.68452072143555 205.6977081298828 230.68452072143555
205.944091796875 174.45590209960938 276.8517303466797 174.45590209960938 276.8517303466797 230.9024772644043 205.944091796875 230.9024772644043
205.59091186523438 174.03109741210938 277.62520599365234 174.03109741210938 277.62520599365234 232.02260208129883 205.59091186523438 232.02260208129883
205.92111206054688 174.59432983398438 277.0666046142578 174.59432983398438 277.0666046142578 231.90917205810547 205.92111206054688 231.90917205810547
204.69749450683594 173.29989624023438 277.7149429321289 173.29989624023438 277.7149429321289 230.65857696533203 204.69749450683594 230.65857696533203
205.8009033203125 173.4804229736328 276.8722381591797 173.4804229736328 276.8722381591797 230.6114044189453 205.8009033203125 230.6114044189453
205.50650024414062 173.46434020996094 277.2390594482422 173.46434020996094 277.2390594482422 231.0414161682129 205.50650024414062 231.0414161682129
206.1525421142578 174.35597229003906 277.6705093383789 174.35597229003906 277.6705093383789 232.0288543701172 206.1525421142578 232.0288543701172
206.29025268554688 174.1653289794922 277.95384216308594 174.1653289794922 277.95384216308594 232.14754486083984 206.29025268554688 232.14754486083984
205.8807373046875 174.47219848632812 277.56082916259766 174.47219848632812 277.56082916259766 230.86064910888672 205.8807373046875 230.86064910888672
206.1454620361328 173.57504272460938 276.8606262207031 173.57504272460938 276.8606262207031 230.57330322265625 206.1454620361328 230.57330322265625
205.08529663085938 172.81634521484375 277.5454406738281 172.81634521484375 277.5454406738281 230.85210418701172 205.08529663085938 230.85210418701172
205.8943328857422 174.6950225830078 277.775146484375 174.6950225830078 277.775146484375 232.3244171142578 205.8943328857422 232.3244171142578
206.3411865234375 174.86367797851562 278.2029266357422 174.86367797851562 278.2029266357422 232.37099075317383 206.3411865234375 232.37099075317383
204.81094360351562 173.44692993164062 278.94837188720703 173.44692993164062 278.94837188720703 230.66850662231445 204.81094360351562 230.66850662231445
205.63272094726562 173.61451721191406 277.19188690185547 173.61451721191406 277.19188690185547 230.2053451538086 205.63272094726562 230.2053451538086
205.0316925048828 172.9775390625 277.5998992919922 172.9775390625 277.5998992919922 230.02102661132812 205.0316925048828 230.02102661132812
204.2376708984375 173.56640625 278.85682678222656 173.56640625 278.85682678222656 231.22797775268555 204.2376708984375 231.22797775268555
205.4920196533203 175.11318969726562 277.10760498046875 175.11318969726562 277.10760498046875 232.39458084106445 205.4920196533203 232.39458084106445
206.0391845703125 175.33433532714844 277.4800567626953 175.33433532714844 277.4800567626953 231.8877410888672 206.0391845703125 231.8877410888672
204.6721954345703 173.62686157226562 277.77872467041016 173.62686157226562 277.77872467041016 231.62838745117188 204.6721954345703 231.62838745117188
205.5362091064453 172.47085571289062 277.7168197631836 172.47085571289062 277.7168197631836 230.1157341003418 205.5362091064453 230.1157341003418
206.0625457763672 173.57229614257812 277.92649841308594 173.57229614257812 277.92649841308594 230.37211227416992 206.0625457763672 230.37211227416992
205.54629516601562 174.50106811523438 277.8955383300781 174.50106811523438 277.8955383300781 231.98734283447266 205.54629516601562 231.98734283447266
205.78378295898438 175.00894165039062 278.2023239135742 175.00894165039062 278.2023239135742 232.46822357177734 205.78378295898438 232.46822357177734
206.03329467773438 174.01699829101562 277.82545471191406 174.01699829101562 277.82545471191406 230.8053207397461 206.03329467773438 230.8053207397461
205.30227661132812 173.28640747070312 277.77576446533203 173.28640747070312 277.77576446533203 229.92647552490234 205.30227661132812 229.92647552490234
205.09750366210938 173.7931671142578 277.21153259277344 173.7931671142578 277.21153259277344 230.62624740600586 205.09750366210938 230.62624740600586
205.70114135742188 174.2649383544922 277.71510314941406 174.2649383544922 277.71510314941406 232.0271224975586 205.70114135742188 232.0271224975586
206.6695556640625 175.63290405273438 278.5903549194336 175.63290405273438 278.5903549194336 232.93360137939453 206.6695556640625 232.93360137939453
204.84011840820312 174.62359619140625 279.0024185180664 174.62359619140625 279.0024185180664 230.86913299560547 204.84011840820312 230.86913299560547
206.14089965820312 173.62945556640625 278.1679992675781 173.62945556640625 278.1679992675781 230.40275955200195 206.14089965820312 230.40275955200195
205.4766082763672 173.76197814941406 277.9794158935547 173.76197814941406 277.9794158935547 230.32550811767578 205.4766082763672 230.32550811767578
205.0161590576172 173.10687255859375 277.9528274536133 173.10687255859375 277.9528274536133 231.3524169921875 205.0161590576172 231.3524169921875
206.375 175.5340118408203 277.27574157714844 175.5340118408203 277.27574157714844 232.87255096435547 206.375 232.87255096435547
205.66323852539062 174.9642333984375 277.7302551269531 174.9642333984375 277.7302551269531 231.5564193725586 205.66323852539062 231.5564193725586
206.14321899414062 173.39688110351562 278.2576217651367 173.39688110351562 278.2576217651367 230.59168243408203 206.14321899414062 230.59168243408203
205.4873809814453 173.35470581054688 277.1130142211914 173.35470581054688 277.1130142211914 230.75881958007812 205.4873809814453 230.75881958007812
205.85342407226562 173.75381469726562 277.5616912841797 173.75381469726562 277.5616912841797 230.99027633666992 205.85342407226562 230.99027633666992
205.6960906982422 175.3596954345703 277.1637878417969 175.3596954345703 277.1637878417969 232.54766464233398 205.6960906982422 232.54766464233398
206.2479705810547 174.8096923828125 277.32042694091797 174.8096923828125 277.32042694091797 231.70348358154297 206.2479705810547 231.70348358154297
206.13198852539062 173.33963012695312 276.7656936645508 173.33963012695312 276.7656936645508 231.28330612182617 206.13198852539062 231.28330612182617
205.40771484375 173.5832061767578 277.0721206665039 173.5832061767578 277.0721206665039 230.36075592041016 205.40771484375 230.36075592041016
205.58297729492188 173.87124633789062 276.38050079345703 173.87124633789062 276.38050079345703 230.89202117919922 205.58297729492188 230.89202117919922
205.8006134033203 174.5660858154297 277.2493591308594 174.5660858154297 277.2493591308594 231.92654037475586 205.8006134033203 231.92654037475586
206.7704315185547 175.26162719726562 277.71846771240234 175.26162719726562 277.71846771240234 232.4170913696289 206.7704315185547 232.4170913696289
206.04965209960938 174.17453002929688 278.8483123779297 174.17453002929688 278.8483123779297 231.20398712158203 206.04965209960938 231.20398712158203
205.356201171875 174.60386657714844 276.7556381225586 174.60386657714844 276.7556381225586 231.13837051391602 205.356201171875 231.13837051391602
205.5849151611328 173.58387756347656 277.34315490722656 173.58387756347656 277.34315490722656 230.41742324829102 205.5849151611328 230.41742324829102
205.2982635498047 173.51199340820312 278.0430374145508 173.51199340820312 278.0430374145508 231.60935592651367 205.2982635498047 231.60935592651367
205.78280639648438 175.25656127929688 278.19630432128906 175.25656127929688 278.19630432128906 232.46610641479492 205.78280639648438 232.46610641479492
206.11941528320312 174.44497680664062 277.62965393066406 174.44497680664062 277.62965393066406 232.08958053588867 206.11941528320312 232.08958053588867
205.8331756591797 173.54869079589844 276.8936462402344 173.54869079589844 276.8936462402344 230.59354400634766 205.8331756591797 230.59354400634766
206.0252227783203 173.48448181152344 276.9269256591797 173.48448181152344 276.9269256591797 230.77362823486328 206.0252227783203 230.77362823486328
206.4197235107422 173.49356079101562 277.6500701904297 173.49356079101562 277.6500701904297 230.96597290039062 206.4197235107422 230.96597290039062
204.89724731445312 174.3914794921875 277.8564910888672 174.3914794921875 277.8564910888672 231.78133010864258 204.89724731445312 231.78133010864258
204.7371826171875 174.25637817382812 279.0607452392578 174.25637817382812 279.0607452392578 231.3585090637207 204.7371826171875 231.3585090637207
205.9412078857422 173.44522094726562 277.9344482421875 173.44522094726562 277.9344482421875 230.81154251098633 205.9412078857422 230.81154251098633
206.0556182861328 173.53091430664062 277.09131622314453 173.53091430664062 277.09131622314453 230.8425407409668 206.0556182861328 230.8425407409668
205.9305877685547 172.87200927734375 277.689697265625 172.87200927734375 277.689697265625 230.77304077148438 205.9305877685547 230.77304077148438
205.75692749023438 174.7578125 277.96669006347656 174.7578125 277.96669006347656 231.79448318481445 205.75692749023438 231.79448318481445
206.55087280273438 173.94918823242188 277.8588333129883 173.94918823242188 277.8588333129883 232.75127410888672 206.55087280273438 232.75127410888672
205.4614715576172 174.02481079101562 278.76641845703125 174.02481079101562 278.76641845703125 231.59251022338867 205.4614715576172 231.59251022338867
205.77737426757812 172.98843383789062 277.5132598876953 172.98843383789062 277.5132598876953 230.08931732177734 205.77737426757812 230.08931732177734
205.4557342529297 173.9794921875 277.4217834472656 173.9794921875 277.4217834472656 230.21599578857422 205.4557342529297 230.21599578857422
206.15328979492188 174.01840209960938 277.5771942138672 174.01840209960938 277.5771942138672 230.23766326904297 206.15328979492188 230.23766326904297
205.9718780517578 174.78436279296875 278.4549865722656 174.78436279296875 278.4549865722656 232.7536849975586 205.9718780517578 232.7536849975586
205.34619140625 174.73699951171875 277.67186737060547 174.73699951171875 277.67186737060547 232.22405242919922 205.34619140625 232.22405242919922
205.8079833984375 173.86227416992188 277.89064025878906 173.86227416992188 277.89064025878906 230.8391227722168 205.8079833984375 230.8391227722168
205.0978240966797 173.00332641601562 276.8600540161133 173.00332641601562 276.8600540161133 230.17418670654297 205.0978240966797 230.17418670654297
205.8397674560547 173.6427001953125 277.38673400878906 173.6427001953125 277.38673400878906 230.62949752807617 205.8397674560547 230.62949752807617
205.7278289794922 174.51380920410156 277.6003112792969 174.51380920410156 277.6003112792969 231.69068145751953 205.7278289794922 231.69068145751953
205.97329711914062 175.03335571289062 277.7480926513672 175.03335571289062 277.7480926513672 232.57133102416992 205.97329711914062 232.57133102416992
206.22335815429688 174.0438690185547 277.5138397216797 174.0438690185547 277.5138397216797 232.7667694091797 206.22335815429688 232.7667694091797
205.10690307617188 173.85923767089844 276.6820602416992 173.85923767089844 276.6820602416992 230.8800811767578 205.10690307617188 230.8800811767578
205.70816040039062 173.666015625 277.38368225097656 173.666015625 277.38368225097656 230.54464721679688 205.70816040039062 230.54464721679688
205.87490844726562 173.3730926513672 277.53570556640625 173.3730926513672 277.53570556640625 230.79521942138672 205.87490844726562 230.79521942138672
205.81948852539062 175.17625427246094 277.83946990966797 175.17625427246094 277.83946990966797 232.30321502685547 205.81948852539062 232.30321502685547
206.03146362304688 174.26197814941406 278.1822280883789 174.26197814941406 278.1822280883789 231.93492889404297 206.03146362304688 231.93492889404297
206.5798797607422 174.58712768554688 277.1705551147461 174.58712768554688 277.1705551147461 231.10091400146484 206.5798797607422 231.10091400146484
204.54428100585938 172.8058624267578 277.2857971191406 172.8058624267578 277.2857971191406 230.6640396118164 204.54428100585938 230.6640396118164
204.5767059326172 172.6540985107422 277.8811340332031 172.6540985107422 277.8811340332031 231.03488540649414 204.5767059326172 231.03488540649414
206.311279296875 174.5152130126953 277.9777069091797 174.5152130126953 277.9777069091797 232.1832733154297 206.311279296875 232.1832733154297
206.6225128173828 175.0331268310547 277.46075439453125 175.0331268310547 277.46075439453125 232.44144439697266 206.6225128173828 232.44144439697266
206.40634155273438 174.4495391845703 278.52789306640625 174.4495391845703 278.52789306640625 231.91507720947266 206.40634155273438 231.91507720947266
204.5874786376953 173.74124145507812 277.62742614746094 173.74124145507812 277.62742614746094 230.14559173583984 204.5874786376953 230.14559173583984
206.2434539794922 173.44039916992188 277.3327941894531 173.44039916992188 277.3327941894531 230.7399787902832 206.2434539794922 230.7399787902832
205.14193725585938 173.98106384277344 277.26686096191406 173.98106384277344 277.26686096191406 231.7498435974121 205.14193725585938 231.7498435974121
205.7281951904297 175.1433868408203 278.1747131347656 175.1433868408203 278.1747131347656 232.2931251525879 205.7281951904297 232.2931251525879
206.4105224609375 175.1297607421875 277.75724029541016 175.1297607421875 277.75724029541016 232.50505447387695 206.4105224609375 232.50505447387695
206.278076171875 174.5481414794922 277.17235565185547 174.5481414794922 277.17235565185547 231.11780548095703 206.278076171875 231.11780548095703
205.6400604248047 173.150634765625 277.25804901123047 173.150634765625 277.25804901123047 230.39155960083008 205.6400604248047 230.39155960083008
205.7373504638672 173.37945556640625 277.3991394042969 173.37945556640625 277.3991394042969 230.95382690429688 205.7373504638672 230.95382690429688
205.9169158935547 174.41806030273438 277.7886047363281 174.41806030273438 277.7886047363281 232.00824737548828 205.9169158935547 232.00824737548828
206.46371459960938 175.2695770263672 277.3599395751953 175.2695770263672 277.3599395751953 232.46503067016602 206.46371459960938 232.46503067016602
205.5771484375 173.73825073242188 278.75118255615234 173.73825073242188 278.75118255615234 231.40080642700195 205.5771484375 231.40080642700195
205.7156982421875 173.2945098876953 277.85425567626953 173.2945098876953 277.85425567626953 230.51897811889648 205.7156982421875 230.51897811889648
206.1000213623047 173.74832153320312 277.3440856933594 173.74832153320312 277.3440856933594 230.7624282836914 206.1000213623047 230.7624282836914
205.9966278076172 173.9133758544922 277.00098419189453 173.9133758544922 277.00098419189453 231.44201278686523 205.9966278076172 231.44201278686523
206.0402374267578 175.48483276367188 277.8597946166992 175.48483276367188 277.8597946166992 232.36708450317383 206.0402374267578 232.36708450317383
205.9389190673828 175.3265838623047 278.49549102783203 175.3265838623047 278.49549102783203 232.29520416259766 205.9389190673828 232.29520416259766
206.47402954101562 174.48753356933594 277.7254638671875 174.48753356933594 277.7254638671875 231.8495101928711 206.47402954101562 231.8495101928711
205.945556640625 173.25030517578125 277.21285247802734 173.25030517578125 277.21285247802734 230.60787963867188 205.945556640625 230.60787963867188
206.15579223632812 173.78823852539062 277.5141830444336 173.78823852539062 277.5141830444336 230.91575241088867 206.15579223632812 230.91575241088867
205.72787475585938 174.062255859375 277.5442657470703 174.062255859375 277.5442657470703 231.91873168945312 205.72787475585938 231.91873168945312
206.5143585205078 175.6065673828125 277.56172943115234 175.6065673828125 277.56172943115234 232.55184936523438 206.5143585205078 232.55184936523438
206.7255401611328 174.21409606933594 277.5070495605469 174.21409606933594 277.5070495605469 232.38380432128906 206.7255401611328 232.38380432128906
206.1804656982422 173.52047729492188 277.0890197753906 173.52047729492188 277.0890197753906 231.14702224731445 206.1804656982422 231.14702224731445
205.76303100585938 173.38241577148438 276.7633590698242 173.38241577148438 276.7633590698242 230.73755645751953 205.76303100585938 230.73755645751953
205.45394897460938 173.4041290283203 277.59300231933594 173.4041290283203 277.59300231933594 230.74374771118164 205.45394897460938 230.74374771118164
205.6553192138672 174.6446990966797 277.7940139770508 174.6446990966797 277.7940139770508 232.16919326782227 205.6553192138672 232.16919326782227
206.1955108642578 175.2060546875 278.16764068603516 175.2060546875 278.16764068603516 232.37018585205078 206.1955108642578 232.37018585205078
205.957763671875 173.93801879882812 278.49430084228516 173.93801879882812 278.49430084228516 231.53607940673828 205.957763671875 231.53607940673828
205.6269989013672 173.2711181640625 277.6786193847656 173.2711181640625 277.6786193847656 230.238525390625 205.6269989013672 230.238525390625
205.98422241210938 173.73077392578125 276.7184371948242 173.73077392578125 276.7184371948242 231.2360725402832 205.98422241210938 231.2360725402832
205.99166870117188 174.62893676757812 276.93370819091797 174.62893676757812 276.93370819091797 232.41788864135742 205.99166870117188 232.41788864135742
206.146240234375 175.5154571533203 277.7279815673828 175.5154571533203 277.7279815673828 232.53553009033203 206.146240234375 232.53553009033203
205.4438018798828 174.03125 278.65028381347656 174.03125 278.65028381347656 231.1063117980957 205.4438018798828 231.1063117980957
205.2947998046875 174.25698852539062 276.9753875732422 174.25698852539062 276.9753875732422 230.8080940246582 205.2947998046875 230.8080940246582
206.0096893310547 173.34445190429688 277.3750762939453 173.34445190429688 277.3750762939453 230.39286422729492 206.0096893310547 230.39286422729492
205.3729248046875 174.07064819335938 277.3971252441406 174.07064819335938 277.3971252441406 231.06853485107422 205.3729248046875 231.06853485107422
206.60397338867188 174.6912384033203 277.52513885498047 174.6912384033203 277.52513885498047 232.2012062072754 206.60397338867188 232.2012062072754
206.59542846679688 174.69430541992188 277.3549270629883 174.69430541992188 277.3549270629883 232.08403778076172 206.59542846679688 232.08403778076172
205.3742218017578 172.9525604248047 277.2940216064453 172.9525604248047 277.2940216064453 230.83398818969727 205.3742218017578 230.83398818969727
205.515380859375 173.7393798828125 277.5605926513672 173.7393798828125 277.5605926513672 230.51240921020508 205.515380859375 230.51240921020508
205.425048828125 173.415283203125 277.61090087890625 173.415283203125 277.61090087890625 231.66605377197266 205.425048828125 231.66605377197266
206.05728149414062 175.1407012939453 276.9793243408203 175.1407012939453 276.9793243408203 232.40601348876953 206.05728149414062 232.40601348876953
206.99118041992188 174.66983032226562 277.1443786621094 174.66983032226562 277.1443786621094 232.32802200317383 206.99118041992188 232.32802200317383
206.17333984375 174.05491638183594 278.00579833984375 174.05491638183594 278.00579833984375 230.95586395263672 206.17333984375 230.95586395263672
205.49423217773438 173.63218688964844 277.1300354003906 173.63218688964844 277.1300354003906 230.56402969360352 205.49423217773438 230.56402969360352
206.00894165039062 173.2684326171875 277.0236358642578 173.2684326171875 277.0236358642578 230.26919555664062 206.00894165039062 230.26919555664062
205.9256591796875 174.4179229736328 277.54537200927734 174.4179229736328 277.54537200927734 231.64503479003906 205.9256591796875 231.64503479003906
205.6088409423828 175.08660888671875 277.33734130859375 175.08660888671875 277.33734130859375 232.46271514892578 205.6088409423828 232.46271514892578
205.8460235595703 174.22857666015625 277.965087890625 174.22857666015625 277.965087890625 231.5173110961914 205.8460235595703 231.5173110961914
205.55615234375 173.94073486328125 276.8390121459961 173.94073486328125 276.8390121459961 230.57020950317383 205.55615234375 230.57020950317383
205.451416015625 173.11856079101562 277.34507751464844 173.11856079101562 277.34507751464844 230.3346176147461 205.451416015625 230.3346176147461
206.15945434570312 173.2665252685547 277.5665740966797 173.2665252685547 277.5665740966797 230.34770965576172 206.15945434570312 230.34770965576172
205.12399291992188 175.2911376953125 278.5074691772461 175.2911376953125 278.5074691772461 232.38376998901367 205.12399291992188 232.38376998901367
206.1049346923828 175.8372039794922 278.25582122802734 175.8372039794922 278.25582122802734 232.79976654052734 206.1049346923828 232.79976654052734
206.04263305664062 174.1687774658203 277.08702087402344 174.1687774658203 277.08702087402344 231.98035049438477 206.04263305664062 231.98035049438477
205.1958465576172 173.1057586669922 276.7236328125 173.1057586669922 276.7236328125 229.71985626220703 205.1958465576172 229.71985626220703
206.13406372070312 173.9557342529297 277.53702545166016 173.9557342529297 277.53702545166016 230.3859634399414 206.13406372070312 230.3859634399414
204.9138946533203 174.84381103515625 277.61438751220703 174.84381103515625 277.61438751220703 232.6847152709961 204.9138946533203 232.6847152709961
206.2495574951172 175.83029174804688 278.8319396972656 175.83029174804688 278.8319396972656 232.7879753112793 206.2495574951172 232.7879753112793
205.8982391357422 174.12435913085938 278.31505584716797 174.12435913085938 278.31505584716797 231.88945388793945 205.8982391357422 231.88945388793945
204.9936065673828 173.46170043945312 277.6172180175781 173.46170043945312 277.6172180175781 230.42162322998047 204.9936065673828 230.42162322998047
205.9575653076172 173.00161743164062 276.65962982177734 173.00161743164062 276.65962982177734 230.1245346069336 205.9575653076172 230.1245346069336
205.7420654296875 174.66647338867188 277.2733917236328 174.66647338867188 277.2733917236328 231.08158111572266 205.7420654296875 231.08158111572266
205.77902221679688 174.85711669921875 278.0343322753906 174.85711669921875 278.0343322753906 232.33084869384766 205.77902221679688 232.33084869384766
204.56686401367188 175.15902709960938 278.82190704345703 175.15902709960938 278.82190704345703 232.41014862060547 204.56686401367188 232.41014862060547
205.27188110351562 173.91294860839844 277.3365936279297 173.91294860839844 277.3365936279297 230.5531349182129 205.27188110351562 230.5531349182129
205.1510009765625 173.17616271972656 277.57521057128906 173.17616271972656 277.57521057128906 229.86806869506836 205.1510009765625 229.86806869506836
205.00454711914062 172.9467315673828 277.27345275878906 172.9467315673828 277.27345275878906 231.15149307250977 205.00454711914062 231.15149307250977
206.12100219726562 175.0261993408203 277.6665496826172 175.0261993408203 277.6665496826172 232.3806610107422 206.12100219726562 232.3806610107422
207.0474395751953 175.29757690429688 277.400390625 175.29757690429688 277.400390625 232.23612213134766 207.0474395751953 232.23612213134766
206.03744506835938 174.7036895751953 277.8771514892578 174.7036895751953 277.8771514892578 230.99798202514648 206.03744506835938 230.99798202514648
205.5173797607422 173.99148559570312 276.9261169433594 173.99148559570312 276.9261169433594 230.01204299926758 205.5173797607422 230.01204299926758
206.8680877685547 173.7414093017578 277.0865707397461 173.7414093017578 277.0865707397461 230.44992446899414 206.8680877685547 230.44992446899414
205.51528930664062 174.7970428466797 276.94151306152344 174.7970428466797 276.94151306152344 231.80118560791016 205.51528930664062 231.80118560791016
206.64071655273438 175.96322631835938 277.76707458496094 175.96322631835938 277.76707458496094 233.19202423095703 206.64071655273438 233.19202423095703
206.1245880126953 174.59909057617188 278.4233856201172 174.59909057617188 278.4233856201172 231.61638259887695 206.1245880126953 231.61638259887695
205.01779174804688 174.51419067382812 277.8815612792969 174.51419067382812 277.8815612792969 230.77173614501953 205.01779174804688 230.77173614501953
205.9491729736328 173.8128204345703 277.60355377197266 173.8128204345703 277.60355377197266 229.8736915588379 205.9491729736328 229.8736915588379
205.552001953125 173.22451782226562 277.18675994873047 173.22451782226562 277.18675994873047 230.49226760864258 205.552001953125 230.49226760864258
205.73318481445312 174.37872314453125 278.1986541748047 174.37872314453125 278.1986541748047 232.04535675048828 205.73318481445312 232.04535675048828
205.92141723632812 175.79373168945312 277.4687194824219 175.79373168945312 277.4687194824219 232.8662223815918 205.92141723632812 232.8662223815918
206.35873413085938 175.21017456054688 277.85655212402344 175.21017456054688 277.85655212402344 231.64827728271484 206.35873413085938 231.64827728271484
206.2725830078125 173.74317932128906 276.9897994995117 173.74317932128906 276.9897994995117 230.50391387939453 206.2725830078125 230.50391387939453
205.6622772216797 173.56198120117188 276.9793167114258 173.56198120117188 276.9793167114258 230.39590454101562 205.6622772216797 230.39590454101562
205.97775268554688 173.8976593017578 277.31231689453125 173.8976593017578 277.31231689453125 231.31778717041016 205.97775268554688 231.31778717041016
206.58468627929688 175.2472381591797 277.69757080078125 175.2472381591797 277.69757080078125 232.31365585327148 206.58468627929688 232.31365585327148
206.24624633789062 175.08303833007812 277.8587188720703 175.08303833007812 277.8587188720703 232.29539108276367 206.24624633789062 232.29539108276367
206.4561309814453 174.4073944091797 277.3914108276367 174.4073944091797 277.3914108276367 231.3281478881836 206.4561309814453 231.3281478881836
205.306640625 173.68740844726562 277.2939910888672 173.68740844726562 277.2939910888672 230.4813232421875 205.306640625 230.4813232421875
206.18380737304688 173.55477905273438 277.59661865234375 173.55477905273438 277.59661865234375 230.5037612915039 206.18380737304688 230.5037612915039
205.60916137695312 174.10671997070312 278.02430725097656 174.10671997070312 278.02430725097656 231.6080093383789 205.60916137695312 231.6080093383789
206.5905303955078 175.73562622070312 278.00357818603516 175.73562622070312 278.00357818603516 232.56929779052734 206.5905303955078 232.56929779052734
206.22854614257812 175.1199951171875 277.9828414916992 175.1199951171875 277.9828414916992 231.44384002685547 206.22854614257812 231.44384002685547
205.72817993164062 174.35694885253906 277.66817474365234 174.35694885253906 277.66817474365234 230.8433494567871 205.72817993164062 230.8433494567871
205.55062866210938 174.00355529785156 277.9893035888672 174.00355529785156 277.9893035888672 230.6149444580078 205.55062866210938 230.6149444580078
205.5957489013672 174.2370147705078 276.84276580810547 174.2370147705078 276.84276580810547 231.27737045288086 205.5957489013672 231.27737045288086
206.5999298095703 175.24728393554688 277.9327163696289 175.24728393554688 277.9327163696289 232.63806915283203 206.5999298095703 232.63806915283203
206.49777221679688 174.5771942138672 277.8904571533203 174.5771942138672 277.8904571533203 231.5784034729004 206.49777221679688 231.5784034729004
205.7810516357422 174.11007690429688 277.39806365966797 174.11007690429688 277.39806365966797 230.47440719604492 205.7810516357422 230.47440719604492
206.09616088867188 173.47543334960938 277.7705078125 173.47543334960938 277.7705078125 230.30256271362305 206.09616088867188 230.30256271362305
206.1314697265625 173.24258422851562 277.7278823852539 173.24258422851562 277.7278823852539 230.81552124023438 206.1314697265625 230.81552124023438
205.55886840820312 174.4551239013672 277.43409729003906 174.4551239013672 277.43409729003906 231.9210968017578 205.55886840820312 231.9210968017578
206.10693359375 175.51806640625 277.25199127197266 175.51806640625 277.25199127197266 232.69769287109375 206.10693359375 232.69769287109375
206.2002410888672 174.6990509033203 278.19482421875 174.6990509033203 278.19482421875 231.15677642822266 206.2002410888672 231.15677642822266
205.482177734375 173.5829620361328 277.29686737060547 173.5829620361328 277.29686737060547 230.6078758239746 205.482177734375 230.6078758239746
206.24560546875 173.50282287597656 277.2982711791992 173.50282287597656 277.2982711791992 230.48821640014648 206.24560546875 230.48821640014648
205.93325805664062 174.41915893554688 277.6328811645508 174.41915893554688 277.6328811645508 231.27030563354492 205.93325805664062 231.27030563354492
206.67333984375 175.1546173095703 278.16019439697266 175.1546173095703 278.16019439697266 232.66530990600586 206.67333984375 232.66530990600586
205.9975128173828 174.54623413085938 278.1298522949219 174.54623413085938 278.1298522949219 231.86494827270508 205.9975128173828 231.86494827270508
206.0742950439453 173.5668182373047 277.16917419433594 173.5668182373047 277.16917419433594 230.54596710205078 206.0742950439453 230.54596710205078
206.03042602539062 172.8195037841797 276.89772033691406 172.8195037841797 276.89772033691406 230.38042449951172 206.03042602539062 230.38042449951172
