73.0 271.0 108.0 271.0 108.0 353.0 73.0 353.0
73.48368835449219 269.94464111328125 108.01456451416016 269.94464111328125 108.01456451416016 348.87815856933594 73.48368835449219 348.87815856933594
74.63207244873047 270.11895751953125 108.1025390625 270.11895751953125 108.1025390625 347.33548736572266 74.63207244873047 347.33548736572266
73.53845977783203 270.6819763183594 108.1596565246582 270.6819763183594 108.1596565246582 350.2855987548828 73.53845977783203 350.2855987548828
74.27483367919922 268.84808349609375 108.4566650390625 268.84808349609375 108.4566650390625 349.6721496582031 74.27483367919922 349.6721496582031
75.81098937988281 266.8691101074219 110.15934753417969 266.8691101074219 110.15934753417969 348.64947509765625 75.81098937988281 348.64947509765625
75.91658020019531 265.38177490234375 111.36284637451172 265.38177490234375 111.36284637451172 347.9056396484375 75.91658020019531 347.9056396484375
76.56565856933594 266.26513671875 111.83029556274414 266.26513671875 111.83029556274414 346.9355697631836 76.56565856933594 346.9355697631836
77.36174011230469 266.39349365234375 112.49331665039062 266.39349365234375 112.49331665039062 345.82948303222656 77.36174011230469 345.82948303222656
78.70462799072266 265.547119140625 113.88071060180664 265.547119140625 113.88071060180664 346.8522033691406 78.70462799072266 346.8522033691406
79.21990966796875 264.4775390625 113.90262985229492 264.4775390625 113.90262985229492 345.39935302734375 79.21990966796875 345.39935302734375
80.63451385498047 263.2535095214844 114.06133651733398 263.2535095214844 114.06133651733398 344.51419830322266 80.63451385498047 344.51419830322266
80.04751586914062 263.20050048828125 113.37493515014648 263.20050048828125 113.37493515014648 343.22784423828125 80.04751586914062 343.22784423828125
79.59224700927734 263.6331481933594 113.18174362182617 263.6331481933594 113.18174362182617 343.2709197998047 79.59224700927734 343.2709197998047
79.13066864013672 264.46136474609375 113.09012222290039 264.46136474609375 113.09012222290039 343.73158264160156 79.13066864013672 343.73158264160156
78.37867736816406 264.80352783203125 113.03721618652344 264.80352783203125 113.03721618652344 344.2882766723633 78.37867736816406 344.2882766723633
78.63053894042969 265.5204772949219 113.1836929321289 265.5204772949219 113.1836929321289 344.3057556152344 78.63053894042969 344.3057556152344
77.55088806152344 264.08770751953125 112.60255432128906 264.08770751953125 112.60255432128906 343.36265563964844 77.55088806152344 343.36265563964844
77.88862609863281 264.41741943359375 112.39258193969727 264.41741943359375 112.39258193969727 341.44688415527344 77.88862609863281 341.44688415527344
76.87528991699219 263.35369873046875 111.5923843383789 263.35369873046875 111.5923843383789 340.36751556396484 76.87528991699219 340.36751556396484
76.13838195800781 262.1803283691406 111.39669036865234 262.1803283691406 111.39669036865234 341.0907516479492 76.13838195800781 341.0907516479492
76.39663696289062 261.76739501953125 111.17409133911133 261.76739501953125 111.17409133911133 338.7553253173828 76.39663696289062 338.7553253173828
76.00212097167969 262.73529052734375 110.1768569946289 262.73529052734375 110.1768569946289 339.08290100097656 76.00212097167969 339.08290100097656
75.903564453125 262.3948059082031 110.25336074829102 262.3948059082031 110.25336074829102 338.8976287841797 75.903564453125 338.8976287841797
76.7764663696289 262.44378662109375 109.6668930053711 262.44378662109375 109.6668930053711 336.48590087890625 76.7764663696289 336.48590087890625
75.81389617919922 260.6790466308594 109.24667358398438 260.6790466308594 109.24667358398438 337.16126251220703 75.81389617919922 337.16126251220703
75.26835632324219 259.41729736328125 108.48363876342773 259.41729736328125 108.48363876342773 335.6241760253906 75.26835632324219 335.6241760253906
74.66844940185547 257.2728576660156 107.97214126586914 257.2728576660156 107.97214126586914 336.7508850097656 74.66844940185547 336.7508850097656
73.35997009277344 256.698974609375 108.39325332641602 256.698974609375 108.39325332641602 338.6099395751953 73.35997009277344 338.6099395751953
72.77162170410156 256.24072265625 107.17996978759766 256.24072265625 107.17996978759766 338.0538101196289 72.77162170410156 338.0538101196289
71.44589233398438 256.928955078125 106.39447402954102 256.928955078125 106.39447402954102 337.3635559082031 71.44589233398438 337.3635559082031
71.27080535888672 257.20404052734375 105.88068008422852 257.20404052734375 105.88068008422852 332.9647445678711 71.27080535888672 332.9647445678711
70.83295440673828 255.8473358154297 106.0023193359375 255.8473358154297 106.0023193359375 331.6676254272461 70.83295440673828 331.6676254272461
70.74828338623047 255.7498321533203 106.90186309814453 255.7498321533203 106.90186309814453 332.0662078857422 70.74828338623047 332.0662078857422
71.72724151611328 254.53402709960938 106.82948684692383 254.53402709960938 106.82948684692383 330.10960388183594 71.72724151611328 330.10960388183594
71.8980484008789 255.57894897460938 106.387451171875 255.57894897460938 106.387451171875 330.34314727783203 71.8980484008789 330.34314727783203
72.5032730102539 252.9423828125 106.36538314819336 252.9423828125 106.36538314819336 329.6543502807617 72.5032730102539 329.6543502807617
71.75350189208984 250.44485473632812 105.98951721191406 250.44485473632812 105.98951721191406 329.0215530395508 71.75350189208984 329.0215530395508
71.3387680053711 250.62374877929688 105.33842086791992 250.62374877929688 105.33842086791992 329.2755813598633 71.3387680053711 329.2755813598633
70.41952514648438 250.64047241210938 105.3181381225586 250.64047241210938 105.3181381225586 329.9698944091797 70.41952514648438 329.9698944091797
70.19756317138672 249.38412475585938 105.72704315185547 249.38412475585938 105.72704315185547 332.0541229248047 70.19756317138672 332.0541229248047
70.1954345703125 247.6652374267578 106.29729461669922 247.6652374267578 106.29729461669922 328.76800537109375 70.1954345703125 328.76800537109375
69.0523910522461 245.09423828125 104.61126708984375 245.09423828125 104.61126708984375 328.9851531982422 69.0523910522461 328.9851531982422
69.00313568115234 245.3345184326172 104.765380859375 245.3345184326172 104.765380859375 327.4664306640625 69.00313568115234 327.4664306640625
69.04341125488281 245.7965850830078 105.1842269897461 245.7965850830078 105.1842269897461 326.0480651855469 69.04341125488281 326.0480651855469
68.39715576171875 245.7429962158203 105.62167739868164 245.7429962158203 105.62167739868164 326.4429702758789 68.39715576171875 326.4429702758789
67.62800598144531 245.1981658935547 103.3445816040039 245.1981658935547 103.3445816040039 326.8126525878906 67.62800598144531 326.8126525878906
67.49337005615234 245.29483032226562 102.48064422607422 245.29483032226562 102.48064422607422 326.1289825439453 67.49337005615234 326.1289825439453
67.11561584472656 242.4910125732422 102.43734359741211 242.4910125732422 102.43734359741211 325.42181396484375 67.11561584472656 325.42181396484375
66.98478698730469 240.8146209716797 101.94344711303711 240.8146209716797 101.94344711303711 326.6790466308594 66.98478698730469 326.6790466308594
65.886962890625 242.0521697998047 101.28000259399414 242.0521697998047 101.28000259399414 327.9428939819336 65.886962890625 327.9428939819336
66.84173583984375 243.556640625 101.27481842041016 243.556640625 101.27481842041016 324.2942123413086 66.84173583984375 324.2942123413086
66.17447662353516 243.2625274658203 101.45256042480469 243.2625274658203 101.45256042480469 326.60870361328125 66.17447662353516 326.60870361328125
66.77994537353516 242.8235626220703 101.88343811035156 242.8235626220703 101.88343811035156 324.0521545410156 66.77994537353516 324.0521545410156
66.24097442626953 244.01425170898438 100.62586975097656 244.01425170898438 100.62586975097656 324.77845764160156 66.24097442626953 324.77845764160156
66.28802490234375 239.29769897460938 100.14713287353516 239.29769897460938 100.14713287353516 323.5442199707031 66.28802490234375 323.5442199707031
68.03199005126953 234.265380859375 103.47271728515625 234.265380859375 103.47271728515625 322.5766372680664 68.03199005126953 322.5766372680664
66.35023498535156 239.2648162841797 101.59764862060547 239.2648162841797 101.59764862060547 325.109130859375 66.35023498535156 325.109130859375
67.88398742675781 242.44552612304688 102.88541030883789 242.44552612304688 102.88541030883789 325.2538604736328 67.88398742675781 325.2538604736328
70.8205337524414 238.60470581054688 104.69717407226562 238.60470581054688 104.69717407226562 321.05281829833984 70.8205337524414 321.05281829833984
70.49673461914062 239.37081909179688 103.54642486572266 239.37081909179688 103.54642486572266 318.08766174316406 70.49673461914062 318.08766174316406
70.3874282836914 237.81045532226562 103.96673202514648 237.81045532226562 103.96673202514648 317.5038299560547 70.3874282836914 317.5038299560547
70.399658203125 236.68460083007812 104.0103874206543 236.68460083007812 104.0103874206543 319.63700103759766 70.399658203125 319.63700103759766
69.75138854980469 239.0169677734375 103.52715682983398 239.0169677734375 103.52715682983398 321.5749053955078 69.75138854980469 321.5749053955078
69.57466888427734 239.30136108398438 104.74662780761719 239.30136108398438 104.74662780761719 319.43873596191406 69.57466888427734 319.43873596191406
69.79216003417969 235.43359375 105.41184997558594 235.43359375 105.41184997558594 318.29064178466797 69.79216003417969 318.29064178466797
68.67972564697266 234.8247833251953 103.76925659179688 234.8247833251953 103.76925659179688 318.34190368652344 68.67972564697266 318.34190368652344
68.04942321777344 234.0684051513672 103.5290756225586 234.0684051513672 103.5290756225586 315.7157516479492 68.04942321777344 315.7157516479492
68.25559997558594 235.091552734375 102.97209167480469 235.091552734375 102.97209167480469 315.3381576538086 68.25559997558594 315.3381576538086
67.59933471679688 232.89456176757812 103.95162582397461 232.89456176757812 103.95162582397461 315.93053436279297 67.59933471679688 315.93053436279297
68.1244888305664 236.38720703125 102.8187255859375 236.38720703125 102.8187255859375 314.16851806640625 68.1244888305664 314.16851806640625
68.03218078613281 234.90054321289062 103.1718521118164 234.90054321289062 103.1718521118164 314.79750061035156 68.03218078613281 314.79750061035156
67.3414306640625 234.77456665039062 102.35557556152344 234.77456665039062 102.35557556152344 315.2683410644531 67.3414306640625 315.2683410644531
67.30152893066406 234.28030395507812 101.10243225097656 234.28030395507812 101.10243225097656 316.97815704345703 67.30152893066406 316.97815704345703
66.25920104980469 233.6045684814453 100.74527740478516 233.6045684814453 100.74527740478516 316.04315185546875 66.25920104980469 316.04315185546875
66.56864166259766 231.6290283203125 101.7503776550293 231.6290283203125 101.7503776550293 314.6683044433594 66.56864166259766 314.6683044433594
65.93352508544922 232.2381591796875 100.08011245727539 232.2381591796875 100.08011245727539 316.1268768310547 65.93352508544922 316.1268768310547
65.69169616699219 228.2680206298828 102.44037628173828 228.2680206298828 102.44037628173828 312.06493377685547 65.69169616699219 312.06493377685547
67.08946228027344 229.125244140625 103.52390670776367 229.125244140625 103.52390670776367 311.6576690673828 67.08946228027344 311.6576690673828
66.12478637695312 229.8022003173828 101.0104866027832 229.8022003173828 101.0104866027832 312.3558883666992 66.12478637695312 312.3558883666992
66.11959075927734 227.46484375 101.61160659790039 227.46484375 101.61160659790039 309.3866958618164 66.11959075927734 309.3866958618164
66.05965423583984 226.6339569091797 101.2232551574707 226.6339569091797 101.2232551574707 308.05149841308594 66.05965423583984 308.05149841308594
65.99003601074219 228.7644805908203 100.4365005493164 228.7644805908203 100.4365005493164 311.8318176269531 65.99003601074219 311.8318176269531
67.9564437866211 230.82192993164062 101.97428894042969 230.82192993164062 101.97428894042969 315.16835021972656 67.9564437866211 315.16835021972656
70.25413513183594 230.0101318359375 104.68594741821289 230.0101318359375 104.68594741821289 313.9507369995117 70.25413513183594 313.9507369995117
69.98278045654297 229.1452178955078 104.82501983642578 229.1452178955078 104.82501983642578 310.5393371582031 69.98278045654297 310.5393371582031
70.58042907714844 226.46072387695312 106.54728317260742 226.46072387695312 106.54728317260742 307.26026916503906 70.58042907714844 307.26026916503906
71.6908187866211 227.5567169189453 106.3758544921875 227.5567169189453 106.3758544921875 310.6471710205078 71.6908187866211 310.6471710205078
71.73323059082031 228.0692901611328 106.62361907958984 228.0692901611328 106.62361907958984 312.4535675048828 71.73323059082031 312.4535675048828
71.52095031738281 226.50582885742188 105.8311996459961 226.50582885742188 105.8311996459961 310.15535736083984 71.52095031738281 310.15535736083984
72.1574935913086 227.66152954101562 106.96097946166992 227.66152954101562 106.96097946166992 308.47926330566406 72.1574935913086 308.47926330566406
71.49305725097656 226.9089813232422 105.73167037963867 226.9089813232422 105.73167037963867 308.49095916748047 71.49305725097656 308.49095916748047
71.34602355957031 223.3915557861328 106.39349365234375 223.3915557861328 106.39349365234375 308.2566909790039 71.34602355957031 308.2566909790039
71.71937561035156 224.72592163085938 105.96681594848633 224.72592163085938 105.96681594848633 310.42664337158203 71.71937561035156 310.42664337158203
73.0361328125 223.64755249023438 107.52703475952148 223.64755249023438 107.52703475952148 307.0938720703125 73.0361328125 307.0938720703125
72.47856140136719 227.0424346923828 105.74156188964844 227.0424346923828 105.74156188964844 308.88854217529297 72.47856140136719 308.88854217529297
73.74052429199219 226.09121704101562 107.60580062866211 226.09121704101562 107.60580062866211 304.7587127685547 73.74052429199219 304.7587127685547
73.39085388183594 225.62857055664062 106.94039916992188 225.62857055664062 106.94039916992188 303.523193359375 73.39085388183594 303.523193359375
73.65159606933594 225.044677734375 107.13162612915039 225.044677734375 107.13162612915039 305.7680206298828 73.65159606933594 305.7680206298828
71.40470886230469 223.07205200195312 106.09707260131836 223.07205200195312 106.09707260131836 303.92015838623047 71.40470886230469 303.92015838623047
69.50193786621094 221.0215301513672 104.32908248901367 221.0215301513672 104.32908248901367 302.5643768310547 69.50193786621094 302.5643768310547
67.42460632324219 222.1012725830078 101.34354400634766 222.1012725830078 101.34354400634766 302.9356002807617 67.42460632324219 302.9356002807617
68.0728988647461 223.73544311523438 101.59187316894531 223.73544311523438 101.59187316894531 304.1646423339844 68.0728988647461 304.1646423339844
68.22200775146484 222.141357421875 101.84461975097656 222.141357421875 101.84461975097656 303.50370025634766 68.22200775146484 303.50370025634766
68.14253234863281 221.26986694335938 102.58872985839844 221.26986694335938 102.58872985839844 304.0531463623047 68.14253234863281 304.0531463623047
68.52515411376953 220.7574462890625 103.03291320800781 220.7574462890625 103.03291320800781 301.67638397216797 68.52515411376953 301.67638397216797
68.81785583496094 221.888671875 102.08005905151367 221.888671875 102.08005905151367 304.4647216796875 68.81785583496094 304.4647216796875
68.4797134399414 223.7648162841797 101.2022476196289 223.7648162841797 101.2022476196289 305.1158981323242 68.4797134399414 305.1158981323242
68.30442810058594 223.87545776367188 101.15431213378906 223.87545776367188 101.15431213378906 305.274169921875 68.30442810058594 305.274169921875
69.54004669189453 224.846435546875 101.99693298339844 224.846435546875 101.99693298339844 304.2148895263672 69.54004669189453 304.2148895263672
71.12770080566406 221.89669799804688 103.43645477294922 221.89669799804688 103.43645477294922 300.19078826904297 71.12770080566406 300.19078826904297
71.70661926269531 221.7946319580078 104.42428588867188 221.7946319580078 104.42428588867188 305.2221984863281 71.70661926269531 305.2221984863281
71.60054779052734 222.1702423095703 104.17291259765625 222.1702423095703 104.17291259765625 305.8575744628906 71.60054779052734 305.8575744628906
73.08738708496094 223.3865509033203 106.88597106933594 223.3865509033203 106.88597106933594 301.4918670654297 73.08738708496094 301.4918670654297
72.91058349609375 221.71310424804688 107.97972869873047 221.71310424804688 107.97972869873047 301.54080963134766 72.91058349609375 301.54080963134766
72.71251678466797 222.12026977539062 107.82147598266602 222.12026977539062 107.82147598266602 300.7808074951172 72.71251678466797 300.7808074951172
73.0794448852539 221.324462890625 108.4452133178711 221.324462890625 108.4452133178711 302.5996856689453 73.0794448852539 302.5996856689453
71.10526275634766 220.2860870361328 109.1551628112793 220.2860870361328 109.1551628112793 305.9814147949219 71.10526275634766 305.9814147949219
69.98087310791016 222.386962890625 108.17399597167969 222.386962890625 108.17399597167969 309.6842269897461 69.98087310791016 309.6842269897461
71.83866119384766 221.06686401367188 109.54059600830078 221.06686401367188 109.54059600830078 304.4468765258789 71.83866119384766 304.4468765258789
72.66960144042969 218.8938446044922 109.40832138061523 218.8938446044922 109.40832138061523 303.9732360839844 72.66960144042969 303.9732360839844
71.9482421875 218.0897216796875 109.00809478759766 218.0897216796875 109.00809478759766 303.0336456298828 71.9482421875 303.0336456298828
69.62056732177734 222.50698852539062 106.97815322875977 222.50698852539062 106.97815322875977 310.19129943847656 69.62056732177734 310.19129943847656
70.82192993164062 217.8339080810547 107.69908905029297 217.8339080810547 107.69908905029297 302.39632415771484 70.82192993164062 302.39632415771484
70.32740020751953 219.6175994873047 107.0896110534668 219.6175994873047 107.0896110534668 305.08123779296875 70.32740020751953 305.08123779296875
73.46493530273438 219.3346405029297 109.29436874389648 219.3346405029297 109.29436874389648 301.05271911621094 73.46493530273438 301.05271911621094
72.5336685180664 217.50399780273438 108.10901641845703 217.50399780273438 108.10901641845703 299.6347198486328 72.5336685180664 299.6347198486328
71.24342346191406 216.59432983398438 106.50662994384766 216.59432983398438 106.50662994384766 301.0438995361328 71.24342346191406 301.0438995361328
70.99439239501953 215.31027221679688 105.89596557617188 215.31027221679688 105.89596557617188 299.45176696777344 70.99439239501953 299.45176696777344
71.59518432617188 213.0338897705078 106.4896354675293 213.0338897705078 106.4896354675293 299.1461944580078 71.59518432617188 299.1461944580078
71.2237777709961 212.51016235351562 106.68842315673828 212.51016235351562 106.68842315673828 296.99012756347656 71.2237777709961 296.99012756347656
71.43595123291016 210.38711547851562 107.48348617553711 210.38711547851562 107.48348617553711 297.3373718261719 71.43595123291016 297.3373718261719
72.2301254272461 208.0421600341797 108.50317001342773 208.0421600341797 108.50317001342773 294.4818115234375 72.2301254272461 294.4818115234375
71.67567443847656 208.3994903564453 108.11874008178711 208.3994903564453 108.11874008178711 296.3905029296875 71.67567443847656 296.3905029296875
71.25653076171875 209.10409545898438 107.3584098815918 209.10409545898438 107.3584098815918 296.87892150878906 71.25653076171875 296.87892150878906
68.7609634399414 205.2477264404297 106.19503784179688 205.2477264404297 106.19503784179688 296.97901916503906 68.7609634399414 296.97901916503906
68.27206420898438 204.8192901611328 106.011962890625 204.8192901611328 106.011962890625 295.96544647216797 68.27206420898438 295.96544647216797
66.77510833740234 207.95114135742188 103.40668106079102 207.95114135742188 103.40668106079102 300.93861389160156 66.77510833740234 300.93861389160156
67.02523040771484 204.537109375 103.70245742797852 204.537109375 103.70245742797852 295.28318786621094 67.02523040771484 295.28318786621094
66.26984405517578 204.08261108398438 104.12297058105469 204.08261108398438 104.12297058105469 295.85509490966797 66.26984405517578 295.85509490966797
66.1363296508789 200.26742553710938 103.9565315246582 200.26742553710938 103.9565315246582 292.9608840942383 66.1363296508789 292.9608840942383
65.73786926269531 200.9136962890625 103.4148178100586 200.9136962890625 103.4148178100586 294.2703857421875 65.73786926269531 294.2703857421875
65.7322998046875 198.7139434814453 103.96298217773438 198.7139434814453 103.96298217773438 294.60387420654297 65.7322998046875 294.60387420654297
64.82829284667969 197.1374053955078 102.54695129394531 197.1374053955078 102.54695129394531 294.8772888183594 64.82829284667969 294.8772888183594
64.29485321044922 195.46047973632812 102.29351425170898 195.46047973632812 102.29351425170898 296.43536376953125 64.29485321044922 296.43536376953125
63.81178665161133 193.75558471679688 102.1722183227539 193.75558471679688 102.1722183227539 295.30199432373047 63.81178665161133 295.30199432373047
61.950660705566406 195.67034912109375 100.49272155761719 195.67034912109375 100.49272155761719 299.76871490478516 61.950660705566406 299.76871490478516
63.50899124145508 192.4884490966797 101.15216827392578 192.4884490966797 101.15216827392578 296.0258483886719 63.50899124145508 296.0258483886719
64.8022232055664 190.8691864013672 101.05892562866211 190.8691864013672 101.05892562866211 293.65731048583984 64.8022232055664 293.65731048583984
64.29405975341797 196.01321411132812 101.01969528198242 196.01321411132812 101.01969528198242 296.53684997558594 64.29405975341797 296.53684997558594
63.57659912109375 193.86073303222656 100.44507217407227 193.86073303222656 100.44507217407227 292.434814453125 63.57659912109375 292.434814453125
58.282073974609375 189.82139587402344 96.9349250793457 189.82139587402344 96.9349250793457 291.7533874511719 58.282073974609375 291.7533874511719
61.5004997253418 189.56256103515625 99.11702346801758 189.56256103515625 99.11702346801758 289.63880920410156 61.5004997253418 289.63880920410156
64.25627136230469 188.16900634765625 101.40991973876953 188.16900634765625 101.40991973876953 287.66249084472656 64.25627136230469 287.66249084472656
64.49223327636719 189.87405395507812 100.77122497558594 189.87405395507812 100.77122497558594 286.86743927001953 64.49223327636719 286.86743927001953
63.91742706298828 190.69277954101562 99.63813018798828 190.69277954101562 99.63813018798828 288.67005920410156 63.91742706298828 288.67005920410156
63.22270584106445 188.94888305664062 99.08280563354492 188.94888305664062 99.08280563354492 289.30787658691406 63.22270584106445 289.30787658691406
63.7408561706543 190.60430908203125 99.18123245239258 190.60430908203125 99.18123245239258 290.1586608886719 63.7408561706543 290.1586608886719
64.30487060546875 188.5721893310547 100.26190567016602 188.5721893310547 100.26190567016602 287.53844451904297 64.30487060546875 287.53844451904297
62.84959030151367 190.4456329345703 98.51263427734375 190.4456329345703 98.51263427734375 289.94669342041016 62.84959030151367 289.94669342041016
61.483848571777344 189.95399475097656 97.25091171264648 189.95399475097656 97.25091171264648 288.1125259399414 61.483848571777344 288.1125259399414
63.77528762817383 190.8147735595703 98.97485733032227 190.8147735595703 98.97485733032227 287.2789001464844 63.77528762817383 287.2789001464844
65.83541107177734 186.60946655273438 102.75842666625977 186.60946655273438 102.75842666625977 281.6442413330078 65.83541107177734 281.6442413330078
64.62760925292969 186.92140197753906 101.42817687988281 186.92140197753906 101.42817687988281 283.3583297729492 64.62760925292969 283.3583297729492
63.671875 187.439453125 100.85001373291016 187.439453125 100.85001373291016 284.5409164428711 63.671875 284.5409164428711
64.7497787475586 187.60116577148438 101.16120147705078 187.60116577148438 101.16120147705078 286.0597152709961 64.7497787475586 286.0597152709961
64.05315399169922 187.23004150390625 100.67742919921875 187.23004150390625 100.67742919921875 283.99906158447266 64.05315399169922 283.99906158447266
64.55640411376953 185.67581176757812 101.1174201965332 185.67581176757812 101.1174201965332 283.62939453125 64.55640411376953 283.62939453125
64.42071533203125 188.90762329101562 101.23955535888672 188.90762329101562 101.23955535888672 281.86480712890625 64.42071533203125 281.86480712890625
63.11613845825195 181.8164520263672 99.7697868347168 181.8164520263672 99.7697868347168 277.92183685302734 63.11613845825195 277.92183685302734
64.52421569824219 184.80259704589844 101.67369842529297 184.80259704589844 101.67369842529297 280.0861282348633 64.52421569824219 280.0861282348633
62.1600341796875 182.9715576171875 98.93388366699219 182.9715576171875 98.93388366699219 279.8250198364258 62.1600341796875 279.8250198364258
63.67258834838867 185.58798217773438 100.57894134521484 185.58798217773438 100.57894134521484 281.3197555541992 63.67258834838867 281.3197555541992
60.824623107910156 186.73336791992188 97.5751838684082 186.73336791992188 97.5751838684082 283.860595703125 60.824623107910156 283.860595703125
63.74507522583008 187.67520141601562 99.12005996704102 187.67520141601562 99.12005996704102 282.84729766845703 63.74507522583008 282.84729766845703
63.54090118408203 185.52346801757812 98.32472229003906 185.52346801757812 98.32472229003906 283.47528076171875 63.54090118408203 283.47528076171875
61.54206466674805 187.64903259277344 97.40031814575195 187.64903259277344 97.40031814575195 284.88914489746094 61.54206466674805 284.88914489746094
63.40153884887695 182.22911071777344 99.14252090454102 182.22911071777344 99.14252090454102 276.4521484375 63.40153884887695 276.4521484375
63.77805709838867 184.52462768554688 98.95561599731445 184.52462768554688 98.95561599731445 278.9489288330078 63.77805709838867 278.9489288330078
64.27198791503906 183.79356384277344 100.00447463989258 183.79356384277344 100.00447463989258 279.35413360595703 64.27198791503906 279.35413360595703
64.05777740478516 180.91799926757812 100.30690002441406 180.91799926757812 100.30690002441406 279.1966781616211 64.05777740478516 279.1966781616211
63.88576126098633 179.513671875 101.0184326171875 179.513671875 101.0184326171875 279.4083709716797 63.88576126098633 279.4083709716797
65.27384948730469 180.06298828125 103.2320327758789 180.06298828125 103.2320327758789 279.82462310791016 65.27384948730469 279.82462310791016
63.706748962402344 179.38363647460938 100.89126586914062 179.38363647460938 100.89126586914062 279.0345993041992 63.706748962402344 279.0345993041992
64.87890625 179.2687530517578 102.25428009033203 179.2687530517578 102.25428009033203 279.2672653198242 64.87890625 279.2672653198242
63.827369689941406 177.53189086914062 101.23783111572266 177.53189086914062 101.23783111572266 278.69459533691406 63.827369689941406 278.69459533691406
63.7668571472168 178.65646362304688 102.44622039794922 178.65646362304688 102.44622039794922 279.2430114746094 63.7668571472168 279.2430114746094
63.395774841308594 178.03695678710938 101.63508987426758 178.03695678710938 101.63508987426758 278.1828308105469 63.395774841308594 278.1828308105469
64.69014739990234 174.67933654785156 103.65119171142578 174.67933654785156 103.65119171142578 277.1845016479492 64.69014739990234 277.1845016479492
63.48926544189453 177.29998779296875 101.73693466186523 177.29998779296875 101.73693466186523 279.0599822998047 63.48926544189453 279.0599822998047
63.978271484375 176.5933837890625 101.91872024536133 176.5933837890625 101.91872024536133 279.17317962646484 63.978271484375 279.17317962646484
64.20177459716797 180.1228485107422 103.32040023803711 180.1228485107422 103.32040023803711 282.9390335083008 64.20177459716797 282.9390335083008
64.93170166015625 177.87388610839844 103.99095916748047 177.87388610839844 103.99095916748047 281.24781036376953 64.93170166015625 281.24781036376953
63.44523239135742 178.861328125 102.91551971435547 178.861328125 102.91551971435547 282.13909912109375 63.44523239135742 282.13909912109375
66.49671936035156 175.41339111328125 105.56231689453125 175.41339111328125 105.56231689453125 280.27640533447266 66.49671936035156 280.27640533447266
66.0540542602539 178.45755004882812 105.42715072631836 178.45755004882812 105.42715072631836 277.8428497314453 66.0540542602539 277.8428497314453
66.73933410644531 178.0455322265625 106.15649032592773 178.0455322265625 106.15649032592773 278.39564514160156 66.73933410644531 278.39564514160156
64.83045959472656 177.77850341796875 105.7907943725586 177.77850341796875 105.7907943725586 276.62315368652344 64.83045959472656 276.62315368652344
65.6661605834961 174.1302490234375 105.45596694946289 174.1302490234375 105.45596694946289 274.6484832763672 65.6661605834961 274.6484832763672
63.9647331237793 174.83023071289062 105.23382186889648 174.83023071289062 105.23382186889648 277.0829162597656 63.9647331237793 277.0829162597656
66.36082458496094 174.9266815185547 106.85700225830078 174.9266815185547 106.85700225830078 275.58152770996094 66.36082458496094 275.58152770996094
67.11418914794922 175.0268096923828 107.24269485473633 175.0268096923828 107.24269485473633 273.52728271484375 67.11418914794922 273.52728271484375
65.44210052490234 174.3157958984375 105.36638641357422 174.3157958984375 105.36638641357422 277.73313903808594 65.44210052490234 277.73313903808594
66.77423095703125 173.82437133789062 106.4847297668457 173.82437133789062 106.4847297668457 275.88624572753906 66.77423095703125 275.88624572753906
64.33026123046875 173.70838928222656 103.59257888793945 173.70838928222656 103.59257888793945 274.41517639160156 64.33026123046875 274.41517639160156
63.950927734375 171.8354034423828 102.73173141479492 171.8354034423828 102.73173141479492 272.5675354003906 63.950927734375 272.5675354003906
62.30241012573242 172.927490234375 102.39922332763672 172.927490234375 102.39922332763672 274.36871337890625 62.30241012573242 274.36871337890625
63.2027473449707 174.12716674804688 102.71921157836914 174.12716674804688 102.71921157836914 273.6693649291992 63.2027473449707 273.6693649291992
62.58109664916992 173.70614624023438 101.84354019165039 173.70614624023438 101.84354019165039 273.2943420410156 62.58109664916992 273.2943420410156
64.20471954345703 172.9416961669922 102.91938781738281 172.9416961669922 102.91938781738281 273.5969467163086 64.20471954345703 273.5969467163086
62.21488571166992 173.9864501953125 101.00304794311523 173.9864501953125 101.00304794311523 273.55013275146484 62.21488571166992 273.55013275146484
63.4691162109375 171.52114868164062 101.7253189086914 171.52114868164062 101.7253189086914 271.00347900390625 63.4691162109375 271.00347900390625
63.35216522216797 171.5750732421875 101.326904296875 171.5750732421875 101.326904296875 269.1165466308594 63.35216522216797 269.1165466308594
65.31022644042969 170.78890991210938 103.26166534423828 170.78890991210938 103.26166534423828 268.1739196777344 65.31022644042969 268.1739196777344
64.29737854003906 173.60452270507812 102.4737434387207 173.60452270507812 102.4737434387207 267.75274658203125 64.29737854003906 267.75274658203125
63.00347900390625 169.71128845214844 101.47255325317383 169.71128845214844 101.47255325317383 269.3981704711914 63.00347900390625 269.3981704711914
63.10100173950195 171.0185089111328 101.75139999389648 171.0185089111328 101.75139999389648 268.5507049560547 63.10100173950195 268.5507049560547
62.49778366088867 168.0626678466797 101.54829788208008 168.0626678466797 101.54829788208008 268.9576644897461 62.49778366088867 268.9576644897461
62.0568733215332 168.6217041015625 101.54729461669922 168.6217041015625 101.54729461669922 271.7147216796875 62.0568733215332 271.7147216796875
63.58879470825195 169.01089477539062 102.66245651245117 169.01089477539062 102.66245651245117 270.9198455810547 63.58879470825195 270.9198455810547
62.79558181762695 167.51043701171875 102.26973342895508 167.51043701171875 102.26973342895508 272.70594787597656 62.79558181762695 272.70594787597656
61.51214599609375 166.04220581054688 102.8541030883789 166.04220581054688 102.8541030883789 275.0226745605469 61.51214599609375 275.0226745605469
60.88106155395508 164.1239776611328 101.9163932800293 164.1239776611328 101.9163932800293 272.53221893310547 60.88106155395508 272.53221893310547
61.8502311706543 165.85658264160156 102.98988723754883 165.85658264160156 102.98988723754883 274.15447998046875 61.8502311706543 274.15447998046875
60.85814666748047 167.00021362304688 102.00771713256836 167.00021362304688 102.00771713256836 275.9825897216797 60.85814666748047 275.9825897216797
60.11260223388672 163.33631896972656 101.60018920898438 163.33631896972656 101.60018920898438 273.20914459228516 60.11260223388672 273.20914459228516
62.47552490234375 164.05419921875 103.34032440185547 164.05419921875 103.34032440185547 271.70577239990234 62.47552490234375 271.70577239990234
61.36100387573242 163.88113403320312 102.43776321411133 163.88113403320312 102.43776321411133 274.4880905151367 61.36100387573242 274.4880905151367
61.769317626953125 162.87313842773438 102.18172073364258 162.87313842773438 102.18172073364258 271.9957733154297 61.769317626953125 271.9957733154297
60.852088928222656 164.55772399902344 100.90625 164.55772399902344 100.90625 271.5670394897461 60.852088928222656 271.5670394897461
60.432594299316406 163.802001953125 100.03511810302734 163.802001953125 100.03511810302734 270.51041412353516 60.432594299316406 270.51041412353516
59.92737579345703 168.55404663085938 100.51490020751953 168.55404663085938 100.51490020751953 276.0875701904297 59.92737579345703 276.0875701904297
60.6929931640625 164.40333557128906 99.97190475463867 164.40333557128906 99.97190475463867 271.3585510253906 60.6929931640625 271.3585510253906
62.1826057434082 165.28585815429688 101.31205368041992 165.28585815429688 101.31205368041992 271.0274963378906 62.1826057434082 271.0274963378906
60.038780212402344 162.1748046875 98.870849609375 162.1748046875 98.870849609375 268.33072662353516 60.038780212402344 268.33072662353516
62.01667404174805 163.9996337890625 100.78514099121094 163.9996337890625 100.78514099121094 267.1036148071289 62.01667404174805 267.1036148071289
59.436378479003906 165.1690216064453 99.68850326538086 165.1690216064453 99.68850326538086 269.46805572509766 59.436378479003906 269.46805572509766
60.716514587402344 166.1929473876953 100.3027229309082 166.1929473876953 100.3027229309082 267.8896789550781 60.716514587402344 267.8896789550781
61.726219177246094 160.41207885742188 100.63580703735352 160.41207885742188 100.63580703735352 262.49852752685547 61.726219177246094 262.49852752685547
60.62005615234375 161.17666625976562 100.08294296264648 161.17666625976562 100.08294296264648 263.51773834228516 60.62005615234375 263.51773834228516
58.48960494995117 164.34396362304688 99.48835372924805 164.34396362304688 99.48835372924805 273.0072708129883 58.48960494995117 273.0072708129883
61.2820930480957 160.2494659423828 101.42578125 160.2494659423828 101.42578125 266.12904357910156 61.2820930480957 266.12904357910156
58.86460494995117 161.72006225585938 100.1633415222168 161.72006225585938 100.1633415222168 268.19188690185547 58.86460494995117 268.19188690185547
60.596458435058594 161.85862731933594 101.52029418945312 161.85862731933594 101.52029418945312 268.61871337890625 60.596458435058594 268.61871337890625
59.290977478027344 160.41836547851562 100.88683319091797 160.41836547851562 100.88683319091797 266.18223571777344 59.290977478027344 266.18223571777344
59.83049392700195 157.38552856445312 100.67615127563477 157.38552856445312 100.67615127563477 264.65574645996094 59.83049392700195 264.65574645996094
61.412445068359375 159.30825805664062 102.50996780395508 159.30825805664062 102.50996780395508 264.19214630126953 61.412445068359375 264.19214630126953
61.48914337158203 157.98818969726562 102.30894470214844 157.98818969726562 102.30894470214844 263.9209518432617 61.48914337158203 263.9209518432617
62.18414306640625 159.50900268554688 102.70787048339844 159.50900268554688 102.70787048339844 261.96763610839844 62.18414306640625 261.96763610839844
62.90877151489258 161.02981567382812 103.76408386230469 161.02981567382812 103.76408386230469 263.5591354370117 62.90877151489258 263.5591354370117
61.29704666137695 159.2872314453125 102.07680892944336 159.2872314453125 102.07680892944336 262.23795318603516 61.29704666137695 262.23795318603516
61.409873962402344 160.16139221191406 103.18677520751953 160.16139221191406 103.18677520751953 263.60784912109375 61.409873962402344 263.60784912109375
61.986122131347656 161.36917114257812 104.40986633300781 161.36917114257812 104.40986633300781 264.23619079589844 61.986122131347656 264.23619079589844
63.653648376464844 158.28009033203125 105.29938507080078 158.28009033203125 105.29938507080078 262.07569885253906 63.653648376464844 262.07569885253906
61.4568977355957 158.78823852539062 104.07076644897461 158.78823852539062 104.07076644897461 261.3528137207031 61.4568977355957 261.3528137207031
62.92736053466797 159.62228393554688 105.27825927734375 159.62228393554688 105.27825927734375 260.80181884765625 62.92736053466797 260.80181884765625
62.4962158203125 156.61358642578125 104.8393669128418 156.61358642578125 104.8393669128418 257.9383316040039 62.4962158203125 257.9383316040039
61.241783142089844 162.10806274414062 103.30994033813477 162.10806274414062 103.30994033813477 266.2412414550781 61.241783142089844 266.2412414550781
63.1358642578125 156.3629150390625 105.45846176147461 156.3629150390625 105.45846176147461 257.9002456665039 63.1358642578125 257.9002456665039
61.44133758544922 159.5925750732422 103.42074966430664 159.5925750732422 103.42074966430664 260.96981048583984 61.44133758544922 260.96981048583984
61.98662567138672 156.72955322265625 104.81746673583984 156.72955322265625 104.81746673583984 258.9358215332031 61.98662567138672 258.9358215332031
65.11192321777344 157.4390106201172 108.22597885131836 157.4390106201172 108.22597885131836 257.78560638427734 65.11192321777344 257.78560638427734
63.7846794128418 156.6553497314453 107.08800888061523 156.6553497314453 107.08800888061523 258.0218811035156 63.7846794128418 258.0218811035156
63.80009078979492 156.51181030273438 107.26457595825195 156.51181030273438 107.26457595825195 258.20692443847656 63.80009078979492 258.20692443847656
61.50383758544922 157.58590698242188 104.60087585449219 157.58590698242188 104.60087585449219 259.6553955078125 61.50383758544922 259.6553955078125
61.10992431640625 157.87423706054688 103.36711883544922 157.87423706054688 103.36711883544922 260.5466766357422 61.10992431640625 260.5466766357422
61.47771072387695 157.52426147460938 104.87043380737305 157.52426147460938 104.87043380737305 260.55918884277344 61.47771072387695 260.55918884277344
62.08747100830078 156.83108520507812 105.07161331176758 156.83108520507812 105.07161331176758 258.1635208129883 62.08747100830078 258.1635208129883
61.3493537902832 158.8262176513672 104.58030319213867 158.8262176513672 104.58030319213867 258.83631134033203 61.3493537902832 258.83631134033203
60.59844207763672 155.40753173828125 103.65247344970703 155.40753173828125 103.65247344970703 256.31343841552734 60.59844207763672 256.31343841552734
61.97687911987305 157.19235229492188 105.29501724243164 157.19235229492188 105.29501724243164 257.64295196533203 61.97687911987305 257.64295196533203
61.90958786010742 154.3834991455078 105.70576858520508 154.3834991455078 105.70576858520508 257.0113067626953 61.90958786010742 257.0113067626953
60.152809143066406 153.90188598632812 102.7309341430664 153.90188598632812 102.7309341430664 259.0474090576172 60.152809143066406 259.0474090576172
60.57965087890625 157.75254821777344 103.5455322265625 157.75254821777344 103.5455322265625 262.80712890625 60.57965087890625 262.80712890625
60.2135124206543 152.74131774902344 103.67716979980469 152.74131774902344 103.67716979980469 259.1798782348633 60.2135124206543 259.1798782348633
60.017906188964844 152.4012451171875 103.7187614440918 152.4012451171875 103.7187614440918 259.09400939941406 60.017906188964844 259.09400939941406
61.053733825683594 150.6129150390625 106.44068908691406 150.6129150390625 106.44068908691406 259.18003845214844 61.053733825683594 259.18003845214844
60.40678024291992 151.1943817138672 105.91028213500977 151.1943817138672 105.91028213500977 261.8180847167969 60.40678024291992 261.8180847167969
60.63825607299805 152.28463745117188 106.51253128051758 152.28463745117188 106.51253128051758 260.6353225708008 60.63825607299805 260.6353225708008
59.58198928833008 150.47073364257812 104.54043197631836 150.47073364257812 104.54043197631836 258.5891418457031 59.58198928833008 258.5891418457031
61.11060333251953 151.0762481689453 106.16558456420898 151.0762481689453 106.16558456420898 259.20050048828125 61.11060333251953 259.20050048828125
63.83416748046875 150.16604614257812 109.64334869384766 150.16604614257812 109.64334869384766 259.1063995361328 63.83416748046875 259.1063995361328
62.90843963623047 151.01559448242188 108.10322189331055 151.01559448242188 108.10322189331055 257.05360412597656 62.90843963623047 257.05360412597656
62.48456954956055 150.98080444335938 108.36493301391602 150.98080444335938 108.36493301391602 256.8307571411133 62.48456954956055 256.8307571411133
62.2197265625 150.92184448242188 107.2366714477539 150.92184448242188 107.2366714477539 256.8563690185547 62.2197265625 256.8563690185547
62.52630615234375 149.23101806640625 107.81037902832031 149.23101806640625 107.81037902832031 256.8227996826172 62.52630615234375 256.8227996826172
62.099403381347656 150.63986206054688 108.48558807373047 150.63986206054688 108.48558807373047 258.9658966064453 62.099403381347656 258.9658966064453
63.234825134277344 150.48001098632812 110.69821548461914 150.48001098632812 110.69821548461914 261.93626403808594 63.234825134277344 261.93626403808594
62.36606979370117 152.0404052734375 109.65362930297852 152.0404052734375 109.65362930297852 261.90506744384766 62.36606979370117 261.90506744384766
62.16167068481445 146.60775756835938 109.72210693359375 146.60775756835938 109.72210693359375 256.5962371826172 62.16167068481445 256.5962371826172
62.5395622253418 148.69732666015625 110.39778518676758 148.69732666015625 110.39778518676758 257.1563949584961 62.5395622253418 257.1563949584961
63.3288459777832 147.29296875 111.44100570678711 147.29296875 111.44100570678711 257.7853012084961 63.3288459777832 257.7853012084961
63.66957473754883 148.02923583984375 112.55569076538086 148.02923583984375 112.55569076538086 259.87554931640625 63.66957473754883 259.87554931640625
64.3988037109375 148.4325714111328 112.83170318603516 148.4325714111328 112.83170318603516 260.00951385498047 64.3988037109375 260.00951385498047
63.55461883544922 148.02854919433594 112.72378158569336 148.02854919433594 112.72378158569336 261.9800109863281 63.55461883544922 261.9800109863281
63.96000289916992 147.31471252441406 112.42131423950195 147.31471252441406 112.42131423950195 260.7369689941406 63.96000289916992 260.7369689941406
62.98140335083008 148.40283203125 111.79236221313477 148.40283203125 111.79236221313477 259.4245376586914 62.98140335083008 259.4245376586914
61.67082977294922 147.030029296875 110.07794570922852 147.030029296875 110.07794570922852 257.6195068359375 61.67082977294922 257.6195068359375
62.730491638183594 146.35299682617188 111.2623405456543 146.35299682617188 111.2623405456543 257.8599548339844 62.730491638183594 257.8599548339844
61.8532829284668 150.12734985351562 110.78191375732422 150.12734985351562 110.78191375732422 262.6404724121094 61.8532829284668 262.6404724121094
62.97071075439453 148.44036865234375 111.38994979858398 148.44036865234375 111.38994979858398 261.7735366821289 62.97071075439453 261.7735366821289
62.90459060668945 150.0680389404297 111.65178298950195 150.0680389404297 111.65178298950195 263.5382766723633 62.90459060668945 263.5382766723633
62.04304885864258 148.5135955810547 109.96905517578125 148.5135955810547 109.96905517578125 259.7458724975586 62.04304885864258 259.7458724975586
63.184913635253906 148.19090270996094 111.5218391418457 148.19090270996094 111.5218391418457 260.6535949707031 63.184913635253906 260.6535949707031
61.15205764770508 149.69155883789062 110.42509078979492 149.69155883789062 110.42509078979492 263.77293395996094 61.15205764770508 263.77293395996094
62.9541015625 148.90342712402344 111.78070449829102 148.90342712402344 111.78070449829102 263.94371032714844 62.9541015625 263.94371032714844
62.07572555541992 146.75595092773438 110.16742324829102 146.75595092773438 110.16742324829102 258.65553283691406 62.07572555541992 258.65553283691406
61.321937561035156 150.93313598632812 110.33257675170898 150.93313598632812 110.33257675170898 266.6936340332031 61.321937561035156 266.6936340332031
60.67873001098633 147.42709350585938 109.09198379516602 147.42709350585938 109.09198379516602 260.35167694091797 60.67873001098633 260.35167694091797
63.62706756591797 147.40725708007812 112.46875762939453 147.40725708007812 112.46875762939453 261.25205993652344 63.62706756591797 261.25205993652344
60.0191650390625 148.4582977294922 108.48446655273438 148.4582977294922 108.48446655273438 260.45674896240234 60.0191650390625 260.45674896240234
61.489784240722656 148.99386596679688 109.35132217407227 148.99386596679688 109.35132217407227 259.66127014160156 61.489784240722656 259.66127014160156
62.466758728027344 147.05484008789062 111.27508544921875 147.05484008789062 111.27508544921875 260.1156768798828 62.466758728027344 260.1156768798828
65.52214813232422 146.16673278808594 114.51745986938477 146.16673278808594 114.51745986938477 260.02496337890625 65.52214813232422 260.02496337890625
64.16022491455078 147.46484375 112.41407012939453 147.46484375 112.41407012939453 259.0525894165039 64.16022491455078 259.0525894165039
62.7894172668457 148.0321502685547 111.03375625610352 148.0321502685547 111.03375625610352 258.66107177734375 62.7894172668457 258.66107177734375
62.76808547973633 148.52809143066406 111.02740478515625 148.52809143066406 111.02740478515625 260.4524917602539 62.76808547973633 260.4524917602539
61.73539352416992 151.73846435546875 109.71950912475586 151.73846435546875 109.71950912475586 261.7543182373047 61.73539352416992 261.7543182373047
62.159767150878906 152.32098388671875 111.0204963684082 152.32098388671875 111.0204963684082 264.46600341796875 62.159767150878906 264.46600341796875
62.47764205932617 150.21170043945312 110.99100112915039 150.21170043945312 110.99100112915039 261.17906188964844 62.47764205932617 261.17906188964844
63.09331130981445 147.3876190185547 111.16007614135742 147.3876190185547 111.16007614135742 258.6876449584961 63.09331130981445 258.6876449584961
63.84136962890625 147.0493621826172 111.99904251098633 147.0493621826172 111.99904251098633 257.5980453491211 63.84136962890625 257.5980453491211
62.3701057434082 149.13021850585938 109.91344833374023 149.13021850585938 109.91344833374023 258.6183395385742 62.3701057434082 258.6183395385742
62.70112991333008 149.10601806640625 110.18292617797852 149.10601806640625 110.18292617797852 256.007568359375 62.70112991333008 256.007568359375
62.130958557128906 149.52969360351562 109.69942474365234 149.52969360351562 109.69942474365234 260.5153045654297 62.130958557128906 260.5153045654297
61.29210662841797 150.8447265625 109.49593734741211 150.8447265625 109.49593734741211 259.99627685546875 61.29210662841797 259.99627685546875
63.01964569091797 149.48025512695312 111.30927658081055 149.48025512695312 111.30927658081055 261.68125915527344 63.01964569091797 261.68125915527344
61.781494140625 146.61190795898438 109.60408020019531 146.61190795898438 109.60408020019531 257.5688171386719 61.781494140625 257.5688171386719
62.073570251464844 148.2975311279297 109.55010604858398 148.2975311279297 109.55010604858398 259.23419189453125 62.073570251464844 259.23419189453125
64.4075698852539 148.90512084960938 111.94696807861328 148.90512084960938 111.94696807861328 258.7999725341797 64.4075698852539 258.7999725341797
61.95698165893555 148.4915008544922 108.39047622680664 148.4915008544922 108.39047622680664 257.43201446533203 61.95698165893555 257.43201446533203
60.83159255981445 148.79946899414062 108.0394401550293 148.79946899414062 108.0394401550293 258.9519729614258 60.83159255981445 258.9519729614258
62.69981002807617 146.6814727783203 109.10935592651367 146.6814727783203 109.10935592651367 255.9891357421875 62.69981002807617 255.9891357421875
63.06267547607422 149.01710510253906 109.62825012207031 149.01710510253906 109.62825012207031 257.3855972290039 63.06267547607422 257.3855972290039
63.26397705078125 146.7810821533203 109.43871688842773 146.7810821533203 109.43871688842773 256.4030532836914 63.26397705078125 256.4030532836914
61.09297561645508 150.7361297607422 107.5531005859375 150.7361297607422 107.5531005859375 262.5484924316406 61.09297561645508 262.5484924316406
64.23844909667969 147.7894287109375 110.19364547729492 147.7894287109375 110.19364547729492 259.69505310058594 64.23844909667969 259.69505310058594
61.238800048828125 149.59312438964844 107.08519744873047 149.59312438964844 107.08519744873047 261.8110809326172 61.238800048828125 261.8110809326172
62.17506790161133 150.7799072265625 108.31449508666992 150.7799072265625 108.31449508666992 261.35845947265625 62.17506790161133 261.35845947265625
63.571746826171875 149.90867614746094 109.39080047607422 149.90867614746094 109.39080047607422 259.5504150390625 63.571746826171875 259.5504150390625
64.1686782836914 149.2862548828125 109.28923034667969 149.2862548828125 109.28923034667969 258.1058349609375 64.1686782836914 258.1058349609375
63.43175506591797 149.67572021484375 108.40890884399414 149.67572021484375 108.40890884399414 257.0380859375 63.43175506591797 257.0380859375
63.27460861206055 149.30050659179688 108.57312393188477 149.30050659179688 108.57312393188477 257.5240783691406 63.27460861206055 257.5240783691406
63.737037658691406 149.34458923339844 108.90985107421875 149.34458923339844 108.90985107421875 257.29698181152344 63.737037658691406 257.29698181152344
62.13007736206055 148.52804565429688 108.05456161499023 148.52804565429688 108.05456161499023 261.15502166748047 62.13007736206055 261.15502166748047
62.243812561035156 149.98568725585938 109.12270736694336 149.98568725585938 109.12270736694336 264.0122756958008 62.243812561035156 264.0122756958008
64.00997161865234 146.1453094482422 110.85803604125977 146.1453094482422 110.85803604125977 260.38086700439453 64.00997161865234 260.38086700439453
63.47265625 147.78414916992188 110.02415084838867 147.78414916992188 110.02415084838867 259.9163360595703 63.47265625 259.9163360595703
63.3248176574707 150.7886199951172 109.84613037109375 150.7886199951172 109.84613037109375 265.0941848754883 63.3248176574707 265.0941848754883
62.640281677246094 147.24850463867188 109.80482482910156 147.24850463867188 109.80482482910156 262.0158004760742 62.640281677246094 262.0158004760742
60.773521423339844 147.7839813232422 108.33818054199219 147.7839813232422 108.33818054199219 263.20188903808594 60.773521423339844 263.20188903808594
61.42816162109375 147.61158752441406 108.4032096862793 147.61158752441406 108.4032096862793 259.68151092529297 61.42816162109375 259.68151092529297
62.57295608520508 149.86550903320312 109.2111930847168 149.86550903320312 109.2111930847168 262.9699249267578 62.57295608520508 262.9699249267578
62.18719482421875 147.98037719726562 109.16991424560547 147.98037719726562 109.16991424560547 256.14024353027344 62.18719482421875 256.14024353027344
61.55365753173828 148.55014038085938 108.56044006347656 148.55014038085938 108.56044006347656 258.32898712158203 61.55365753173828 258.32898712158203
61.80381393432617 148.56741333007812 108.21239471435547 148.56741333007812 108.21239471435547 257.67261505126953 61.80381393432617 257.67261505126953
62.1406135559082 146.4847412109375 108.43613815307617 146.4847412109375 108.43613815307617 254.73008728027344 62.1406135559082 254.73008728027344
61.39946365356445 148.14913940429688 107.17993927001953 148.14913940429688 107.17993927001953 256.4606170654297 61.39946365356445 256.4606170654297
64.48230743408203 147.21104431152344 110.75314331054688 147.21104431152344 110.75314331054688 255.11949157714844 64.48230743408203 255.11949157714844
63.919960021972656 148.64891052246094 110.05839157104492 148.64891052246094 110.05839157104492 258.8945007324219 63.919960021972656 258.8945007324219
63.967132568359375 146.79747009277344 108.79549026489258 146.79747009277344 108.79549026489258 253.4013671875 63.967132568359375 253.4013671875
61.38782501220703 145.93896484375 106.42218017578125 145.93896484375 106.42218017578125 251.89259338378906 61.38782501220703 251.89259338378906
64.29270935058594 146.93887329101562 110.34725570678711 146.93887329101562 110.34725570678711 255.62805938720703 64.29270935058594 255.62805938720703
62.30863571166992 147.4630126953125 107.77653121948242 147.4630126953125 107.77653121948242 256.05284118652344 62.30863571166992 256.05284118652344
63.17644119262695 145.39846801757812 109.67313385009766 145.39846801757812 109.67313385009766 253.3051300048828 63.17644119262695 253.3051300048828
64.5369873046875 146.83731079101562 109.95782089233398 146.83731079101562 109.95782089233398 252.00350952148438 64.5369873046875 252.00350952148438
63.62493896484375 146.34645080566406 109.00176239013672 146.34645080566406 109.00176239013672 249.51406860351562 63.62493896484375 249.51406860351562
64.28365325927734 149.46031188964844 110.23580932617188 149.46031188964844 110.23580932617188 251.652587890625 64.28365325927734 251.652587890625
62.11201858520508 150.51760864257812 107.13189315795898 150.51760864257812 107.13189315795898 253.0000762939453 62.11201858520508 253.0000762939453
64.58597564697266 145.8909454345703 111.81131362915039 145.8909454345703 111.81131362915039 252.2703857421875 64.58597564697266 252.2703857421875
63.642127990722656 149.05311584472656 110.04396057128906 149.05311584472656 110.04396057128906 254.05963134765625 63.642127990722656 254.05963134765625
62.05438232421875 144.47146606445312 109.1531753540039 144.47146606445312 109.1531753540039 249.96377563476562 62.05438232421875 249.96377563476562
63.13288116455078 148.36825561523438 110.8396987915039 148.36825561523438 110.8396987915039 257.5304641723633 63.13288116455078 257.5304641723633
61.806419372558594 148.01278686523438 109.44265747070312 148.01278686523438 109.44265747070312 256.76258850097656 61.806419372558594 256.76258850097656
60.93633270263672 146.52523803710938 107.78082275390625 146.52523803710938 107.78082275390625 254.14165496826172 60.93633270263672 254.14165496826172
62.1546745300293 144.67996215820312 110.01007843017578 144.67996215820312 110.01007843017578 254.94589233398438 62.1546745300293 254.94589233398438
60.30561447143555 150.03457641601562 107.11048126220703 150.03457641601562 107.11048126220703 258.64550018310547 60.30561447143555 258.64550018310547
62.13824462890625 145.0079803466797 108.60971450805664 145.0079803466797 108.60971450805664 251.29795837402344 62.13824462890625 251.29795837402344
60.49090576171875 145.90968322753906 106.8590316772461 145.90968322753906 106.8590316772461 253.75247192382812 60.49090576171875 253.75247192382812
63.143310546875 142.81863403320312 110.77700805664062 142.81863403320312 110.77700805664062 249.6865692138672 63.143310546875 249.6865692138672
61.86054229736328 143.46096801757812 108.58047866821289 143.46096801757812 108.58047866821289 255.4385528564453 61.86054229736328 255.4385528564453
61.54288864135742 144.52334594726562 108.03769302368164 144.52334594726562 108.03769302368164 255.95848083496094 61.54288864135742 255.95848083496094
62.4157829284668 142.0573272705078 109.49951553344727 142.0573272705078 109.49951553344727 257.3017272949219 62.4157829284668 257.3017272949219
62.37164306640625 143.43955993652344 109.44087600708008 143.43955993652344 109.44087600708008 257.27203369140625 62.37164306640625 257.27203369140625
61.69921112060547 144.36607360839844 108.89244079589844 144.36607360839844 108.89244079589844 259.0894470214844 61.69921112060547 259.0894470214844
63.1208381652832 145.4663848876953 109.73245239257812 145.4663848876953 109.73245239257812 258.9989776611328 63.1208381652832 258.9989776611328
63.851783752441406 140.60687255859375 109.98294067382812 140.60687255859375 109.98294067382812 253.6719512939453 63.851783752441406 253.6719512939453
60.19292068481445 138.81222534179688 108.22360229492188 138.81222534179688 108.22360229492188 253.7978973388672 60.19292068481445 253.7978973388672
63.0986442565918 141.15426635742188 111.39150619506836 141.15426635742188 111.39150619506836 257.7268753051758 63.0986442565918 257.7268753051758
61.087127685546875 139.00213623046875 108.7026138305664 139.00213623046875 108.7026138305664 255.369384765625 61.087127685546875 255.369384765625
64.52091979980469 137.60531616210938 113.28824996948242 137.60531616210938 113.28824996948242 254.47174835205078 64.52091979980469 254.47174835205078
63.55913162231445 138.08938598632812 112.26912307739258 138.08938598632812 112.26912307739258 259.0138473510742 63.55913162231445 259.0138473510742
63.142662048339844 137.1519012451172 111.74417114257812 137.1519012451172 111.74417114257812 258.66353607177734 63.142662048339844 258.66353607177734
61.869789123535156 134.8801727294922 112.13686752319336 134.8801727294922 112.13686752319336 259.41223907470703 61.869789123535156 259.41223907470703
64.1438980102539 134.2931671142578 114.16621780395508 134.2931671142578 114.16621780395508 256.48363494873047 64.1438980102539 256.48363494873047
64.285888671875 137.62667846679688 114.8009262084961 137.62667846679688 114.8009262084961 261.58290100097656 64.285888671875 261.58290100097656
63.31461715698242 140.22415161132812 114.82007217407227 140.22415161132812 114.82007217407227 262.53929901123047 63.31461715698242 262.53929901123047
62.39423751831055 133.5537872314453 115.1403694152832 133.5537872314453 115.1403694152832 256.990966796875 62.39423751831055 256.990966796875
62.217071533203125 137.85348510742188 112.85787200927734 137.85348510742188 112.85787200927734 261.91331481933594 62.217071533203125 261.91331481933594
63.099632263183594 133.5164337158203 113.21235656738281 133.5164337158203 113.21235656738281 255.04412841796875 63.099632263183594 255.04412841796875
63.86309814453125 136.87037658691406 113.61209869384766 136.87037658691406 113.61209869384766 256.39505767822266 63.86309814453125 256.39505767822266
62.28156661987305 141.0757598876953 111.68207931518555 141.0757598876953 111.68207931518555 263.1226577758789 62.28156661987305 263.1226577758789
62.52302932739258 138.24050903320312 111.24229049682617 138.24050903320312 111.24229049682617 258.89844512939453 62.52302932739258 258.89844512939453
63.53924560546875 138.321533203125 111.12436294555664 138.321533203125 111.12436294555664 258.10662841796875 63.53924560546875 258.10662841796875
60.940940856933594 141.7298126220703 109.69964218139648 141.7298126220703 109.69964218139648 262.32567596435547 60.940940856933594 262.32567596435547
63.16717529296875 136.35195922851562 111.84346008300781 136.35195922851562 111.84346008300781 256.4499969482422 63.16717529296875 256.4499969482422
62.504302978515625 132.8097686767578 111.79639434814453 132.8097686767578 111.79639434814453 254.29598999023438 62.504302978515625 254.29598999023438
61.3214225769043 135.5030059814453 110.40392303466797 135.5030059814453 110.40392303466797 257.7662887573242 61.3214225769043 257.7662887573242
60.34766387939453 137.14724731445312 109.82604598999023 137.14724731445312 109.82604598999023 260.6884078979492 60.34766387939453 260.6884078979492
61.94404983520508 133.77720642089844 111.29915237426758 133.77720642089844 111.29915237426758 257.0884017944336 61.94404983520508 257.0884017944336
59.2397575378418 135.5538787841797 109.40552139282227 135.5538787841797 109.40552139282227 263.1356887817383 59.2397575378418 263.1356887817383
61.872413635253906 135.51028442382812 111.30459594726562 135.51028442382812 111.30459594726562 258.71275329589844 61.872413635253906 258.71275329589844
61.45335006713867 132.1678009033203 112.35602188110352 132.1678009033203 112.35602188110352 259.0537414550781 61.45335006713867 259.0537414550781
60.67082977294922 130.68765258789062 111.54084396362305 130.68765258789062 111.54084396362305 258.4296569824219 60.67082977294922 258.4296569824219
60.671165466308594 132.73468017578125 111.32706832885742 132.73468017578125 111.32706832885742 260.1912612915039 60.671165466308594 260.1912612915039
59.83119583129883 131.76280212402344 111.32838821411133 131.76280212402344 111.32838821411133 260.13250732421875 59.83119583129883 260.13250732421875
61.25026321411133 131.54171752929688 111.73356246948242 131.54171752929688 111.73356246948242 257.6101531982422 61.25026321411133 257.6101531982422
61.86043167114258 133.3183135986328 112.11323165893555 133.3183135986328 112.11323165893555 256.4862976074219 61.86043167114258 256.4862976074219
59.82709884643555 136.10382080078125 110.35546112060547 136.10382080078125 110.35546112060547 263.95729064941406 59.82709884643555 263.95729064941406
61.275367736816406 135.20407104492188 111.02918243408203 135.20407104492188 111.02918243408203 260.7846984863281 61.275367736816406 260.7846984863281
60.4208869934082 133.2936553955078 111.13127136230469 133.2936553955078 111.13127136230469 260.6138229370117 60.4208869934082 260.6138229370117
61.70148849487305 135.7354736328125 111.35791397094727 135.7354736328125 111.35791397094727 261.53067779541016 61.70148849487305 261.53067779541016
62.08982467651367 136.38333129882812 111.26910781860352 136.38333129882812 111.26910781860352 262.2787551879883 62.08982467651367 262.2787551879883
59.997802734375 131.6964111328125 109.1770133972168 131.6964111328125 109.1770133972168 257.3367691040039 59.997802734375 257.3367691040039
60.340614318847656 128.91497802734375 109.44151306152344 128.91497802734375 109.44151306152344 253.34107971191406 60.340614318847656 253.34107971191406
59.02143096923828 133.47341918945312 108.44424057006836 133.47341918945312 108.44424057006836 258.54676055908203 59.02143096923828 258.54676055908203
59.874229431152344 129.49732971191406 108.54078674316406 129.49732971191406 108.54078674316406 252.09706115722656 59.874229431152344 252.09706115722656
58.58760452270508 134.47738647460938 108.62637710571289 134.47738647460938 108.62637710571289 258.77184295654297 58.58760452270508 258.77184295654297
59.30261993408203 131.15298461914062 108.94046783447266 131.15298461914062 108.94046783447266 253.74253845214844 59.30261993408203 253.74253845214844
58.4774169921875 133.68191528320312 107.4640121459961 133.68191528320312 107.4640121459961 256.18434143066406 58.4774169921875 256.18434143066406
59.851417541503906 134.41583251953125 108.67287826538086 134.41583251953125 108.67287826538086 254.3983154296875 59.851417541503906 254.3983154296875
58.048316955566406 132.9485626220703 106.94393920898438 132.9485626220703 106.94393920898438 255.77359008789062 58.048316955566406 255.77359008789062
58.954986572265625 129.8474884033203 107.53486633300781 129.8474884033203 107.53486633300781 252.46044158935547 58.954986572265625 252.46044158935547
59.74810791015625 133.00473022460938 109.53424835205078 133.00473022460938 109.53424835205078 256.97985076904297 59.74810791015625 256.97985076904297
59.24688720703125 130.8681182861328 108.61515426635742 130.8681182861328 108.61515426635742 253.322998046875 59.24688720703125 253.322998046875
60.3841667175293 130.9938507080078 109.29280471801758 130.9938507080078 109.29280471801758 251.26177215576172 60.3841667175293 251.26177215576172
60.4837532043457 133.91970825195312 109.20203399658203 133.91970825195312 109.20203399658203 254.6758575439453 60.4837532043457 254.6758575439453
61.3148193359375 132.7659454345703 109.44051361083984 132.7659454345703 109.44051361083984 251.3347930908203 61.3148193359375 251.3347930908203
60.251617431640625 132.53175354003906 108.30645751953125 132.53175354003906 108.30645751953125 254.54833221435547 60.251617431640625 254.54833221435547
59.09326171875 129.71163940429688 106.86035919189453 129.71163940429688 106.86035919189453 250.24594116210938 59.09326171875 250.24594116210938
57.6229248046875 130.56124877929688 106.31408309936523 130.56124877929688 106.31408309936523 253.82274627685547 57.6229248046875 253.82274627685547
59.65446853637695 127.0582275390625 106.82876968383789 127.0582275390625 106.82876968383789 246.63726806640625 59.65446853637695 246.63726806640625
59.3916130065918 128.1000518798828 106.56390762329102 128.1000518798828 106.56390762329102 246.19377899169922 59.3916130065918 246.19377899169922
56.04734420776367 134.1649627685547 105.62285614013672 134.1649627685547 105.62285614013672 259.43074798583984 56.04734420776367 259.43074798583984
57.83099365234375 131.1317138671875 105.59189987182617 131.1317138671875 105.59189987182617 252.4057846069336 57.83099365234375 252.4057846069336
56.34196853637695 132.96682739257812 104.8352165222168 132.96682739257812 104.8352165222168 254.52239227294922 56.34196853637695 254.52239227294922
55.99394989013672 131.58706665039062 105.01605606079102 131.58706665039062 105.01605606079102 254.77918243408203 55.99394989013672 254.77918243408203
57.649681091308594 133.01426696777344 105.23551177978516 133.01426696777344 105.23551177978516 253.55487823486328 57.649681091308594 253.55487823486328
58.37904739379883 132.55032348632812 105.62812423706055 132.55032348632812 105.62812423706055 249.73383331298828 58.37904739379883 249.73383331298828
57.74388885498047 127.1436767578125 105.43701934814453 127.1436767578125 105.43701934814453 244.13136291503906 57.74388885498047 244.13136291503906
57.337982177734375 128.28982543945312 104.92723846435547 128.28982543945312 104.92723846435547 245.09722137451172 57.337982177734375 245.09722137451172
60.63393020629883 131.28623962402344 106.97587966918945 131.28623962402344 106.97587966918945 242.07198333740234 60.63393020629883 242.07198333740234
60.30622482299805 130.5142059326172 106.31792068481445 130.5142059326172 106.31792068481445 241.91229248046875 60.30622482299805 241.91229248046875
59.3179931640625 131.71694946289062 106.17639923095703 131.71694946289062 106.17639923095703 243.28599548339844 59.3179931640625 243.28599548339844
59.37772750854492 131.72506713867188 105.558349609375 131.72506713867188 105.558349609375 245.06426239013672 59.37772750854492 245.06426239013672
60.258941650390625 130.38636779785156 105.93448638916016 130.38636779785156 105.93448638916016 243.03054809570312 60.258941650390625 243.03054809570312
60.412132263183594 128.33737182617188 105.90641403198242 128.33737182617188 105.90641403198242 240.81220245361328 60.412132263183594 240.81220245361328
60.443870544433594 130.8572540283203 106.0452880859375 130.8572540283203 106.0452880859375 241.20145416259766 60.443870544433594 241.20145416259766
61.343116760253906 133.94386291503906 106.45358276367188 133.94386291503906 106.45358276367188 243.63079071044922 61.343116760253906 243.63079071044922
61.4132080078125 134.0810089111328 106.92224884033203 134.0810089111328 106.92224884033203 243.52438354492188 61.4132080078125 243.52438354492188
61.59351348876953 134.78707885742188 107.09891510009766 134.78707885742188 107.09891510009766 243.93419647216797 61.59351348876953 243.93419647216797
62.05402755737305 132.84820556640625 107.79909133911133 132.84820556640625 107.79909133911133 243.37503814697266 62.05402755737305 243.37503814697266
62.394981384277344 132.66078186035156 108.81087112426758 132.66078186035156 108.81087112426758 247.08599853515625 62.394981384277344 247.08599853515625
61.69878387451172 132.6331787109375 109.63459777832031 132.6331787109375 109.63459777832031 244.6967010498047 61.69878387451172 244.6967010498047
61.24531173706055 130.486328125 109.03108596801758 130.486328125 109.03108596801758 241.61814880371094 61.24531173706055 241.61814880371094
60.695823669433594 128.25534057617188 108.56588363647461 128.25534057617188 108.56588363647461 240.06838989257812 60.695823669433594 240.06838989257812
59.1619873046875 130.26602172851562 107.72773742675781 130.26602172851562 107.72773742675781 245.15300750732422 59.1619873046875 245.15300750732422
59.845924377441406 128.9861297607422 108.85838317871094 128.9861297607422 108.85838317871094 244.1093978881836 59.845924377441406 244.1093978881836
59.96393966674805 127.30976867675781 108.68066787719727 127.30976867675781 108.68066787719727 244.23101806640625 59.96393966674805 244.23101806640625
59.783905029296875 130.44772338867188 109.01213073730469 130.44772338867188 109.01213073730469 248.22447967529297 59.783905029296875 248.22447967529297
58.746971130371094 124.7086410522461 108.57710647583008 124.7086410522461 108.57710647583008 244.36834716796875 58.746971130371094 244.36834716796875
59.40544891357422 130.8420867919922 108.53413391113281 130.8420867919922 108.53413391113281 251.66934204101562 59.40544891357422 251.66934204101562
60.474632263183594 125.41059875488281 109.03086853027344 125.41059875488281 109.03086853027344 243.61013793945312 60.474632263183594 243.61013793945312
61.241981506347656 125.7850570678711 110.83263778686523 125.7850570678711 110.83263778686523 246.7942352294922 61.241981506347656 246.7942352294922
59.6740837097168 124.6319351196289 109.83895492553711 124.6319351196289 109.83895492553711 246.8006362915039 59.6740837097168 246.8006362915039
58.520423889160156 126.50040435791016 108.64886093139648 126.50040435791016 108.64886093139648 247.86063385009766 58.520423889160156 247.86063385009766
61.78743362426758 125.9004898071289 110.28561019897461 125.9004898071289 110.28561019897461 243.8868637084961 61.78743362426758 243.8868637084961
59.139747619628906 123.6998519897461 109.16452026367188 123.6998519897461 109.16452026367188 245.1493911743164 59.139747619628906 245.1493911743164
59.8464241027832 125.98236083984375 109.80707550048828 125.98236083984375 109.80707550048828 249.91422271728516 59.8464241027832 249.91422271728516
59.92181396484375 121.90959167480469 109.82011032104492 121.90959167480469 109.82011032104492 246.97195434570312 59.92181396484375 246.97195434570312
60.12748336791992 123.14112854003906 110.20901489257812 123.14112854003906 110.20901489257812 245.69081115722656 60.12748336791992 245.69081115722656
59.07133865356445 124.2476577758789 109.52463150024414 124.2476577758789 109.52463150024414 248.01485443115234 59.07133865356445 248.01485443115234
59.145240783691406 126.5921630859375 109.36034774780273 126.5921630859375 109.36034774780273 249.0346221923828 59.145240783691406 249.0346221923828
58.722129821777344 123.496337890625 109.1046142578125 123.496337890625 109.1046142578125 246.299072265625 58.722129821777344 246.299072265625
59.596519470214844 123.50129699707031 110.14744186401367 123.50129699707031 110.14744186401367 245.37847900390625 59.596519470214844 245.37847900390625
59.057098388671875 117.5810775756836 110.39586639404297 117.5810775756836 110.39586639404297 238.50434112548828 59.057098388671875 238.50434112548828
58.12119674682617 122.9557113647461 108.60028076171875 122.9557113647461 108.60028076171875 248.718017578125 58.12119674682617 248.718017578125
57.17949676513672 123.82566833496094 108.48710250854492 123.82566833496094 108.48710250854492 248.8822479248047 57.17949676513672 248.8822479248047
57.4338264465332 121.2198715209961 107.49076461791992 121.2198715209961 107.49076461791992 243.6657485961914 57.4338264465332 243.6657485961914
56.025634765625 117.07818603515625 106.77262496948242 117.07818603515625 106.77262496948242 245.41091918945312 56.025634765625 245.41091918945312
56.90305709838867 119.69032287597656 107.40665054321289 119.69032287597656 107.40665054321289 243.99655151367188 56.90305709838867 243.99655151367188
54.5877571105957 121.87809753417969 104.41900634765625 121.87809753417969 104.41900634765625 248.28829956054688 54.5877571105957 248.28829956054688
53.81620407104492 118.107666015625 104.84048080444336 118.107666015625 104.84048080444336 244.35142517089844 53.81620407104492 244.35142517089844
54.660400390625 120.08455657958984 104.19193267822266 120.08455657958984 104.19193267822266 245.05938720703125 54.660400390625 245.05938720703125
54.51984786987305 119.79876708984375 103.63445663452148 119.79876708984375 103.63445663452148 242.0933074951172 54.51984786987305 242.0933074951172
54.60798263549805 121.23477935791016 103.83541107177734 121.23477935791016 103.83541107177734 244.4945068359375 54.60798263549805 244.4945068359375
55.514183044433594 122.48309326171875 103.88978958129883 122.48309326171875 103.88978958129883 241.6024398803711 55.514183044433594 241.6024398803711
54.1181526184082 121.7027587890625 104.1142807006836 121.7027587890625 104.1142807006836 244.00624084472656 54.1181526184082 244.00624084472656
55.69801712036133 116.61912536621094 105.81593704223633 116.61912536621094 105.81593704223633 238.510498046875 55.69801712036133 238.510498046875
53.054359436035156 119.24736022949219 103.84175109863281 119.24736022949219 103.84175109863281 244.12515258789062 53.054359436035156 244.12515258789062
54.15607452392578 117.23152923583984 105.10591125488281 117.23152923583984 105.10591125488281 244.19068145751953 54.15607452392578 244.19068145751953
52.949378967285156 117.0126953125 104.27863311767578 117.0126953125 104.27863311767578 242.9663848876953 52.949378967285156 242.9663848876953
54.67915725708008 120.294677734375 105.0703125 120.294677734375 105.0703125 246.10426330566406 54.67915725708008 246.10426330566406
56.55621337890625 119.9861068725586 106.35937118530273 119.9861068725586 106.35937118530273 241.63323974609375 56.55621337890625 241.63323974609375
55.593780517578125 118.77005767822266 105.70853805541992 118.77005767822266 105.70853805541992 242.3819122314453 55.593780517578125 242.3819122314453
54.24048614501953 120.6661376953125 104.02699661254883 120.6661376953125 104.02699661254883 243.74637603759766 54.24048614501953 243.74637603759766
55.89031219482422 124.50178527832031 104.78453826904297 124.50178527832031 104.78453826904297 244.14794921875 55.89031219482422 244.14794921875
54.47639846801758 120.99494934082031 102.85456466674805 120.99494934082031 102.85456466674805 243.8541030883789 54.47639846801758 243.8541030883789
55.96441650390625 118.20585632324219 105.3763198852539 118.20585632324219 105.3763198852539 240.2479705810547 55.96441650390625 240.2479705810547
54.0233268737793 119.06258392333984 103.59682083129883 119.06258392333984 103.59682083129883 244.3269500732422 54.0233268737793 244.3269500732422
54.16008377075195 115.8952865600586 103.27556991577148 115.8952865600586 103.27556991577148 235.80298614501953 54.16008377075195 235.80298614501953
55.9586181640625 120.8629150390625 105.3551025390625 120.8629150390625 105.3551025390625 243.76722717285156 55.9586181640625 243.76722717285156
54.080833435058594 118.61077880859375 104.22343444824219 118.61077880859375 104.22343444824219 241.7902374267578 54.080833435058594 241.7902374267578
53.63315963745117 115.9329605102539 103.1550521850586 115.9329605102539 103.1550521850586 237.0145034790039 53.63315963745117 237.0145034790039
54.725914001464844 116.94757080078125 103.61616516113281 116.94757080078125 103.61616516113281 238.162353515625 54.725914001464844 238.162353515625
55.30165481567383 115.56270599365234 103.85121154785156 115.56270599365234 103.85121154785156 233.5079803466797 55.30165481567383 233.5079803466797
53.24858856201172 119.33570861816406 100.8791618347168 119.33570861816406 100.8791618347168 236.9427261352539 53.24858856201172 236.9427261352539
55.73006057739258 120.42738342285156 103.05256271362305 120.42738342285156 103.05256271362305 239.365234375 55.73006057739258 239.365234375
56.7679328918457 124.99839782714844 103.2220573425293 124.99839782714844 103.2220573425293 239.50033569335938 56.7679328918457 239.50033569335938
55.98504638671875 117.9871597290039 102.0864486694336 117.9871597290039 102.0864486694336 229.3171157836914 55.98504638671875 229.3171157836914
56.62945556640625 121.13679504394531 103.262939453125 121.13679504394531 103.262939453125 234.1913833618164 56.62945556640625 234.1913833618164
56.60679244995117 118.1637954711914 103.33672332763672 118.1637954711914 103.33672332763672 231.2198486328125 56.60679244995117 231.2198486328125
57.600303649902344 119.64521789550781 104.95025634765625 119.64521789550781 104.95025634765625 237.366455078125 57.600303649902344 237.366455078125
59.71619415283203 116.98027038574219 106.73833465576172 116.98027038574219 106.73833465576172 232.33035278320312 59.71619415283203 232.33035278320312
