240.0 242.0 255.0 242.0 255.0 300.0 240.0 300.0
240.52676391601562 240.40087890625 255.79494667053223 240.40087890625 255.79494667053223 298.7981185913086 240.52676391601562 298.7981185913086
241.7396240234375 240.97903442382812 257.8354301452637 240.97903442382812 257.8354301452637 298.63761138916016 241.7396240234375 298.63761138916016
244.0591278076172 243.07766723632812 258.94029235839844 243.07766723632812 258.94029235839844 300.61817169189453 244.0591278076172 300.61817169189453
245.4305877685547 240.85787963867188 262.4186248779297 240.85787963867188 262.4186248779297 297.5691337585449 245.4305877685547 297.5691337585449
250.2835693359375 243.1220245361328 268.06013107299805 243.1220245361328 268.06013107299805 297.4151954650879 250.2835693359375 297.4151954650879
254.42776489257812 240.7787628173828 269.7972812652588 240.7787628173828 269.7972812652588 300.2075538635254 254.42776489257812 300.2075538635254
259.2561950683594 242.5667724609375 274.91772747039795 242.5667724609375 274.91772747039795 295.9716796875 259.2561950683594 295.9716796875
262.14752197265625 241.58047485351562 278.07665061950684 241.58047485351562 278.07665061950684 295.3726577758789 262.14752197265625 295.3726577758789
264.47137451171875 243.3183135986328 279.64280223846436 243.3183135986328 279.64280223846436 296.35721588134766 264.47137451171875 296.35721588134766
267.1932678222656 241.38528442382812 281.9517116546631 241.38528442382812 281.9517116546631 294.98058319091797 267.1932678222656 294.98058319091797
269.8452453613281 241.25765991210938 284.98902893066406 241.25765991210938 284.98902893066406 295.81053924560547 269.8452453613281 295.81053924560547
272.2964782714844 243.77505493164062 287.4146451950073 243.77505493164062 287.4146451950073 297.71125411987305 272.2964782714844 297.71125411987305
274.890380859375 241.99124145507812 289.1028575897217 241.99124145507812 289.1028575897217 296.9993782043457 274.890380859375 296.9993782043457
276.3951721191406 243.71151733398438 291.0151119232178 243.71151733398438 291.0151119232178 297.35106658935547 276.3951721191406 297.35106658935547
278.11395263671875 245.16323852539062 293.7999496459961 245.16323852539062 293.7999496459961 297.07966232299805 278.11395263671875 297.07966232299805
278.959228515625 246.8750762939453 295.3563117980957 246.8750762939453 295.3563117980957 298.8432159423828 278.959228515625 298.8432159423828
279.9006042480469 248.15090942382812 297.07002449035645 248.15090942382812 297.07002449035645 301.9425735473633 279.9006042480469 301.9425735473633
283.33270263671875 247.47677612304688 300.06720542907715 247.47677612304688 300.06720542907715 303.25484466552734 283.33270263671875 303.25484466552734
284.35455322265625 246.84933471679688 302.52992820739746 246.84933471679688 302.52992820739746 306.18266677856445 284.35455322265625 306.18266677856445
286.97052001953125 247.3746795654297 303.5639591217041 247.3746795654297 303.5639591217041 304.1036949157715 286.97052001953125 304.1036949157715
288.60980224609375 249.4924774169922 305.48194694519043 249.4924774169922 305.48194694519043 306.40806579589844 288.60980224609375 306.40806579589844
292.8636779785156 249.249755859375 307.55468940734863 249.249755859375 307.55468940734863 306.11712646484375 292.8636779785156 306.11712646484375
293.95599365234375 249.67410278320312 309.10565757751465 249.67410278320312 309.10565757751465 305.8778762817383 293.95599365234375 305.8778762817383
297.1707458496094 247.75234985351562 311.93714427948 247.75234985351562 311.93714427948 306.0987358093262 297.1707458496094 306.0987358093262
297.7021484375 249.6175537109375 314.286190032959 249.6175537109375 314.286190032959 306.80194091796875 297.7021484375 306.80194091796875
300.74951171875 249.4365234375 315.9015350341797 249.4365234375 315.9015350341797 307.88347244262695 300.74951171875 307.88347244262695
301.8409118652344 249.5107879638672 317.09978771209717 249.5107879638672 317.09978771209717 309.451847076416 301.8409118652344 309.451847076416
305.6673278808594 249.84957885742188 321.0296964645386 249.84957885742188 321.0296964645386 309.8744697570801 305.6673278808594 309.8744697570801
306.9891662597656 249.67367553710938 322.14902210235596 249.67367553710938 322.14902210235596 309.59659576416016 306.9891662597656 309.59659576416016
310.3584899902344 250.38632202148438 324.61260509490967 250.38632202148438 324.61260509490967 309.8920364379883 310.3584899902344 309.8920364379883
313.071533203125 248.58242797851562 326.70508575439453 248.58242797851562 326.70508575439453 310.0540084838867 313.071533203125 310.0540084838867
314.31060791015625 250.20742797851562 327.6396484375 250.20742797851562 327.6396484375 310.21324920654297 314.31060791015625 310.21324920654297
317.8587951660156 249.38229370117188 330.4500732421875 249.38229370117188 330.4500732421875 310.3356018066406 317.8587951660156 310.3356018066406
320.1224060058594 250.0575714111328 333.44545555114746 250.0575714111328 333.44545555114746 312.21448135375977 320.1224060058594 312.21448135375977
322.34759521484375 250.37612915039062 336.1201810836792 250.37612915039062 336.1201810836792 311.7629165649414 322.34759521484375 311.7629165649414
325.98779296875 250.73104858398438 340.0890865325928 250.73104858398438 340.0890865325928 311.19305419921875 325.98779296875 311.19305419921875
328.8999938964844 252.5075225830078 343.98030376434326 252.5075225830078 343.98030376434326 310.70788192749023 328.8999938964844 310.70788192749023
332.7543640136719 254.2581787109375 348.53230476379395 254.2581787109375 348.53230476379395 309.63922119140625 332.7543640136719 309.63922119140625
335.7073974609375 252.1486358642578 352.06889152526855 252.1486358642578 352.06889152526855 309.590763092041 335.7073974609375 309.590763092041
337.3040466308594 252.296142578125 353.8523139953613 252.296142578125 353.8523139953613 309.1755676269531 337.3040466308594 309.1755676269531
341.2221984863281 251.24581909179688 358.0121364593506 251.24581909179688 358.0121364593506 311.27164459228516 341.2221984863281 311.27164459228516
344.1880187988281 248.3434295654297 358.9607572555542 248.3434295654297 358.9607572555542 311.37685775756836 344.1880187988281 311.37685775756836
348.07208251953125 249.99649047851562 362.9286289215088 249.99649047851562 362.9286289215088 313.1181221008301 348.07208251953125 313.1181221008301
349.0201721191406 251.37655639648438 362.8948440551758 251.37655639648438 362.8948440551758 311.57816314697266 349.0201721191406 311.57816314697266
350.66070556640625 250.592041015625 364.0331401824951 250.592041015625 364.0331401824951 310.73705291748047 350.66070556640625 310.73705291748047
352.9583740234375 248.7596893310547 365.3865661621094 248.7596893310547 365.3865661621094 311.41617584228516 352.9583740234375 311.41617584228516
353.32879638671875 248.37039184570312 365.8253355026245 248.37039184570312 365.8253355026245 313.1987991333008 353.32879638671875 313.1987991333008
354.9043884277344 248.52200317382812 368.29584217071533 248.52200317382812 368.29584217071533 314.72357177734375 354.9043884277344 314.72357177734375
356.41253662109375 248.9994354248047 368.8244752883911 248.9994354248047 368.8244752883911 315.1299591064453 356.41253662109375 315.1299591064453
359.31060791015625 250.26840209960938 371.8860511779785 250.26840209960938 371.8860511779785 314.62935638427734 359.31060791015625 314.62935638427734
361.5281982421875 251.15310668945312 373.8430595397949 251.15310668945312 373.8430595397949 315.87476348876953 361.5281982421875 315.87476348876953
367.93841552734375 251.7761993408203 380.3317127227783 251.7761993408203 380.3317127227783 316.3022766113281 367.93841552734375 316.3022766113281
370.4995422363281 252.9175567626953 383.70640087127686 252.9175567626953 383.70640087127686 316.972900390625 370.4995422363281 316.972900390625
370.80841064453125 253.031982421875 384.56505012512207 253.031982421875 384.56505012512207 317.1377410888672 370.80841064453125 317.1377410888672
374.32958984375 255.0658721923828 388.2644901275635 255.0658721923828 388.2644901275635 313.75818252563477 374.32958984375 313.75818252563477
375.8055114746094 254.7872772216797 390.06800365448 254.7872772216797 390.06800365448 314.62198638916016 375.8055114746094 314.62198638916016
379.6829833984375 260.02142333984375 393.62754249572754 260.02142333984375 393.62754249572754 318.0423355102539 379.6829833984375 318.0423355102539
381.67437744140625 261.1352233886719 395.29090881347656 261.1352233886719 395.29090881347656 320.3730583190918 381.67437744140625 320.3730583190918
384.3235168457031 260.2726745605469 398.8886489868164 260.2726745605469 398.8886489868164 315.7295608520508 384.3235168457031 315.7295608520508
386.3814392089844 259.19970703125 400.9624662399292 259.19970703125 400.9624662399292 316.45279693603516 386.3814392089844 316.45279693603516
390.67547607421875 260.091064453125 404.8412494659424 260.091064453125 404.8412494659424 316.28287506103516 390.67547607421875 316.28287506103516
392.7999572753906 257.7506408691406 406.78533363342285 257.7506408691406 406.78533363342285 315.84234619140625 392.7999572753906 315.84234619140625
406.7692565917969 255.9748077392578 419.8760223388672 255.9748077392578 419.8760223388672 318.16553115844727 406.7692565917969 318.16553115844727
412.6680603027344 258.03887939453125 426.3247776031494 258.03887939453125 426.3247776031494 319.0109443664551 412.6680603027344 319.0109443664551
417.54840087890625 257.8896179199219 431.0843095779419 257.8896179199219 431.0843095779419 320.06031036376953 417.54840087890625 320.06031036376953
420.8330078125 258.9837646484375 435.216326713562 258.9837646484375 435.216326713562 321.8867301940918 420.8330078125 321.8867301940918
423.24884033203125 257.0150451660156 439.1421298980713 257.0150451660156 439.1421298980713 319.6342658996582 423.24884033203125 319.6342658996582
424.74603271484375 260.7834777832031 441.08287239074707 260.7834777832031 441.08287239074707 321.3640327453613 424.74603271484375 321.3640327453613
428.83624267578125 259.57965087890625 444.6027479171753 259.57965087890625 444.6027479171753 322.4843559265137 428.83624267578125 322.4843559265137
429.91583251953125 259.75909423828125 446.05759048461914 259.75909423828125 446.05759048461914 321.8025016784668 429.91583251953125 321.8025016784668
431.72442626953125 258.737548828125 447.5353603363037 258.737548828125 447.5353603363037 320.3577880859375 431.72442626953125 320.3577880859375
434.7681579589844 259.9500427246094 450.35829639434814 259.9500427246094 450.35829639434814 320.2843132019043 434.7681579589844 320.2843132019043
436.2958984375 260.0289001464844 452.137659072876 260.0289001464844 452.137659072876 321.86572265625 436.2958984375 321.86572265625
439.1293029785156 258.4502868652344 455.25042724609375 258.4502868652344 455.25042724609375 319.1395034790039 439.1293029785156 319.1395034790039
441.5118103027344 260.4101867675781 457.57703590393066 260.4101867675781 457.57703590393066 319.66039276123047 441.5118103027344 319.66039276123047
444.36956787109375 259.2581481933594 460.68833923339844 259.2581481933594 460.68833923339844 319.5978088378906 444.36956787109375 319.5978088378906
447.702392578125 259.7508850097656 464.78330993652344 259.7508850097656 464.78330993652344 322.07032012939453 447.702392578125 322.07032012939453
448.81207275390625 256.31744384765625 465.7948875427246 256.31744384765625 465.7948875427246 321.61341857910156 448.81207275390625 321.61341857910156
450.5921325683594 255.954833984375 467.625545501709 255.954833984375 467.625545501709 323.2044143676758 450.5921325683594 323.2044143676758
455.89324951171875 257.014404296875 472.9883861541748 257.014404296875 472.9883861541748 321.1690368652344 455.89324951171875 321.1690368652344
457.22900390625 258.6394348144531 474.2768096923828 258.6394348144531 474.2768096923828 324.7249298095703 457.22900390625 324.7249298095703
459.728759765625 256.8118896484375 476.4181098937988 256.8118896484375 476.4181098937988 325.62479400634766 459.728759765625 325.62479400634766
461.33642578125 259.39971923828125 477.25179862976074 259.39971923828125 477.25179862976074 326.6602096557617 461.33642578125 326.6602096557617
462.78515625 259.6941223144531 478.73712730407715 259.6941223144531 478.73712730407715 326.0172805786133 462.78515625 326.0172805786133
464.64300537109375 259.5074768066406 479.4982852935791 259.5074768066406 479.4982852935791 324.0938949584961 464.64300537109375 324.0938949584961
465.97119140625 263.4798278808594 481.4701232910156 263.4798278808594 481.4701232910156 327.94334411621094 465.97119140625 327.94334411621094
466.5647888183594 264.5287170410156 482.1914825439453 264.5287170410156 482.1914825439453 327.30765533447266 466.5647888183594 327.30765533447266
468.7154235839844 263.5711975097656 484.7750358581543 263.5711975097656 484.7750358581543 328.5206756591797 468.7154235839844 328.5206756591797
469.21435546875 260.71978759765625 484.6690549850464 260.71978759765625 484.6690549850464 325.5512466430664 469.21435546875 325.5512466430664
470.25909423828125 260.57440185546875 485.88011360168457 260.57440185546875 485.88011360168457 324.6774673461914 470.25909423828125 324.6774673461914
474.10504150390625 263.36993408203125 490.19983291625977 263.36993408203125 490.19983291625977 327.2267837524414 474.10504150390625 327.2267837524414
476.1693420410156 263.19012451171875 491.8346128463745 263.19012451171875 491.8346128463745 326.0666618347168 476.1693420410156 326.0666618347168
479.2093811035156 261.57952880859375 494.3414840698242 261.57952880859375 494.3414840698242 326.5741958618164 479.2093811035156 326.5741958618164
482.7229919433594 268.0020751953125 496.639310836792 268.0020751953125 496.639310836792 331.71088790893555 482.7229919433594 331.71088790893555
483.9618225097656 269.6180419921875 497.6732635498047 269.6180419921875 497.6732635498047 334.04486083984375 483.9618225097656 334.04486083984375
485.210693359375 271.476318359375 498.4369869232178 271.476318359375 498.4369869232178 332.8171157836914 485.210693359375 332.8171157836914
486.0834045410156 272.7132873535156 501.7641324996948 272.7132873535156 501.7641324996948 333.34540939331055 486.0834045410156 333.34540939331055
490.444091796875 281.13934326171875 506.3900547027588 281.13934326171875 506.3900547027588 342.7970390319824 490.444091796875 342.7970390319824
492.04296875 269.7032470703125 507.92366218566895 269.7032470703125 507.92366218566895 331.1085624694824 492.04296875 331.1085624694824
494.6209411621094 278.8809509277344 510.56458282470703 278.8809509277344 510.56458282470703 340.52967071533203 494.6209411621094 340.52967071533203
496.2584533691406 276.8269958496094 512.2006549835205 276.8269958496094 512.2006549835205 338.47014236450195 496.2584533691406 338.47014236450195
501.08013916015625 275.1520080566406 517.1815185546875 275.1520080566406 517.1815185546875 337.41063690185547 501.08013916015625 337.41063690185547
506.5604553222656 275.6925048828125 522.6324768066406 275.6925048828125 522.6324768066406 337.8376159667969 506.5604553222656 337.8376159667969
506.23870849609375 283.2257080078125 522.2159938812256 283.2257080078125 522.2159938812256 345.0045051574707 506.23870849609375 345.0045051574707
505.3270568847656 282.38482666015625 521.2030410766602 282.38482666015625 521.2030410766602 343.7719306945801 505.3270568847656 343.7719306945801
512.6793823242188 285.17559814453125 528.2158432006836 285.17559814453125 528.2158432006836 345.24988555908203 512.6793823242188 345.24988555908203
507.0603942871094 304.7281494140625 522.4708604812622 304.7281494140625 522.4708604812622 364.31525802612305 507.0603942871094 364.31525802612305
521.0474853515625 287.59283447265625 536.567024230957 287.59283447265625 536.567024230957 347.6016845703125 521.0474853515625 347.6016845703125
526.7007446289062 281.0135803222656 542.3246307373047 281.0135803222656 542.3246307373047 341.4259033203125 526.7007446289062 341.4259033203125
532.3450927734375 269.9915466308594 548.0742235183716 269.9915466308594 548.0742235183716 330.8108139038086 532.3450927734375 330.8108139038086
539.0336303710938 274.11419677734375 554.5823516845703 274.11419677734375 554.5823516845703 334.2358818054199 539.0336303710938 334.2358818054199
538.844970703125 293.5426940917969 554.1224336624146 293.5426940917969 554.1224336624146 352.6155090332031 538.844970703125 352.6155090332031
548.6109619140625 276.68768310546875 563.730715751648 276.68768310546875 563.730715751648 335.15069580078125 548.6109619140625 335.15069580078125
552.292724609375 274.62030029296875 567.371808052063 274.62030029296875 567.371808052063 332.9260559082031 552.292724609375 332.9260559082031
563.1490478515625 275.64398193359375 578.1694393157959 275.64398193359375 578.1694393157959 333.7227973937988 563.1490478515625 333.7227973937988
574.5704345703125 265.6899108886719 589.3630294799805 265.6899108886719 589.3630294799805 322.8879089355469 574.5704345703125 322.8879089355469
585.2078247070312 262.0236511230469 600.0590076446533 262.0236511230469 600.0590076446533 319.44819259643555 585.2078247070312 319.44819259643555
561.8146362304688 280.8231201171875 576.9833555221558 280.8231201171875 576.9833555221558 339.47547149658203 561.8146362304688 339.47547149658203
565.7894287109375 283.71429443359375 580.8385372161865 283.71429443359375 580.8385372161865 341.9041519165039 565.7894287109375 341.9041519165039
571.1571655273438 282.1733093261719 586.2019786834717 282.1733093261719 586.2019786834717 340.3465576171875 571.1571655273438 340.3465576171875
584.8599853515625 271.9071350097656 599.9623394012451 271.9071350097656 599.9623394012451 330.3028755187988 584.8599853515625 330.3028755187988
573.6907348632812 286.46221923828125 588.9464998245239 286.46221923828125 588.9464998245239 345.4511489868164 573.6907348632812 345.4511489868164
595.5809326171875 261.8020935058594 610.5546054840088 261.8020935058594 610.5546054840088 319.7002639770508 595.5809326171875 319.7002639770508
581.8916015625 281.41986083984375 596.6525726318359 281.41986083984375 596.6525726318359 338.4955825805664 581.8916015625 338.4955825805664
575.4178466796875 291.4440002441406 590.33997631073 291.4440002441406 590.33997631073 349.1428642272949 575.4178466796875 349.1428642272949
583.3853759765625 283.9976806640625 598.1227035522461 283.9976806640625 598.1227035522461 340.9819755554199 583.3853759765625 340.9819755554199
587.3148193359375 297.55352783203125 602.1323757171631 297.55352783203125 602.1323757171631 354.8480453491211 587.3148193359375 354.8480453491211
577.0265502929688 311.74493408203125 591.8053455352783 311.74493408203125 591.8053455352783 368.88957595825195 577.0265502929688 368.88957595825195
576.2618408203125 316.1894226074219 591.1663942337036 316.1894226074219 591.1663942337036 373.8203239440918 576.2618408203125 373.8203239440918
599.4051513671875 340.37786865234375 614.2916288375854 340.37786865234375 614.2916288375854 397.93888092041016 599.4051513671875 397.93888092041016
592.4866333007812 334.98919677734375 607.2764148712158 334.98919677734375 607.2764148712158 392.17631912231445 592.4866333007812 392.17631912231445
597.1812744140625 349.6347961425781 611.6576747894287 349.6347961425781 611.6576747894287 405.6101760864258 597.1812744140625 405.6101760864258
597.2659912109375 348.1846618652344 611.6539363861084 348.1846618652344 611.6539363861084 403.8180236816406 597.2659912109375 403.8180236816406
598.6211547851562 330.2467956542969 613.1452913284302 330.2467956542969 613.1452913284302 386.4067611694336 598.6211547851562 386.4067611694336
588.6075439453125 333.4546813964844 603.2061567306519 333.4546813964844 603.2061567306519 389.90262603759766 588.6075439453125 389.90262603759766
593.3842163085938 320.0065002441406 607.9038419723511 320.0065002441406 607.9038419723511 376.1490287780762 593.3842163085938 376.1490287780762
599.148193359375 331.33978271484375 613.7606019973755 331.33978271484375 613.7606019973755 387.84107208251953 599.148193359375 387.84107208251953
602.5446166992188 319.46429443359375 617.1314239501953 319.46429443359375 617.1314239501953 375.8665885925293 602.5446166992188 375.8665885925293
608.0745239257812 312.00933837890625 622.5627059936523 312.00933837890625 622.5627059936523 368.03028106689453 608.0745239257812 368.03028106689453
