330.0 78.0 348.0 78.0 348.0 109.0 330.0 109.0
329.21624755859375 78.34063720703125 347.35819244384766 78.34063720703125 347.35819244384766 108.4727897644043 329.21624755859375 108.4727897644043
328.8675842285156 78.93028259277344 346.39729499816895 78.93028259277344 346.39729499816895 108.37195777893066 328.8675842285156 108.37195777893066
328.41802978515625 78.21640014648438 346.25774574279785 78.21640014648438 346.25774574279785 109.66472816467285 328.41802978515625 109.66472816467285
327.52484130859375 78.47726440429688 345.70693588256836 78.47726440429688 345.70693588256836 110.5836410522461 327.52484130859375 110.5836410522461
327.58245849609375 78.7743911743164 345.43492698669434 78.7743911743164 345.43492698669434 110.19281387329102 327.58245849609375 110.19281387329102
326.3544921875 79.75433349609375 344.5118408203125 79.75433349609375 344.5118408203125 110.76713943481445 326.3544921875 110.76713943481445
325.12908935546875 79.17048645019531 344.00193786621094 79.17048645019531 344.00193786621094 111.12282943725586 325.12908935546875 111.12282943725586
324.51043701171875 79.21372985839844 343.5003070831299 79.21372985839844 343.5003070831299 111.18808937072754 324.51043701171875 111.18808937072754
324.03094482421875 79.05602264404297 342.81479835510254 79.05602264404297 342.81479835510254 111.25082015991211 324.03094482421875 111.25082015991211
322.57177734375 79.70052337646484 341.85859298706055 79.70052337646484 341.85859298706055 111.56341934204102 322.57177734375 111.56341934204102
322.40325927734375 79.97249603271484 341.3510913848877 79.97249603271484 341.3510913848877 111.34042549133301 322.40325927734375 111.34042549133301
321.7928771972656 79.84847259521484 341.05519104003906 79.84847259521484 341.05519104003906 111.39571762084961 321.7928771972656 111.39571762084961
320.902099609375 79.44950866699219 340.24830055236816 79.44950866699219 340.24830055236816 111.98809051513672 320.902099609375 111.98809051513672
320.0758972167969 79.82572937011719 339.5192012786865 79.82572937011719 339.5192012786865 111.13053321838379 320.0758972167969 111.13053321838379
319.09320068359375 80.20222473144531 338.68762588500977 80.20222473144531 338.68762588500977 111.85141944885254 319.09320068359375 111.85141944885254
318.89898681640625 79.88404846191406 338.1562805175781 79.88404846191406 338.1562805175781 111.76163101196289 318.89898681640625 111.76163101196289
318.15338134765625 80.45630645751953 337.6702117919922 80.45630645751953 337.6702117919922 112.08668899536133 318.15338134765625 112.08668899536133
317.123291015625 80.49507141113281 337.3773784637451 80.49507141113281 337.3773784637451 112.05159568786621 317.123291015625 112.05159568786621
316.7565612792969 82.0857162475586 336.83819007873535 82.0857162475586 336.83819007873535 113.66091728210449 316.7565612792969 113.66091728210449
316.23651123046875 81.41448974609375 335.5286693572998 81.41448974609375 335.5286693572998 113.27569007873535 316.23651123046875 113.27569007873535
315.4579162597656 82.06138610839844 335.30433464050293 82.06138610839844 335.30433464050293 113.81935501098633 315.4579162597656 113.81935501098633
314.93817138671875 81.85014343261719 334.4603862762451 81.85014343261719 334.4603862762451 113.19862747192383 314.93817138671875 113.19862747192383
314.49041748046875 82.06974792480469 332.737699508667 82.06974792480469 332.737699508667 112.41490173339844 314.49041748046875 112.41490173339844
313.03265380859375 81.46098327636719 332.71759605407715 81.46098327636719 332.71759605407715 114.08699417114258 313.03265380859375 114.08699417114258
312.1584777832031 82.22334289550781 331.72062492370605 82.22334289550781 331.72062492370605 113.32587242126465 312.1584777832031 113.32587242126465
307.495849609375 82.86583709716797 328.7698173522949 82.86583709716797 328.7698173522949 113.63476943969727 307.495849609375 113.63476943969727
305.3779602050781 83.515380859375 326.8230266571045 83.515380859375 326.8230266571045 114.2125244140625 305.3779602050781 114.2125244140625
303.17510986328125 84.75753021240234 325.02913665771484 84.75753021240234 325.02913665771484 115.83122444152832 303.17510986328125 115.83122444152832
302.34381103515625 84.37378692626953 323.96359634399414 84.37378692626953 323.96359634399414 115.40221977233887 302.34381103515625 115.40221977233887
301.04071044921875 83.96673583984375 323.4890556335449 83.96673583984375 323.4890556335449 116.34461975097656 301.04071044921875 116.34461975097656
300.5499572753906 84.13184356689453 321.9536018371582 84.13184356689453 321.9536018371582 116.34832000732422 300.5499572753906 116.34832000732422
299.5351867675781 84.1562728881836 321.84009552001953 84.1562728881836 321.84009552001953 116.59722900390625 299.5351867675781 116.59722900390625
298.6123962402344 85.0649642944336 320.9665412902832 85.0649642944336 320.9665412902832 116.45332717895508 298.6123962402344 116.45332717895508
297.94732666015625 84.74751281738281 320.7821102142334 84.74751281738281 320.7821102142334 116.71230506896973 297.94732666015625 116.71230506896973
296.72845458984375 84.16654968261719 319.43127822875977 84.16654968261719 319.43127822875977 116.54818725585938 296.72845458984375 116.54818725585938
296.07232666015625 84.29122161865234 318.9611644744873 84.29122161865234 318.9611644744873 116.79077529907227 296.07232666015625 116.79077529907227
295.19744873046875 84.43891143798828 318.10863876342773 84.43891143798828 318.10863876342773 117.46958541870117 295.19744873046875 117.46958541870117
294.3487854003906 85.02015686035156 316.9112892150879 85.02015686035156 316.9112892150879 117.00505638122559 294.3487854003906 117.00505638122559
293.2861328125 85.43112182617188 316.34632301330566 85.43112182617188 316.34632301330566 117.4488410949707 293.2861328125 117.4488410949707
293.11859130859375 86.07911682128906 314.7779960632324 86.07911682128906 314.7779960632324 118.04297256469727 293.11859130859375 118.04297256469727
292.4675598144531 86.20645141601562 315.01633644104004 86.20645141601562 315.01633644104004 118.27997589111328 292.4675598144531 118.27997589111328
291.9343566894531 86.4787368774414 314.07530784606934 86.4787368774414 314.07530784606934 118.35246086120605 291.9343566894531 118.35246086120605
291.12744140625 87.39966583251953 312.9973564147949 87.39966583251953 312.9973564147949 119.46319580078125 291.12744140625 119.46319580078125
291.212890625 87.49897766113281 312.60328102111816 87.49897766113281 312.60328102111816 119.58962631225586 291.212890625 119.58962631225586
290.22515869140625 88.08264923095703 311.56461906433105 88.08264923095703 311.56461906433105 119.18148994445801 290.22515869140625 119.18148994445801
289.9388122558594 87.54591369628906 310.5494194030762 87.54591369628906 310.5494194030762 119.16315078735352 289.9388122558594 119.16315078735352
288.48199462890625 88.09623718261719 309.51420974731445 88.09623718261719 309.51420974731445 120.46302032470703 288.48199462890625 120.46302032470703
288.1927490234375 87.90357208251953 309.0704860687256 87.90357208251953 309.0704860687256 120.07103729248047 288.1927490234375 120.07103729248047
287.1377868652344 87.88929748535156 307.57691192626953 87.88929748535156 307.57691192626953 120.36120986938477 287.1377868652344 120.36120986938477
285.37420654296875 87.77325439453125 306.24964332580566 87.77325439453125 306.24964332580566 121.05603790283203 285.37420654296875 121.05603790283203
284.34234619140625 87.42415618896484 305.7012939453125 87.42415618896484 305.7012939453125 120.73595428466797 284.34234619140625 120.73595428466797
283.03985595703125 87.76752471923828 304.3152961730957 87.76752471923828 304.3152961730957 120.75807189941406 283.03985595703125 120.75807189941406
282.37078857421875 87.82594299316406 303.60064697265625 87.82594299316406 303.60064697265625 121.52568817138672 282.37078857421875 121.52568817138672
280.4994812011719 88.31898498535156 302.27001953125 88.31898498535156 302.27001953125 121.11840438842773 280.4994812011719 121.11840438842773
279.2089538574219 89.2864990234375 301.1271114349365 89.2864990234375 301.1271114349365 121.47740173339844 279.2089538574219 121.47740173339844
279.0181579589844 88.88214874267578 300.19385147094727 88.88214874267578 300.19385147094727 121.46125793457031 279.0181579589844 121.46125793457031
272.636474609375 91.3113784790039 294.37975883483887 91.3113784790039 294.37975883483887 123.65553665161133 272.636474609375 123.65553665161133
270.72637939453125 90.72725677490234 293.0582275390625 90.72725677490234 293.0582275390625 123.65512084960938 270.72637939453125 123.65512084960938
269.45733642578125 90.2863540649414 292.1435356140137 90.2863540649414 292.1435356140137 123.48675537109375 269.45733642578125 123.48675537109375
268.400634765625 91.088623046875 289.7197322845459 91.088623046875 289.7197322845459 123.40525436401367 268.400634765625 123.40525436401367
266.6077575683594 90.47510528564453 288.3376712799072 90.47510528564453 288.3376712799072 124.81463623046875 266.6077575683594 124.81463623046875
265.9939880371094 90.00335693359375 288.3391056060791 90.00335693359375 288.3391056060791 124.13547134399414 265.9939880371094 124.13547134399414
265.7322082519531 90.56331634521484 286.5009288787842 90.56331634521484 286.5009288787842 123.60461044311523 265.7322082519531 123.60461044311523
263.75732421875 90.86524963378906 285.13640785217285 90.86524963378906 285.13640785217285 124.17828750610352 263.75732421875 124.17828750610352
263.3697509765625 90.72013854980469 284.9035453796387 90.72013854980469 284.9035453796387 124.2234115600586 263.3697509765625 124.2234115600586
261.63525390625 91.36126708984375 283.8451385498047 91.36126708984375 283.8451385498047 125.6495132446289 261.63525390625 125.6495132446289
260.90350341796875 91.04136657714844 282.2525634765625 91.04136657714844 282.2525634765625 125.42717742919922 260.90350341796875 125.42717742919922
258.82281494140625 91.63678741455078 280.8344383239746 91.63678741455078 280.8344383239746 126.43516540527344 258.82281494140625 126.43516540527344
257.17242431640625 91.39443969726562 279.01001167297363 91.39443969726562 279.01001167297363 125.4925537109375 257.17242431640625 125.4925537109375
256.46881103515625 91.5340347290039 278.8246955871582 91.5340347290039 278.8246955871582 127.07991027832031 256.46881103515625 127.07991027832031
256.01531982421875 91.8969955444336 277.97241401672363 91.8969955444336 277.97241401672363 126.27830123901367 256.01531982421875 126.27830123901367
254.2059326171875 92.40397644042969 276.316255569458 92.40397644042969 276.316255569458 126.70932388305664 254.2059326171875 126.70932388305664
252.3158721923828 93.01040649414062 275.18603134155273 93.01040649414062 275.18603134155273 127.25392150878906 252.3158721923828 127.25392150878906
247.3394012451172 94.477294921875 271.6626453399658 94.477294921875 271.6626453399658 126.95951080322266 247.3394012451172 126.95951080322266
245.5004119873047 94.05184173583984 269.3829116821289 94.05184173583984 269.3829116821289 127.54180908203125 245.5004119873047 127.54180908203125
244.4010467529297 96.16056060791016 268.3965721130371 96.16056060791016 268.3965721130371 128.23653030395508 244.4010467529297 128.23653030395508
243.95303344726562 97.5142593383789 267.72966384887695 97.5142593383789 267.72966384887695 129.65633010864258 243.95303344726562 129.65633010864258
242.61605834960938 96.3926773071289 266.33420181274414 96.3926773071289 266.33420181274414 129.17660522460938 242.61605834960938 129.17660522460938
242.0740509033203 97.60205841064453 264.93616104125977 97.60205841064453 264.93616104125977 130.1314468383789 242.0740509033203 130.1314468383789
242.126220703125 97.69013977050781 264.8700199127197 97.69013977050781 264.8700199127197 130.8107147216797 242.126220703125 130.8107147216797
241.0360870361328 97.75675201416016 263.5605068206787 97.75675201416016 263.5605068206787 131.00376510620117 241.0360870361328 131.00376510620117
239.5653076171875 98.20848846435547 262.04755210876465 98.20848846435547 262.04755210876465 131.50328826904297 239.5653076171875 131.50328826904297
238.45443725585938 98.14075469970703 261.2174873352051 98.14075469970703 261.2174873352051 131.76564025878906 238.45443725585938 131.76564025878906
238.351806640625 97.061279296875 260.4206829071045 97.061279296875 260.4206829071045 130.82404327392578 238.351806640625 130.82404327392578
236.91220092773438 97.34200286865234 258.98354721069336 97.34200286865234 258.98354721069336 131.8004379272461 236.91220092773438 131.8004379272461
235.42770385742188 96.67721557617188 258.0338726043701 96.67721557617188 258.0338726043701 130.71158981323242 235.42770385742188 130.71158981323242
235.0304718017578 96.34437561035156 257.84192085266113 96.34437561035156 257.84192085266113 131.12650299072266 235.0304718017578 131.12650299072266
234.0255889892578 95.16283416748047 255.97675704956055 95.16283416748047 255.97675704956055 130.44619750976562 234.0255889892578 130.44619750976562
232.3516387939453 96.07289123535156 254.0982780456543 96.07289123535156 254.0982780456543 132.32526016235352 232.3516387939453 132.32526016235352
231.69363403320312 97.04949951171875 253.33670043945312 97.04949951171875 253.33670043945312 132.4978790283203 231.69363403320312 132.4978790283203
230.19650268554688 98.12386322021484 251.16331481933594 98.12386322021484 251.16331481933594 134.37086868286133 230.19650268554688 134.37086868286133
229.52584838867188 98.36844635009766 250.7453498840332 98.36844635009766 250.7453498840332 134.33543395996094 229.52584838867188 134.33543395996094
228.1536865234375 97.81183624267578 249.4022216796875 97.81183624267578 249.4022216796875 134.6942367553711 228.1536865234375 134.6942367553711
226.4761505126953 98.53250885009766 247.2179355621338 98.53250885009766 247.2179355621338 135.32383728027344 226.4761505126953 135.32383728027344
220.686279296875 100.80345153808594 240.86230087280273 100.80345153808594 240.86230087280273 135.2364158630371 220.686279296875 135.2364158630371
216.54678344726562 99.83821868896484 237.5442771911621 99.83821868896484 237.5442771911621 134.82117462158203 216.54678344726562 134.82117462158203
214.415771484375 101.04139709472656 235.90424919128418 101.04139709472656 235.90424919128418 135.82939529418945 214.415771484375 135.82939529418945
212.7903594970703 100.9007797241211 234.2863826751709 100.9007797241211 234.2863826751709 135.7164764404297 212.7903594970703 135.7164764404297
211.0589141845703 101.78408813476562 232.9522361755371 101.78408813476562 232.9522361755371 136.4465675354004 211.0589141845703 136.4465675354004
209.5796356201172 102.7005386352539 232.22285079956055 102.7005386352539 232.22285079956055 137.1802215576172 209.5796356201172 137.1802215576172
208.8414306640625 102.43060302734375 231.6565055847168 102.43060302734375 231.6565055847168 137.44064331054688 208.8414306640625 137.44064331054688
207.30276489257812 103.47721099853516 230.3504295349121 103.47721099853516 230.3504295349121 138.73248291015625 207.30276489257812 138.73248291015625
206.23239135742188 102.64723205566406 229.05121994018555 102.64723205566406 229.05121994018555 138.4539794921875 206.23239135742188 138.4539794921875
204.79672241210938 103.6498794555664 227.81970596313477 103.6498794555664 227.81970596313477 138.90359497070312 204.79672241210938 138.90359497070312
203.00071716308594 104.4943618774414 226.0614185333252 104.4943618774414 226.0614185333252 139.58863067626953 203.00071716308594 139.58863067626953
201.41680908203125 105.05497741699219 225.03254318237305 105.05497741699219 225.03254318237305 140.10482025146484 201.41680908203125 140.10482025146484
200.45700073242188 105.3531494140625 223.6855869293213 105.3531494140625 223.6855869293213 140.6957893371582 200.45700073242188 140.6957893371582
198.62020874023438 105.3062744140625 221.73028564453125 105.3062744140625 221.73028564453125 140.34150314331055 198.62020874023438 140.34150314331055
197.5919647216797 104.44239807128906 221.06378746032715 104.44239807128906 221.06378746032715 140.19316864013672 197.5919647216797 140.19316864013672
196.33688354492188 105.0640869140625 219.23686981201172 105.0640869140625 219.23686981201172 140.56317138671875 196.33688354492188 140.56317138671875
195.41140747070312 105.88258361816406 219.13167572021484 105.88258361816406 219.13167572021484 140.7147674560547 195.41140747070312 140.7147674560547
193.03042602539062 106.7626953125 217.53354454040527 106.7626953125 217.53354454040527 141.89998626708984 193.03042602539062 141.89998626708984
191.2970733642578 105.79248046875 215.7055320739746 105.79248046875 215.7055320739746 141.95487594604492 191.2970733642578 141.95487594604492
190.32455444335938 106.88688659667969 214.90180587768555 106.88688659667969 214.90180587768555 142.7246208190918 190.32455444335938 142.7246208190918
188.86672973632812 106.26374816894531 213.9904270172119 106.26374816894531 213.9904270172119 142.95836639404297 188.86672973632812 142.95836639404297
187.1620330810547 106.25569152832031 211.82587814331055 106.25569152832031 211.82587814331055 143.5820426940918 187.1620330810547 143.5820426940918
186.45431518554688 106.75894927978516 212.1311798095703 106.75894927978516 212.1311798095703 143.44842529296875 186.45431518554688 143.44842529296875
184.69381713867188 106.0817642211914 210.07971954345703 106.0817642211914 210.07971954345703 144.1051025390625 184.69381713867188 144.1051025390625
184.07272338867188 106.42707824707031 208.82571029663086 106.42707824707031 208.82571029663086 143.78433990478516 184.07272338867188 143.78433990478516
182.80050659179688 105.84321594238281 206.9101219177246 105.84321594238281 206.9101219177246 144.33864974975586 182.80050659179688 144.33864974975586
181.25669860839844 107.1003646850586 205.88146591186523 107.1003646850586 205.88146591186523 144.5218963623047 181.25669860839844 144.5218963623047
180.5555877685547 106.9786148071289 205.59607124328613 106.9786148071289 205.59607124328613 144.88296508789062 180.5555877685547 144.88296508789062
179.0994873046875 107.53199768066406 203.47287368774414 107.53199768066406 203.47287368774414 145.29432678222656 179.0994873046875 145.29432678222656
178.48338317871094 108.15645599365234 202.7827262878418 108.15645599365234 202.7827262878418 145.30423736572266 178.48338317871094 145.30423736572266
176.7667236328125 108.81793212890625 202.4276638031006 108.81793212890625 202.4276638031006 145.5770492553711 176.7667236328125 145.5770492553711
176.79055786132812 107.93025207519531 201.28062438964844 107.93025207519531 201.28062438964844 145.28321075439453 176.79055786132812 145.28321075439453
175.07763671875 108.9938735961914 200.35870361328125 108.9938735961914 200.35870361328125 145.9264793395996 175.07763671875 145.9264793395996
174.4937286376953 108.86140441894531 199.3646068572998 108.86140441894531 199.3646068572998 146.5571746826172 174.4937286376953 146.5571746826172
174.02406311035156 108.68182373046875 198.87553787231445 108.68182373046875 198.87553787231445 146.52437210083008 174.02406311035156 146.52437210083008
169.78921508789062 110.85890197753906 196.19608688354492 110.85890197753906 196.19608688354492 148.86478424072266 169.78921508789062 148.86478424072266
169.6509246826172 110.4672622680664 194.51902389526367 110.4672622680664 194.51902389526367 149.74713134765625 169.6509246826172 149.74713134765625
169.08963012695312 111.22996520996094 194.0410976409912 111.22996520996094 194.0410976409912 149.6778335571289 169.08963012695312 149.6778335571289
168.3734588623047 111.60562896728516 192.37605667114258 111.60562896728516 192.37605667114258 149.1956787109375 168.3734588623047 149.1956787109375
167.49913024902344 112.393798828125 192.22050285339355 112.393798828125 192.22050285339355 150.4867935180664 167.49913024902344 150.4867935180664
167.016845703125 111.8904037475586 191.86635971069336 111.8904037475586 191.86635971069336 150.3406753540039 167.016845703125 150.3406753540039
165.8035125732422 112.27540588378906 191.545654296875 112.27540588378906 191.545654296875 150.2841567993164 165.8035125732422 150.2841567993164
166.1266632080078 112.1109619140625 190.4068431854248 112.1109619140625 190.4068431854248 149.28106689453125 166.1266632080078 149.28106689453125
164.56680297851562 112.03205871582031 189.78182220458984 112.03205871582031 189.78182220458984 149.3550682067871 164.56680297851562 149.3550682067871
160.25328063964844 114.63392639160156 186.7382869720459 114.63392639160156 186.7382869720459 152.9471778869629 160.25328063964844 152.9471778869629
159.74620056152344 114.7932357788086 185.95367050170898 114.7932357788086 185.95367050170898 153.04410552978516 159.74620056152344 153.04410552978516
157.56906127929688 114.70640563964844 183.54834938049316 114.70640563964844 183.54834938049316 154.04738235473633 157.56906127929688 154.04738235473633
156.04092407226562 115.58168029785156 182.40047073364258 115.58168029785156 182.40047073364258 154.4643783569336 156.04092407226562 154.4643783569336
155.7829132080078 115.62725830078125 181.52942276000977 115.62725830078125 181.52942276000977 154.68305587768555 155.7829132080078 154.68305587768555
154.76315307617188 115.8836669921875 179.78824996948242 115.8836669921875 179.78824996948242 154.53108978271484 154.76315307617188 154.53108978271484
152.5845947265625 116.16346740722656 179.0060691833496 116.16346740722656 179.0060691833496 154.30077362060547 152.5845947265625 154.30077362060547
151.93032836914062 116.27022552490234 178.42877578735352 116.27022552490234 178.42877578735352 154.2607421875 151.93032836914062 154.2607421875
150.48184204101562 116.653076171875 177.52088928222656 116.653076171875 177.52088928222656 154.93573379516602 150.48184204101562 154.93573379516602
148.84149169921875 116.47811126708984 174.6121063232422 116.47811126708984 174.6121063232422 154.1299591064453 148.84149169921875 154.1299591064453
147.60244750976562 117.5517807006836 174.75362014770508 117.5517807006836 174.75362014770508 155.14178466796875 147.60244750976562 155.14178466796875
146.177978515625 118.1483383178711 173.32708358764648 118.1483383178711 173.32708358764648 155.80335998535156 146.177978515625 155.80335998535156
143.95960998535156 118.8355712890625 171.73935317993164 118.8355712890625 171.73935317993164 156.8957748413086 143.95960998535156 156.8957748413086
142.85394287109375 118.87796783447266 170.90665817260742 118.87796783447266 170.90665817260742 157.34355545043945 142.85394287109375 157.34355545043945
141.58126831054688 118.51505279541016 169.2147274017334 118.51505279541016 169.2147274017334 157.8441390991211 141.58126831054688 157.8441390991211
140.64651489257812 120.74893951416016 166.8734016418457 120.74893951416016 166.8734016418457 159.93031692504883 140.64651489257812 159.93031692504883
139.17727661132812 119.84110260009766 164.53632354736328 119.84110260009766 164.53632354736328 159.57736206054688 139.17727661132812 159.57736206054688
139.29656982421875 122.0558853149414 162.10993003845215 122.0558853149414 162.10993003845215 160.2563934326172 139.29656982421875 160.2563934326172
138.68301391601562 121.67529296875 161.12885284423828 121.67529296875 161.12885284423828 160.89286422729492 138.68301391601562 160.89286422729492
136.1964111328125 123.1601333618164 157.11940383911133 123.1601333618164 157.11940383911133 160.92470932006836 136.1964111328125 160.92470932006836
134.9548797607422 123.42311096191406 155.85551071166992 123.42311096191406 155.85551071166992 161.46783447265625 134.9548797607422 161.46783447265625
132.53822326660156 124.1305923461914 154.47312545776367 124.1305923461914 154.47312545776367 161.30535507202148 132.53822326660156 161.30535507202148
131.57086181640625 122.94575500488281 153.4343204498291 122.94575500488281 153.4343204498291 161.7243423461914 131.57086181640625 161.7243423461914
129.66249084472656 123.1333236694336 152.22048950195312 123.1333236694336 152.22048950195312 161.76739120483398 129.66249084472656 161.76739120483398
122.8995361328125 125.46870422363281 145.22165489196777 125.46870422363281 145.22165489196777 165.90570449829102 122.8995361328125 165.90570449829102
120.66294860839844 125.08903503417969 142.5694637298584 125.08903503417969 142.5694637298584 164.64701080322266 120.66294860839844 164.64701080322266
119.06312561035156 126.56388854980469 141.43633460998535 126.56388854980469 141.43633460998535 166.67121124267578 119.06312561035156 166.67121124267578
117.48493957519531 126.60921478271484 139.6444091796875 126.60921478271484 139.6444091796875 168.23110961914062 117.48493957519531 168.23110961914062
116.390380859375 127.22662353515625 137.92991065979004 127.22662353515625 137.92991065979004 169.00460815429688 116.390380859375 169.00460815429688
114.54969787597656 127.7154312133789 136.465669631958 127.7154312133789 136.465669631958 169.3980255126953 114.54969787597656 169.3980255126953
114.02641296386719 127.81175231933594 136.1968650817871 127.81175231933594 136.1968650817871 170.51069259643555 114.02641296386719 170.51069259643555
112.11712646484375 129.3396453857422 133.31768798828125 129.3396453857422 133.31768798828125 169.83289337158203 112.11712646484375 169.83289337158203
111.05867004394531 128.05001831054688 132.8608856201172 128.05001831054688 132.8608856201172 169.45529174804688 111.05867004394531 169.45529174804688
109.8936538696289 129.01409912109375 131.05542755126953 129.01409912109375 131.05542755126953 170.0619888305664 109.8936538696289 170.0619888305664
107.64277648925781 129.2350311279297 130.34929656982422 129.2350311279297 130.34929656982422 167.83187103271484 107.64277648925781 167.83187103271484
105.57845306396484 128.2133331298828 131.403657913208 128.2133331298828 131.403657913208 166.6213150024414 105.57845306396484 166.6213150024414
119.744140625 128.6969757080078 144.1280002593994 128.6969757080078 144.1280002593994 170.69134140014648 119.744140625 170.69134140014648
138.1955108642578 129.79232788085938 164.25484657287598 129.79232788085938 164.25484657287598 164.94431686401367 138.1955108642578 164.94431686401367
156.97622680664062 124.35884857177734 181.15771293640137 124.35884857177734 181.15771293640137 166.00468063354492 156.97622680664062 166.00468063354492
178.02090454101562 124.37889099121094 202.49740028381348 124.37889099121094 202.49740028381348 166.53279495239258 178.02090454101562 166.53279495239258
185.438232421875 103.03187561035156 209.998140335083 103.03187561035156 209.998140335083 145.32942962646484 185.438232421875 145.32942962646484
174.1039276123047 77.8349609375 198.4395408630371 77.8349609375 198.4395408630371 119.7462272644043 174.1039276123047 119.7462272644043
185.55084228515625 69.77590942382812 209.4388771057129 69.77590942382812 209.4388771057129 110.91634368896484 185.55084228515625 110.91634368896484
168.57681274414062 73.63423156738281 192.36891555786133 73.63423156738281 192.36891555786133 114.60945510864258 168.57681274414062 114.60945510864258
193.57720947265625 63.886695861816406 217.33558082580566 63.886695861816406 217.33558082580566 104.80382919311523 193.57720947265625 104.80382919311523
211.4899444580078 46.06121826171875 235.35699844360352 46.06121826171875 235.35699844360352 87.16552734375 211.4899444580078 87.16552734375
218.67031860351562 35.87678146362305 242.8285083770752 35.87678146362305 242.8285083770752 77.48248672485352 218.67031860351562 77.48248672485352
216.4401397705078 15.128046035766602 240.5301456451416 15.128046035766602 240.5301456451416 56.61631965637207 216.4401397705078 56.61631965637207
225.95736694335938 -3.5462310314178467 250.1129207611084 -3.5462310314178467 250.1129207611084 38.054927110672 225.95736694335938 38.054927110672
229.4499969482422 -2.781179904937744 253.17378616333008 -2.781179904937744 253.17378616333008 38.07638692855835 229.4499969482422 38.07638692855835
227.2783966064453 -1.2166728973388672 250.9087791442871 -1.2166728973388672 250.9087791442871 39.48002815246582 227.2783966064453 39.48002815246582
218.4600830078125 -5.839621067047119 242.23351860046387 -5.839621067047119 242.23351860046387 35.10344839096069 218.4600830078125 35.10344839096069
227.41787719726562 -5.148755073547363 251.21499252319336 -5.148755073547363 251.21499252319336 35.835097312927246 227.41787719726562 35.835097312927246
218.56961059570312 -5.056408882141113 242.7297706604004 -5.056408882141113 242.7297706604004 36.55268383026123 218.56961059570312 36.55268383026123
218.65109252929688 -2.790503978729248 243.0665798187256 -2.790503978729248 243.0665798187256 39.25831651687622 218.65109252929688 39.25831651687622
218.17880249023438 -5.388906002044678 242.65083694458008 -5.388906002044678 242.65083694458008 36.75729990005493 218.17880249023438 36.75729990005493
218.49789428710938 -3.9160666465759277 242.64151763916016 -3.9160666465759277 242.64151763916016 37.664541721343994 218.49789428710938 37.664541721343994
226.6639862060547 3.5130455493927 250.5351333618164 3.5130455493927 250.5351333618164 44.62439274787903 226.6639862060547 44.62439274787903
219.19363403320312 0.0 244.57065200805664 0.0 244.57065200805664 39.2842903137207 219.19363403320312 39.2842903137207
217.4904022216797 0.0 241.96073722839355 0.0 241.96073722839355 39.60547637939453 217.4904022216797 39.60547637939453
217.47134399414062 0.0 242.7336769104004 0.0 242.7336769104004 38.90476608276367 217.47134399414062 38.90476608276367
218.85302734375 0.0 243.84291458129883 0.0 243.84291458129883 39.00482177734375 218.85302734375 39.00482177734375
218.99111938476562 0.0 243.87562561035156 0.0 243.87562561035156 39.395713806152344 218.99111938476562 39.395713806152344
218.17236328125 0.0059986114501953125 243.21180152893066 0.0059986114501953125 243.21180152893066 38.05923652648926 218.17236328125 38.05923652648926
219.86807250976562 0.0 244.67547988891602 0.0 244.67547988891602 38.52953338623047 219.86807250976562 38.52953338623047
219.1577911376953 0.0 244.50290298461914 0.0 244.50290298461914 38.9377555847168 219.1577911376953 38.9377555847168
218.556884765625 0.0 243.17797660827637 0.0 243.17797660827637 38.92514419555664 218.556884765625 38.92514419555664
219.2342987060547 0.0 244.0989055633545 0.0 244.0989055633545 37.39319610595703 219.2342987060547 37.39319610595703
219.2371368408203 0.0 244.02955055236816 0.0 244.02955055236816 38.706695556640625 219.2371368408203 38.706695556640625
219.060302734375 0.0 244.0539951324463 0.0 244.0539951324463 38.15474319458008 219.060302734375 38.15474319458008
218.49673461914062 0.0 243.9225025177002 0.0 243.9225025177002 39.348045349121094 218.49673461914062 39.348045349121094
220.877685546875 0.0 245.3170680999756 0.0 245.3170680999756 38.46554946899414 220.877685546875 38.46554946899414
218.32608032226562 0.0 243.15625190734863 0.0 243.15625190734863 40.08089065551758 218.32608032226562 40.08089065551758
217.36520385742188 0.0 242.2679958343506 0.0 242.2679958343506 39.534202575683594 217.36520385742188 39.534202575683594
216.6382598876953 0.0 241.4803295135498 0.0 241.4803295135498 40.29252243041992 216.6382598876953 40.29252243041992
216.7013702392578 0.0 241.62050247192383 0.0 241.62050247192383 39.870445251464844 216.7013702392578 39.870445251464844
217.19253540039062 0.0 242.36903762817383 0.0 242.36903762817383 41.01285934448242 217.19253540039062 41.01285934448242
217.7082061767578 0.0 243.07432556152344 0.0 243.07432556152344 39.6627082824707 217.7082061767578 39.6627082824707
216.97817993164062 0.0 242.0512752532959 0.0 242.0512752532959 41.04617691040039 216.97817993164062 41.04617691040039
217.5077667236328 0.0 242.63675689697266 0.0 242.63675689697266 40.30930709838867 217.5077667236328 40.30930709838867
217.03561401367188 0.0 242.00353813171387 0.0 242.00353813171387 40.347843170166016 217.03561401367188 40.347843170166016
217.2253875732422 0.0 241.90847206115723 0.0 241.90847206115723 39.9506950378418 217.2253875732422 39.9506950378418
218.0170440673828 0.0 242.4177417755127 0.0 242.4177417755127 38.779212951660156 218.0170440673828 38.779212951660156
218.8526611328125 0.0 243.78816986083984 0.0 243.78816986083984 38.656639099121094 218.8526611328125 38.656639099121094
218.51455688476562 0.0 243.30930519104004 0.0 243.30930519104004 38.496673583984375 218.51455688476562 38.496673583984375
217.7447052001953 0.0 242.19387435913086 0.0 242.19387435913086 39.4873046875 217.7447052001953 39.4873046875
218.99539184570312 0.0 244.49431991577148 0.0 244.49431991577148 38.79795455932617 218.99539184570312 38.79795455932617
218.0023956298828 0.0 242.65693283081055 0.0 242.65693283081055 38.706581115722656 218.0023956298828 38.706581115722656
218.29586791992188 0.0 243.0559787750244 0.0 243.0559787750244 39.83858108520508 218.29586791992188 39.83858108520508
219.79727172851562 0.0 245.04339027404785 0.0 245.04339027404785 39.061405181884766 219.79727172851562 39.061405181884766
218.7124481201172 0.0 243.4726448059082 0.0 243.4726448059082 38.82040786743164 218.7124481201172 38.82040786743164
218.31591796875 0.0 243.04514694213867 0.0 243.04514694213867 39.93135452270508 218.31591796875 39.93135452270508
219.35714721679688 0.0 244.2298469543457 0.0 244.2298469543457 39.40774154663086 219.35714721679688 39.40774154663086
218.6396484375 0.0 243.55482864379883 0.0 243.55482864379883 39.16789245605469 218.6396484375 39.16789245605469
219.21670532226562 0.0 244.68692779541016 0.0 244.68692779541016 38.8343620300293 219.21670532226562 38.8343620300293
219.2055206298828 0.0 244.08476448059082 0.0 244.08476448059082 38.2789192199707 219.2055206298828 38.2789192199707
218.34140014648438 0.0 242.62305450439453 0.0 242.62305450439453 38.69066619873047 218.34140014648438 38.69066619873047
219.7215576171875 0.0 244.5821704864502 0.0 244.5821704864502 37.97573471069336 219.7215576171875 37.97573471069336
218.61141967773438 0.03546180576086044 243.64749908447266 0.03546180576086044 243.64749908447266 38.50032462924719 218.61141967773438 38.50032462924719
218.8086395263672 0.0 243.6050853729248 0.0 243.6050853729248 39.30376052856445 218.8086395263672 39.30376052856445
219.1051788330078 0.0 244.40305709838867 0.0 244.40305709838867 39.02315902709961 219.1051788330078 39.02315902709961
218.20449829101562 0.0 243.4206886291504 0.0 243.4206886291504 38.1680793762207 218.20449829101562 38.1680793762207
220.1219940185547 0.0 245.18470191955566 0.0 245.18470191955566 38.317283630371094 220.1219940185547 38.317283630371094
219.70901489257812 0.0 244.67682075500488 0.0 244.67682075500488 39.318206787109375 219.70901489257812 39.318206787109375
219.5556640625 0.0 244.22018814086914 0.0 244.22018814086914 38.06365203857422 219.5556640625 38.06365203857422
219.49850463867188 0.0 244.86975479125977 0.0 244.86975479125977 38.359153747558594 219.49850463867188 38.359153747558594
219.17666625976562 0.0 244.37858772277832 0.0 244.37858772277832 39.45294952392578 219.17666625976562 39.45294952392578
218.51223754882812 0.0 244.56232833862305 0.0 244.56232833862305 39.60658645629883 218.51223754882812 39.60658645629883
219.03262329101562 0.0 244.7400016784668 0.0 244.7400016784668 39.4574089050293 219.03262329101562 39.4574089050293
219.20889282226562 0.0 245.02475357055664 0.0 245.02475357055664 39.10893630981445 219.20889282226562 39.10893630981445
218.8571014404297 0.0 244.68105506896973 0.0 244.68105506896973 40.083351135253906 218.8571014404297 40.083351135253906
218.613525390625 0.0 244.2962245941162 0.0 244.2962245941162 39.987571716308594 218.613525390625 39.987571716308594
218.4810028076172 0.0 243.7083854675293 0.0 243.7083854675293 39.22235870361328 218.4810028076172 39.22235870361328
219.0083770751953 0.0 244.22297286987305 0.0 244.22297286987305 39.25332260131836 219.0083770751953 39.25332260131836
218.8173828125 0.0 244.4859676361084 0.0 244.4859676361084 39.35952377319336 218.8173828125 39.35952377319336
218.5363006591797 0.0 244.06421852111816 0.0 244.06421852111816 40.13167190551758 218.5363006591797 40.13167190551758
219.3842315673828 0.0 245.1786231994629 0.0 245.1786231994629 39.24933624267578 219.3842315673828 39.24933624267578
218.8961181640625 0.0 244.59739685058594 0.0 244.59739685058594 39.624229431152344 218.8961181640625 39.624229431152344
219.38760375976562 0.0 245.40268516540527 0.0 245.40268516540527 40.25102233886719 219.38760375976562 40.25102233886719
218.02066040039062 0.0 243.91473388671875 0.0 243.91473388671875 40.77446365356445 218.02066040039062 40.77446365356445
218.07144165039062 0.0 243.6187286376953 0.0 243.6187286376953 39.00458908081055 218.07144165039062 39.00458908081055
218.9893035888672 0.0 245.04895401000977 0.0 245.04895401000977 41.00459289550781 218.9893035888672 41.00459289550781
218.61489868164062 0.0 244.58335876464844 0.0 244.58335876464844 40.57590103149414 218.61489868164062 40.57590103149414
218.8578338623047 0.0 244.68190956115723 0.0 244.68190956115723 40.1083869934082 218.8578338623047 40.1083869934082
218.4872283935547 0.0 244.25596237182617 0.0 244.25596237182617 40.55609893798828 218.4872283935547 40.55609893798828
218.7508087158203 0.0 244.86065101623535 0.0 244.86065101623535 40.61205291748047 218.7508087158203 40.61205291748047
219.35421752929688 0.0 245.95126342773438 0.0 245.95126342773438 40.475746154785156 219.35421752929688 40.475746154785156
219.27505493164062 0.0 245.59003067016602 0.0 245.59003067016602 40.47027587890625 219.27505493164062 40.47027587890625
217.86282348632812 0.0 243.66396713256836 0.0 243.66396713256836 41.51996612548828 217.86282348632812 41.51996612548828
216.75601196289062 0.0 243.1632900238037 0.0 243.1632900238037 41.60793685913086 216.75601196289062 41.60793685913086
217.7978515625 0.0 243.9052619934082 0.0 243.9052619934082 40.84393310546875 217.7978515625 40.84393310546875
217.7848663330078 0.0 244.0059700012207 0.0 244.0059700012207 41.76252365112305 217.7848663330078 41.76252365112305
219.40237426757812 0.0 245.7844123840332 0.0 245.7844123840332 41.57538986206055 219.40237426757812 41.57538986206055
218.9857177734375 0.0 244.92318725585938 0.0 244.92318725585938 40.72919464111328 218.9857177734375 40.72919464111328
217.5671844482422 0.0 243.90599060058594 0.0 243.90599060058594 41.25336456298828 217.5671844482422 41.25336456298828
217.8411865234375 0.0 243.9606819152832 0.0 243.9606819152832 42.11323165893555 217.8411865234375 42.11323165893555
218.6173858642578 0.0 244.82736778259277 0.0 244.82736778259277 41.25218200683594 218.6173858642578 41.25218200683594
219.34188842773438 0.0 245.6305389404297 0.0 245.6305389404297 39.979148864746094 219.34188842773438 39.979148864746094
217.3014678955078 0.0 243.48964500427246 0.0 243.48964500427246 41.25200653076172 217.3014678955078 41.25200653076172
217.61990356445312 0.0 244.35109901428223 0.0 244.35109901428223 41.55631637573242 217.61990356445312 41.55631637573242
218.7313995361328 0.0 245.18055152893066 0.0 245.18055152893066 40.67096710205078 218.7313995361328 40.67096710205078
218.87844848632812 0.0 244.7503147125244 0.0 244.7503147125244 40.23767852783203 218.87844848632812 40.23767852783203
218.60092163085938 0.0 245.1581630706787 0.0 245.1581630706787 40.77809524536133 218.60092163085938 40.77809524536133
218.90286254882812 0.0 245.25983047485352 0.0 245.25983047485352 39.77809524536133 218.90286254882812 39.77809524536133
218.66879272460938 0.0 244.56521034240723 0.0 244.56521034240723 40.72119903564453 218.66879272460938 40.72119903564453
219.0089569091797 0.0 245.44009399414062 0.0 245.44009399414062 41.8615837097168 219.0089569091797 41.8615837097168
217.86251831054688 0.0 244.4036750793457 0.0 244.4036750793457 40.823570251464844 217.86251831054688 40.823570251464844
218.58349609375 0.0 244.77936935424805 0.0 244.77936935424805 40.686458587646484 218.58349609375 40.686458587646484
218.8229522705078 0.0 244.84279441833496 0.0 244.84279441833496 39.702152252197266 218.8229522705078 39.702152252197266
218.932373046875 0.0 245.13731956481934 0.0 245.13731956481934 40.39845275878906 218.932373046875 40.39845275878906
219.09860229492188 0.0 245.94748878479004 0.0 245.94748878479004 39.92792510986328 219.09860229492188 39.92792510986328
218.92391967773438 0.0 244.40649795532227 0.0 244.40649795532227 40.08411407470703 218.92391967773438 40.08411407470703
218.544189453125 0.0 244.6376132965088 0.0 244.6376132965088 40.17084884643555 218.544189453125 40.17084884643555
218.1599578857422 0.0 243.97554397583008 0.0 243.97554397583008 41.22216033935547 218.1599578857422 41.22216033935547
218.6262969970703 0.0 244.95655822753906 0.0 244.95655822753906 40.485713958740234 218.6262969970703 40.485713958740234
218.22671508789062 0.0 244.18775939941406 0.0 244.18775939941406 39.73024368286133 218.22671508789062 39.73024368286133
218.59262084960938 0.0 244.15738105773926 0.0 244.15738105773926 38.556087493896484 218.59262084960938 38.556087493896484
219.51806640625 0.0 244.4526653289795 0.0 244.4526653289795 38.8182487487793 219.51806640625 38.8182487487793
219.5090789794922 0.0 244.64856719970703 0.0 244.64856719970703 39.251930236816406 219.5090789794922 39.251930236816406
218.79110717773438 0.0 243.96096229553223 0.0 243.96096229553223 38.65034866333008 218.79110717773438 38.65034866333008
218.82894897460938 0.0 243.80231857299805 0.0 243.80231857299805 38.96208190917969 218.82894897460938 38.96208190917969
218.8300323486328 0.0 243.79322624206543 0.0 243.79322624206543 38.925254821777344 218.8300323486328 38.925254821777344
219.71475219726562 0.0 244.76646995544434 0.0 244.76646995544434 39.26996994018555 219.71475219726562 39.26996994018555
218.46728515625 0.0 243.9516944885254 0.0 243.9516944885254 39.772918701171875 218.46728515625 39.772918701171875
219.26663208007812 0.0 244.89091873168945 0.0 244.89091873168945 38.54399871826172 219.26663208007812 38.54399871826172
218.03610229492188 0.0 243.72634887695312 0.0 243.72634887695312 40.2702751159668 218.03610229492188 40.2702751159668
218.1009979248047 0.0 244.31674194335938 0.0 244.31674194335938 39.66017532348633 218.1009979248047 39.66017532348633
219.0642547607422 0.0 245.12612915039062 0.0 245.12612915039062 39.01990509033203 219.0642547607422 39.01990509033203
219.15908813476562 0.0 244.4956932067871 0.0 244.4956932067871 40.517311096191406 219.15908813476562 40.517311096191406
217.9929962158203 0.0 244.1700096130371 0.0 244.1700096130371 40.82014846801758 217.9929962158203 40.82014846801758
219.00112915039062 0.0 244.92547607421875 0.0 244.92547607421875 39.62999725341797 219.00112915039062 39.62999725341797
218.4830322265625 0.0 244.6495418548584 0.0 244.6495418548584 39.218021392822266 218.4830322265625 39.218021392822266
218.69619750976562 0.0 244.8085422515869 0.0 244.8085422515869 40.05888748168945 218.69619750976562 40.05888748168945
217.92941284179688 0.0 243.5019245147705 0.0 243.5019245147705 41.56907272338867 217.92941284179688 41.56907272338867
217.9022979736328 0.0 243.83275985717773 0.0 243.83275985717773 41.50307846069336 217.9022979736328 41.50307846069336
219.23605346679688 0.0 245.3451042175293 0.0 245.3451042175293 41.29238510131836 219.23605346679688 41.29238510131836
218.7725830078125 0.0 244.94178771972656 0.0 244.94178771972656 40.255252838134766 218.7725830078125 40.255252838134766
217.9064178466797 0.0 243.67564010620117 0.0 243.67564010620117 41.042396545410156 217.9064178466797 41.042396545410156
218.11325073242188 0.0 244.98833656311035 0.0 244.98833656311035 40.825904846191406 218.11325073242188 40.825904846191406
217.86544799804688 0.0 243.83755493164062 0.0 243.83755493164062 40.8180046081543 217.86544799804688 40.8180046081543
218.188720703125 0.0 244.76124000549316 0.0 244.76124000549316 40.20513916015625 218.188720703125 40.20513916015625
218.9843292236328 0.0 244.9086513519287 0.0 244.9086513519287 40.37763214111328 218.9843292236328 40.37763214111328
217.4000701904297 0.0 242.9840145111084 0.0 242.9840145111084 41.39015197753906 217.4000701904297 41.39015197753906
218.5812530517578 0.0 244.58446884155273 0.0 244.58446884155273 40.079803466796875 218.5812530517578 40.079803466796875
218.51950073242188 0.0 244.24509811401367 0.0 244.24509811401367 39.922611236572266 218.51950073242188 39.922611236572266
218.83499145507812 0.0 244.8978385925293 0.0 244.8978385925293 38.95602035522461 218.83499145507812 38.95602035522461
218.9528045654297 0.0 245.2730369567871 0.0 245.2730369567871 39.66536331176758 218.9528045654297 39.66536331176758
218.8695831298828 0.0 245.10496520996094 0.0 245.10496520996094 40.080169677734375 218.8695831298828 40.080169677734375
217.4436492919922 0.0 243.52512741088867 0.0 243.52512741088867 40.76011276245117 217.4436492919922 40.76011276245117
218.27664184570312 0.0 244.7286262512207 0.0 244.7286262512207 40.52269744873047 218.27664184570312 40.52269744873047
219.34194946289062 0.0 245.3458251953125 0.0 245.3458251953125 39.51823806762695 219.34194946289062 39.51823806762695
218.7568359375 0.0 244.61084365844727 0.0 244.61084365844727 39.085105895996094 218.7568359375 39.085105895996094
218.5273895263672 0.0 243.98948287963867 0.0 243.98948287963867 39.84718322753906 218.5273895263672 39.84718322753906
218.50643920898438 0.0 244.1116542816162 0.0 244.1116542816162 40.00972366333008 218.50643920898438 40.00972366333008
218.06423950195312 0.0 244.04270362854004 0.0 244.04270362854004 39.76464080810547 218.06423950195312 39.76464080810547
219.031494140625 0.0 244.8422508239746 0.0 244.8422508239746 39.445274353027344 219.031494140625 39.445274353027344
218.7489013671875 0.0 244.87498092651367 0.0 244.87498092651367 39.5823860168457 218.7489013671875 39.5823860168457
