474.0 161.0 489.0 161.0 489.0 187.0 474.0 187.0
473.5895080566406 162.362060546875 488.3395366668701 162.362060546875 488.3395366668701 186.5437412261963 473.5895080566406 186.5437412261963
472.53564453125 161.9727020263672 488.0861053466797 161.9727020263672 488.0861053466797 187.1368179321289 472.53564453125 187.1368179321289
472.17498779296875 162.34353637695312 487.713978767395 162.34353637695312 487.713978767395 187.6614875793457 472.17498779296875 187.6614875793457
471.42962646484375 161.900390625 487.1739025115967 161.900390625 487.1739025115967 187.43479537963867 471.42962646484375 187.43479537963867
470.55230712890625 161.97744750976562 486.084680557251 161.97744750976562 486.084680557251 187.9652500152588 470.55230712890625 187.9652500152588
470.1583557128906 162.09506225585938 485.364465713501 162.09506225585938 485.364465713501 187.2241973876953 470.1583557128906 187.2241973876953
469.0660705566406 162.29086303710938 484.38311767578125 162.29086303710938 484.38311767578125 188.71651077270508 469.0660705566406 188.71651077270508
468.6587829589844 161.75701904296875 484.0164737701416 161.75701904296875 484.0164737701416 188.31227111816406 468.6587829589844 188.31227111816406
468.03704833984375 161.86788940429688 483.57777976989746 161.86788940429688 483.57777976989746 188.64204025268555 468.03704833984375 188.64204025268555
466.62078857421875 161.79391479492188 482.9978904724121 161.79391479492188 482.9978904724121 188.56928634643555 466.62078857421875 188.56928634643555
466.56317138671875 162.3294677734375 481.86138343811035 162.3294677734375 481.86138343811035 188.49050521850586 466.56317138671875 188.49050521850586
466.07525634765625 162.6035614013672 480.8120975494385 162.6035614013672 480.8120975494385 188.33937072753906 466.07525634765625 188.33937072753906
465.02099609375 162.28102111816406 480.43643951416016 162.28102111816406 480.43643951416016 189.55108642578125 465.02099609375 189.55108642578125
464.13427734375 162.57749938964844 480.52928352355957 162.57749938964844 480.52928352355957 189.42956924438477 464.13427734375 189.42956924438477
463.98193359375 163.3299102783203 479.5468502044678 163.3299102783203 479.5468502044678 188.52390670776367 463.98193359375 188.52390670776367
463.4515075683594 162.68360900878906 478.92210388183594 162.68360900878906 478.92210388183594 190.04220581054688 463.4515075683594 190.04220581054688
462.6288146972656 163.05621337890625 478.2864351272583 163.05621337890625 478.2864351272583 189.14224243164062 462.6288146972656 189.14224243164062
461.7471618652344 161.8358154296875 477.84934997558594 161.8358154296875 477.84934997558594 189.87191200256348 461.7471618652344 189.87191200256348
461.31915283203125 163.2285919189453 477.6074810028076 163.2285919189453 477.6074810028076 190.36006546020508 461.31915283203125 190.36006546020508
460.5655822753906 163.20628356933594 477.3248519897461 163.20628356933594 477.3248519897461 190.98443222045898 460.5655822753906 190.98443222045898
459.76171875 164.19175720214844 476.04762268066406 164.19175720214844 476.04762268066406 190.32905197143555 459.76171875 190.32905197143555
458.8619689941406 163.2892608642578 475.7734317779541 163.2892608642578 475.7734317779541 191.07562828063965 458.8619689941406 191.07562828063965
458.8921813964844 164.53858947753906 475.31032371520996 164.53858947753906 475.31032371520996 189.89260292053223 458.8921813964844 189.89260292053223
457.37567138671875 164.2465362548828 474.1322078704834 164.2465362548828 474.1322078704834 191.3067741394043 457.37567138671875 191.3067741394043
457.10894775390625 164.16482543945312 473.4954414367676 164.16482543945312 473.4954414367676 192.2434539794922 457.10894775390625 192.2434539794922
455.93719482421875 164.29542541503906 472.5830135345459 164.29542541503906 472.5830135345459 191.90514183044434 455.93719482421875 191.90514183044434
455.16455078125 164.4944305419922 472.53235816955566 164.4944305419922 472.53235816955566 192.81277084350586 455.16455078125 192.81277084350586
454.69427490234375 164.4656982421875 471.987247467041 164.4656982421875 471.987247467041 191.93578720092773 454.69427490234375 191.93578720092773
453.46905517578125 164.3807830810547 471.5252094268799 164.3807830810547 471.5252094268799 192.08949279785156 453.46905517578125 192.08949279785156
453.7786560058594 165.87802124023438 470.3951072692871 165.87802124023438 470.3951072692871 192.21104049682617 453.7786560058594 192.21104049682617
453.0055236816406 164.7783203125 470.342960357666 164.7783203125 470.342960357666 191.75916481018066 453.0055236816406 191.75916481018066
452.31591796875 166.5521697998047 469.1333427429199 166.5521697998047 469.1333427429199 191.99930000305176 452.31591796875 191.99930000305176
451.8690490722656 166.83514404296875 468.37553787231445 166.83514404296875 468.37553787231445 192.43362998962402 451.8690490722656 192.43362998962402
450.58343505859375 166.15823364257812 468.3528861999512 166.15823364257812 468.3528861999512 192.2617950439453 450.58343505859375 192.2617950439453
450.1884765625 166.4493408203125 467.82176399230957 166.4493408203125 467.82176399230957 191.49466514587402 450.1884765625 191.49466514587402
449.730712890625 166.82391357421875 467.3818778991699 166.82391357421875 467.3818778991699 192.19602012634277 449.730712890625 192.19602012634277
448.26922607421875 166.39430236816406 466.50915145874023 166.39430236816406 466.50915145874023 192.07531356811523 448.26922607421875 192.07531356811523
448.02227783203125 166.4046630859375 466.7019748687744 166.4046630859375 466.7019748687744 192.6669406890869 448.02227783203125 192.6669406890869
447.78411865234375 166.81851196289062 465.5839443206787 166.81851196289062 465.5839443206787 192.4740867614746 447.78411865234375 192.4740867614746
446.96905517578125 166.92977905273438 464.8092975616455 166.92977905273438 464.8092975616455 192.40225791931152 446.96905517578125 192.40225791931152
446.248291015625 167.3067169189453 464.55115699768066 167.3067169189453 464.55115699768066 192.70932006835938 446.248291015625 192.70932006835938
445.84185791015625 167.78726196289062 463.7972812652588 167.78726196289062 463.7972812652588 192.82250595092773 445.84185791015625 192.82250595092773
445.00518798828125 167.66636657714844 463.39592361450195 167.66636657714844 463.39592361450195 193.43121337890625 445.00518798828125 193.43121337890625
444.1705017089844 168.07217407226562 462.7937126159668 168.07217407226562 462.7937126159668 193.56716918945312 444.1705017089844 193.56716918945312
444.33258056640625 168.40341186523438 461.9181537628174 168.40341186523438 461.9181537628174 193.23093605041504 444.33258056640625 193.23093605041504
443.7691345214844 167.23052978515625 462.0222873687744 167.23052978515625 462.0222873687744 193.4041347503662 443.7691345214844 193.4041347503662
443.5933532714844 168.32131958007812 461.12881660461426 168.32131958007812 461.12881660461426 193.77447319030762 443.5933532714844 193.77447319030762
442.7724609375 168.48081970214844 461.1948642730713 168.48081970214844 461.1948642730713 193.61767959594727 442.7724609375 193.61767959594727
442.59210205078125 168.20123291015625 460.8044090270996 168.20123291015625 460.8044090270996 194.40594863891602 442.59210205078125 194.40594863891602
441.9991149902344 168.5190887451172 460.28536224365234 168.5190887451172 460.28536224365234 193.71954917907715 441.9991149902344 193.71954917907715
441.57489013671875 168.92803955078125 459.9364471435547 168.92803955078125 459.9364471435547 195.06879043579102 441.57489013671875 195.06879043579102
441.17291259765625 168.46923828125 459.631986618042 168.46923828125 459.631986618042 194.83539199829102 441.17291259765625 194.83539199829102
440.7164001464844 169.11111450195312 458.5789852142334 169.11111450195312 458.5789852142334 194.3015594482422 440.7164001464844 194.3015594482422
440.474609375 168.65554809570312 458.43028831481934 168.65554809570312 458.43028831481934 194.62593460083008 440.474609375 194.62593460083008
439.77520751953125 168.78787231445312 458.2962474822998 168.78787231445312 458.2962474822998 194.1651840209961 439.77520751953125 194.1651840209961
439.42034912109375 168.88560485839844 458.11968994140625 168.88560485839844 458.11968994140625 194.34372901916504 439.42034912109375 194.34372901916504
438.31707763671875 169.62228393554688 457.34595108032227 169.62228393554688 457.34595108032227 194.38115692138672 438.31707763671875 194.38115692138672
437.58074951171875 169.32888793945312 456.8140640258789 169.32888793945312 456.8140640258789 194.68330764770508 437.58074951171875 194.68330764770508
437.08416748046875 169.69284057617188 456.3257122039795 169.69284057617188 456.3257122039795 195.29616737365723 437.08416748046875 195.29616737365723
436.3495178222656 169.32717895507812 455.13899993896484 169.32717895507812 455.13899993896484 195.1721649169922 436.3495178222656 195.1721649169922
435.80340576171875 169.36532592773438 455.32288551330566 169.36532592773438 455.32288551330566 195.40188598632812 435.80340576171875 195.40188598632812
435.06512451171875 168.78099060058594 454.7356376647949 168.78099060058594 454.7356376647949 194.99647521972656 435.06512451171875 194.99647521972656
434.84991455078125 169.8130645751953 453.1525764465332 169.8130645751953 453.1525764465332 195.32454299926758 434.84991455078125 195.32454299926758
433.662353515625 169.75604248046875 452.9842414855957 169.75604248046875 452.9842414855957 195.7743263244629 433.662353515625 195.7743263244629
433.57470703125 170.7810516357422 452.56054496765137 170.7810516357422 452.56054496765137 195.99929428100586 433.57470703125 195.99929428100586
432.9463806152344 171.2397003173828 451.6986198425293 171.2397003173828 451.6986198425293 195.96212005615234 432.9463806152344 195.96212005615234
432.671630859375 171.6526336669922 451.1054515838623 171.6526336669922 451.1054515838623 196.85737991333008 432.671630859375 196.85737991333008
431.7864685058594 171.24484252929688 451.2129096984863 171.24484252929688 451.2129096984863 196.55926895141602 431.7864685058594 196.55926895141602
430.49542236328125 171.1731719970703 450.1947250366211 171.1731719970703 450.1947250366211 197.24261093139648 430.49542236328125 197.24261093139648
430.4278259277344 171.01388549804688 449.7621726989746 171.01388549804688 449.7621726989746 196.50633430480957 430.4278259277344 196.50633430480957
430.22760009765625 171.90029907226562 449.0111999511719 171.90029907226562 449.0111999511719 197.48135948181152 430.22760009765625 197.48135948181152
428.75439453125 172.25201416015625 448.0699577331543 172.25201416015625 448.0699577331543 197.32786560058594 428.75439453125 197.32786560058594
427.5747985839844 172.07571411132812 447.3061351776123 172.07571411132812 447.3061351776123 197.17467880249023 427.5747985839844 197.17467880249023
426.982666015625 172.6498565673828 446.3670845031738 172.6498565673828 446.3670845031738 198.2370262145996 426.982666015625 198.2370262145996
426.30169677734375 172.073974609375 446.3234748840332 172.073974609375 446.3234748840332 197.3962230682373 426.30169677734375 197.3962230682373
425.5003967285156 173.06248474121094 445.17223739624023 173.06248474121094 445.17223739624023 198.49700736999512 425.5003967285156 198.49700736999512
424.50634765625 173.1593475341797 444.8727493286133 173.1593475341797 444.8727493286133 198.3890266418457 424.50634765625 198.3890266418457
424.2431640625 172.91561889648438 444.03113174438477 172.91561889648438 444.03113174438477 198.84888076782227 424.2431640625 198.84888076782227
422.79644775390625 172.36781311035156 442.9232521057129 172.36781311035156 442.9232521057129 199.18141174316406 422.79644775390625 199.18141174316406
420.3519592285156 174.07867431640625 440.1794376373291 174.07867431640625 440.1794376373291 199.52482986450195 420.3519592285156 199.52482986450195
418.77630615234375 174.9427032470703 438.56005859375 174.9427032470703 438.56005859375 200.3824806213379 418.77630615234375 200.3824806213379
418.10443115234375 175.75222778320312 438.17482566833496 175.75222778320312 438.17482566833496 200.96236991882324 418.10443115234375 200.96236991882324
417.46185302734375 175.16976928710938 437.9206790924072 175.16976928710938 437.9206790924072 200.24431991577148 417.46185302734375 200.24431991577148
415.491943359375 174.60604858398438 437.719518661499 174.60604858398438 437.719518661499 200.95156478881836 415.491943359375 200.95156478881836
415.5843811035156 175.65463256835938 436.5101127624512 175.65463256835938 436.5101127624512 200.39455795288086 415.5843811035156 200.39455795288086
414.79400634765625 175.9208984375 436.36085510253906 175.9208984375 436.36085510253906 200.9501075744629 414.79400634765625 200.9501075744629
414.05743408203125 175.73477172851562 435.4779300689697 175.73477172851562 435.4779300689697 201.29493141174316 414.05743408203125 201.29493141174316
412.572265625 175.83653259277344 434.06872940063477 175.83653259277344 434.06872940063477 202.5377712249756 412.572265625 202.5377712249756
411.87945556640625 174.98365783691406 434.24004554748535 174.98365783691406 434.24004554748535 202.4005012512207 411.87945556640625 202.4005012512207
411.33575439453125 175.39178466796875 432.67930030822754 175.39178466796875 432.67930030822754 202.34603881835938 411.33575439453125 202.34603881835938
410.7483825683594 175.25137329101562 432.7276382446289 175.25137329101562 432.7276382446289 201.4670810699463 410.7483825683594 201.4670810699463
410.23260498046875 175.51870727539062 431.9604320526123 175.51870727539062 431.9604320526123 202.0372314453125 410.23260498046875 202.0372314453125
409.4257507324219 174.8809051513672 431.11702156066895 174.8809051513672 431.11702156066895 202.06479454040527 409.4257507324219 202.06479454040527
409.3194274902344 175.70761108398438 430.566463470459 175.70761108398438 430.566463470459 202.50187301635742 409.3194274902344 202.50187301635742
409.11328125 175.39012145996094 430.3386859893799 175.39012145996094 430.3386859893799 202.9322166442871 409.11328125 202.9322166442871
408.941162109375 176.19277954101562 428.5905570983887 176.19277954101562 428.5905570983887 202.79544067382812 408.941162109375 202.79544067382812
408.6960144042969 176.2256317138672 428.4463348388672 176.2256317138672 428.4463348388672 203.1571044921875 408.6960144042969 203.1571044921875
408.49017333984375 177.78176879882812 427.3240146636963 177.78176879882812 427.3240146636963 203.5696620941162 408.49017333984375 203.5696620941162
408.23553466796875 176.1091766357422 427.8418025970459 176.1091766357422 427.8418025970459 203.47181129455566 408.23553466796875 203.47181129455566
407.07574462890625 176.63255310058594 427.19359970092773 176.63255310058594 427.19359970092773 204.0275058746338 407.07574462890625 204.0275058746338
406.80255126953125 176.8671875 426.24704360961914 176.8671875 426.24704360961914 203.90701293945312 406.80255126953125 203.90701293945312
406.3837890625 177.879150390625 426.10826873779297 177.879150390625 426.10826873779297 204.40543746948242 406.3837890625 204.40543746948242
404.9089050292969 177.05825805664062 424.6667175292969 177.05825805664062 424.6667175292969 204.2481689453125 404.9089050292969 204.2481689453125
404.50787353515625 177.2960968017578 424.93312072753906 177.2960968017578 424.93312072753906 204.66697120666504 404.50787353515625 204.66697120666504
404.0357971191406 176.9022979736328 424.58693504333496 176.9022979736328 424.58693504333496 204.49136924743652 404.0357971191406 204.49136924743652
403.6031494140625 177.73362731933594 423.2083511352539 177.73362731933594 423.2083511352539 205.41262817382812 403.6031494140625 205.41262817382812
403.14727783203125 178.2657928466797 423.45661544799805 178.2657928466797 423.45661544799805 204.9830722808838 403.14727783203125 204.9830722808838
403.01861572265625 178.45419311523438 423.17943954467773 178.45419311523438 423.17943954467773 205.64603805541992 403.01861572265625 205.64603805541992
401.933349609375 178.28892517089844 422.4306297302246 178.28892517089844 422.4306297302246 206.19370651245117 401.933349609375 206.19370651245117
402.0041809082031 178.2938995361328 422.4752655029297 178.2938995361328 422.4752655029297 206.23895835876465 402.0041809082031 206.23895835876465
401.57037353515625 177.91696166992188 421.99121475219727 177.91696166992188 421.99121475219727 205.8821201324463 401.57037353515625 205.8821201324463
401.55535888671875 178.29220581054688 421.32464599609375 178.29220581054688 421.32464599609375 207.13619422912598 401.55535888671875 207.13619422912598
400.849609375 178.57388305664062 421.3716125488281 178.57388305664062 421.3716125488281 206.47939491271973 400.849609375 206.47939491271973
400.3166198730469 177.173828125 420.28367614746094 177.173828125 420.28367614746094 206.88015365600586 400.3166198730469 206.88015365600586
399.84173583984375 178.74789428710938 420.17941665649414 178.74789428710938 420.17941665649414 207.05890464782715 399.84173583984375 207.05890464782715
399.24615478515625 177.3488006591797 419.8033084869385 177.3488006591797 419.8033084869385 206.5236301422119 399.24615478515625 206.5236301422119
398.5619812011719 178.55880737304688 419.2909240722656 178.55880737304688 419.2909240722656 207.37131309509277 398.5619812011719 207.37131309509277
397.9399719238281 178.32350158691406 418.5382881164551 178.32350158691406 418.5382881164551 207.02139854431152 397.9399719238281 207.02139854431152
396.96710205078125 178.7233123779297 417.46055030822754 178.7233123779297 417.46055030822754 207.18122482299805 396.96710205078125 207.18122482299805
395.84442138671875 178.1230926513672 417.3228397369385 178.1230926513672 417.3228397369385 207.53421592712402 395.84442138671875 207.53421592712402
394.98626708984375 178.31015014648438 416.2787895202637 178.31015014648438 416.2787895202637 206.9969024658203 394.98626708984375 206.9969024658203
394.29217529296875 179.81201171875 415.53514671325684 179.81201171875 415.53514671325684 208.45095443725586 394.29217529296875 208.45095443725586
393.388427734375 179.13400268554688 414.6927146911621 179.13400268554688 414.6927146911621 208.31865882873535 393.388427734375 208.31865882873535
392.11126708984375 178.9864501953125 413.6345405578613 178.9864501953125 413.6345405578613 208.65474319458008 392.11126708984375 208.65474319458008
391.4003601074219 179.69232177734375 412.2803554534912 179.69232177734375 412.2803554534912 209.680419921875 391.4003601074219 209.680419921875
390.24456787109375 179.1918487548828 410.189359664917 179.1918487548828 410.189359664917 209.95586013793945 390.24456787109375 209.95586013793945
389.478759765625 179.18075561523438 410.60600090026855 179.18075561523438 410.60600090026855 209.53469467163086 389.478759765625 209.53469467163086
388.6348876953125 179.73867797851562 409.23173904418945 179.73867797851562 409.23173904418945 210.48379516601562 388.6348876953125 210.48379516601562
385.0527038574219 180.9344024658203 405.0556583404541 180.9344024658203 405.0556583404541 210.89960861206055 385.0527038574219 210.89960861206055
382.193115234375 180.57298278808594 402.91730880737305 180.57298278808594 402.91730880737305 211.2377872467041 382.193115234375 211.2377872467041
381.16644287109375 180.2701873779297 402.0195713043213 180.2701873779297 402.0195713043213 211.20909118652344 381.16644287109375 211.20909118652344
379.81219482421875 180.77359008789062 400.8129577636719 180.77359008789062 400.8129577636719 211.7399559020996 379.81219482421875 211.7399559020996
378.8599548339844 179.333984375 399.7433433532715 179.333984375 399.7433433532715 212.3177032470703 378.8599548339844 212.3177032470703
378.10284423828125 180.63693237304688 397.73867416381836 180.63693237304688 397.73867416381836 213.0340232849121 378.10284423828125 213.0340232849121
377.30792236328125 179.907470703125 397.82252311706543 179.907470703125 397.82252311706543 213.01746368408203 377.30792236328125 213.01746368408203
376.8168640136719 179.32066345214844 397.5186405181885 179.32066345214844 397.5186405181885 212.86511611938477 376.8168640136719 212.86511611938477
375.49542236328125 179.9739227294922 396.1767063140869 179.9739227294922 396.1767063140869 212.90026092529297 375.49542236328125 212.90026092529297
374.96710205078125 180.00027465820312 395.38308334350586 180.00027465820312 395.38308334350586 213.37550735473633 374.96710205078125 213.37550735473633
374.420654296875 181.8477020263672 394.10713958740234 181.8477020263672 394.10713958740234 213.13870811462402 374.420654296875 213.13870811462402
373.75970458984375 181.03733825683594 394.30748748779297 181.03733825683594 394.30748748779297 213.86822891235352 373.75970458984375 213.86822891235352
373.14788818359375 182.1239776611328 393.37169456481934 182.1239776611328 393.37169456481934 213.3566017150879 373.14788818359375 213.3566017150879
372.1011962890625 182.2746124267578 391.9802131652832 182.2746124267578 391.9802131652832 213.69861221313477 372.1011962890625 213.69861221313477
371.6776123046875 182.529296875 391.8802375793457 182.529296875 391.8802375793457 213.75408363342285 371.6776123046875 213.75408363342285
369.74188232421875 182.40914916992188 390.66393661499023 182.40914916992188 390.66393661499023 214.12835311889648 369.74188232421875 214.12835311889648
369.57025146484375 182.81448364257812 390.25109100341797 182.81448364257812 390.25109100341797 214.0169334411621 369.57025146484375 214.0169334411621
368.9978942871094 181.76219177246094 389.8915672302246 181.76219177246094 389.8915672302246 213.63307762145996 368.9978942871094 213.63307762145996
368.5500793457031 183.58767700195312 389.163537979126 183.58767700195312 389.163537979126 215.03188514709473 368.5500793457031 215.03188514709473
366.99517822265625 183.23171997070312 388.18701553344727 183.23171997070312 388.18701553344727 215.28929138183594 366.99517822265625 215.28929138183594
365.96246337890625 183.31118774414062 387.2393341064453 183.31118774414062 387.2393341064453 215.39391326904297 365.96246337890625 215.39391326904297
364.9752502441406 183.36544799804688 386.3716468811035 183.36544799804688 386.3716468811035 215.22581100463867 364.9752502441406 215.22581100463867
364.05029296875 183.45362854003906 385.4063014984131 183.45362854003906 385.4063014984131 215.88226699829102 364.05029296875 215.88226699829102
362.92279052734375 184.33363342285156 384.5165023803711 184.33363342285156 384.5165023803711 216.76578521728516 362.92279052734375 216.76578521728516
361.73443603515625 183.75271606445312 383.357723236084 183.75271606445312 383.357723236084 215.84196090698242 361.73443603515625 215.84196090698242
361.45648193359375 183.72756958007812 383.0773105621338 183.72756958007812 383.0773105621338 216.4494285583496 361.45648193359375 216.4494285583496
360.4757995605469 184.0518798828125 381.6846237182617 184.0518798828125 381.6846237182617 216.48868560791016 360.4757995605469 216.48868560791016
359.14324951171875 184.77198791503906 379.8794059753418 184.77198791503906 379.8794059753418 216.33553504943848 359.14324951171875 216.33553504943848
358.43646240234375 185.0640869140625 379.3311882019043 185.0640869140625 379.3311882019043 216.6750373840332 358.43646240234375 216.6750373840332
358.220458984375 185.83468627929688 379.2096405029297 185.83468627929688 379.2096405029297 215.95848083496094 358.220458984375 215.95848083496094
357.13104248046875 184.64170837402344 378.01161193847656 184.64170837402344 378.01161193847656 215.98272323608398 357.13104248046875 215.98272323608398
351.38934326171875 187.922119140625 372.10490798950195 187.922119140625 372.10490798950195 217.9110622406006 351.38934326171875 217.9110622406006
347.7811279296875 186.5397491455078 370.3553466796875 186.5397491455078 370.3553466796875 218.82294464111328 347.7811279296875 218.82294464111328
345.06439208984375 187.49404907226562 368.27344703674316 187.49404907226562 368.27344703674316 219.87655639648438 345.06439208984375 219.87655639648438
344.6990661621094 188.5523223876953 367.85974311828613 188.5523223876953 367.85974311828613 220.05853652954102 344.6990661621094 220.05853652954102
343.09503173828125 187.120849609375 365.89139556884766 187.120849609375 365.89139556884766 219.67191314697266 343.09503173828125 219.67191314697266
342.09661865234375 189.592529296875 364.82575035095215 189.592529296875 364.82575035095215 221.1248264312744 342.09661865234375 221.1248264312744
340.7713928222656 187.7303009033203 363.7142677307129 187.7303009033203 363.7142677307129 220.57566833496094 340.7713928222656 220.57566833496094
339.0008544921875 188.68069458007812 361.91576957702637 188.68069458007812 361.91576957702637 220.86742782592773 339.0008544921875 220.86742782592773
338.484130859375 188.30072021484375 361.21459197998047 188.30072021484375 361.21459197998047 220.1802635192871 338.484130859375 220.1802635192871
336.95965576171875 189.0830841064453 359.2351779937744 189.0830841064453 359.2351779937744 220.01694297790527 336.95965576171875 220.01694297790527
336.3487243652344 189.76675415039062 358.3724002838135 189.76675415039062 358.3724002838135 220.68580055236816 336.3487243652344 220.68580055236816
335.8191223144531 190.40081787109375 357.7346000671387 190.40081787109375 357.7346000671387 221.00774765014648 335.8191223144531 221.00774765014648
335.21148681640625 190.8620147705078 356.2071952819824 190.8620147705078 356.2071952819824 221.16534805297852 335.21148681640625 221.16534805297852
333.6529235839844 192.08779907226562 354.57331466674805 192.08779907226562 354.57331466674805 222.76693153381348 333.6529235839844 222.76693153381348
332.737548828125 191.37814331054688 354.40682792663574 191.37814331054688 354.40682792663574 222.09976768493652 332.737548828125 222.09976768493652
331.57757568359375 191.76657104492188 353.05412673950195 191.76657104492188 353.05412673950195 223.20591735839844 331.57757568359375 223.20591735839844
330.53424072265625 192.4013671875 351.88859939575195 192.4013671875 351.88859939575195 222.76598739624023 330.53424072265625 222.76598739624023
328.4332580566406 191.62527465820312 351.3031578063965 191.62527465820312 351.3031578063965 223.37453269958496 328.4332580566406 223.37453269958496
327.3397216796875 190.90650939941406 350.44673919677734 190.90650939941406 350.44673919677734 223.58016204833984 327.3397216796875 223.58016204833984
326.4320983886719 191.2003631591797 349.5347557067871 191.2003631591797 349.5347557067871 223.64142608642578 326.4320983886719 223.64142608642578
324.0353698730469 191.52789306640625 347.0160369873047 191.52789306640625 347.0160369873047 224.60873794555664 324.0353698730469 224.60873794555664
324.06402587890625 191.85540771484375 347.0370121002197 191.85540771484375 347.0370121002197 224.12255477905273 324.06402587890625 224.12255477905273
321.9341125488281 191.7815704345703 345.17712211608887 191.7815704345703 345.17712211608887 225.4291877746582 321.9341125488281 225.4291877746582
321.06170654296875 192.79541015625 343.6682071685791 192.79541015625 343.6682071685791 225.33603286743164 321.06170654296875 225.33603286743164
320.05694580078125 191.32882690429688 343.80252265930176 191.32882690429688 343.80252265930176 225.7038116455078 320.05694580078125 225.7038116455078
319.73748779296875 193.5968475341797 342.6007652282715 193.5968475341797 342.6007652282715 225.37269020080566 319.73748779296875 225.37269020080566
317.6464538574219 193.3905487060547 340.7486991882324 193.3905487060547 340.7486991882324 226.3674087524414 317.6464538574219 226.3674087524414
316.7909240722656 193.01763916015625 340.53599548339844 193.01763916015625 340.53599548339844 226.70985412597656 316.7909240722656 226.70985412597656
316.8316955566406 194.55599975585938 338.8229160308838 194.55599975585938 338.8229160308838 226.59549713134766 316.8316955566406 226.59549713134766
315.41522216796875 192.65994262695312 338.21974754333496 192.65994262695312 338.21974754333496 227.19597244262695 315.41522216796875 227.19597244262695
314.78997802734375 194.72438049316406 335.8695659637451 194.72438049316406 335.8695659637451 227.74573135375977 314.78997802734375 227.74573135375977
314.408203125 194.34298706054688 336.201473236084 194.34298706054688 336.201473236084 226.79090118408203 314.408203125 226.79090118408203
309.1053161621094 193.4674835205078 330.869686126709 193.4674835205078 330.869686126709 229.3124237060547 309.1053161621094 229.3124237060547
306.4078369140625 195.36068725585938 328.7435493469238 195.36068725585938 328.7435493469238 229.66474151611328 306.4078369140625 229.66474151611328
305.0176086425781 195.80978393554688 326.5622329711914 195.80978393554688 326.5622329711914 230.05255889892578 305.0176086425781 230.05255889892578
303.46209716796875 196.18836975097656 324.78078269958496 196.18836975097656 324.78078269958496 230.04711532592773 303.46209716796875 230.04711532592773
302.776123046875 196.49270629882812 324.0431098937988 196.49270629882812 324.0431098937988 230.6051368713379 302.776123046875 230.6051368713379
302.0047607421875 195.7065887451172 323.62193489074707 195.7065887451172 323.62193489074707 229.9823112487793 302.0047607421875 229.9823112487793
300.7879638671875 196.02114868164062 323.106632232666 196.02114868164062 323.106632232666 230.50332260131836 300.7879638671875 230.50332260131836
300.48175048828125 197.7840118408203 321.1438179016113 197.7840118408203 321.1438179016113 231.41807556152344 300.48175048828125 231.41807556152344
299.97576904296875 197.3673553466797 321.207275390625 197.3673553466797 321.207275390625 231.59758758544922 299.97576904296875 231.59758758544922
298.61541748046875 197.04354858398438 320.3433895111084 197.04354858398438 320.3433895111084 231.82391738891602 298.61541748046875 231.82391738891602
298.48858642578125 197.66505432128906 319.147912979126 197.66505432128906 319.147912979126 231.97029495239258 298.48858642578125 231.97029495239258
297.4349670410156 197.3214569091797 318.16858863830566 197.3214569091797 318.16858863830566 231.6238784790039 297.4349670410156 231.6238784790039
295.91607666015625 197.5197296142578 316.4657688140869 197.5197296142578 316.4657688140869 232.9472312927246 295.91607666015625 232.9472312927246
294.264404296875 197.654052734375 315.21609115600586 197.654052734375 315.21609115600586 232.9905776977539 294.264404296875 232.9905776977539
294.1527404785156 197.456787109375 314.96180152893066 197.456787109375 314.96180152893066 233.04752349853516 294.1527404785156 233.04752349853516
293.00921630859375 198.26992797851562 313.0509223937988 198.26992797851562 313.0509223937988 232.70335006713867 293.00921630859375 232.70335006713867
291.5010681152344 197.25152587890625 312.74427604675293 197.25152587890625 312.74427604675293 233.0979232788086 291.5010681152344 233.0979232788086
291.0682678222656 198.35568237304688 311.66734886169434 198.35568237304688 311.66734886169434 232.51517868041992 291.0682678222656 232.51517868041992
289.68756103515625 198.5221710205078 310.49097633361816 198.5221710205078 310.49097633361816 233.56303024291992 289.68756103515625 233.56303024291992
289.1325378417969 198.24655151367188 309.78678131103516 198.24655151367188 309.78678131103516 233.23890686035156 289.1325378417969 233.23890686035156
287.34716796875 198.20956420898438 307.96861457824707 198.20956420898438 307.96861457824707 233.34256744384766 287.34716796875 233.34256744384766
286.24481201171875 198.3157958984375 306.62492179870605 198.3157958984375 306.62492179870605 234.31383895874023 286.24481201171875 234.31383895874023
285.68121337890625 198.36941528320312 305.77552604675293 198.36941528320312 305.77552604675293 234.68193817138672 285.68121337890625 234.68193817138672
284.6845703125 199.11717224121094 303.3875370025635 199.11717224121094 303.3875370025635 235.47408294677734 284.6845703125 235.47408294677734
283.709228515625 199.2283172607422 303.4423522949219 199.2283172607422 303.4423522949219 234.5939064025879 283.709228515625 234.5939064025879
283.25103759765625 199.7010040283203 302.27989196777344 199.7010040283203 302.27989196777344 235.78344345092773 283.25103759765625 235.78344345092773
282.61029052734375 200.23623657226562 301.7021427154541 200.23623657226562 301.7021427154541 236.30665969848633 282.61029052734375 236.30665969848633
281.2143859863281 199.74679565429688 300.7943172454834 199.74679565429688 300.7943172454834 236.59527587890625 281.2143859863281 236.59527587890625
280.70611572265625 201.7122802734375 299.92580223083496 201.7122802734375 299.92580223083496 237.20999908447266 280.70611572265625 237.20999908447266
279.11297607421875 200.0940399169922 299.04771995544434 200.0940399169922 299.04771995544434 236.5271759033203 279.11297607421875 236.5271759033203
278.01959228515625 200.8330078125 297.45517921447754 200.8330078125 297.45517921447754 237.3545379638672 278.01959228515625 237.3545379638672
276.78887939453125 201.07278442382812 296.9864387512207 201.07278442382812 296.9864387512207 238.08137130737305 276.78887939453125 238.08137130737305
275.3587341308594 200.87478637695312 295.5959167480469 200.87478637695312 295.5959167480469 236.52799224853516 275.3587341308594 236.52799224853516
274.93548583984375 200.58804321289062 295.3362808227539 200.58804321289062 295.3362808227539 238.13867950439453 274.93548583984375 238.13867950439453
273.66705322265625 201.02481079101562 294.6126003265381 201.02481079101562 294.6126003265381 237.9456672668457 273.66705322265625 237.9456672668457
273.3514709472656 201.3059539794922 295.20587730407715 201.3059539794922 295.20587730407715 238.06933212280273 273.3514709472656 238.06933212280273
270.67022705078125 202.3950958251953 292.33582305908203 202.3950958251953 292.33582305908203 238.25914764404297 270.67022705078125 238.25914764404297
270.1065368652344 202.14340209960938 291.6433582305908 202.14340209960938 291.6433582305908 238.7801399230957 270.1065368652344 238.7801399230957
269.26495361328125 202.22926330566406 290.60118103027344 202.22926330566406 290.60118103027344 240.5780143737793 269.26495361328125 240.5780143737793
267.9156494140625 200.96237182617188 289.1889991760254 200.96237182617188 289.1889991760254 239.68219757080078 267.9156494140625 239.68219757080078
266.7461242675781 201.1348114013672 288.17272567749023 201.1348114013672 288.17272567749023 240.1548728942871 266.7461242675781 240.1548728942871
264.2982482910156 201.58004760742188 285.2520809173584 201.58004760742188 285.2520809173584 240.30896759033203 264.2982482910156 240.30896759033203
263.29608154296875 201.68710327148438 284.30933570861816 201.68710327148438 284.30933570861816 239.04714965820312 263.29608154296875 239.04714965820312
262.0215759277344 200.7111358642578 282.85190200805664 200.7111358642578 282.85190200805664 240.07321548461914 262.0215759277344 240.07321548461914
259.71624755859375 201.5133514404297 280.24718856811523 201.5133514404297 280.24718856811523 239.41057968139648 259.71624755859375 239.41057968139648
258.45916748046875 200.54139709472656 279.31703186035156 200.54139709472656 279.31703186035156 238.19770050048828 258.45916748046875 238.19770050048828
259.03955078125 201.77957153320312 279.6376476287842 201.77957153320312 279.6376476287842 240.08686447143555 259.03955078125 240.08686447143555
256.33966064453125 202.1162567138672 276.7828426361084 202.1162567138672 276.7828426361084 241.18182754516602 256.33966064453125 241.18182754516602
255.7533416748047 203.91690063476562 275.617467880249 203.91690063476562 275.617467880249 242.5361557006836 255.7533416748047 242.5361557006836
253.9668426513672 202.49740600585938 274.5976982116699 202.49740600585938 274.5976982116699 241.53770065307617 253.9668426513672 241.53770065307617
247.838623046875 204.4348602294922 268.9116802215576 204.4348602294922 268.9116802215576 242.37821578979492 247.838623046875 242.37821578979492
245.3634796142578 205.2693328857422 266.7124423980713 205.2693328857422 266.7124423980713 242.09836196899414 245.3634796142578 242.09836196899414
243.63308715820312 207.1841583251953 264.54696464538574 207.1841583251953 264.54696464538574 243.47977447509766 243.63308715820312 243.47977447509766
241.89761352539062 206.1578826904297 262.8158702850342 206.1578826904297 262.8158702850342 244.4078140258789 241.89761352539062 244.4078140258789
240.5802764892578 208.45614624023438 260.99330711364746 208.45614624023438 260.99330711364746 245.93756866455078 240.5802764892578 245.93756866455078
239.6122283935547 207.3074951171875 260.90672492980957 207.3074951171875 260.90672492980957 245.85083389282227 239.6122283935547 245.85083389282227
238.74252319335938 208.77053833007812 259.31708335876465 208.77053833007812 259.31708335876465 246.4242820739746 238.74252319335938 246.4242820739746
237.49880981445312 209.2794952392578 257.88392066955566 209.2794952392578 257.88392066955566 245.33742904663086 237.49880981445312 245.33742904663086
235.8166046142578 209.3848419189453 257.43478202819824 209.3848419189453 257.43478202819824 245.30093383789062 235.8166046142578 245.30093383789062
235.22555541992188 210.0550079345703 256.51899337768555 210.0550079345703 256.51899337768555 247.17481231689453 235.22555541992188 247.17481231689453
234.45114135742188 210.03720092773438 255.92260932922363 210.03720092773438 255.92260932922363 245.27946090698242 234.45114135742188 245.27946090698242
233.30618286132812 210.61508178710938 254.66283798217773 210.61508178710938 254.66283798217773 245.63618087768555 233.30618286132812 245.63618087768555
230.82723999023438 210.7487335205078 252.6435031890869 210.7487335205078 252.6435031890869 246.1991729736328 230.82723999023438 246.1991729736328
230.18185424804688 211.309814453125 251.90680694580078 211.309814453125 251.90680694580078 248.6856803894043 230.18185424804688 248.6856803894043
229.5155487060547 211.94735717773438 251.64933013916016 211.94735717773438 251.64933013916016 248.49160385131836 229.5155487060547 248.49160385131836
227.4404754638672 211.69680786132812 249.0394744873047 211.69680786132812 249.0394744873047 249.78409576416016 227.4404754638672 249.78409576416016
225.0531005859375 211.0392303466797 246.0584259033203 211.0392303466797 246.0584259033203 247.4178009033203 225.0531005859375 247.4178009033203
223.5394287109375 211.15542602539062 243.47212028503418 211.15542602539062 243.47212028503418 248.81975936889648 223.5394287109375 248.81975936889648
222.10580444335938 211.4813232421875 243.3996696472168 211.4813232421875 243.3996696472168 248.22257614135742 222.10580444335938 248.22257614135742
220.0380096435547 210.0674591064453 240.88545608520508 210.0674591064453 240.88545608520508 249.1289825439453 220.0380096435547 249.1289825439453
219.83615112304688 211.44467163085938 240.1760368347168 211.44467163085938 240.1760368347168 249.87081146240234 219.83615112304688 249.87081146240234
217.509521484375 211.4134521484375 237.97200393676758 211.4134521484375 237.97200393676758 250.89507293701172 217.509521484375 250.89507293701172
216.19442749023438 211.35379028320312 236.81390762329102 211.35379028320312 236.81390762329102 248.98569107055664 216.19442749023438 248.98569107055664
215.5478515625 212.517333984375 235.72121620178223 212.517333984375 235.72121620178223 251.49214553833008 215.5478515625 251.49214553833008
213.8344268798828 213.34912109375 234.65332984924316 213.34912109375 234.65332984924316 251.4711799621582 213.8344268798828 251.4711799621582
212.8955841064453 213.7907257080078 234.0795383453369 213.7907257080078 234.0795383453369 251.85559844970703 212.8955841064453 251.85559844970703
210.87008666992188 214.4569091796875 232.30056190490723 214.4569091796875 232.30056190490723 254.25750732421875 210.87008666992188 254.25750732421875
209.8905029296875 215.55923461914062 230.71973037719727 215.55923461914062 230.71973037719727 253.3051414489746 209.8905029296875 253.3051414489746
207.99307250976562 217.0006866455078 228.9163360595703 217.0006866455078 228.9163360595703 254.81763076782227 207.99307250976562 254.81763076782227
206.84487915039062 215.7142333984375 228.20912170410156 215.7142333984375 228.20912170410156 252.81119537353516 206.84487915039062 252.81119537353516
205.8777313232422 216.62588500976562 227.6061134338379 216.62588500976562 227.6061134338379 256.21338272094727 205.8777313232422 256.21338272094727
203.6123046875 217.60641479492188 224.75192642211914 217.60641479492188 224.75192642211914 257.75765228271484 203.6123046875 257.75765228271484
201.2553253173828 216.50668334960938 222.1898422241211 216.50668334960938 222.1898422241211 257.63128662109375 201.2553253173828 257.63128662109375
199.90878295898438 217.50942993164062 221.28051376342773 217.50942993164062 221.28051376342773 257.5403938293457 199.90878295898438 257.5403938293457
198.05929565429688 215.87124633789062 219.47770309448242 215.87124633789062 219.47770309448242 256.33612060546875 198.05929565429688 256.33612060546875
197.244873046875 218.4969024658203 218.09546852111816 218.4969024658203 218.09546852111816 257.71520233154297 197.244873046875 257.71520233154297
196.57815551757812 218.2483367919922 217.98648834228516 218.2483367919922 217.98648834228516 257.998836517334 196.57815551757812 257.998836517334
194.77182006835938 219.5085906982422 215.41114807128906 219.5085906982422 215.41114807128906 258.622013092041 194.77182006835938 258.622013092041
194.35116577148438 219.5484619140625 215.00510787963867 219.5484619140625 215.00510787963867 257.9188117980957 194.35116577148438 257.9188117980957
192.78221130371094 218.96798706054688 213.6191921234131 218.96798706054688 213.6191921234131 257.8752021789551 192.78221130371094 257.8752021789551
192.1814422607422 220.62863159179688 212.53400230407715 220.62863159179688 212.53400230407715 258.9260025024414 192.1814422607422 258.9260025024414
190.87863159179688 220.2964324951172 212.90720748901367 220.2964324951172 212.90720748901367 259.53040313720703 190.87863159179688 259.53040313720703
189.30950927734375 220.9012908935547 210.16908645629883 220.9012908935547 210.16908645629883 260.08311462402344 189.30950927734375 260.08311462402344
188.67349243164062 220.9369659423828 209.4744758605957 220.9369659423828 209.4744758605957 260.39746856689453 188.67349243164062 260.39746856689453
187.81700134277344 220.8665313720703 207.65489387512207 220.8665313720703 207.65489387512207 260.15782165527344 187.81700134277344 260.15782165527344
187.3123779296875 221.0878143310547 207.9084587097168 221.0878143310547 207.9084587097168 260.6516418457031 187.3123779296875 260.6516418457031
185.64389038085938 221.7138214111328 204.81043243408203 221.7138214111328 204.81043243408203 261.8765983581543 185.64389038085938 261.8765983581543
184.6437225341797 221.55117797851562 204.36355209350586 221.55117797851562 204.36355209350586 262.4749984741211 184.6437225341797 262.4749984741211
183.9193115234375 222.09042358398438 204.11467361450195 222.09042358398438 204.11467361450195 262.6315460205078 183.9193115234375 262.6315460205078
182.0125732421875 221.5341796875 202.65055084228516 221.5341796875 202.65055084228516 261.85363006591797 182.0125732421875 261.85363006591797
181.4769744873047 222.05032348632812 202.06916427612305 222.05032348632812 202.06916427612305 262.8695869445801 181.4769744873047 262.8695869445801
180.2176055908203 222.35317993164062 201.57094955444336 222.35317993164062 201.57094955444336 262.3375358581543 180.2176055908203 262.3375358581543
179.78805541992188 221.88522338867188 200.20965766906738 221.88522338867188 200.20965766906738 262.15263748168945 179.78805541992188 262.15263748168945
178.29690551757812 223.0530548095703 199.5471477508545 223.0530548095703 199.5471477508545 263.4956855773926 178.29690551757812 263.4956855773926
177.62619018554688 222.82015991210938 199.4010887145996 222.82015991210938 199.4010887145996 264.6949920654297 177.62619018554688 264.6949920654297
177.12771606445312 223.60708618164062 198.91189193725586 223.60708618164062 198.91189193725586 264.60786056518555 177.12771606445312 264.60786056518555
173.98648071289062 225.9215850830078 195.91622352600098 225.9215850830078 195.91622352600098 266.8159828186035 173.98648071289062 266.8159828186035
173.3270721435547 225.8319091796875 195.5307502746582 225.8319091796875 195.5307502746582 268.4786605834961 173.3270721435547 268.4786605834961
172.38560485839844 227.2729949951172 195.30176162719727 227.2729949951172 195.30176162719727 269.1371078491211 172.38560485839844 269.1371078491211
171.67051696777344 227.95559692382812 193.41444969177246 227.95559692382812 193.41444969177246 269.64878845214844 171.67051696777344 269.64878845214844
170.5891571044922 227.597412109375 194.1392307281494 227.597412109375 194.1392307281494 270.5092010498047 170.5891571044922 270.5092010498047
168.9934539794922 227.3133087158203 192.9482536315918 227.3133087158203 192.9482536315918 270.3734588623047 168.9934539794922 270.3734588623047
167.89369201660156 228.9418182373047 191.07338905334473 228.9418182373047 191.07338905334473 271.6773986816406 167.89369201660156 271.6773986816406
166.371337890625 229.2100372314453 190.18867111206055 229.2100372314453 190.18867111206055 271.60755157470703 166.371337890625 271.60755157470703
165.80252075195312 229.0486297607422 190.46575546264648 229.0486297607422 190.46575546264648 271.20418548583984 165.80252075195312 271.20418548583984
163.9213104248047 228.8915557861328 186.81842803955078 228.8915557861328 186.81842803955078 272.70992279052734 163.9213104248047 272.70992279052734
163.1996612548828 229.08651733398438 184.7465114593506 229.08651733398438 184.7465114593506 272.31596755981445 163.1996612548828 272.31596755981445
161.9249725341797 229.07955932617188 183.09918403625488 229.07955932617188 183.09918403625488 272.1504592895508 161.9249725341797 272.1504592895508
160.80081176757812 230.2382049560547 181.3846092224121 230.2382049560547 181.3846092224121 272.9335289001465 160.80081176757812 272.9335289001465
159.5772247314453 230.65335083007812 180.0694065093994 230.65335083007812 180.0694065093994 275.5843696594238 159.5772247314453 275.5843696594238
158.4575653076172 230.38583374023438 179.42664909362793 230.38583374023438 179.42664909362793 275.5533981323242 158.4575653076172 275.5533981323242
158.50997924804688 229.9689483642578 179.04597091674805 229.9689483642578 179.04597091674805 275.17089462280273 158.50997924804688 275.17089462280273
156.8632049560547 232.34878540039062 177.95189094543457 232.34878540039062 177.95189094543457 278.6043510437012 156.8632049560547 278.6043510437012
157.17233276367188 231.71078491210938 178.630521774292 231.71078491210938 178.630521774292 277.8374938964844 157.17233276367188 277.8374938964844
156.73626708984375 231.56845092773438 178.3859405517578 231.56845092773438 178.3859405517578 278.55950927734375 156.73626708984375 278.55950927734375
156.3069610595703 232.98580932617188 177.4527130126953 232.98580932617188 177.4527130126953 280.48830795288086 156.3069610595703 280.48830795288086
155.5837860107422 232.99514770507812 177.25298881530762 232.99514770507812 177.25298881530762 278.93178939819336 155.5837860107422 278.93178939819336
155.11373901367188 232.6934051513672 176.94802856445312 232.6934051513672 176.94802856445312 279.6077346801758 155.11373901367188 279.6077346801758
154.8531951904297 233.52999877929688 176.59981727600098 233.52999877929688 176.59981727600098 280.90117263793945 154.8531951904297 280.90117263793945
154.08998107910156 233.13113403320312 176.06683349609375 233.13113403320312 176.06683349609375 280.9419059753418 154.08998107910156 280.9419059753418
153.94760131835938 232.53659057617188 176.35344886779785 232.53659057617188 176.35344886779785 280.57511138916016 153.94760131835938 280.57511138916016
152.8358612060547 233.87783813476562 175.27553176879883 233.87783813476562 175.27553176879883 282.7525177001953 152.8358612060547 282.7525177001953
152.96946716308594 235.54092407226562 175.2197380065918 235.54092407226562 175.2197380065918 283.3298683166504 152.96946716308594 283.3298683166504
152.04586791992188 235.5148468017578 174.1476936340332 235.5148468017578 174.1476936340332 283.05159759521484 152.04586791992188 283.05159759521484
151.4647674560547 235.63046264648438 173.8173484802246 235.63046264648438 173.8173484802246 283.94734954833984 151.4647674560547 283.94734954833984
151.48326110839844 237.1332244873047 173.88706970214844 237.1332244873047 173.88706970214844 285.6670455932617 151.48326110839844 285.6670455932617
150.46795654296875 236.88565063476562 172.37479782104492 236.88565063476562 172.37479782104492 284.8941955566406 150.46795654296875 284.8941955566406
149.70848083496094 237.32962036132812 171.99333572387695 237.32962036132812 171.99333572387695 286.17032623291016 149.70848083496094 286.17032623291016
148.9788055419922 238.1439971923828 172.08439826965332 238.1439971923828 172.08439826965332 286.55411529541016 148.9788055419922 286.55411529541016
148.35397338867188 237.0254669189453 170.97015762329102 237.0254669189453 170.97015762329102 284.2759895324707 148.35397338867188 284.2759895324707
147.646484375 238.33737182617188 170.73053550720215 238.33737182617188 170.73053550720215 287.34455490112305 147.646484375 287.34455490112305
146.40768432617188 239.8685302734375 169.42803382873535 239.8685302734375 169.42803382873535 289.0177307128906 146.40768432617188 289.0177307128906
146.04116821289062 239.38345336914062 169.28509902954102 239.38345336914062 169.28509902954102 288.4705390930176 146.04116821289062 288.4705390930176
145.44070434570312 239.77536010742188 168.81635665893555 239.77536010742188 168.81635665893555 288.6842346191406 145.44070434570312 288.6842346191406
144.95079040527344 240.43600463867188 168.67447471618652 240.43600463867188 168.67447471618652 289.1286392211914 144.95079040527344 289.1286392211914
144.4507293701172 241.23226928710938 167.97553634643555 241.23226928710938 167.97553634643555 291.02989959716797 144.4507293701172 291.02989959716797
143.57223510742188 242.4391326904297 167.5178737640381 242.4391326904297 167.5178737640381 291.3088836669922 143.57223510742188 291.3088836669922
143.781005859375 242.24575805664062 167.6140956878662 242.24575805664062 167.6140956878662 291.4414405822754 143.781005859375 291.4414405822754
142.28530883789062 242.55337524414062 166.5394172668457 242.55337524414062 166.5394172668457 291.8929138183594 142.28530883789062 291.8929138183594
141.81320190429688 244.1170196533203 165.5582447052002 244.1170196533203 165.5582447052002 292.96477127075195 141.81320190429688 292.96477127075195
142.20245361328125 242.91598510742188 165.6712303161621 242.91598510742188 165.6712303161621 292.39209747314453 142.20245361328125 292.39209747314453
141.23489379882812 243.3521728515625 165.21309852600098 243.3521728515625 165.21309852600098 292.98340606689453 141.23489379882812 292.98340606689453
141.77284240722656 244.0235595703125 165.29643630981445 244.0235595703125 165.29643630981445 293.63214111328125 141.77284240722656 293.63214111328125
140.8816375732422 244.57803344726562 164.62433242797852 244.57803344726562 164.62433242797852 294.8514709472656 140.8816375732422 294.8514709472656
140.8705596923828 244.0959014892578 164.71310234069824 244.0959014892578 164.71310234069824 293.0354804992676 140.8705596923828 293.0354804992676
140.42068481445312 245.197998046875 164.3029727935791 245.197998046875 164.3029727935791 293.96582794189453 140.42068481445312 293.96582794189453
139.92276000976562 245.45376586914062 164.15391540527344 245.45376586914062 164.15391540527344 294.24296951293945 139.92276000976562 294.24296951293945
139.91043090820312 246.35299682617188 164.7697696685791 246.35299682617188 164.7697696685791 296.17298889160156 139.91043090820312 296.17298889160156
139.25588989257812 248.02206420898438 163.40702438354492 248.02206420898438 163.40702438354492 298.8273239135742 139.25588989257812 298.8273239135742
138.42140197753906 248.28268432617188 162.6883659362793 248.28268432617188 162.6883659362793 297.06101989746094 138.42140197753906 297.06101989746094
137.73947143554688 248.9163055419922 161.94232177734375 248.9163055419922 161.94232177734375 299.5337448120117 137.73947143554688 299.5337448120117
137.83265686035156 247.99490356445312 162.1941909790039 247.99490356445312 162.1941909790039 299.2490539550781 137.83265686035156 299.2490539550781
136.62600708007812 249.37332153320312 160.7839298248291 249.37332153320312 160.7839298248291 298.50379943847656 136.62600708007812 298.50379943847656
136.30697631835938 249.6393280029297 160.41797637939453 249.6393280029297 160.41797637939453 298.190975189209 136.30697631835938 298.190975189209
135.93380737304688 250.3675079345703 160.09622383117676 250.3675079345703 160.09622383117676 301.86656951904297 135.93380737304688 301.86656951904297
136.16598510742188 250.4961395263672 160.72253036499023 250.4961395263672 160.72253036499023 301.26976776123047 136.16598510742188 301.26976776123047
135.2720489501953 251.69970703125 159.8092212677002 251.69970703125 159.8092212677002 303.9549674987793 135.2720489501953 303.9549674987793
134.5814666748047 250.69290161132812 160.0281219482422 250.69290161132812 160.0281219482422 303.5029487609863 134.5814666748047 303.5029487609863
133.971435546875 252.36099243164062 158.73586654663086 252.36099243164062 158.73586654663086 306.5521774291992 133.971435546875 306.5521774291992
132.998779296875 253.8549041748047 157.6188564300537 253.8549041748047 157.6188564300537 305.33398818969727 132.998779296875 305.33398818969727
131.6956024169922 252.78076171875 156.61380767822266 252.78076171875 156.61380767822266 303.07402420043945 131.6956024169922 303.07402420043945
131.27383422851562 254.05001831054688 156.3703556060791 254.05001831054688 156.3703556060791 304.8731460571289 131.27383422851562 304.8731460571289
130.56588745117188 254.3452606201172 155.8684310913086 254.3452606201172 155.8684310913086 306.35743713378906 130.56588745117188 306.35743713378906
130.12643432617188 256.58416748046875 155.1978530883789 256.58416748046875 155.1978530883789 309.4523124694824 130.12643432617188 309.4523124694824
130.0205078125 258.9864807128906 154.9334716796875 258.9864807128906 154.9334716796875 312.82331466674805 130.0205078125 312.82331466674805
128.8795928955078 261.0699768066406 153.98904609680176 261.0699768066406 153.98904609680176 316.76507568359375 128.8795928955078 316.76507568359375
128.1145477294922 258.6806640625 154.06994247436523 258.6806640625 154.06994247436523 312.84514236450195 128.1145477294922 312.84514236450195
125.87298583984375 261.47003173828125 152.3455924987793 261.47003173828125 152.3455924987793 318.46834564208984 125.87298583984375 318.46834564208984
125.86424255371094 261.9981384277344 152.1795654296875 261.9981384277344 152.1795654296875 319.3995246887207 125.86424255371094 319.3995246887207
125.45255279541016 262.41015625 152.05936431884766 262.41015625 152.05936431884766 319.7909622192383 125.45255279541016 319.7909622192383
124.4117431640625 264.16143798828125 150.07976150512695 264.16143798828125 150.07976150512695 320.53814697265625 124.4117431640625 320.53814697265625
123.71978759765625 262.4114074707031 150.65079307556152 262.4114074707031 150.65079307556152 318.3094673156738 123.71978759765625 318.3094673156738
122.91812896728516 263.3283386230469 149.5675983428955 263.3283386230469 149.5675983428955 319.2647514343262 122.91812896728516 319.2647514343262
121.5102767944336 265.646484375 148.47079277038574 265.646484375 148.47079277038574 325.9711685180664 121.5102767944336 325.9711685180664
120.9075927734375 267.5880126953125 147.71795654296875 267.5880126953125 147.71795654296875 326.2176742553711 120.9075927734375 326.2176742553711
119.72383117675781 267.6976623535156 147.37395858764648 267.6976623535156 147.37395858764648 326.2491264343262 119.72383117675781 326.2491264343262
118.9289779663086 269.113525390625 146.14116096496582 269.113525390625 146.14116096496582 330.4204292297363 118.9289779663086 330.4204292297363
119.19941711425781 269.8918762207031 146.5644073486328 269.8918762207031 146.5644073486328 329.6489944458008 119.19941711425781 329.6489944458008
118.14088439941406 269.94635009765625 145.75457763671875 269.94635009765625 145.75457763671875 329.7993965148926 118.14088439941406 329.7993965148926
116.68695068359375 269.7550354003906 144.68154907226562 269.7550354003906 144.68154907226562 330.6334419250488 116.68695068359375 330.6334419250488
115.74578857421875 272.26177978515625 143.90952491760254 272.26177978515625 143.90952491760254 334.0301322937012 115.74578857421875 334.0301322937012
115.7552719116211 271.7947998046875 144.67510795593262 271.7947998046875 144.67510795593262 335.2081718444824 115.7552719116211 335.2081718444824
114.3026351928711 271.0221252441406 143.9898796081543 271.0221252441406 143.9898796081543 334.7277030944824 114.3026351928711 334.7277030944824
113.8733139038086 272.50311279296875 143.88611030578613 272.50311279296875 143.88611030578613 337.4207992553711 113.8733139038086 337.4207992553711
113.6153564453125 273.48736572265625 143.95273780822754 273.48736572265625 143.95273780822754 337.4944610595703 113.6153564453125 337.4944610595703
113.83128356933594 274.4056701660156 144.36111068725586 274.4056701660156 144.36111068725586 338.3766403198242 113.83128356933594 338.3766403198242
113.6839599609375 275.900634765625 143.76835250854492 275.900634765625 143.76835250854492 340.8400192260742 113.6839599609375 340.8400192260742
114.38761138916016 278.0379333496094 143.11259269714355 278.0379333496094 143.11259269714355 344.33666229248047 114.38761138916016 344.33666229248047
113.33653259277344 277.1891784667969 142.76415634155273 277.1891784667969 142.76415634155273 340.4493408203125 113.33653259277344 340.4493408203125
113.46253967285156 277.9132080078125 143.04409408569336 277.9132080078125 143.04409408569336 340.9511604309082 113.46253967285156 340.9511604309082
113.29777526855469 279.7679748535156 142.4354705810547 279.7679748535156 142.4354705810547 342.4010543823242 113.29777526855469 342.4010543823242
112.16111755371094 280.52911376953125 142.21593284606934 280.52911376953125 142.21593284606934 342.8681869506836 112.16111755371094 342.8681869506836
112.0301284790039 281.44720458984375 141.72757720947266 281.44720458984375 141.72757720947266 344.3188781738281 112.0301284790039 344.3188781738281
110.64569091796875 282.00885009765625 140.93500137329102 282.00885009765625 140.93500137329102 346.9189758300781 110.64569091796875 346.9189758300781
111.24979400634766 281.98785400390625 142.45473861694336 281.98785400390625 142.45473861694336 346.26905059814453 111.24979400634766 346.26905059814453
110.4571762084961 282.99810791015625 141.0940227508545 282.99810791015625 141.0940227508545 349.17530822753906 110.4571762084961 349.17530822753906
110.34342956542969 285.6872863769531 140.75200271606445 285.6872863769531 140.75200271606445 351.06813049316406 110.34342956542969 351.06813049316406
110.56449127197266 286.5035095214844 141.59612655639648 286.5035095214844 141.59612655639648 352.89734649658203 110.56449127197266 352.89734649658203
109.4445571899414 286.4628601074219 139.90178680419922 286.4628601074219 139.90178680419922 352.7354049682617 109.4445571899414 352.7354049682617
109.0764389038086 287.14154052734375 139.17798233032227 287.14154052734375 139.17798233032227 354.9483337402344 109.0764389038086 354.9483337402344
109.91960144042969 288.2478942871094 140.13294982910156 288.2478942871094 140.13294982910156 357.48314666748047 109.91960144042969 357.48314666748047
