173.0 66.0 187.0 66.0 187.0 101.0 173.0 101.0
174.62661743164062 67.6852035522461 188.40009880065918 67.6852035522461 188.40009880065918 101.137451171875 174.62661743164062 101.137451171875
175.57571411132812 66.94184875488281 189.68693828582764 66.94184875488281 189.68693828582764 101.58851623535156 175.57571411132812 101.58851623535156
176.0341339111328 66.65742492675781 190.1526336669922 66.65742492675781 190.1526336669922 100.66217803955078 176.0341339111328 100.66217803955078
177.29885864257812 65.85126495361328 191.0005979537964 65.85126495361328 191.0005979537964 100.25469207763672 177.29885864257812 100.25469207763672
178.33407592773438 66.19126892089844 191.81707763671875 66.19126892089844 191.81707763671875 101.45696258544922 178.33407592773438 101.45696258544922
178.6824188232422 65.8962631225586 192.2205104827881 65.8962631225586 192.2205104827881 100.56519317626953 178.6824188232422 100.56519317626953
179.53280639648438 65.52014923095703 193.28469276428223 65.52014923095703 193.28469276428223 100.44018936157227 179.53280639648438 100.44018936157227
179.91983032226562 64.88539123535156 193.95655250549316 64.88539123535156 193.95655250549316 100.74547576904297 179.91983032226562 100.74547576904297
181.46673583984375 65.14166259765625 195.19288635253906 65.14166259765625 195.19288635253906 101.17191314697266 181.46673583984375 101.17191314697266
181.57644653320312 65.18294525146484 195.9358673095703 65.18294525146484 195.9358673095703 101.08150100708008 181.57644653320312 101.08150100708008
183.10443115234375 65.97761535644531 196.76043224334717 65.97761535644531 196.76043224334717 100.47706604003906 183.10443115234375 100.47706604003906
184.28067016601562 65.68067932128906 197.70493125915527 65.68067932128906 197.70493125915527 99.31779098510742 184.28067016601562 99.31779098510742
186.0397491455078 64.3727035522461 199.09053993225098 64.3727035522461 199.09053993225098 98.01821517944336 186.0397491455078 98.01821517944336
187.1259002685547 62.700340270996094 200.05713844299316 62.700340270996094 200.05713844299316 97.56708908081055 187.1259002685547 97.56708908081055
187.49282836914062 63.980628967285156 200.3758134841919 63.980628967285156 200.3758134841919 97.99149322509766 187.49282836914062 97.99149322509766
188.6340789794922 63.657325744628906 201.17236328125 63.657325744628906 201.17236328125 98.26799011230469 188.6340789794922 98.26799011230469
189.50115966796875 62.7148551940918 202.51748943328857 62.7148551940918 202.51748943328857 97.54558181762695 189.50115966796875 97.54558181762695
189.69285583496094 63.70844650268555 202.57473278045654 63.70844650268555 202.57473278045654 97.84049606323242 189.69285583496094 97.84049606323242
190.35964965820312 63.534271240234375 203.16296577453613 63.534271240234375 203.16296577453613 98.1275405883789 190.35964965820312 98.1275405883789
190.50381469726562 63.62017059326172 203.78214263916016 63.62017059326172 203.78214263916016 97.81486129760742 190.50381469726562 97.81486129760742
191.73622131347656 64.01292419433594 205.03911876678467 64.01292419433594 205.03911876678467 97.56900787353516 191.73622131347656 97.56900787353516
192.02455139160156 64.46553039550781 205.88361644744873 64.46553039550781 205.88361644744873 97.48418807983398 192.02455139160156 97.48418807983398
192.85006713867188 64.93351745605469 207.03493976593018 64.93351745605469 207.03493976593018 98.26823425292969 192.85006713867188 98.26823425292969
193.41139221191406 64.96000671386719 207.81699180603027 64.96000671386719 207.81699180603027 98.52222442626953 193.41139221191406 98.52222442626953
194.58457946777344 65.52363586425781 208.89752197265625 65.52363586425781 208.89752197265625 97.68295288085938 194.58457946777344 97.68295288085938
196.01036071777344 65.50752258300781 211.03084087371826 65.50752258300781 211.03084087371826 98.99156951904297 196.01036071777344 98.99156951904297
196.41134643554688 65.32244873046875 211.9101734161377 65.32244873046875 211.9101734161377 98.58162307739258 196.41134643554688 98.58162307739258
198.1623077392578 65.19677734375 214.16991233825684 65.19677734375 214.16991233825684 99.0469856262207 198.1623077392578 99.0469856262207
198.67916870117188 64.80962371826172 215.5552921295166 64.80962371826172 215.5552921295166 98.4073600769043 198.67916870117188 98.4073600769043
200.73345947265625 64.94483184814453 216.93561172485352 64.94483184814453 216.93561172485352 98.417724609375 200.73345947265625 98.417724609375
201.10513305664062 64.16117858886719 217.87157821655273 64.16117858886719 217.87157821655273 98.13085174560547 201.10513305664062 98.13085174560547
202.56021118164062 64.42298889160156 219.10435104370117 64.42298889160156 219.10435104370117 97.2976303100586 202.56021118164062 97.2976303100586
203.77597045898438 64.0834732055664 220.29333305358887 64.0834732055664 220.29333305358887 97.0040054321289 203.77597045898438 97.0040054321289
204.40919494628906 63.653892517089844 220.79904747009277 63.653892517089844 220.79904747009277 96.80091857910156 204.40919494628906 96.80091857910156
205.9891357421875 62.940467834472656 221.7846622467041 62.940467834472656 221.7846622467041 97.16445922851562 205.9891357421875 97.16445922851562
206.49832153320312 62.63750457763672 221.96737384796143 62.63750457763672 221.96737384796143 97.45907974243164 206.49832153320312 97.45907974243164
207.486572265625 61.603416442871094 222.5570650100708 61.603416442871094 222.5570650100708 97.67745971679688 207.486572265625 97.67745971679688
208.3533172607422 62.355010986328125 222.20257568359375 62.355010986328125 222.20257568359375 98.53367233276367 208.3533172607422 98.53367233276367
209.1045379638672 61.2226676940918 222.55562782287598 61.2226676940918 222.55562782287598 96.9884033203125 209.1045379638672 96.9884033203125
209.18545532226562 60.62244415283203 222.48952293395996 60.62244415283203 222.48952293395996 97.5678482055664 209.18545532226562 97.5678482055664
209.8611602783203 60.913047790527344 223.61502838134766 60.913047790527344 223.61502838134766 96.92851257324219 209.8611602783203 96.92851257324219
210.3728790283203 59.655494689941406 224.13522624969482 59.655494689941406 224.13522624969482 96.98533630371094 210.3728790283203 96.98533630371094
211.37881469726562 59.552223205566406 225.46026611328125 59.552223205566406 225.46026611328125 95.20625305175781 211.37881469726562 95.20625305175781
212.62942504882812 61.55774688720703 226.7823314666748 61.55774688720703 226.7823314666748 95.77177810668945 212.62942504882812 95.77177810668945
213.8678741455078 59.63737106323242 227.50617218017578 59.63737106323242 227.50617218017578 95.21399307250977 213.8678741455078 95.21399307250977
215.36355590820312 59.499916076660156 229.03999137878418 59.499916076660156 229.03999137878418 96.76404571533203 215.36355590820312 96.76404571533203
215.2024383544922 59.674171447753906 229.3250904083252 59.674171447753906 229.3250904083252 95.90480041503906 215.2024383544922 95.90480041503906
216.3037109375 57.277381896972656 230.22202491760254 57.277381896972656 230.22202491760254 95.91136932373047 216.3037109375 95.91136932373047
215.67007446289062 61.344512939453125 230.57678508758545 61.344512939453125 230.57678508758545 98.61126708984375 215.67007446289062 98.61126708984375
217.5761260986328 57.7324333190918 231.37338256835938 57.7324333190918 231.37338256835938 96.47237777709961 217.5761260986328 96.47237777709961
217.9405059814453 58.560829162597656 231.84540367126465 58.560829162597656 231.84540367126465 94.4773063659668 217.9405059814453 94.4773063659668
217.99600219726562 58.99852752685547 232.21764850616455 58.99852752685547 232.21764850616455 96.46066665649414 217.99600219726562 96.46066665649414
219.3495330810547 59.02061080932617 232.81394386291504 59.02061080932617 232.81394386291504 97.213134765625 219.3495330810547 97.213134765625
219.687255859375 59.647682189941406 233.24785137176514 59.647682189941406 233.24785137176514 96.28648376464844 219.687255859375 96.28648376464844
220.93447875976562 60.123512268066406 234.21943378448486 60.123512268066406 234.21943378448486 96.72183227539062 220.93447875976562 96.72183227539062
221.479248046875 61.157127380371094 235.14936065673828 61.157127380371094 235.14936065673828 95.7242317199707 221.479248046875 95.7242317199707
222.6123046875 61.530120849609375 235.71879291534424 61.530120849609375 235.71879291534424 97.37910079956055 222.6123046875 97.37910079956055
222.84814453125 62.212913513183594 236.68513679504395 62.212913513183594 236.68513679504395 97.01633834838867 222.84814453125 97.01633834838867
223.7062530517578 61.48163604736328 237.2768154144287 61.48163604736328 237.2768154144287 95.72360229492188 223.7062530517578 95.72360229492188
224.99710083007812 60.88582229614258 238.35762977600098 60.88582229614258 238.35762977600098 96.14285278320312 224.99710083007812 96.14285278320312
225.89877319335938 61.966529846191406 239.70009803771973 61.966529846191406 239.70009803771973 97.35641479492188 225.89877319335938 97.35641479492188
226.93124389648438 62.453643798828125 239.94176959991455 62.453643798828125 239.94176959991455 96.8271369934082 226.93124389648438 96.8271369934082
227.91598510742188 63.40740966796875 241.1366424560547 63.40740966796875 241.1366424560547 96.43123626708984 227.91598510742188 96.43123626708984
229.32089233398438 63.50469970703125 242.9558229446411 63.50469970703125 242.9558229446411 96.79687118530273 229.32089233398438 96.79687118530273
230.02059936523438 62.63811111450195 243.37912559509277 62.63811111450195 243.37912559509277 96.50458526611328 230.02059936523438 96.50458526611328
231.2206573486328 63.27001953125 245.01326751708984 63.27001953125 245.01326751708984 96.78910827636719 231.2206573486328 96.78910827636719
232.6756591796875 62.184814453125 245.82592582702637 62.184814453125 245.82592582702637 97.174560546875 232.6756591796875 97.174560546875
232.9898681640625 61.66209030151367 246.0783567428589 61.66209030151367 246.0783567428589 95.84068298339844 232.9898681640625 95.84068298339844
234.0880889892578 62.04644775390625 247.89214324951172 62.04644775390625 247.89214324951172 95.99926376342773 234.0880889892578 95.99926376342773
234.57308959960938 62.409751892089844 248.61459636688232 62.409751892089844 248.61459636688232 96.46630477905273 234.57308959960938 96.46630477905273
235.450439453125 60.96259689331055 249.87890815734863 60.96259689331055 249.87890815734863 96.85568237304688 235.450439453125 96.85568237304688
236.60043334960938 61.552513122558594 250.49982261657715 61.552513122558594 250.49982261657715 96.30484390258789 236.60043334960938 96.30484390258789
236.89242553710938 60.286170959472656 251.21621990203857 60.286170959472656 251.21621990203857 95.65927124023438 236.89242553710938 95.65927124023438
237.9471893310547 59.9239501953125 252.4461269378662 59.9239501953125 252.4461269378662 94.92613983154297 237.9471893310547 94.92613983154297
239.16488647460938 60.21494674682617 253.5904951095581 60.21494674682617 253.5904951095581 94.7623291015625 239.16488647460938 94.7623291015625
240.3490753173828 61.58440017700195 253.92105102539062 61.58440017700195 253.92105102539062 95.60955429077148 240.3490753173828 95.60955429077148
241.0842742919922 60.33463668823242 254.65014362335205 60.33463668823242 254.65014362335205 95.45289993286133 241.0842742919922 95.45289993286133
241.2357177734375 60.02872848510742 254.5601634979248 60.02872848510742 254.5601634979248 96.02277755737305 241.2357177734375 96.02277755737305
239.14724731445312 59.44749069213867 253.95701122283936 59.44749069213867 253.95701122283936 96.47188949584961 239.14724731445312 96.47188949584961
238.85794067382812 58.15692901611328 253.46295356750488 58.15692901611328 253.46295356750488 94.66944885253906 238.85794067382812 94.66944885253906
237.71542358398438 60.92891311645508 252.4746799468994 60.92891311645508 252.4746799468994 97.8270378112793 237.71542358398438 97.8270378112793
249.45108032226562 62.098976135253906 264.1895999908447 62.098976135253906 264.1895999908447 98.94525527954102 249.45108032226562 98.94525527954102
252.0249786376953 63.52595138549805 266.69486236572266 63.52595138549805 266.69486236572266 100.20064163208008 252.0249786376953 100.20064163208008
253.177490234375 62.4388427734375 266.54242992401123 62.4388427734375 266.54242992401123 97.59588241577148 253.177490234375 97.59588241577148
253.15011596679688 62.92414474487305 266.3182039260864 62.92414474487305 266.3182039260864 97.44782638549805 253.15011596679688 97.44782638549805
254.07723999023438 63.405426025390625 266.4495964050293 63.405426025390625 266.4495964050293 96.81696319580078 254.07723999023438 96.81696319580078
254.6623077392578 63.23554611206055 267.2766933441162 63.23554611206055 267.2766933441162 97.2601203918457 254.6623077392578 97.2601203918457
255.2135009765625 62.10405731201172 267.38956451416016 62.10405731201172 267.38956451416016 95.0110092163086 255.2135009765625 95.0110092163086
255.6669921875 61.55987548828125 268.08790016174316 61.55987548828125 268.08790016174316 95.98726654052734 255.6669921875 95.98726654052734
256.3699645996094 60.37061309814453 269.01024055480957 60.37061309814453 269.01024055480957 96.09858322143555 256.3699645996094 96.09858322143555
257.74114990234375 59.32560348510742 270.7908601760864 59.32560348510742 270.7908601760864 96.54983901977539 257.74114990234375 96.54983901977539
258.4074401855469 60.18320846557617 271.00369453430176 60.18320846557617 271.00369453430176 94.55556106567383 258.4074401855469 94.55556106567383
259.5469665527344 58.58283233642578 272.8309268951416 58.58283233642578 272.8309268951416 95.23686599731445 259.5469665527344 95.23686599731445
260.31396484375 59.43933868408203 273.70154571533203 59.43933868408203 273.70154571533203 95.48434448242188 260.31396484375 95.48434448242188
261.07867431640625 57.9097785949707 274.4484577178955 57.9097785949707 274.4484577178955 94.07844161987305 261.07867431640625 94.07844161987305
262.40643310546875 55.671974182128906 275.70724964141846 55.671974182128906 275.70724964141846 92.41883850097656 262.40643310546875 92.41883850097656
263.31427001953125 55.8528938293457 276.157940864563 55.8528938293457 276.157940864563 91.9013557434082 263.31427001953125 91.9013557434082
264.8825378417969 55.6478271484375 278.0746326446533 55.6478271484375 278.0746326446533 91.76282501220703 264.8825378417969 91.76282501220703
264.63134765625 56.375450134277344 277.86694622039795 56.375450134277344 277.86694622039795 92.16891479492188 264.63134765625 92.16891479492188
266.0779113769531 57.47075653076172 279.4589538574219 57.47075653076172 279.4589538574219 93.369140625 266.0779113769531 93.369140625
267.99725341796875 56.99943161010742 281.42967987060547 56.99943161010742 281.42967987060547 93.3110580444336 267.99725341796875 93.3110580444336
267.94586181640625 57.446617126464844 281.3283386230469 57.446617126464844 281.3283386230469 93.53290176391602 267.94586181640625 93.53290176391602
269.2803039550781 58.776084899902344 282.5760850906372 58.776084899902344 282.5760850906372 95.27305603027344 269.2803039550781 95.27305603027344
270.5401916503906 59.2454833984375 283.8520174026489 59.2454833984375 283.8520174026489 96.5738525390625 270.5401916503906 96.5738525390625
271.7546081542969 57.3956298828125 285.02204608917236 57.3956298828125 285.02204608917236 94.52481079101562 271.7546081542969 94.52481079101562
274.73760986328125 62.079429626464844 288.39729499816895 62.079429626464844 288.39729499816895 97.28939056396484 274.73760986328125 97.28939056396484
275.3409118652344 61.597198486328125 289.2162857055664 61.597198486328125 289.2162857055664 96.54964447021484 275.3409118652344 96.54964447021484
277.4129333496094 63.298500061035156 291.2670316696167 63.298500061035156 291.2670316696167 96.38494491577148 277.4129333496094 96.38494491577148
278.1988525390625 63.44329071044922 291.61076831817627 63.44329071044922 291.61076831817627 95.918701171875 278.1988525390625 95.918701171875
279.12652587890625 63.82378387451172 292.7681941986084 63.82378387451172 292.7681941986084 96.2633285522461 279.12652587890625 96.2633285522461
279.81976318359375 62.017059326171875 294.0398302078247 62.017059326171875 294.0398302078247 95.49507904052734 279.81976318359375 95.49507904052734
280.59197998046875 60.8814697265625 294.8585262298584 60.8814697265625 294.8585262298584 94.92010116577148 280.59197998046875 94.92010116577148
281.68389892578125 61.948768615722656 294.9960403442383 61.948768615722656 294.9960403442383 94.6572265625 281.68389892578125 94.6572265625
282.5985107421875 61.30625534057617 296.2467374801636 61.30625534057617 296.2467374801636 95.45132446289062 282.5985107421875 95.45132446289062
283.0516052246094 59.762969970703125 296.28567028045654 59.762969970703125 296.28567028045654 94.14118576049805 283.0516052246094 94.14118576049805
283.8742370605469 59.57927322387695 296.7555818557739 59.57927322387695 296.7555818557739 94.2088508605957 283.8742370605469 94.2088508605957
284.8645324707031 58.84001541137695 297.46666431427 58.84001541137695 297.46666431427 94.91067123413086 284.8645324707031 94.91067123413086
285.84857177734375 59.1292610168457 298.1642732620239 59.1292610168457 298.1642732620239 94.30083847045898 285.84857177734375 94.30083847045898
286.71673583984375 58.592926025390625 299.433217048645 58.592926025390625 299.433217048645 94.363037109375 286.71673583984375 94.363037109375
287.6434326171875 58.90837860107422 300.72672271728516 58.90837860107422 300.72672271728516 94.92498779296875 287.6434326171875 94.92498779296875
288.61566162109375 59.113121032714844 301.11540508270264 59.113121032714844 301.11540508270264 94.3905258178711 288.61566162109375 94.3905258178711
289.4636535644531 57.91315841674805 302.3302335739136 57.91315841674805 302.3302335739136 93.97935485839844 289.4636535644531 93.97935485839844
290.60687255859375 58.46223068237305 303.7539749145508 58.46223068237305 303.7539749145508 94.00371170043945 290.60687255859375 94.00371170043945
291.2084045410156 58.254966735839844 304.3658809661865 58.254966735839844 304.3658809661865 94.17866516113281 291.2084045410156 94.17866516113281
291.9890441894531 56.78253936767578 305.0440502166748 56.78253936767578 305.0440502166748 92.85514831542969 291.9890441894531 92.85514831542969
293.0984802246094 57.3969612121582 306.48035430908203 57.3969612121582 306.48035430908203 92.55213165283203 293.0984802246094 92.55213165283203
294.33856201171875 57.94658660888672 308.02384662628174 57.94658660888672 308.02384662628174 93.97461700439453 294.33856201171875 93.97461700439453
295.51641845703125 59.02252960205078 310.09106731414795 59.02252960205078 310.09106731414795 94.01457595825195 295.51641845703125 94.01457595825195
297.21978759765625 57.96526336669922 312.0609188079834 57.96526336669922 312.0609188079834 94.04402160644531 297.21978759765625 94.04402160644531
297.90606689453125 57.884803771972656 313.14116382598877 57.884803771972656 313.14116382598877 93.91251373291016 297.90606689453125 93.91251373291016
299.88323974609375 58.29572677612305 314.82950592041016 58.29572677612305 314.82950592041016 94.54672622680664 299.88323974609375 94.54672622680664
301.61541748046875 58.787620544433594 316.4128646850586 58.787620544433594 316.4128646850586 91.84155654907227 301.61541748046875 91.84155654907227
302.6651306152344 59.205413818359375 317.16174125671387 59.205413818359375 317.16174125671387 91.7844352722168 302.6651306152344 91.7844352722168
304.8917541503906 58.81897735595703 319.2852020263672 58.81897735595703 319.2852020263672 92.39547729492188 304.8917541503906 92.39547729492188
306.529052734375 59.998069763183594 320.079966545105 59.998069763183594 320.079966545105 93.68612670898438 306.529052734375 93.68612670898438
307.67523193359375 59.73186111450195 320.9526081085205 59.73186111450195 320.9526081085205 93.02495956420898 307.67523193359375 93.02495956420898
308.0724182128906 59.443321228027344 321.845666885376 59.443321228027344 321.845666885376 93.01551818847656 308.0724182128906 93.01551818847656
309.762939453125 60.02655029296875 322.24260234832764 60.02655029296875 322.24260234832764 93.6368522644043 309.762939453125 93.6368522644043
310.8270568847656 60.04327392578125 323.11510276794434 60.04327392578125 323.11510276794434 94.68773651123047 310.8270568847656 94.68773651123047
311.1529541015625 59.38779830932617 324.02505016326904 59.38779830932617 324.02505016326904 94.09889221191406 311.1529541015625 94.09889221191406
312.7848815917969 57.92744827270508 324.95270824432373 57.92744827270508 324.95270824432373 94.24603271484375 312.7848815917969 94.24603271484375
312.76025390625 57.52130126953125 325.1380662918091 57.52130126953125 325.1380662918091 94.47987365722656 312.76025390625 94.47987365722656
314.03912353515625 55.814842224121094 326.183141708374 55.814842224121094 326.183141708374 94.02930068969727 314.03912353515625 94.02930068969727
315.16497802734375 55.5677604675293 327.7281665802002 55.5677604675293 327.7281665802002 93.71692276000977 315.16497802734375 93.71692276000977
315.79412841796875 56.01606369018555 328.7225704193115 56.01606369018555 328.7225704193115 92.16241836547852 315.79412841796875 92.16241836547852
316.63043212890625 57.21959686279297 330.24146842956543 57.21959686279297 330.24146842956543 93.23389053344727 316.63043212890625 93.23389053344727
316.9563293457031 58.88731002807617 330.92907428741455 58.88731002807617 330.92907428741455 93.16827774047852 316.9563293457031 93.16827774047852
318.4501953125 59.0982780456543 332.464319229126 59.0982780456543 332.464319229126 95.94379425048828 318.4501953125 95.94379425048828
319.3607482910156 57.86628341674805 333.47034454345703 57.86628341674805 333.47034454345703 96.54122161865234 319.3607482910156 96.54122161865234
319.1494140625 61.1008186340332 332.8862762451172 61.1008186340332 332.8862762451172 97.51989364624023 319.1494140625 97.51989364624023
319.15667724609375 65.7635498046875 332.88898754119873 65.7635498046875 332.88898754119873 101.69306945800781 319.15667724609375 101.69306945800781
319.2292785644531 68.91593933105469 333.9114170074463 68.91593933105469 333.9114170074463 105.62126922607422 319.2292785644531 105.62126922607422
320.024658203125 66.17864990234375 333.54545879364014 66.17864990234375 333.54545879364014 102.19115447998047 320.024658203125 102.19115447998047
319.55023193359375 66.12986755371094 333.82446002960205 66.12986755371094 333.82446002960205 101.82609176635742 319.55023193359375 101.82609176635742
320.3659362792969 67.87095642089844 334.1778917312622 67.87095642089844 334.1778917312622 104.09477233886719 320.3659362792969 104.09477233886719
320.10687255859375 68.72267150878906 334.27111625671387 68.72267150878906 334.27111625671387 104.43882369995117 320.10687255859375 104.43882369995117
319.6236877441406 69.28897857666016 334.266996383667 69.28897857666016 334.266996383667 105.89723205566406 319.6236877441406 105.89723205566406
319.0094299316406 66.47373962402344 334.6466579437256 66.47373962402344 334.6466579437256 103.77115631103516 319.0094299316406 103.77115631103516
321.2668762207031 67.30632019042969 336.2580871582031 67.30632019042969 336.2580871582031 104.7843246459961 321.2668762207031 104.7843246459961
321.2618713378906 64.43106842041016 336.6544933319092 64.43106842041016 336.6544933319092 100.51852416992188 321.2618713378906 100.51852416992188
332.9088439941406 54.921470642089844 345.99769020080566 54.921470642089844 345.99769020080566 88.77571487426758 332.9088439941406 88.77571487426758
332.99853515625 53.76311111450195 346.07297801971436 53.76311111450195 346.07297801971436 87.3985710144043 332.99853515625 87.3985710144043
334.45794677734375 57.136474609375 347.3059253692627 57.136474609375 347.3059253692627 90.67601776123047 334.45794677734375 90.67601776123047
335.62762451171875 55.848297119140625 348.2727632522583 55.848297119140625 348.2727632522583 90.3350601196289 335.62762451171875 90.3350601196289
335.82110595703125 55.16283416748047 348.7555570602417 55.16283416748047 348.7555570602417 89.92124557495117 335.82110595703125 89.92124557495117
336.63983154296875 54.26763916015625 349.815767288208 54.26763916015625 349.815767288208 89.72576904296875 336.63983154296875 89.72576904296875
337.48785400390625 55.347145080566406 350.21943378448486 55.347145080566406 350.21943378448486 90.83591842651367 337.48785400390625 90.83591842651367
337.9373474121094 55.86338424682617 351.2616214752197 55.86338424682617 351.2616214752197 92.15254592895508 337.9373474121094 92.15254592895508
338.52587890625 55.54594039916992 351.39717864990234 55.54594039916992 351.39717864990234 91.72061157226562 338.52587890625 91.72061157226562
339.16973876953125 55.38014602661133 351.81937408447266 55.38014602661133 351.81937408447266 91.7715950012207 339.16973876953125 91.7715950012207
339.4131164550781 54.07258987426758 352.7057628631592 54.07258987426758 352.7057628631592 91.3283805847168 339.4131164550781 91.3283805847168
340.64849853515625 57.26969528198242 353.05951595306396 57.26969528198242 353.05951595306396 93.77302932739258 340.64849853515625 93.77302932739258
341.70819091796875 57.886749267578125 354.4174909591675 57.886749267578125 354.4174909591675 94.93338012695312 341.70819091796875 94.93338012695312
340.445068359375 69.2445068359375 356.02418518066406 69.2445068359375 356.02418518066406 108.19227600097656 340.445068359375 108.19227600097656
342.39886474609375 61.216331481933594 357.9866580963135 61.216331481933594 357.9866580963135 100.185791015625 342.39886474609375 100.185791015625
344.3303527832031 51.34769821166992 360.2079973220825 51.34769821166992 360.2079973220825 91.04178237915039 344.3303527832031 91.04178237915039
346.18359375 54.876678466796875 360.2927951812744 54.876678466796875 360.2927951812744 91.98368072509766 346.18359375 91.98368072509766
346.6783142089844 55.208168029785156 361.29792308807373 55.208168029785156 361.29792308807373 89.94270706176758 346.6783142089844 89.94270706176758
348.22381591796875 53.276039123535156 362.4793119430542 53.276039123535156 362.4793119430542 88.98511505126953 348.22381591796875 88.98511505126953
349.3245544433594 52.387718200683594 363.6068477630615 52.387718200683594 363.6068477630615 87.71141052246094 349.3245544433594 87.71141052246094
350.3265686035156 51.91779327392578 364.68407440185547 51.91779327392578 364.68407440185547 86.92155838012695 350.3265686035156 86.92155838012695
352.0303955078125 52.4990348815918 365.9895877838135 52.4990348815918 365.9895877838135 87.12135696411133 352.0303955078125 87.12135696411133
353.8543395996094 53.3655891418457 367.20292377471924 53.3655891418457 367.20292377471924 90.3782730102539 353.8543395996094 90.3782730102539
354.194580078125 54.44682693481445 367.54855155944824 54.44682693481445 367.54855155944824 90.29084396362305 354.194580078125 90.29084396362305
356.0146179199219 55.00482177734375 368.93272972106934 55.00482177734375 368.93272972106934 89.85428619384766 356.0146179199219 89.85428619384766
358.6303405761719 54.4811897277832 372.33058643341064 54.4811897277832 372.33058643341064 89.95227432250977 358.6303405761719 89.95227432250977
359.8537902832031 55.047706604003906 373.1700315475464 55.047706604003906 373.1700315475464 90.33370971679688 359.8537902832031 90.33370971679688
360.79998779296875 58.603355407714844 373.8804626464844 58.603355407714844 373.8804626464844 92.21432495117188 360.79998779296875 92.21432495117188
362.8433837890625 56.81166458129883 375.78650188446045 56.81166458129883 375.78650188446045 90.46181869506836 362.8433837890625 90.46181869506836
363.5892333984375 56.3986930847168 376.5032377243042 56.3986930847168 376.5032377243042 89.45508193969727 363.5892333984375 89.45508193969727
364.68157958984375 55.144004821777344 376.9442415237427 55.144004821777344 376.9442415237427 89.45633316040039 364.68157958984375 89.45633316040039
365.4319763183594 53.724205017089844 377.72592639923096 53.724205017089844 377.72592639923096 89.19211959838867 365.4319763183594 89.19211959838867
366.37579345703125 55.708335876464844 378.54499530792236 55.708335876464844 378.54499530792236 89.48916244506836 366.37579345703125 89.48916244506836
366.93218994140625 55.660057067871094 378.91015625 55.660057067871094 378.91015625 90.60629272460938 366.93218994140625 90.60629272460938
368.21527099609375 55.8084716796875 380.1024875640869 55.8084716796875 380.1024875640869 89.58642578125 368.21527099609375 89.58642578125
369.117919921875 53.49781036376953 381.66532611846924 53.49781036376953 381.66532611846924 88.33317947387695 369.117919921875 88.33317947387695
370.1677551269531 53.61262130737305 382.94411277770996 53.61262130737305 382.94411277770996 89.82835006713867 370.1677551269531 89.82835006713867
371.58099365234375 54.640586853027344 384.57887077331543 54.640586853027344 384.57887077331543 89.239013671875 371.58099365234375 89.239013671875
371.5404052734375 51.877166748046875 385.0876188278198 51.877166748046875 385.0876188278198 87.92244338989258 371.5404052734375 87.92244338989258
373.585693359375 51.141151428222656 386.509747505188 51.141151428222656 386.509747505188 89.37757110595703 373.585693359375 89.37757110595703
374.6395568847656 50.32276153564453 387.56086921691895 50.32276153564453 387.56086921691895 88.50423049926758 374.6395568847656 88.50423049926758
375.85516357421875 48.7469367980957 389.4146728515625 48.7469367980957 389.4146728515625 87.55801773071289 375.85516357421875 87.55801773071289
377.5234069824219 48.3207893371582 391.04882621765137 48.3207893371582 391.04882621765137 85.46335983276367 377.5234069824219 85.46335983276367
378.25 47.92704391479492 391.77843284606934 47.92704391479492 391.77843284606934 87.39862823486328 378.25 87.39862823486328
379.0005798339844 47.933860778808594 392.1351833343506 47.933860778808594 392.1351833343506 86.51339721679688 379.0005798339844 86.51339721679688
379.4112548828125 50.20384216308594 392.9642562866211 50.20384216308594 392.9642562866211 89.0899429321289 379.4112548828125 89.0899429321289
380.510009765625 51.99633026123047 393.97223949432373 51.99633026123047 393.97223949432373 90.37803268432617 380.510009765625 90.37803268432617
381.3851623535156 52.169761657714844 394.77448081970215 52.169761657714844 394.77448081970215 91.46682739257812 381.3851623535156 91.46682739257812
383.05340576171875 52.45560836791992 399.20620346069336 52.45560836791992 399.20620346069336 92.83756637573242 383.05340576171875 92.83756637573242
380.7666015625 49.99330520629883 397.2352695465088 49.99330520629883 397.2352695465088 91.1649398803711 380.7666015625 91.1649398803711
384.9397888183594 48.751007080078125 401.4741268157959 48.751007080078125 401.4741268157959 90.0868148803711 384.9397888183594 90.0868148803711
387.4267578125 48.78828048706055 401.2309875488281 48.78828048706055 401.2309875488281 87.57870864868164 387.4267578125 87.57870864868164
389.36968994140625 52.05376052856445 403.4667282104492 52.05376052856445 403.4667282104492 90.59043502807617 389.36968994140625 90.59043502807617
391.42669677734375 54.656761169433594 404.3772611618042 54.656761169433594 404.3772611618042 89.47785949707031 391.42669677734375 89.47785949707031
392.84722900390625 55.25986862182617 405.3407516479492 55.25986862182617 405.3407516479492 88.38201904296875 392.84722900390625 88.38201904296875
392.8573303222656 56.89390182495117 405.2524938583374 56.89390182495117 405.2524938583374 89.29661560058594 392.8573303222656 89.29661560058594
393.99224853515625 53.544761657714844 406.32744312286377 53.544761657714844 406.32744312286377 86.95717239379883 393.99224853515625 86.95717239379883
394.0202941894531 53.579139709472656 406.4372615814209 53.579139709472656 406.4372615814209 86.19791030883789 394.0202941894531 86.19791030883789
395.1568908691406 53.68955612182617 407.6019039154053 53.68955612182617 407.6019039154053 85.51859664916992 395.1568908691406 85.51859664916992
395.7632751464844 54.898460388183594 408.6308364868164 54.898460388183594 408.6308364868164 88.01327514648438 395.7632751464844 88.01327514648438
396.7332763671875 53.0381965637207 409.2113780975342 53.0381965637207 409.2113780975342 87.60099029541016 396.7332763671875 87.60099029541016
397.0369567871094 52.65436553955078 409.9530792236328 52.65436553955078 409.9530792236328 87.03277206420898 397.0369567871094 87.03277206420898
397.21234130859375 53.0623779296875 410.2654323577881 53.0623779296875 410.2654323577881 87.624755859375 397.21234130859375 87.624755859375
398.756103515625 53.1982536315918 412.3161954879761 53.1982536315918 412.3161954879761 87.19276428222656 398.756103515625 87.19276428222656
400.061279296875 52.035804748535156 414.4468460083008 52.035804748535156 414.4468460083008 86.34467315673828 400.061279296875 86.34467315673828
400.8684997558594 51.98809814453125 414.3149662017822 51.98809814453125 414.3149662017822 87.76996994018555 400.8684997558594 87.76996994018555
402.3083801269531 52.29875564575195 415.90089416503906 52.29875564575195 415.90089416503906 88.00572967529297 402.3083801269531 88.00572967529297
403.0258483886719 50.968894958496094 416.5003080368042 50.968894958496094 416.5003080368042 85.1415023803711 403.0258483886719 85.1415023803711
403.6872253417969 51.399879455566406 416.73447608947754 51.399879455566406 416.73447608947754 85.30300903320312 403.6872253417969 85.30300903320312
404.7125244140625 51.859580993652344 417.97590351104736 51.859580993652344 417.97590351104736 87.44033432006836 404.7125244140625 87.44033432006836
404.5968017578125 51.67057418823242 418.20816230773926 51.67057418823242 418.20816230773926 86.82167053222656 404.5968017578125 86.82167053222656
405.2225646972656 52.99360275268555 418.83661460876465 52.99360275268555 418.83661460876465 87.77540588378906 405.2225646972656 87.77540588378906
406.89447021484375 55.699317932128906 422.21211528778076 55.699317932128906 422.21211528778076 93.99342346191406 406.89447021484375 93.99342346191406
404.49560546875 61.2734260559082 418.1601867675781 61.2734260559082 418.1601867675781 94.33250045776367 404.49560546875 94.33250045776367
404.53460693359375 58.88330078125 419.9699068069458 58.88330078125 419.9699068069458 97.4715461730957 404.53460693359375 97.4715461730957
403.7962951660156 61.08942794799805 418.62953662872314 61.08942794799805 418.62953662872314 94.59424209594727 403.7962951660156 94.59424209594727
413.77783203125 57.28086471557617 427.87991523742676 57.28086471557617 427.87991523742676 91.06636810302734 413.77783203125 91.06636810302734
415.0941467285156 56.17631149291992 429.1544876098633 56.17631149291992 429.1544876098633 89.57777786254883 415.0941467285156 89.57777786254883
416.2432556152344 57.43180465698242 429.7252321243286 57.43180465698242 429.7252321243286 91.05141067504883 416.2432556152344 91.05141067504883
416.8721618652344 49.8729362487793 432.6183748245239 49.8729362487793 432.6183748245239 89.23846435546875 416.8721618652344 89.23846435546875
418.3638610839844 54.573455810546875 431.7516803741455 54.573455810546875 431.7516803741455 89.3216438293457 418.3638610839844 89.3216438293457
419.5621032714844 53.34318923950195 433.35499572753906 53.34318923950195 433.35499572753906 88.22497177124023 419.5621032714844 88.22497177124023
420.01702880859375 52.30812454223633 434.3222990036011 52.30812454223633 434.3222990036011 87.86982727050781 420.01702880859375 87.86982727050781
421.66131591796875 50.99266052246094 435.750958442688 50.99266052246094 435.750958442688 85.6465835571289 421.66131591796875 85.6465835571289
421.450927734375 51.34605026245117 435.5562343597412 51.34605026245117 435.5562343597412 86.57498550415039 421.450927734375 86.57498550415039
422.2879333496094 50.63751983642578 436.9796552658081 50.63751983642578 436.9796552658081 88.07560729980469 422.2879333496094 88.07560729980469
423.09136962890625 50.46156692504883 437.7978820800781 50.46156692504883 437.7978820800781 88.62419128417969 423.09136962890625 88.62419128417969
425.3915100097656 48.20066833496094 439.3460874557495 48.20066833496094 439.3460874557495 86.49789047241211 425.3915100097656 86.49789047241211
426.11102294921875 47.95420455932617 440.20272636413574 47.95420455932617 440.20272636413574 86.18619537353516 426.11102294921875 86.18619537353516
427.9700622558594 50.46998977661133 441.85451221466064 50.46998977661133 441.85451221466064 86.31680679321289 427.9700622558594 86.31680679321289
428.97308349609375 49.56542205810547 442.9330778121948 49.56542205810547 442.9330778121948 85.15170669555664 428.97308349609375 85.15170669555664
430.8697204589844 51.17558670043945 444.58677864074707 51.17558670043945 444.58677864074707 86.39187240600586 430.8697204589844 86.39187240600586
431.6324157714844 50.52277374267578 444.8864574432373 50.52277374267578 444.8864574432373 86.11589050292969 431.6324157714844 86.11589050292969
432.9520568847656 48.94300079345703 446.5556640625 48.94300079345703 446.5556640625 84.64430236816406 432.9520568847656 84.64430236816406
433.22503662109375 48.566131591796875 447.03626537323 48.566131591796875 447.03626537323 84.45413589477539 433.22503662109375 84.45413589477539
434.7740783691406 49.22760772705078 448.5123519897461 49.22760772705078 448.5123519897461 86.0629997253418 434.7740783691406 86.0629997253418
435.466064453125 49.75951385498047 449.02149391174316 49.75951385498047 449.02149391174316 85.1224594116211 435.466064453125 85.1224594116211
436.7832946777344 50.24079132080078 450.56886291503906 50.24079132080078 450.56886291503906 86.23210525512695 436.7832946777344 86.23210525512695
437.61114501953125 50.78889846801758 451.13569831848145 50.78889846801758 451.13569831848145 85.85063552856445 437.61114501953125 85.85063552856445
438.79931640625 50.437767028808594 452.194354057312 50.437767028808594 452.194354057312 87.10175323486328 438.79931640625 87.10175323486328
440.3099670410156 50.70884323120117 454.22924995422363 50.70884323120117 454.22924995422363 86.46600723266602 440.3099670410156 86.46600723266602
441.214599609375 50.51512908935547 455.36816596984863 50.51512908935547 455.36816596984863 86.03564453125 441.214599609375 86.03564453125
443.2236328125 51.62232208251953 457.3600254058838 51.62232208251953 457.3600254058838 88.36112213134766 443.2236328125 88.36112213134766
444.1266174316406 50.83042907714844 458.92016315460205 50.83042907714844 458.92016315460205 86.79749298095703 444.1266174316406 86.79749298095703
445.4278869628906 52.01337814331055 459.82493114471436 52.01337814331055 459.82493114471436 86.93063735961914 445.4278869628906 86.93063735961914
446.59912109375 50.801551818847656 461.457537651062 50.801551818847656 461.457537651062 86.23973083496094 446.59912109375 86.23973083496094
447.31903076171875 49.721275329589844 462.0025053024292 49.721275329589844 462.0025053024292 87.13405227661133 447.31903076171875 87.13405227661133
448.58624267578125 51.1412467956543 463.13942527770996 51.1412467956543 463.13942527770996 87.38232040405273 448.58624267578125 87.38232040405273
448.8777770996094 50.51970291137695 463.8872194290161 50.51970291137695 463.8872194290161 87.22971725463867 448.8777770996094 87.22971725463867
450.212158203125 50.425167083740234 464.5410280227661 50.425167083740234 464.5410280227661 87.44473648071289 450.212158203125 87.44473648071289
450.74591064453125 49.8974723815918 465.3732089996338 49.8974723815918 465.3732089996338 86.23428726196289 450.74591064453125 86.23428726196289
452.16796875 49.86127853393555 466.55741596221924 49.86127853393555 466.55741596221924 86.4135856628418 452.16796875 86.4135856628418
452.67724609375 50.061187744140625 466.90565967559814 50.061187744140625 466.90565967559814 88.5187873840332 452.67724609375 88.5187873840332
454.2079162597656 51.7643928527832 468.0811004638672 51.7643928527832 468.0811004638672 89.56073760986328 454.2079162597656 89.56073760986328
454.953125 51.48139190673828 468.07248878479004 51.48139190673828 468.07248878479004 88.95123291015625 454.953125 88.95123291015625
455.50311279296875 49.511409759521484 469.4819746017456 49.511409759521484 469.4819746017456 87.44783401489258 455.50311279296875 87.44783401489258
456.0849609375 49.14179992675781 469.7368288040161 49.14179992675781 469.7368288040161 87.51289749145508 456.0849609375 87.51289749145508
457.5323181152344 49.42809295654297 471.07617473602295 49.42809295654297 471.07617473602295 86.7427749633789 457.5323181152344 86.7427749633789
458.21697998046875 49.41907501220703 471.5087556838989 49.41907501220703 471.5087556838989 86.54133987426758 458.21697998046875 86.54133987426758
459.06573486328125 49.59584426879883 472.17346477508545 49.59584426879883 472.17346477508545 86.95308685302734 459.06573486328125 86.95308685302734
459.55645751953125 47.863853454589844 472.7230529785156 47.863853454589844 472.7230529785156 85.91408920288086 459.55645751953125 85.91408920288086
459.8619079589844 47.10535430908203 473.6508731842041 47.10535430908203 473.6508731842041 84.65756225585938 459.8619079589844 84.65756225585938
461.08740234375 49.01946258544922 474.69925117492676 49.01946258544922 474.69925117492676 85.46977996826172 461.08740234375 85.46977996826172
461.931884765625 49.87427520751953 475.54112243652344 49.87427520751953 475.54112243652344 86.48031616210938 461.931884765625 86.48031616210938
462.67498779296875 50.657371520996094 476.8862943649292 50.657371520996094 476.8862943649292 86.64175033569336 462.67498779296875 86.64175033569336
463.6509704589844 50.66343307495117 478.02346324920654 50.66343307495117 478.02346324920654 86.95602416992188 463.6509704589844 86.95602416992188
464.80792236328125 48.31744384765625 479.7818880081177 48.31744384765625 479.7818880081177 85.60985565185547 464.80792236328125 85.60985565185547
465.6752014160156 48.0684700012207 480.5617847442627 48.0684700012207 480.5617847442627 85.8333740234375 465.6752014160156 85.8333740234375
467.53155517578125 49.30600357055664 481.6946029663086 49.30600357055664 481.6946029663086 85.47527313232422 467.53155517578125 85.47527313232422
468.46685791015625 48.57343673706055 483.22403144836426 48.57343673706055 483.22403144836426 85.78927612304688 468.46685791015625 85.78927612304688
469.5875549316406 49.885860443115234 484.2595615386963 49.885860443115234 484.2595615386963 85.39157104492188 469.5875549316406 85.39157104492188
470.9029846191406 49.53718948364258 485.43195056915283 49.53718948364258 485.43195056915283 86.31591415405273 470.9029846191406 86.31591415405273
471.69305419921875 50.35956954956055 486.6442413330078 50.35956954956055 486.6442413330078 85.99920654296875 471.69305419921875 85.99920654296875
472.5829162597656 50.34132766723633 487.56432914733887 50.34132766723633 487.56432914733887 85.16902923583984 472.5829162597656 85.16902923583984
474.69659423828125 50.13465881347656 488.9394254684448 50.13465881347656 488.9394254684448 85.37361145019531 474.69659423828125 85.37361145019531
475.36920166015625 49.883262634277344 490.17082023620605 49.883262634277344 490.17082023620605 83.90585708618164 475.36920166015625 83.90585708618164
475.15704345703125 48.290157318115234 490.05241870880127 48.290157318115234 490.05241870880127 83.2104263305664 475.15704345703125 83.2104263305664
476.08209228515625 48.3759765625 491.16219329833984 48.3759765625 491.16219329833984 85.1520004272461 476.08209228515625 85.1520004272461
476.66473388671875 47.857120513916016 491.22290325164795 47.857120513916016 491.22290325164795 85.0355339050293 476.66473388671875 85.0355339050293
477.61907958984375 49.098472595214844 491.8381862640381 49.098472595214844 491.8381862640381 87.10082244873047 477.61907958984375 87.10082244873047
479.06793212890625 48.80638885498047 492.5851469039917 48.80638885498047 492.5851469039917 86.64271926879883 479.06793212890625 86.64271926879883
479.78082275390625 49.54033660888672 492.91908740997314 49.54033660888672 492.91908740997314 87.1281852722168 479.78082275390625 87.1281852722168
480.4312438964844 47.866607666015625 493.33678150177 47.866607666015625 493.33678150177 86.05173873901367 480.4312438964844 86.05173873901367
480.74407958984375 48.118309020996094 493.6883897781372 48.118309020996094 493.6883897781372 85.27983474731445 480.74407958984375 85.27983474731445
482.2369079589844 47.33808135986328 495.46994495391846 47.33808135986328 495.46994495391846 86.4218635559082 482.2369079589844 86.4218635559082
482.88037109375 48.869300842285156 495.7442293167114 48.869300842285156 495.7442293167114 85.78229522705078 482.88037109375 85.78229522705078
483.82513427734375 48.75038146972656 497.0202388763428 48.75038146972656 497.0202388763428 86.99316787719727 483.82513427734375 86.99316787719727
484.2367248535156 47.431236267089844 497.5502653121948 47.431236267089844 497.5502653121948 85.98938369750977 484.2367248535156 85.98938369750977
484.4737854003906 48.20319747924805 497.7639675140381 48.20319747924805 497.7639675140381 84.96280288696289 484.4737854003906 84.96280288696289
485.1520080566406 46.77375793457031 498.772367477417 46.77375793457031 498.772367477417 83.73266983032227 485.1520080566406 83.73266983032227
485.271240234375 46.38410186767578 499.4039249420166 46.38410186767578 499.4039249420166 84.82709503173828 485.271240234375 84.82709503173828
487.05804443359375 48.241668701171875 500.5207166671753 48.241668701171875 500.5207166671753 85.97296142578125 487.05804443359375 85.97296142578125
487.5771484375 48.47715377807617 501.3764019012451 48.47715377807617 501.3764019012451 85.87016296386719 487.5771484375 85.87016296386719
487.68408203125 48.25499725341797 502.0497074127197 48.25499725341797 502.0497074127197 86.47360229492188 487.68408203125 86.47360229492188
488.9042053222656 47.64788818359375 504.1439790725708 47.64788818359375 504.1439790725708 84.71397018432617 488.9042053222656 84.71397018432617
489.6051330566406 47.96272659301758 505.1143169403076 47.96272659301758 505.1143169403076 86.81790924072266 489.6051330566406 86.81790924072266
490.81219482421875 48.7737922668457 507.10276794433594 48.7737922668457 507.10276794433594 86.63940048217773 490.81219482421875 86.63940048217773
491.8990173339844 48.35993194580078 507.8064069747925 48.35993194580078 507.8064069747925 86.58245468139648 491.8990173339844 86.58245468139648
493.1731872558594 47.819984436035156 508.91784381866455 47.819984436035156 508.91784381866455 85.56650161743164 493.1731872558594 85.56650161743164
493.76800537109375 46.9683723449707 509.37124156951904 46.9683723449707 509.37124156951904 84.625 493.76800537109375 84.625
494.6934509277344 46.70905685424805 511.295934677124 46.70905685424805 511.295934677124 84.42338562011719 494.6934509277344 84.42338562011719
496.293701171875 47.04607391357422 512.1510791778564 47.04607391357422 512.1510791778564 86.6907730102539 496.293701171875 86.6907730102539
496.69293212890625 47.69611358642578 513.3888854980469 47.69611358642578 513.3888854980469 89.32250595092773 496.69293212890625 89.32250595092773
497.77008056640625 46.59003448486328 513.554594039917 46.59003448486328 513.554594039917 86.23171997070312 497.77008056640625 86.23171997070312
498.4327087402344 45.666236877441406 513.8016967773438 45.666236877441406 513.8016967773438 85.74978637695312 498.4327087402344 85.74978637695312
499.47796630859375 46.663902282714844 513.9827709197998 46.663902282714844 513.9827709197998 87.19729614257812 499.47796630859375 87.19729614257812
501.0146484375 46.511878967285156 514.8807344436646 46.511878967285156 514.8807344436646 87.07344055175781 501.0146484375 87.07344055175781
501.4612731933594 46.160667419433594 514.9069414138794 46.160667419433594 514.9069414138794 87.35908889770508 501.4612731933594 87.35908889770508
502.3387756347656 46.7243537902832 515.9138851165771 46.7243537902832 515.9138851165771 87.53638076782227 502.3387756347656 87.53638076782227
502.9107971191406 45.93254852294922 516.6690311431885 45.93254852294922 516.6690311431885 88.31053924560547 502.9107971191406 88.31053924560547
503.37646484375 44.6475715637207 517.7825565338135 44.6475715637207 517.7825565338135 85.45890808105469 503.37646484375 85.45890808105469
504.144287109375 44.72309112548828 517.8332977294922 44.72309112548828 517.8332977294922 87.65114974975586 504.144287109375 87.65114974975586
505.0794982910156 44.796607971191406 519.0775699615479 44.796607971191406 519.0775699615479 84.36097717285156 505.0794982910156 84.36097717285156
505.4706115722656 44.24015808105469 519.3657665252686 44.24015808105469 519.3657665252686 84.35444641113281 505.4706115722656 84.35444641113281
506.998291015625 45.1557502746582 520.9262342453003 45.1557502746582 520.9262342453003 85.45304489135742 506.998291015625 85.45304489135742
507.27435302734375 45.63655471801758 521.1636123657227 45.63655471801758 521.1636123657227 84.36173629760742 507.27435302734375 84.36173629760742
507.5211486816406 44.903663635253906 521.5987796783447 44.903663635253906 521.5987796783447 83.72335815429688 507.5211486816406 83.72335815429688
508.66497802734375 44.993064880371094 522.6813125610352 44.993064880371094 522.6813125610352 85.07040405273438 508.66497802734375 85.07040405273438
509.15283203125 45.710777282714844 523.1709537506104 45.710777282714844 523.1709537506104 84.63539123535156 509.15283203125 84.63539123535156
510.5504455566406 46.69578552246094 524.6458892822266 46.69578552246094 524.6458892822266 84.86618423461914 510.5504455566406 84.86618423461914
511.1385803222656 46.71746063232422 525.4330062866211 46.71746063232422 525.4330062866211 87.29841613769531 511.1385803222656 87.29841613769531
512.0095825195312 45.332393646240234 526.9918041229248 45.332393646240234 526.9918041229248 85.20911026000977 512.0095825195312 85.20911026000977
512.999267578125 45.9802131652832 529.1316070556641 45.9802131652832 529.1316070556641 85.88901138305664 512.999267578125 85.88901138305664
513.88720703125 45.44087600708008 529.8262510299683 45.44087600708008 529.8262510299683 84.48843765258789 513.88720703125 84.48843765258789
515.4007568359375 45.96780014038086 531.6771049499512 45.96780014038086 531.6771049499512 84.88690567016602 515.4007568359375 84.88690567016602
515.7929077148438 45.793975830078125 532.1620979309082 45.793975830078125 532.1620979309082 84.40584564208984 515.7929077148438 84.40584564208984
517.8948364257812 45.90772247314453 534.0508708953857 45.90772247314453 534.0508708953857 84.56142044067383 517.8948364257812 84.56142044067383
518.0428466796875 44.59777069091797 534.6736640930176 44.59777069091797 534.6736640930176 82.43283081054688 518.0428466796875 82.43283081054688
519.391357421875 45.039390563964844 536.0903625488281 45.039390563964844 536.0903625488281 83.99457168579102 519.391357421875 83.99457168579102
520.302978515625 44.84211349487305 536.8837280273438 44.84211349487305 536.8837280273438 82.80437850952148 520.302978515625 82.80437850952148
521.3631591796875 44.06745147705078 537.7867679595947 44.06745147705078 537.7867679595947 82.39617919921875 521.3631591796875 82.39617919921875
522.0540771484375 44.745845794677734 537.9911251068115 44.745845794677734 537.9911251068115 82.23683547973633 522.0540771484375 82.23683547973633
522.1228637695312 45.31745529174805 537.5966796875 45.31745529174805 537.5966796875 85.17328262329102 522.1228637695312 85.17328262329102
522.4998779296875 44.133243560791016 538.6375751495361 44.133243560791016 538.6375751495361 83.70814514160156 522.4998779296875 83.70814514160156
523.8675537109375 44.1531867980957 539.3791561126709 44.1531867980957 539.3791561126709 83.54151153564453 523.8675537109375 83.54151153564453
524.5340576171875 44.787925720214844 539.687840461731 44.787925720214844 539.687840461731 83.87482833862305 524.5340576171875 83.87482833862305
525.8748168945312 45.68653106689453 540.6247224807739 45.68653106689453 540.6247224807739 85.78204727172852 525.8748168945312 85.78204727172852
526.3355712890625 44.39705276489258 540.8016967773438 44.39705276489258 540.8016967773438 84.63413619995117 526.3355712890625 84.63413619995117
527.1205444335938 43.157440185546875 541.6244249343872 43.157440185546875 541.6244249343872 85.59459686279297 527.1205444335938 85.59459686279297
524.7837524414062 42.82595443725586 541.9418601989746 42.82595443725586 541.9418601989746 85.72122955322266 524.7837524414062 85.72122955322266
528.4800415039062 42.35840606689453 543.1000576019287 42.35840606689453 543.1000576019287 82.77243041992188 528.4800415039062 82.77243041992188
530.2186889648438 41.601898193359375 545.0070705413818 41.601898193359375 545.0070705413818 82.28726577758789 530.2186889648438 82.28726577758789
529.3274536132812 43.54030227661133 544.4043121337891 43.54030227661133 544.4043121337891 85.51525115966797 529.3274536132812 85.51525115966797
529.0177612304688 41.243873596191406 545.7539710998535 41.243873596191406 545.7539710998535 83.08440780639648 529.0177612304688 83.08440780639648
529.5552368164062 39.0344123840332 546.4182891845703 39.0344123840332 546.4182891845703 81.19204711914062 529.5552368164062 81.19204711914062
529.482421875 41.82649612426758 546.3244609832764 41.82649612426758 546.3244609832764 83.93159484863281 529.482421875 83.93159484863281
535.5469970703125 52.65544509887695 552.4417304992676 52.65544509887695 552.4417304992676 94.89228439331055 535.5469970703125 94.89228439331055
536.1487426757812 58.895263671875 552.7761898040771 58.895263671875 552.7761898040771 100.4638900756836 536.1487426757812 100.4638900756836
524.3267822265625 60.02451705932617 540.8575210571289 60.02451705932617 540.8575210571289 101.35137557983398 524.3267822265625 101.35137557983398
537.3342895507812 56.74370574951172 553.5840721130371 56.74370574951172 553.5840721130371 97.36817932128906 537.3342895507812 97.36817932128906
535.8353881835938 53.233421325683594 552.0493907928467 53.233421325683594 552.0493907928467 93.76844787597656 535.8353881835938 93.76844787597656
540.25537109375 51.727455139160156 554.4685335159302 51.727455139160156 554.4685335159302 93.46882629394531 540.25537109375 93.46882629394531
542.4068603515625 47.05255889892578 556.8608646392822 47.05255889892578 556.8608646392822 86.3426628112793 542.4068603515625 86.3426628112793
543.5057983398438 44.6604118347168 557.6767425537109 44.6604118347168 557.6767425537109 83.78041076660156 543.5057983398438 83.78041076660156
543.96826171875 46.712738037109375 558.4566783905029 46.712738037109375 558.4566783905029 84.7127914428711 543.96826171875 84.7127914428711
545.2003784179688 45.80820846557617 559.0907192230225 45.80820846557617 559.0907192230225 83.02205276489258 545.2003784179688 83.02205276489258
545.3031005859375 44.554054260253906 560.0048770904541 44.554054260253906 560.0048770904541 83.84605407714844 545.3031005859375 83.84605407714844
546.9837036132812 43.24354934692383 561.1413478851318 43.24354934692383 561.1413478851318 82.66197204589844 546.9837036132812 82.66197204589844
548.1655883789062 43.186279296875 562.6231937408447 43.186279296875 562.6231937408447 82.44161224365234 548.1655883789062 82.44161224365234
548.4188232421875 43.898162841796875 562.3158855438232 43.898162841796875 562.3158855438232 84.5726432800293 548.4188232421875 84.5726432800293
549.1694946289062 44.43506622314453 563.1094388961792 44.43506622314453 563.1094388961792 84.32544708251953 549.1694946289062 84.32544708251953
549.6302490234375 43.599788665771484 562.9164304733276 43.599788665771484 562.9164304733276 81.57062911987305 549.6302490234375 81.57062911987305
550.4053955078125 43.54993438720703 564.1167163848877 43.54993438720703 564.1167163848877 83.72232437133789 550.4053955078125 83.72232437133789
550.9988403320312 42.655174255371094 564.5669450759888 42.655174255371094 564.5669450759888 83.17283630371094 550.9988403320312 83.17283630371094
551.7506103515625 41.74272537231445 565.8932466506958 41.74272537231445 565.8932466506958 83.1485824584961 551.7506103515625 83.1485824584961
552.7422485351562 41.16804122924805 567.2666625976562 41.16804122924805 567.2666625976562 83.78535079956055 552.7422485351562 83.78535079956055
553.4769287109375 41.317115783691406 567.6480073928833 41.317115783691406 567.6480073928833 81.24574279785156 553.4769287109375 81.24574279785156
554.2171630859375 42.194007873535156 568.2945861816406 42.194007873535156 568.2945861816406 83.13203430175781 554.2171630859375 83.13203430175781
554.5474853515625 41.73912811279297 568.8507995605469 41.73912811279297 568.8507995605469 82.18242263793945 554.5474853515625 82.18242263793945
555.745361328125 42.36601638793945 569.9134092330933 42.36601638793945 569.9134092330933 82.47116470336914 555.745361328125 82.47116470336914
556.8001708984375 40.79589080810547 570.5426845550537 40.79589080810547 570.5426845550537 81.43216323852539 556.8001708984375 81.43216323852539
556.8458251953125 41.26682662963867 571.1610593795776 41.26682662963867 571.1610593795776 80.84936904907227 556.8458251953125 80.84936904907227
558.4432373046875 41.32360076904297 572.4993953704834 41.32360076904297 572.4993953704834 81.34967803955078 558.4432373046875 81.34967803955078
560.076416015625 43.882293701171875 573.986086845398 43.882293701171875 573.986086845398 83.2202033996582 560.076416015625 83.2202033996582
560.3941650390625 44.108970642089844 574.8939943313599 44.108970642089844 574.8939943313599 82.15021896362305 560.3941650390625 82.15021896362305
561.9952392578125 43.652870178222656 576.3005704879761 43.652870178222656 576.3005704879761 83.69585800170898 561.9952392578125 83.69585800170898
562.49267578125 43.74138259887695 577.8079433441162 43.74138259887695 577.8079433441162 82.87254333496094 562.49267578125 82.87254333496094
563.9283447265625 43.45689010620117 579.2028903961182 43.45689010620117 579.2028903961182 80.5173225402832 563.9283447265625 80.5173225402832
565.6195068359375 43.95534896850586 581.2359113693237 43.95534896850586 581.2359113693237 81.67005920410156 565.6195068359375 81.67005920410156
567.4606323242188 43.050819396972656 582.8322048187256 43.050819396972656 582.8322048187256 81.29206848144531 567.4606323242188 81.29206848144531
568.0109252929688 42.63092803955078 583.4955139160156 42.63092803955078 583.4955139160156 82.10574340820312 568.0109252929688 82.10574340820312
569.4981689453125 42.68614959716797 585.0530729293823 42.68614959716797 585.0530729293823 82.36016464233398 569.4981689453125 82.36016464233398
569.3941040039062 42.740997314453125 584.9496250152588 42.740997314453125 584.9496250152588 82.54362106323242 569.3941040039062 82.54362106323242
571.0506591796875 43.17878341674805 586.2906818389893 43.17878341674805 586.2906818389893 83.79109573364258 571.0506591796875 83.79109573364258
571.9888916015625 41.47695541381836 587.1438961029053 41.47695541381836 587.1438961029053 81.81756973266602 571.9888916015625 81.81756973266602
572.758544921875 41.42884063720703 587.3613147735596 41.42884063720703 587.3613147735596 83.60973358154297 572.758544921875 83.60973358154297
572.9656372070312 41.595314025878906 587.6830902099609 41.595314025878906 587.6830902099609 81.7375259399414 572.9656372070312 81.7375259399414
573.960693359375 40.287803649902344 588.1338911056519 40.287803649902344 588.1338911056519 81.2690544128418 573.960693359375 81.2690544128418
575.0546264648438 40.68877029418945 589.1992511749268 40.68877029418945 589.1992511749268 81.56077194213867 575.0546264648438 81.56077194213867
576.2296752929688 41.21099090576172 590.4138441085815 41.21099090576172 590.4138441085815 83.73298263549805 576.2296752929688 83.73298263549805
576.8233642578125 40.16252517700195 590.8062686920166 40.16252517700195 590.8062686920166 82.48281860351562 576.8233642578125 82.48281860351562
577.2260131835938 37.92389678955078 592.0454177856445 37.92389678955078 592.0454177856445 81.91236114501953 577.2260131835938 81.91236114501953
578.1209716796875 38.8760986328125 592.4963912963867 38.8760986328125 592.4963912963867 81.97502899169922 578.1209716796875 81.97502899169922
579.0511474609375 38.265296936035156 593.9089250564575 38.265296936035156 593.9089250564575 79.2547492980957 579.0511474609375 79.2547492980957
580.6448974609375 40.483787536621094 594.4632110595703 40.483787536621094 594.4632110595703 80.70461654663086 580.6448974609375 80.70461654663086
581.2659301757812 40.25728225708008 596.0599155426025 40.25728225708008 596.0599155426025 80.22145462036133 581.2659301757812 80.22145462036133
582.2200927734375 40.10808563232422 596.8990354537964 40.10808563232422 596.8990354537964 80.56360244750977 582.2200927734375 80.56360244750977
583.3674926757812 39.06398391723633 597.4630126953125 39.06398391723633 597.4630126953125 82.23335647583008 583.3674926757812 82.23335647583008
583.6117553710938 39.09280014038086 598.3141231536865 39.09280014038086 598.3141231536865 78.91749954223633 583.6117553710938 78.91749954223633
584.8280029296875 40.04729461669922 598.9013233184814 40.04729461669922 598.9013233184814 80.1862564086914 584.8280029296875 80.1862564086914
585.4126586914062 40.72184371948242 600.0407886505127 40.72184371948242 600.0407886505127 80.22274780273438 585.4126586914062 80.22274780273438
585.7776489257812 40.84302520751953 601.1359300613403 40.84302520751953 601.1359300613403 80.62614440917969 585.7776489257812 80.62614440917969
586.5534057617188 41.02669143676758 602.124589920044 41.02669143676758 602.124589920044 81.36260986328125 586.5534057617188 81.36260986328125
586.8245849609375 40.34009552001953 602.7238025665283 40.34009552001953 602.7238025665283 79.90593338012695 586.8245849609375 79.90593338012695
587.4227294921875 41.30237579345703 603.8570175170898 41.30237579345703 603.8570175170898 80.78883361816406 587.4227294921875 80.78883361816406
588.1004638671875 41.92078399658203 604.6954650878906 41.92078399658203 604.6954650878906 80.4906997680664 588.1004638671875 80.4906997680664
589.0594482421875 40.89362716674805 606.5925540924072 40.89362716674805 606.5925540924072 80.14223098754883 589.0594482421875 80.14223098754883
590.6261596679688 39.861854553222656 608.7226696014404 39.861854553222656 608.7226696014404 79.64893341064453 590.6261596679688 79.64893341064453
591.0780639648438 40.12594985961914 609.2588405609131 40.12594985961914 609.2588405609131 79.72470474243164 591.0780639648438 79.72470474243164
592.662109375 38.12879943847656 611.9147529602051 38.12879943847656 611.9147529602051 78.66486358642578 592.662109375 78.66486358642578
593.3153076171875 38.58258819580078 612.377857208252 38.58258819580078 612.377857208252 77.94422912597656 593.3153076171875 77.94422912597656
594.388671875 38.743980407714844 613.9391822814941 38.743980407714844 613.9391822814941 78.53720474243164 594.388671875 78.53720474243164
595.5184326171875 39.018592834472656 614.7458992004395 39.018592834472656 614.7458992004395 79.51611328125 595.5184326171875 79.51611328125
596.55322265625 38.541683197021484 615.4675102233887 38.541683197021484 615.4675102233887 78.34951400756836 596.55322265625 78.34951400756836
597.328857421875 38.46147918701172 615.7549934387207 38.46147918701172 615.7549934387207 78.18415451049805 597.328857421875 78.18415451049805
597.513671875 38.004390716552734 616.5215454101562 38.004390716552734 616.5215454101562 78.89289855957031 597.513671875 78.89289855957031
597.78173828125 38.09918975830078 617.1970863342285 38.09918975830078 617.1970863342285 79.87736511230469 597.78173828125 79.87736511230469
598.4820556640625 37.96996307373047 617.7915592193604 37.96996307373047 617.7915592193604 79.36989212036133 598.4820556640625 79.36989212036133
599.094970703125 37.955711364746094 618.2914505004883 37.955711364746094 618.2914505004883 80.55093002319336 599.094970703125 80.55093002319336
599.1600341796875 38.13972473144531 618.4606590270996 38.13972473144531 618.4606590270996 81.42534255981445 599.1600341796875 81.42534255981445
600.1248779296875 36.97440719604492 619.300085067749 36.97440719604492 619.300085067749 79.87369155883789 600.1248779296875 79.87369155883789
600.8317260742188 37.52464294433594 619.9678230285645 37.52464294433594 619.9678230285645 81.72232818603516 600.8317260742188 81.72232818603516
601.6273193359375 37.92255783081055 619.7978343963623 37.92255783081055 619.7978343963623 79.75148010253906 601.6273193359375 79.75148010253906
602.6322631835938 37.48755645751953 621.0745792388916 37.48755645751953 621.0745792388916 80.96992111206055 602.6322631835938 80.96992111206055
602.72119140625 37.49717712402344 621.0657215118408 37.49717712402344 621.0657215118408 80.80431365966797 602.72119140625 80.80431365966797
604.2960205078125 36.73450469970703 622.043851852417 36.73450469970703 622.043851852417 79.97431945800781 604.2960205078125 79.97431945800781
603.8344116210938 36.68158721923828 621.9023742675781 36.68158721923828 621.9023742675781 79.90268325805664 603.8344116210938 79.90268325805664
605.0859985351562 37.274070739746094 623.8550128936768 37.274070739746094 623.8550128936768 80.54244613647461 605.0859985351562 80.54244613647461
605.7077026367188 35.46155548095703 624.4951000213623 35.46155548095703 624.4951000213623 78.07975006103516 605.7077026367188 78.07975006103516
606.4200439453125 36.85352325439453 624.7574920654297 36.85352325439453 624.7574920654297 79.72216796875 606.4200439453125 79.72216796875
606.4488525390625 34.881103515625 625.5833911895752 34.881103515625 625.5833911895752 77.255126953125 606.4488525390625 77.255126953125
607.5643310546875 35.84679412841797 626.430196762085 35.84679412841797 626.430196762085 78.74049377441406 607.5643310546875 78.74049377441406
608.4720458984375 35.18316650390625 627.1064395904541 35.18316650390625 627.1064395904541 78.66555786132812 608.4720458984375 78.66555786132812
