274.0 35.0 293.0 35.0 293.0 60.0 274.0 60.0
273.80487060546875 34.98877716064453 293.62897872924805 34.98877716064453 293.62897872924805 60.967777252197266 273.80487060546875 60.967777252197266
273.92767333984375 35.190650939941406 293.89262199401855 35.190650939941406 293.89262199401855 62.17550468444824 273.92767333984375 62.17550468444824
273.5910949707031 35.734107971191406 294.1737747192383 35.734107971191406 294.1737747192383 62.11407279968262 273.5910949707031 62.11407279968262
274.1412048339844 35.219505310058594 293.4338264465332 35.219505310058594 293.4338264465332 62.604570388793945 274.1412048339844 62.604570388793945
273.37860107421875 36.19701385498047 293.001651763916 36.19701385498047 293.001651763916 62.59000015258789 273.37860107421875 62.59000015258789
272.47760009765625 37.992698669433594 291.867883682251 37.992698669433594 291.867883682251 63.56186485290527 272.47760009765625 63.56186485290527
272.5172424316406 37.16521453857422 291.52151679992676 37.16521453857422 291.52151679992676 63.5156135559082 272.5172424316406 63.5156135559082
272.08148193359375 36.86849594116211 290.89734840393066 36.86849594116211 290.89734840393066 64.42182922363281 272.08148193359375 64.42182922363281
271.8974304199219 38.45497512817383 290.41356468200684 38.45497512817383 290.41356468200684 64.23692321777344 271.8974304199219 64.23692321777344
271.68878173828125 39.45054244995117 289.1005001068115 39.45054244995117 289.1005001068115 64.6008071899414 271.68878173828125 64.6008071899414
270.87225341796875 40.12711715698242 288.51890754699707 40.12711715698242 288.51890754699707 65.02145957946777 270.87225341796875 65.02145957946777
269.9678649902344 40.611202239990234 289.4332160949707 40.611202239990234 289.4332160949707 66.04435729980469 269.9678649902344 66.04435729980469
269.7227478027344 41.104942321777344 287.447546005249 41.104942321777344 287.447546005249 66.48663330078125 269.7227478027344 66.48663330078125
269.31121826171875 42.52532196044922 287.0598030090332 42.52532196044922 287.0598030090332 65.94607734680176 269.31121826171875 65.94607734680176
269.402099609375 41.77873611450195 286.28918838500977 41.77873611450195 286.28918838500977 67.23580169677734 269.402099609375 67.23580169677734
269.0290222167969 42.62107849121094 285.61850357055664 42.62107849121094 285.61850357055664 66.6189079284668 269.0290222167969 66.6189079284668
269.66412353515625 43.072120666503906 288.8922691345215 43.072120666503906 288.8922691345215 68.37230491638184 269.66412353515625 68.37230491638184
268.0550231933594 44.22399139404297 287.6646385192871 44.22399139404297 287.6646385192871 70.0261058807373 268.0550231933594 70.0261058807373
265.6873474121094 43.17681884765625 285.2653751373291 43.17681884765625 285.2653751373291 68.9373722076416 265.6873474121094 68.9373722076416
261.8514709472656 43.96383285522461 281.2562370300293 43.96383285522461 281.2562370300293 68.18271446228027 261.8514709472656 68.18271446228027
260.18951416015625 46.014854431152344 280.33682441711426 46.014854431152344 280.33682441711426 69.9000358581543 260.18951416015625 69.9000358581543
259.2812805175781 45.340980529785156 278.3677463531494 45.340980529785156 278.3677463531494 69.64595985412598 259.2812805175781 69.64595985412598
257.7829895019531 46.3739128112793 278.7047538757324 46.3739128112793 278.7047538757324 69.77726745605469 257.7829895019531 69.77726745605469
255.7479705810547 47.392723083496094 276.7860679626465 47.392723083496094 276.7860679626465 70.53472709655762 255.7479705810547 70.53472709655762
254.49813842773438 47.803863525390625 275.2981662750244 47.803863525390625 275.2981662750244 70.97982406616211 254.49813842773438 70.97982406616211
253.6973876953125 47.80084228515625 273.6839141845703 47.80084228515625 273.6839141845703 71.11569404602051 253.6973876953125 71.11569404602051
251.853759765625 47.68589782714844 273.3655815124512 47.68589782714844 273.3655815124512 72.3978271484375 251.853759765625 72.3978271484375
251.3460693359375 49.32337188720703 271.52337646484375 49.32337188720703 271.52337646484375 72.09119415283203 251.3460693359375 72.09119415283203
251.06887817382812 48.96904754638672 270.783203125 48.96904754638672 270.783203125 72.81808090209961 251.06887817382812 72.81808090209961
248.9103240966797 50.0461540222168 270.5634517669678 50.0461540222168 270.5634517669678 74.91168785095215 248.9103240966797 74.91168785095215
248.97824096679688 50.651344299316406 269.4806785583496 50.651344299316406 269.4806785583496 74.03132247924805 248.97824096679688 74.03132247924805
248.0248565673828 50.944618225097656 269.5209770202637 50.944618225097656 269.5209770202637 75.32283401489258 248.0248565673828 75.32283401489258
247.568359375 51.15816116333008 268.806697845459 51.15816116333008 268.806697845459 75.53666496276855 247.568359375 75.53666496276855
247.40585327148438 50.86406707763672 268.92609786987305 50.86406707763672 268.92609786987305 76.54802322387695 247.40585327148438 76.54802322387695
247.2134246826172 51.77620315551758 269.66988945007324 51.77620315551758 269.66988945007324 77.01836776733398 247.2134246826172 77.01836776733398
247.7057342529297 51.67657470703125 270.4453182220459 51.67657470703125 270.4453182220459 77.40350341796875 247.7057342529297 77.40350341796875
247.7559814453125 51.33476638793945 270.44761657714844 51.33476638793945 270.44761657714844 77.35600280761719 247.7559814453125 77.35600280761719
248.9820098876953 52.27771759033203 271.34516525268555 52.27771759033203 271.34516525268555 77.30840682983398 248.9820098876953 77.30840682983398
250.09823608398438 52.397361755371094 271.97159576416016 52.397361755371094 271.97159576416016 77.57833099365234 250.09823608398438 77.57833099365234
255.2843780517578 53.74034881591797 276.5803108215332 53.74034881591797 276.5803108215332 78.39950370788574 255.2843780517578 78.39950370788574
257.4797058105469 54.53167724609375 278.71753883361816 54.53167724609375 278.71753883361816 79.00725364685059 257.4797058105469 79.00725364685059
260.0177307128906 53.605133056640625 280.3173122406006 53.605133056640625 280.3173122406006 79.35506248474121 260.0177307128906 79.35506248474121
259.4576721191406 53.68837356567383 279.8723793029785 53.68837356567383 279.8723793029785 79.8903636932373 259.4576721191406 79.8903636932373
261.1907043457031 53.85017013549805 281.4949951171875 53.85017013549805 281.4949951171875 80.02289962768555 261.1907043457031 80.02289962768555
263.1374206542969 54.62748336791992 282.08618927001953 54.62748336791992 282.08618927001953 80.65791320800781 263.1374206542969 80.65791320800781
262.56787109375 52.55255889892578 283.5912265777588 52.55255889892578 283.5912265777588 80.21485710144043 262.56787109375 80.21485710144043
266.4049377441406 55.28264236450195 287.123083114624 55.28264236450195 287.123083114624 82.54334831237793 266.4049377441406 82.54334831237793
269.72686767578125 55.896018981933594 288.17300033569336 55.896018981933594 288.17300033569336 80.21683692932129 269.72686767578125 80.21683692932129
269.7576599121094 57.11316680908203 288.4209804534912 57.11316680908203 288.4209804534912 80.81096839904785 269.7576599121094 80.81096839904785
270.47186279296875 56.900306701660156 289.78868103027344 56.900306701660156 289.78868103027344 81.47285842895508 270.47186279296875 81.47285842895508
271.37799072265625 57.8375244140625 291.1116485595703 57.8375244140625 291.1116485595703 81.95863342285156 271.37799072265625 81.95863342285156
271.7599182128906 58.22027587890625 291.8946189880371 58.22027587890625 291.8946189880371 81.65583801269531 271.7599182128906 81.65583801269531
274.51373291015625 59.00725173950195 292.93874168395996 59.00725173950195 292.93874168395996 81.99294853210449 274.51373291015625 81.99294853210449
276.18426513671875 59.167381286621094 294.853551864624 59.167381286621094 294.853551864624 82.32378005981445 276.18426513671875 82.32378005981445
278.0400695800781 59.44316482543945 297.93854331970215 59.44316482543945 297.93854331970215 82.9431266784668 278.0400695800781 82.9431266784668
279.03472900390625 59.784263610839844 299.03314781188965 59.784263610839844 299.03314781188965 82.73384284973145 279.03472900390625 82.73384284973145
280.9885559082031 60.133018493652344 300.5891304016113 60.133018493652344 300.5891304016113 83.5311164855957 280.9885559082031 83.5311164855957
282.78662109375 60.7510986328125 301.9755611419678 60.7510986328125 301.9755611419678 83.83636665344238 282.78662109375 83.83636665344238
284.52410888671875 61.16632080078125 304.9965229034424 61.16632080078125 304.9965229034424 84.0534782409668 284.52410888671875 84.0534782409668
285.131591796875 61.59614944458008 305.5085697174072 61.59614944458008 305.5085697174072 84.79254722595215 285.131591796875 84.79254722595215
288.28070068359375 61.745574951171875 307.1761531829834 61.745574951171875 307.1761531829834 84.46023941040039 288.28070068359375 84.46023941040039
290.3423767089844 62.23499298095703 309.58934020996094 62.23499298095703 309.58934020996094 85.27019500732422 290.3423767089844 85.27019500732422
296.95184326171875 64.66795349121094 316.5750274658203 64.66795349121094 316.5750274658203 86.7928237915039 296.95184326171875 86.7928237915039
300.66888427734375 64.39901733398438 320.98368644714355 64.39901733398438 320.98368644714355 87.34943008422852 300.66888427734375 87.34943008422852
302.0445556640625 64.89494323730469 321.9237480163574 64.89494323730469 321.9237480163574 87.4056625366211 302.0445556640625 87.4056625366211
303.9352111816406 66.26232147216797 323.4349174499512 66.26232147216797 323.4349174499512 88.33573341369629 303.9352111816406 88.33573341369629
307.69390869140625 65.85162353515625 325.9513568878174 65.85162353515625 325.9513568878174 89.04962158203125 307.69390869140625 89.04962158203125
308.4816589355469 66.25529479980469 327.34012031555176 66.25529479980469 327.34012031555176 89.2673454284668 308.4816589355469 89.2673454284668
313.5183410644531 56.6242561340332 333.7802562713623 56.6242561340332 333.7802562713623 83.2846450805664 313.5183410644531 83.2846450805664
318.35186767578125 55.963722229003906 338.4768409729004 55.963722229003906 338.4768409729004 82.44392204284668 318.35186767578125 82.44392204284668
319.749267578125 57.11613845825195 339.9492893218994 57.11613845825195 339.9492893218994 83.69508743286133 319.749267578125 83.69508743286133
321.317138671875 57.237144470214844 341.0843391418457 57.237144470214844 341.0843391418457 83.2465934753418 321.317138671875 83.2465934753418
323.6656494140625 58.56193923950195 343.45008659362793 58.56193923950195 343.45008659362793 84.59406852722168 323.6656494140625 84.59406852722168
325.7880859375 57.934364318847656 345.6669807434082 57.934364318847656 345.6669807434082 84.09077835083008 325.7880859375 84.09077835083008
332.45050048828125 57.48743438720703 352.390567779541 57.48743438720703 352.390567779541 83.72433853149414 332.45050048828125 83.72433853149414
335.098388671875 59.449806213378906 355.2774085998535 59.449806213378906 355.2774085998535 86.00112533569336 335.098388671875 86.00112533569336
337.8660888671875 60.94586181640625 358.1177616119385 60.94586181640625 358.1177616119385 87.59277725219727 337.8660888671875 87.59277725219727
344.7342529296875 75.30931091308594 365.1020812988281 75.30931091308594 365.1020812988281 102.10906410217285 344.7342529296875 102.10906410217285
344.2908630371094 74.7472152709961 364.84857177734375 74.7472152709961 364.84857177734375 101.79681015014648 344.2908630371094 101.79681015014648
344.9767150878906 77.18245697021484 364.9495029449463 77.18245697021484 364.9495029449463 99.69302749633789 344.9767150878906 99.69302749633789
346.135009765625 77.09323120117188 366.29470443725586 77.09323120117188 366.29470443725586 100.91039276123047 346.135009765625 100.91039276123047
347.57080078125 77.25125122070312 368.394229888916 77.25125122070312 368.394229888916 101.60919189453125 347.57080078125 101.60919189453125
349.84619140625 78.62934875488281 370.2329750061035 78.62934875488281 370.2329750061035 102.47383117675781 349.84619140625 102.47383117675781
350.23382568359375 79.01551055908203 371.68443298339844 79.01551055908203 371.68443298339844 102.73700523376465 350.23382568359375 102.73700523376465
352.5494079589844 78.39361572265625 372.96181869506836 78.39361572265625 372.96181869506836 102.59000778198242 352.5494079589844 102.59000778198242
355.27655029296875 79.00022888183594 375.3898525238037 79.00022888183594 375.3898525238037 103.49404335021973 355.27655029296875 103.49404335021973
355.5738220214844 80.50196838378906 377.29875564575195 80.50196838378906 377.29875564575195 103.97998809814453 355.5738220214844 103.97998809814453
358.50396728515625 80.36324310302734 378.7212791442871 80.36324310302734 378.7212791442871 104.4711742401123 358.50396728515625 104.4711742401123
358.3599853515625 80.56477355957031 380.5897102355957 80.56477355957031 380.5897102355957 105.11124420166016 358.3599853515625 105.11124420166016
362.40399169921875 81.21610260009766 383.5321159362793 81.21610260009766 383.5321159362793 105.30810737609863 362.40399169921875 105.30810737609863
364.7062683105469 82.69328308105469 386.0948028564453 82.69328308105469 386.0948028564453 106.45375633239746 364.7062683105469 106.45375633239746
366.98040771484375 82.43775939941406 388.690881729126 82.43775939941406 388.690881729126 107.24466133117676 366.98040771484375 107.24466133117676
369.1795959472656 82.67593383789062 390.511022567749 82.67593383789062 390.511022567749 107.5257339477539 369.1795959472656 107.5257339477539
370.5438537597656 82.98885345458984 392.2115650177002 82.98885345458984 392.2115650177002 108.20404434204102 370.5438537597656 108.20404434204102
370.7306213378906 83.57814025878906 392.8190212249756 83.57814025878906 392.8190212249756 108.20502853393555 370.7306213378906 108.20502853393555
373.4170837402344 83.72715759277344 395.2354984283447 83.72715759277344 395.2354984283447 109.57066345214844 373.4170837402344 109.57066345214844
378.8966979980469 86.44099426269531 401.00071716308594 86.44099426269531 401.00071716308594 111.5843391418457 378.8966979980469 111.5843391418457
381.88885498046875 85.7079086303711 403.92107009887695 85.7079086303711 403.92107009887695 112.20690155029297 381.88885498046875 112.20690155029297
384.0941162109375 87.09434509277344 405.8253707885742 87.09434509277344 405.8253707885742 113.62456893920898 384.0941162109375 113.62456893920898
386.05718994140625 86.87181091308594 407.71972846984863 86.87181091308594 407.71972846984863 113.763427734375 386.05718994140625 113.763427734375
387.3179016113281 87.85144805908203 409.93668365478516 87.85144805908203 409.93668365478516 114.97781562805176 387.3179016113281 114.97781562805176
388.5478515625 89.29954528808594 410.65456771850586 89.29954528808594 410.65456771850586 116.02948379516602 388.5478515625 116.02948379516602
391.81005859375 89.8178482055664 413.5896587371826 89.8178482055664 413.5896587371826 116.87833976745605 391.81005859375 116.87833976745605
393.8929748535156 90.51878356933594 415.51465797424316 90.51878356933594 415.51465797424316 118.08207130432129 393.8929748535156 118.08207130432129
396.22760009765625 92.77690887451172 418.5909843444824 92.77690887451172 418.5909843444824 119.3936653137207 396.22760009765625 119.3936653137207
397.2803649902344 93.27043914794922 420.59974098205566 93.27043914794922 420.59974098205566 120.15069770812988 397.2803649902344 120.15069770812988
399.07305908203125 93.52224731445312 421.53131675720215 93.52224731445312 421.53131675720215 120.70127868652344 399.07305908203125 120.70127868652344
400.751953125 94.89962768554688 423.59423065185547 94.89962768554688 423.59423065185547 122.34669876098633 400.751953125 122.34669876098633
402.98968505859375 96.30238342285156 425.86928367614746 96.30238342285156 425.86928367614746 123.73176002502441 402.98968505859375 123.73176002502441
403.0010681152344 97.8004150390625 426.44632148742676 97.8004150390625 426.44632148742676 124.31028747558594 403.0010681152344 124.31028747558594
403.89129638671875 96.97112274169922 426.9309997558594 96.97112274169922 426.9309997558594 124.2724437713623 403.89129638671875 124.2724437713623
405.4608459472656 98.0390853881836 428.53160095214844 98.0390853881836 428.53160095214844 124.94171524047852 405.4608459472656 124.94171524047852
406.6741638183594 99.25004577636719 429.3543701171875 99.25004577636719 429.3543701171875 125.27389144897461 406.6741638183594 125.27389144897461
406.8940124511719 99.9369888305664 429.81270027160645 99.9369888305664 429.81270027160645 126.21410942077637 406.8940124511719 126.21410942077637
411.8324279785156 103.36235046386719 435.96961784362793 103.36235046386719 435.96961784362793 129.67670249938965 411.8324279785156 129.67670249938965
413.8529357910156 105.48419189453125 437.1270332336426 105.48419189453125 437.1270332336426 131.80892944335938 413.8529357910156 131.80892944335938
422.19757080078125 112.41487884521484 445.9814224243164 112.41487884521484 445.9814224243164 136.83799362182617 422.19757080078125 136.83799362182617
424.106689453125 111.49658203125 448.3309574127197 111.49658203125 448.3309574127197 138.43845748901367 424.106689453125 138.43845748901367
428.41204833984375 116.22513580322266 452.5745506286621 116.22513580322266 452.5745506286621 141.53598594665527 428.41204833984375 141.53598594665527
428.34344482421875 115.15982818603516 452.8343868255615 115.15982818603516 452.8343868255615 142.07429885864258 428.34344482421875 142.07429885864258
430.2145080566406 117.77168273925781 454.53650093078613 117.77168273925781 454.53650093078613 143.96055603027344 430.2145080566406 143.96055603027344
431.64111328125 119.69895935058594 456.17426109313965 119.69895935058594 456.17426109313965 146.26259231567383 431.64111328125 146.26259231567383
433.12176513671875 121.3066177368164 458.12342262268066 121.3066177368164 458.12342262268066 148.02136993408203 433.12176513671875 148.02136993408203
434.91217041015625 121.68214416503906 460.1282768249512 121.68214416503906 460.1282768249512 148.95270156860352 434.91217041015625 148.95270156860352
436.20867919921875 122.85539245605469 460.8966522216797 122.85539245605469 460.8966522216797 149.83461570739746 436.20867919921875 149.83461570739746
436.8042907714844 122.75662994384766 461.5194568634033 122.75662994384766 461.5194568634033 150.11681938171387 436.8042907714844 150.11681938171387
437.703125 124.64277648925781 462.5381050109863 124.64277648925781 462.5381050109863 151.4841365814209 437.703125 151.4841365814209
443.58990478515625 129.7610626220703 469.1606731414795 129.7610626220703 469.1606731414795 157.13637351989746 443.58990478515625 157.13637351989746
446.1568908691406 131.8602752685547 472.6324710845947 131.8602752685547 472.6324710845947 159.5729274749756 446.1568908691406 159.5729274749756
449.196044921875 134.44619750976562 474.69460678100586 134.44619750976562 474.69460678100586 162.38812637329102 449.196044921875 162.38812637329102
449.46826171875 133.9547576904297 474.5088062286377 133.9547576904297 474.5088062286377 162.63023948669434 449.46826171875 162.63023948669434
449.967041015625 138.09323120117188 476.0399360656738 138.09323120117188 476.0399360656738 165.17529678344727 449.967041015625 165.17529678344727
451.56390380859375 137.72543334960938 477.4973449707031 137.72543334960938 477.4973449707031 166.8704128265381 451.56390380859375 166.8704128265381
452.185546875 139.38894653320312 477.6864719390869 139.38894653320312 477.6864719390869 168.17890548706055 452.185546875 168.17890548706055
452.59112548828125 140.81173706054688 478.5893440246582 140.81173706054688 478.5893440246582 170.02798461914062 452.59112548828125 170.02798461914062
453.2395935058594 143.929443359375 477.97584342956543 143.929443359375 477.97584342956543 172.1374626159668 453.2395935058594 172.1374626159668
453.1051330566406 144.94081115722656 478.47858810424805 144.94081115722656 478.47858810424805 173.21412086486816 453.1051330566406 173.21412086486816
452.83428955078125 145.69985961914062 477.7793426513672 145.69985961914062 477.7793426513672 174.38859939575195 452.83428955078125 174.38859939575195
452.1087951660156 149.67947387695312 477.97758865356445 149.67947387695312 477.97758865356445 177.65427207946777 452.1087951660156 177.65427207946777
450.3965759277344 152.4466552734375 478.08518409729004 152.4466552734375 478.08518409729004 180.65671348571777 450.3965759277344 180.65671348571777
449.4556579589844 154.0908660888672 477.09524154663086 154.0908660888672 477.09524154663086 182.91339683532715 449.4556579589844 182.91339683532715
446.7152404785156 155.11326599121094 473.1467704772949 155.11326599121094 473.1467704772949 184.8138885498047 446.7152404785156 184.8138885498047
444.5914001464844 158.01028442382812 473.23724365234375 158.01028442382812 473.23724365234375 186.72749710083008 444.5914001464844 186.72749710083008
442.5908203125 160.15200805664062 470.48680114746094 160.15200805664062 470.48680114746094 188.86524391174316 442.5908203125 188.86524391174316
438.73480224609375 162.79501342773438 467.248743057251 162.79501342773438 467.248743057251 191.4848690032959 438.73480224609375 191.4848690032959
433.7386169433594 163.55331420898438 462.5445556640625 163.55331420898438 462.5445556640625 193.39614486694336 433.7386169433594 193.39614486694336
418.96600341796875 172.95315551757812 445.94111251831055 172.95315551757812 445.94111251831055 208.4467010498047 418.96600341796875 208.4467010498047
407.74420166015625 177.97140502929688 439.0765380859375 177.97140502929688 439.0765380859375 208.61334609985352 407.74420166015625 208.61334609985352
401.64031982421875 182.07090759277344 433.27490234375 182.07090759277344 433.27490234375 211.43544006347656 401.64031982421875 211.43544006347656
394.48980712890625 185.8868865966797 425.81650161743164 185.8868865966797 425.81650161743164 214.21648025512695 394.48980712890625 214.21648025512695
390.78460693359375 188.54110717773438 420.7680149078369 188.54110717773438 420.7680149078369 217.3561897277832 390.78460693359375 217.3561897277832
382.45098876953125 193.07925415039062 412.1917724609375 193.07925415039062 412.1917724609375 221.4176025390625 382.45098876953125 221.4176025390625
376.6848449707031 193.62567138671875 406.3830680847168 193.62567138671875 406.3830680847168 223.13039779663086 376.6848449707031 223.13039779663086
364.74420166015625 199.53561401367188 391.7692756652832 199.53561401367188 391.7692756652832 235.09489822387695 364.74420166015625 235.09489822387695
343.263916015625 209.10586547851562 374.5855464935303 209.10586547851562 374.5855464935303 239.03250694274902 343.263916015625 239.03250694274902
329.18719482421875 215.05703735351562 359.99399185180664 215.05703735351562 359.99399185180664 244.38783264160156 329.18719482421875 244.38783264160156
321.87847900390625 216.92599487304688 353.7229652404785 216.92599487304688 353.7229652404785 247.6271266937256 321.87847900390625 247.6271266937256
311.4127197265625 221.7707061767578 342.1104393005371 221.7707061767578 342.1104393005371 251.62159729003906 311.4127197265625 251.62159729003906
304.95111083984375 225.7657928466797 336.2255744934082 225.7657928466797 336.2255744934082 255.7200412750244 304.95111083984375 255.7200412750244
295.9341735839844 229.1357421875 327.66555404663086 229.1357421875 327.66555404663086 258.67430686950684 295.9341735839844 258.67430686950684
289.2955627441406 231.45742797851562 319.6143436431885 231.45742797851562 319.6143436431885 261.91832542419434 289.2955627441406 261.91832542419434
280.40936279296875 235.9119110107422 310.2058811187744 235.9119110107422 310.2058811187744 265.5829772949219 280.40936279296875 265.5829772949219
275.87835693359375 236.8035888671875 306.6691493988037 236.8035888671875 306.6691493988037 267.3895015716553 275.87835693359375 267.3895015716553
266.4314880371094 240.9441680908203 297.37204360961914 240.9441680908203 297.37204360961914 270.9489288330078 266.4314880371094 270.9489288330078
258.4518737792969 244.6968536376953 290.30467796325684 244.6968536376953 290.30467796325684 274.87266540527344 258.4518737792969 274.87266540527344
248.10983276367188 248.8915252685547 280.16908264160156 248.8915252685547 280.16908264160156 278.52892684936523 248.10983276367188 278.52892684936523
238.88876342773438 252.2189178466797 269.42099380493164 252.2189178466797 269.42099380493164 281.8288269042969 238.88876342773438 281.8288269042969
224.2313995361328 258.7071838378906 255.55966186523438 258.7071838378906 255.55966186523438 288.1676025390625 224.2313995361328 288.1676025390625
214.6450653076172 261.7803955078125 245.9939422607422 261.7803955078125 245.9939422607422 291.7063503265381 214.6450653076172 291.7063503265381
198.3701934814453 266.7388000488281 228.93259048461914 266.7388000488281 228.93259048461914 298.44032859802246 198.3701934814453 298.44032859802246
192.2047882080078 270.3404235839844 224.35089111328125 270.3404235839844 224.35089111328125 301.0154724121094 192.2047882080078 301.0154724121094
181.44100952148438 273.5838317871094 212.6193027496338 273.5838317871094 212.6193027496338 304.679895401001 181.44100952148438 304.679895401001
169.62246704101562 278.508544921875 201.85204696655273 278.508544921875 201.85204696655273 309.26170921325684 169.62246704101562 309.26170921325684
158.67666625976562 282.0867919921875 190.58337020874023 282.0867919921875 190.58337020874023 313.2408027648926 158.67666625976562 313.2408027648926
146.49404907226562 285.9925537109375 179.60313034057617 285.9925537109375 179.60313034057617 318.1874771118164 146.49404907226562 318.1874771118164
133.38922119140625 291.8990478515625 166.62797164916992 291.8990478515625 166.62797164916992 322.5445213317871 133.38922119140625 322.5445213317871
121.37960052490234 296.09588623046875 154.70647811889648 296.09588623046875 154.70647811889648 327.6296577453613 121.37960052490234 327.6296577453613
103.09332275390625 302.0192565917969 137.97007369995117 302.0192565917969 137.97007369995117 334.0994300842285 103.09332275390625 334.0994300842285
87.24878692626953 307.5128479003906 121.80708694458008 307.5128479003906 121.80708694458008 339.8385543823242 87.24878692626953 339.8385543823242
73.78117370605469 312.875732421875 108.9727783203125 312.875732421875 108.9727783203125 345.40109634399414 73.78117370605469 345.40109634399414
59.31056594848633 318.9091796875 94.10944366455078 318.9091796875 94.10944366455078 351.4419136047363 59.31056594848633 351.4419136047363
40.088768005371094 324.2861328125 75.29710388183594 324.2861328125 75.29710388183594 356.6067008972168 40.088768005371094 356.6067008972168
28.87960433959961 328.57489013671875 57.35295295715332 328.57489013671875 57.35295295715332 366.0398139953613 28.87960433959961 366.0398139953613
8.720608711242676 334.3308410644531 37.81676959991455 334.3308410644531 37.81676959991455 372.61524963378906 8.720608711242676 372.61524963378906
