250.0 140.0 275.0 140.0 275.0 197.0 250.0 197.0
250.2452850341797 139.96926879882812 275.76964950561523 139.96926879882812 275.76964950561523 197.70108795166016 250.2452850341797 197.70108795166016
251.92709350585938 140.42349243164062 277.78244400024414 140.42349243164062 277.78244400024414 199.94520950317383 251.92709350585938 199.94520950317383
252.6387176513672 141.4970703125 278.0465602874756 141.4970703125 278.0465602874756 198.2487564086914 252.6387176513672 198.2487564086914
253.3999786376953 143.00747680664062 279.4326171875 143.00747680664062 279.4326171875 199.74574661254883 253.3999786376953 199.74574661254883
255.42745971679688 142.30694580078125 279.41868782043457 142.30694580078125 279.41868782043457 201.11849212646484 255.42745971679688 201.11849212646484
259.5434875488281 147.96971130371094 286.55026626586914 147.96971130371094 286.55026626586914 206.97876739501953 259.5434875488281 206.97876739501953
259.62994384765625 151.0590362548828 286.7931022644043 151.0590362548828 286.7931022644043 205.0113754272461 259.62994384765625 205.0113754272461
260.88116455078125 148.33843994140625 286.59093856811523 148.33843994140625 286.59093856811523 209.349853515625 260.88116455078125 209.349853515625
261.1527404785156 149.61563110351562 287.1803226470947 149.61563110351562 287.1803226470947 210.3773078918457 261.1527404785156 210.3773078918457
261.3766174316406 150.96127319335938 288.1341304779053 150.96127319335938 288.1341304779053 213.64265060424805 261.3766174316406 213.64265060424805
261.7611083984375 152.576904296875 287.770565032959 152.576904296875 287.770565032959 214.16131591796875 261.7611083984375 214.16131591796875
262.080322265625 154.6649169921875 288.37009048461914 154.6649169921875 288.37009048461914 213.5232048034668 262.080322265625 213.5232048034668
262.0107727050781 154.1352081298828 288.6576442718506 154.1352081298828 288.6576442718506 216.08111953735352 262.0107727050781 216.08111953735352
261.55975341796875 155.2599639892578 288.56256675720215 155.2599639892578 288.56256675720215 218.35292053222656 261.55975341796875 218.35292053222656
261.5550231933594 156.65847778320312 287.98118019104004 156.65847778320312 287.98118019104004 218.6102180480957 261.5550231933594 218.6102180480957
261.66375732421875 156.2366180419922 288.5314426422119 156.2366180419922 288.5314426422119 220.3815155029297 261.66375732421875 220.3815155029297
261.43121337890625 158.03140258789062 288.0193386077881 158.03140258789062 288.0193386077881 221.63140869140625 261.43121337890625 221.63140869140625
261.1654357910156 158.22845458984375 288.1196708679199 158.22845458984375 288.1196708679199 221.85276412963867 261.1654357910156 221.85276412963867
260.28814697265625 159.91139221191406 288.05190658569336 159.91139221191406 288.05190658569336 224.15077209472656 260.28814697265625 224.15077209472656
259.9764404296875 160.0939178466797 287.93156814575195 160.0939178466797 287.93156814575195 224.55931854248047 259.9764404296875 224.55931854248047
260.36285400390625 161.1940155029297 288.3955593109131 161.1940155029297 288.3955593109131 225.74979400634766 260.36285400390625 225.74979400634766
259.33563232421875 162.1208038330078 287.53050231933594 162.1208038330078 287.53050231933594 227.78009796142578 259.33563232421875 227.78009796142578
258.555419921875 162.82034301757812 287.6222343444824 162.82034301757812 287.6222343444824 227.65000915527344 258.555419921875 227.65000915527344
257.78228759765625 164.07374572753906 286.9757423400879 164.07374572753906 286.9757423400879 229.27471160888672 257.78228759765625 229.27471160888672
258.30419921875 167.5082550048828 286.5722141265869 167.5082550048828 286.5722141265869 230.8333396911621 258.30419921875 230.8333396911621
257.1390686035156 169.59005737304688 285.8299751281738 169.59005737304688 285.8299751281738 232.8048324584961 257.1390686035156 232.8048324584961
255.7711944580078 170.51809692382812 285.3724174499512 170.51809692382812 285.3724174499512 235.82159423828125 255.7711944580078 235.82159423828125
255.5163116455078 169.94920349121094 285.21320152282715 169.94920349121094 285.21320152282715 237.66917419433594 255.5163116455078 237.66917419433594
255.0265655517578 172.87680053710938 285.1991386413574 172.87680053710938 285.1991386413574 238.15536499023438 255.0265655517578 238.15536499023438
254.19778442382812 172.72427368164062 284.9739990234375 172.72427368164062 284.9739990234375 239.09608459472656 254.19778442382812 239.09608459472656
252.98800659179688 175.4334716796875 282.14836502075195 175.4334716796875 282.14836502075195 241.73387145996094 252.98800659179688 241.73387145996094
251.7184600830078 178.4058380126953 281.3663845062256 178.4058380126953 281.3663845062256 243.79627990722656 251.7184600830078 243.79627990722656
250.2761993408203 181.3602294921875 281.5941734313965 181.3602294921875 281.5941734313965 246.16815948486328 250.2761993408203 246.16815948486328
249.7247772216797 180.87930297851562 280.208309173584 180.87930297851562 280.208309173584 247.03131103515625 249.7247772216797 247.03131103515625
249.9552459716797 182.77374267578125 279.53239822387695 182.77374267578125 279.53239822387695 251.6559829711914 249.9552459716797 251.6559829711914
248.64187622070312 185.14205932617188 279.22193336486816 185.14205932617188 279.22193336486816 252.9047088623047 248.64187622070312 252.9047088623047
248.3152618408203 186.19285583496094 278.8887062072754 186.19285583496094 278.8887062072754 254.6034698486328 248.3152618408203 254.6034698486328
248.34628295898438 188.6387176513672 279.3320827484131 188.6387176513672 279.3320827484131 255.4832992553711 248.34628295898438 255.4832992553711
248.4151153564453 189.25723266601562 279.2947177886963 189.25723266601562 279.2947177886963 256.790771484375 248.4151153564453 256.790771484375
249.2905731201172 191.01629638671875 279.7903347015381 191.01629638671875 279.7903347015381 259.98724365234375 249.2905731201172 259.98724365234375
248.92770385742188 192.55728149414062 279.5503845214844 192.55728149414062 279.5503845214844 260.11505126953125 248.92770385742188 260.11505126953125
248.4153594970703 193.40272521972656 280.01573753356934 193.40272521972656 280.01573753356934 261.5987854003906 248.4153594970703 261.5987854003906
249.37869262695312 194.4363250732422 279.9334259033203 194.4363250732422 279.9334259033203 262.2011947631836 249.37869262695312 262.2011947631836
249.74093627929688 195.42649841308594 280.23525619506836 195.42649841308594 280.23525619506836 264.16123962402344 249.74093627929688 264.16123962402344
249.70632934570312 196.58799743652344 280.8825340270996 196.58799743652344 280.8825340270996 265.3269958496094 249.70632934570312 265.3269958496094
250.87008666992188 202.3550567626953 282.6198482513428 202.3550567626953 282.6198482513428 264.7800827026367 250.87008666992188 264.7800827026367
251.56906127929688 199.50889587402344 281.98718643188477 199.50889587402344 281.98718643188477 270.27162170410156 251.56906127929688 270.27162170410156
250.7670135498047 200.38912963867188 282.1289405822754 200.38912963867188 282.1289405822754 272.3438262939453 250.7670135498047 272.3438262939453
251.76904296875 201.72984313964844 283.45122718811035 201.72984313964844 283.45122718811035 272.7251968383789 251.76904296875 272.7251968383789
251.6222381591797 203.1776123046875 283.4659423828125 203.1776123046875 283.4659423828125 274.87618255615234 251.6222381591797 274.87618255615234
251.7861328125 204.95401000976562 283.89753341674805 204.95401000976562 283.89753341674805 278.11448669433594 251.7861328125 278.11448669433594
251.72171020507812 206.9132080078125 284.37277603149414 206.9132080078125 284.37277603149414 279.5667495727539 251.72171020507812 279.5667495727539
251.9541473388672 209.4742889404297 284.7782669067383 209.4742889404297 284.7782669067383 282.59175872802734 251.9541473388672 282.59175872802734
252.36557006835938 210.2921142578125 285.5491714477539 210.2921142578125 285.5491714477539 283.2620544433594 252.36557006835938 283.2620544433594
252.6222686767578 210.783935546875 285.28722381591797 210.783935546875 285.28722381591797 285.84525299072266 252.6222686767578 285.84525299072266
252.84121704101562 211.65585327148438 286.03409576416016 211.65585327148438 286.03409576416016 285.8888473510742 252.84121704101562 285.8888473510742
253.59982299804688 214.01388549804688 287.3711967468262 214.01388549804688 287.3711967468262 288.22898864746094 253.59982299804688 288.22898864746094
253.3095703125 214.75363159179688 287.23465728759766 214.75363159179688 287.23465728759766 291.84764099121094 253.3095703125 291.84764099121094
253.6251983642578 216.0100860595703 287.7802619934082 216.0100860595703 287.7802619934082 291.4466247558594 253.6251983642578 291.4466247558594
254.094482421875 216.2042999267578 288.55521392822266 216.2042999267578 288.55521392822266 292.2663803100586 254.094482421875 292.2663803100586
255.42587280273438 218.98922729492188 289.81361389160156 218.98922729492188 289.81361389160156 295.15221405029297 255.42587280273438 295.15221405029297
256.6250915527344 220.7061004638672 291.5882148742676 220.7061004638672 291.5882148742676 295.4004440307617 256.6250915527344 295.4004440307617
258.9521789550781 222.70669555664062 293.3631896972656 222.70669555664062 293.3631896972656 297.5882034301758 258.9521789550781 297.5882034301758
259.7608337402344 221.2959442138672 294.58899688720703 221.2959442138672 294.58899688720703 298.06005859375 259.7608337402344 298.06005859375
260.5773010253906 223.7599639892578 296.0674819946289 223.7599639892578 296.0674819946289 300.03260040283203 260.5773010253906 300.03260040283203
261.5088195800781 224.486328125 296.54457092285156 224.486328125 296.54457092285156 301.1355514526367 261.5088195800781 301.1355514526367
262.66729736328125 226.4226531982422 299.1053771972656 226.4226531982422 299.1053771972656 303.75396728515625 262.66729736328125 303.75396728515625
264.84344482421875 227.6457977294922 299.8963813781738 227.6457977294922 299.8963813781738 305.4863739013672 264.84344482421875 305.4863739013672
265.01727294921875 230.3229522705078 302.0681266784668 230.3229522705078 302.0681266784668 305.13387298583984 265.01727294921875 305.13387298583984
266.89971923828125 230.81521606445312 304.1527404785156 230.81521606445312 304.1527404785156 307.4660186767578 266.89971923828125 307.4660186767578
268.4231872558594 233.24246215820312 305.0548896789551 233.24246215820312 305.0548896789551 308.5354919433594 268.4231872558594 308.5354919433594
269.621337890625 232.1335906982422 305.9410820007324 232.1335906982422 305.9410820007324 308.36951446533203 269.621337890625 308.36951446533203
271.73590087890625 235.4191131591797 308.2223091125488 235.4191131591797 308.2223091125488 311.2114486694336 271.73590087890625 311.2114486694336
272.314208984375 235.53732299804688 310.3482360839844 235.53732299804688 310.3482360839844 311.97804260253906 272.314208984375 311.97804260253906
275.4685363769531 236.8895263671875 311.9291000366211 236.8895263671875 311.9291000366211 314.15369415283203 275.4685363769531 314.15369415283203
275.9289855957031 239.6753692626953 313.5430908203125 239.6753692626953 313.5430908203125 317.1405563354492 275.9289855957031 317.1405563354492
278.48779296875 239.3258514404297 316.10054779052734 239.3258514404297 316.10054779052734 318.1846389770508 278.48779296875 318.1846389770508
281.2663269042969 241.6171875 318.4323425292969 241.6171875 318.4323425292969 322.13448333740234 281.2663269042969 322.13448333740234
282.90570068359375 243.5257568359375 319.75218963623047 243.5257568359375 319.75218963623047 323.3034973144531 282.90570068359375 323.3034973144531
284.4075622558594 243.9253387451172 320.88371658325195 243.9253387451172 320.88371658325195 325.84146881103516 284.4075622558594 325.84146881103516
285.7841796875 247.5714569091797 323.5556526184082 247.5714569091797 323.5556526184082 328.8978576660156 285.7841796875 328.8978576660156
288.06341552734375 249.45059204101562 325.0293426513672 249.45059204101562 325.0293426513672 332.5049285888672 288.06341552734375 332.5049285888672
287.4446105957031 250.66293334960938 324.97807693481445 250.66293334960938 324.97807693481445 334.8579559326172 287.4446105957031 334.8579559326172
287.6705627441406 255.30081176757812 325.69469451904297 255.30081176757812 325.69469451904297 338.2217559814453 287.6705627441406 338.2217559814453
287.13232421875 257.13543701171875 325.27941131591797 257.13543701171875 325.27941131591797 340.3576889038086 287.13232421875 340.3576889038086
285.94915771484375 259.19488525390625 325.1321792602539 259.19488525390625 325.1321792602539 342.30308532714844 285.94915771484375 342.30308532714844
284.143310546875 261.0122985839844 324.357177734375 261.0122985839844 324.357177734375 344.24168395996094 284.143310546875 344.24168395996094
281.80181884765625 264.02606201171875 321.44214630126953 264.02606201171875 321.44214630126953 351.15553283691406 281.80181884765625 351.15553283691406
280.89923095703125 264.9383239746094 321.83560943603516 264.9383239746094 321.83560943603516 351.3076400756836 280.89923095703125 351.3076400756836
278.17108154296875 269.29949951171875 319.134765625 269.29949951171875 319.134765625 354.94456481933594 278.17108154296875 354.94456481933594
276.01165771484375 270.35797119140625 317.07997131347656 270.35797119140625 317.07997131347656 357.51383209228516 276.01165771484375 357.51383209228516
273.78240966796875 274.471923828125 315.69147872924805 274.471923828125 315.69147872924805 360.3942642211914 273.78240966796875 360.3942642211914
273.13909912109375 274.74761962890625 315.1166877746582 274.74761962890625 315.1166877746582 362.09474182128906 273.13909912109375 362.09474182128906
272.86859130859375 277.114501953125 315.1506652832031 277.114501953125 315.1506652832031 364.6626434326172 272.86859130859375 364.6626434326172
