345.0 222.0 437.0 222.0 437.0 306.0 345.0 306.0
353.128173828125 221.2399139404297 446.87327575683594 221.2399139404297 446.87327575683594 303.97220611572266 353.128173828125 303.97220611572266
363.8926086425781 222.8684539794922 458.34130859375 222.8684539794922 458.34130859375 302.1947937011719 363.8926086425781 302.1947937011719
372.48333740234375 221.6820831298828 464.04627990722656 221.6820831298828 464.04627990722656 304.7273635864258 372.48333740234375 304.7273635864258
380.4285583496094 220.3524169921875 468.80323791503906 220.3524169921875 468.80323791503906 303.60335540771484 380.4285583496094 303.60335540771484
385.3753967285156 219.411376953125 474.4025192260742 219.411376953125 474.4025192260742 302.7346649169922 385.3753967285156 302.7346649169922
389.10577392578125 219.0791473388672 477.93177032470703 219.0791473388672 477.93177032470703 302.9619827270508 389.10577392578125 302.9619827270508
395.072509765625 220.90200805664062 481.7387390136719 220.90200805664062 481.7387390136719 302.40667724609375 395.072509765625 302.40667724609375
398.06011962890625 220.6761016845703 484.66886138916016 220.6761016845703 484.66886138916016 302.95849609375 398.06011962890625 302.95849609375
400.30072021484375 220.14285278320312 488.80582427978516 220.14285278320312 488.80582427978516 303.3423767089844 400.30072021484375 303.3423767089844
400.3564453125 221.10507202148438 493.4468231201172 221.10507202148438 493.4468231201172 301.45445251464844 400.3564453125 301.45445251464844
403.4847412109375 220.0645751953125 493.52803802490234 220.0645751953125 493.52803802490234 301.65282440185547 403.4847412109375 301.65282440185547
406.14202880859375 220.27847290039062 495.17093658447266 220.27847290039062 495.17093658447266 303.4013442993164 406.14202880859375 303.4013442993164
406.888671875 219.4003143310547 493.9363250732422 219.4003143310547 493.9363250732422 302.3773422241211 406.888671875 302.3773422241211
406.90631103515625 219.06442260742188 494.17120361328125 219.06442260742188 494.17120361328125 302.8841857910156 406.90631103515625 302.8841857910156
406.4000549316406 218.7666473388672 493.50975036621094 218.7666473388672 493.50975036621094 303.45154571533203 406.4000549316406 303.45154571533203
406.66070556640625 218.966552734375 493.15673828125 218.966552734375 493.15673828125 302.72166442871094 406.66070556640625 302.72166442871094
405.0953674316406 219.09494018554688 494.1414031982422 219.09494018554688 494.1414031982422 303.41918182373047 405.0953674316406 303.41918182373047
405.75341796875 220.0104522705078 494.2856903076172 220.0104522705078 494.2856903076172 304.7643737792969 405.75341796875 304.7643737792969
404.9853820800781 220.13864135742188 494.0567321777344 220.13864135742188 494.0567321777344 303.6051025390625 404.9853820800781 303.6051025390625
404.13812255859375 219.217529296875 494.5000457763672 219.217529296875 494.5000457763672 305.17942810058594 404.13812255859375 305.17942810058594
404.0738525390625 218.62313842773438 492.5610809326172 218.62313842773438 492.5610809326172 303.6697463989258 404.0738525390625 303.6697463989258
404.94403076171875 220.68301391601562 494.18353271484375 220.68301391601562 494.18353271484375 304.89537048339844 404.94403076171875 304.89537048339844
403.2663269042969 219.08248901367188 493.5170211791992 219.08248901367188 493.5170211791992 304.2874298095703 403.2663269042969 304.2874298095703
403.1686096191406 218.9771728515625 492.5841293334961 218.9771728515625 492.5841293334961 304.02362060546875 403.1686096191406 304.02362060546875
401.862060546875 217.6743621826172 493.00447845458984 217.6743621826172 493.00447845458984 304.4961929321289 401.862060546875 304.4961929321289
404.09405517578125 218.86849975585938 492.6472930908203 218.86849975585938 492.6472930908203 303.0044631958008 404.09405517578125 303.0044631958008
404.5193786621094 218.36331176757812 494.2139587402344 218.36331176757812 494.2139587402344 304.2137451171875 404.5193786621094 304.2137451171875
407.2772521972656 216.75186157226562 497.0710754394531 216.75186157226562 497.0710754394531 304.2594909667969 407.2772521972656 304.2594909667969
408.2756652832031 217.2745361328125 499.52354431152344 217.2745361328125 499.52354431152344 304.0134811401367 408.2756652832031 304.0134811401367
411.82989501953125 217.42318725585938 503.727294921875 217.42318725585938 503.727294921875 303.36395263671875 411.82989501953125 303.36395263671875
416.8316955566406 218.1175994873047 511.0122299194336 218.1175994873047 511.0122299194336 302.038818359375 416.8316955566406 302.038818359375
424.4432067871094 217.3166046142578 520.387580871582 217.3166046142578 520.387580871582 301.1923294067383 424.4432067871094 301.1923294067383
431.65008544921875 213.26815795898438 525.2187423706055 213.26815795898438 525.2187423706055 302.17665100097656 431.65008544921875 302.17665100097656
439.57696533203125 213.15829467773438 529.1368789672852 213.15829467773438 529.1368789672852 302.3062973022461 439.57696533203125 302.3062973022461
441.6654357910156 213.31405639648438 532.7270355224609 213.31405639648438 532.7270355224609 301.84249114990234 441.6654357910156 301.84249114990234
448.3001403808594 212.56961059570312 536.3757476806641 212.56961059570312 536.3757476806641 302.03466796875 448.3001403808594 302.03466796875
455.18798828125 212.6509246826172 538.7948684692383 212.6509246826172 538.7948684692383 301.24803161621094 455.18798828125 301.24803161621094
452.77801513671875 211.84140014648438 541.8403625488281 211.84140014648438 541.8403625488281 300.2963104248047 452.77801513671875 300.2963104248047
437.89190673828125 210.8911590576172 535.7804641723633 210.8911590576172 535.7804641723633 296.3854751586914 437.89190673828125 296.3854751586914
443.92230224609375 206.9001007080078 529.0672454833984 206.9001007080078 529.0672454833984 298.7920227050781 443.92230224609375 298.7920227050781
448.12725830078125 205.96871948242188 531.3383255004883 205.96871948242188 531.3383255004883 297.41149139404297 448.12725830078125 297.41149139404297
448.81304931640625 202.72152709960938 534.0522766113281 202.72152709960938 534.0522766113281 297.8761749267578 448.81304931640625 297.8761749267578
450.581787109375 202.74041748046875 537.1278991699219 202.74041748046875 537.1278991699219 295.87420654296875 450.581787109375 295.87420654296875
454.142333984375 201.66127014160156 540.9772415161133 201.66127014160156 540.9772415161133 297.3654022216797 454.142333984375 297.3654022216797
460.28070068359375 199.50283813476562 546.5391464233398 199.50283813476562 546.5391464233398 293.4209442138672 460.28070068359375 293.4209442138672
463.8675842285156 198.0052947998047 548.1907958984375 198.0052947998047 548.1907958984375 291.1510925292969 463.8675842285156 291.1510925292969
465.8428649902344 196.1751251220703 554.170051574707 196.1751251220703 554.170051574707 291.2971725463867 465.8428649902344 291.2971725463867
468.2771911621094 195.96435546875 557.1956939697266 195.96435546875 557.1956939697266 292.33077239990234 468.2771911621094 292.33077239990234
471.63134765625 194.82290649414062 564.1190032958984 194.82290649414062 564.1190032958984 290.0250015258789 471.63134765625 290.0250015258789
474.87884521484375 192.03903198242188 564.4558563232422 192.03903198242188 564.4558563232422 289.2382278442383 474.87884521484375 289.2382278442383
478.4654846191406 191.36270141601562 568.4314117431641 191.36270141601562 568.4314117431641 287.4318084716797 478.4654846191406 287.4318084716797
478.833984375 189.52560424804688 569.3153915405273 189.52560424804688 569.3153915405273 285.26466369628906 478.833984375 285.26466369628906
480.6392517089844 190.00254821777344 576.9563369750977 190.00254821777344 576.9563369750977 283.7001419067383 480.6392517089844 283.7001419067383
486.9466857910156 184.85586547851562 579.1181488037109 184.85586547851562 579.1181488037109 282.3297882080078 486.9466857910156 282.3297882080078
490.34808349609375 184.8046417236328 582.7766265869141 184.8046417236328 582.7766265869141 280.43749237060547 490.34808349609375 280.43749237060547
493.55584716796875 184.0139923095703 585.4336166381836 184.0139923095703 585.4336166381836 280.02005767822266 493.55584716796875 280.02005767822266
497.23419189453125 184.64248657226562 587.1998138427734 184.64248657226562 587.1998138427734 279.83042907714844 497.23419189453125 279.83042907714844
495.91241455078125 184.76101684570312 585.7575073242188 184.76101684570312 585.7575073242188 279.18931579589844 495.91241455078125 279.18931579589844
496.62261962890625 183.79541015625 587.507209777832 183.79541015625 587.507209777832 278.02882385253906 496.62261962890625 278.02882385253906
498.50439453125 183.6887664794922 589.5861587524414 183.6887664794922 589.5861587524414 279.83656311035156 498.50439453125 279.83656311035156
495.7767639160156 181.22848510742188 587.6944274902344 181.22848510742188 587.6944274902344 277.04659271240234 495.7767639160156 277.04659271240234
500.4202575683594 181.13983154296875 588.4141693115234 181.13983154296875 588.4141693115234 274.0988082885742 500.4202575683594 274.0988082885742
498.63629150390625 180.8483123779297 588.5261993408203 180.8483123779297 588.5261993408203 275.0840835571289 498.63629150390625 275.0840835571289
498.74334716796875 181.962646484375 587.9930191040039 181.962646484375 587.9930191040039 276.43775177001953 498.74334716796875 276.43775177001953
489.4712829589844 181.68148803710938 597.1445007324219 181.68148803710938 597.1445007324219 282.21376037597656 489.4712829589844 282.21376037597656
473.5062561035156 184.67044067382812 582.9520721435547 184.67044067382812 582.9520721435547 278.4327926635742 473.5062561035156 278.4327926635742
476.38494873046875 178.55691528320312 572.8638153076172 178.55691528320312 572.8638153076172 274.48136138916016 476.38494873046875 274.48136138916016
478.5067443847656 180.5633087158203 570.9557342529297 180.5633087158203 570.9557342529297 276.2348861694336 478.5067443847656 276.2348861694336
476.60723876953125 180.0365753173828 568.780387878418 180.0365753173828 568.780387878418 276.2752456665039 476.60723876953125 276.2752456665039
475.8357849121094 180.7818603515625 567.6563491821289 180.7818603515625 567.6563491821289 275.91947174072266 475.8357849121094 275.91947174072266
476.47900390625 181.04873657226562 568.3553161621094 181.04873657226562 568.3553161621094 276.6305389404297 476.47900390625 276.6305389404297
477.23504638671875 180.03082275390625 568.9603652954102 180.03082275390625 568.9603652954102 273.8268127441406 477.23504638671875 273.8268127441406
476.4188537597656 180.33863830566406 568.9939651489258 180.33863830566406 568.9939651489258 274.3604736328125 476.4188537597656 274.3604736328125
480.7955017089844 180.42694091796875 570.3449020385742 180.42694091796875 570.3449020385742 273.29222106933594 480.7955017089844 273.29222106933594
478.18072509765625 180.5589599609375 570.0325469970703 180.5589599609375 570.0325469970703 274.70760345458984 478.18072509765625 274.70760345458984
480.2826232910156 179.51528930664062 569.3029937744141 179.51528930664062 569.3029937744141 272.890869140625 480.2826232910156 272.890869140625
480.5848693847656 179.6020050048828 570.4364547729492 179.6020050048828 570.4364547729492 272.8304977416992 480.5848693847656 272.8304977416992
479.78680419921875 180.83615112304688 568.5410003662109 180.83615112304688 568.5410003662109 273.3475799560547 479.78680419921875 273.3475799560547
483.1981506347656 179.02525329589844 570.4081802368164 179.02525329589844 570.4081802368164 270.6191940307617 483.1981506347656 270.6191940307617
481.1279296875 179.2374725341797 570.1035003662109 179.2374725341797 570.1035003662109 272.64493560791016 481.1279296875 272.64493560791016
474.7445373535156 181.8690643310547 566.8439025878906 181.8690643310547 566.8439025878906 276.75892639160156 474.7445373535156 276.75892639160156
477.98687744140625 180.7689666748047 568.1122283935547 180.7689666748047 568.1122283935547 275.43479919433594 477.98687744140625 275.43479919433594
477.67047119140625 181.7930450439453 568.973876953125 181.7930450439453 568.973876953125 276.2793960571289 477.67047119140625 276.2793960571289
478.44561767578125 180.87277221679688 568.6516876220703 180.87277221679688 568.6516876220703 274.2067337036133 478.44561767578125 274.2067337036133
478.79803466796875 180.13125610351562 568.1621551513672 180.13125610351562 568.1621551513672 272.94610595703125 478.79803466796875 272.94610595703125
477.66351318359375 182.86090087890625 566.3880081176758 182.86090087890625 566.3880081176758 275.7379608154297 477.66351318359375 275.7379608154297
478.3739318847656 181.26318359375 567.1922302246094 181.26318359375 567.1922302246094 274.15234375 478.3739318847656 274.15234375
481.84014892578125 180.48020935058594 568.8127746582031 180.48020935058594 568.8127746582031 274.83544158935547 481.84014892578125 274.83544158935547
477.58331298828125 180.60958862304688 567.9834976196289 180.60958862304688 567.9834976196289 274.95509338378906 477.58331298828125 274.95509338378906
478.2127380371094 180.11183166503906 568.4579620361328 180.11183166503906 568.4579620361328 274.90209197998047 478.2127380371094 274.90209197998047
477.88177490234375 181.728759765625 568.4468002319336 181.728759765625 568.4468002319336 277.0460891723633 477.88177490234375 277.0460891723633
476.06219482421875 181.54107666015625 567.2057647705078 181.54107666015625 567.2057647705078 275.6576614379883 476.06219482421875 275.6576614379883
477.20257568359375 180.12286376953125 568.4024200439453 180.12286376953125 568.4024200439453 275.7936248779297 477.20257568359375 275.7936248779297
475.9217834472656 179.23715209960938 568.4664459228516 179.23715209960938 568.4664459228516 276.5736770629883 475.9217834472656 276.5736770629883
477.9144592285156 180.57418823242188 568.1842422485352 180.57418823242188 568.1842422485352 276.16676330566406 477.9144592285156 276.16676330566406
477.846923828125 180.20474243164062 568.3722991943359 180.20474243164062 568.3722991943359 276.1785659790039 477.846923828125 276.1785659790039
479.86029052734375 178.94284057617188 569.3135986328125 178.94284057617188 569.3135986328125 273.8907699584961 479.86029052734375 273.8907699584961
477.75372314453125 178.97242736816406 568.2205047607422 178.97242736816406 568.2205047607422 274.8008728027344 477.75372314453125 274.8008728027344
477.9871520996094 180.1244354248047 568.0808563232422 180.1244354248047 568.0808563232422 275.7313461303711 477.9871520996094 275.7313461303711
478.1241760253906 182.81394958496094 568.9760665893555 182.81394958496094 568.9760665893555 278.62571716308594 478.1241760253906 278.62571716308594
478.0726623535156 180.67491149902344 567.9244995117188 180.67491149902344 567.9244995117188 276.1893005371094 478.0726623535156 276.1893005371094
475.2772521972656 179.90835571289062 567.5986328125 179.90835571289062 567.5986328125 276.8218078613281 475.2772521972656 276.8218078613281
471.71563720703125 180.56787109375 567.2153701782227 180.56787109375 567.2153701782227 279.0104217529297 471.71563720703125 279.0104217529297
474.614013671875 181.4789276123047 568.622802734375 181.4789276123047 568.622802734375 280.87794494628906 474.614013671875 280.87794494628906
473.080810546875 181.04823303222656 567.9162368774414 181.04823303222656 567.9162368774414 280.0822525024414 473.080810546875 280.0822525024414
465.7550354003906 182.5155792236328 565.7287063598633 182.5155792236328 565.7287063598633 282.7413864135742 465.7550354003906 282.7413864135742
463.43621826171875 183.3322296142578 561.2534942626953 183.3322296142578 561.2534942626953 284.0581817626953 463.43621826171875 284.0581817626953
461.1524353027344 182.3714599609375 555.8963623046875 182.3714599609375 555.8963623046875 280.3040008544922 461.1524353027344 280.3040008544922
462.5706481933594 184.8060760498047 552.7827987670898 184.8060760498047 552.7827987670898 283.30591583251953 462.5706481933594 283.30591583251953
463.6244201660156 188.31021118164062 551.3381118774414 188.31021118164062 551.3381118774414 286.0896682739258 463.6244201660156 286.0896682739258
459.822021484375 187.49742126464844 548.7171096801758 187.49742126464844 548.7171096801758 287.29443359375 459.822021484375 287.29443359375
458.42254638671875 184.79379272460938 547.6854629516602 184.79379272460938 547.6854629516602 285.0701446533203 458.42254638671875 285.0701446533203
455.8818359375 185.43698120117188 547.2444305419922 185.43698120117188 547.2444305419922 285.34403228759766 455.8818359375 285.34403228759766
455.32244873046875 185.31201171875 549.2931365966797 185.31201171875 549.2931365966797 284.8799514770508 455.32244873046875 284.8799514770508
455.47686767578125 184.26394653320312 549.6641311645508 184.26394653320312 549.6641311645508 282.17189025878906 455.47686767578125 282.17189025878906
453.80841064453125 187.17977905273438 549.5256805419922 187.17977905273438 549.5256805419922 282.9665069580078 453.80841064453125 282.9665069580078
455.87646484375 185.5221405029297 550.1073303222656 185.5221405029297 550.1073303222656 281.6695556640625 455.87646484375 281.6695556640625
457.62762451171875 186.04615783691406 550.8066177368164 186.04615783691406 550.8066177368164 282.00305938720703 457.62762451171875 282.00305938720703
458.27215576171875 185.40145874023438 550.1548309326172 185.40145874023438 550.1548309326172 281.44439697265625 458.27215576171875 281.44439697265625
456.05889892578125 186.21737670898438 549.0247039794922 186.21737670898438 549.0247039794922 282.03540802001953 456.05889892578125 282.03540802001953
456.51739501953125 185.8218536376953 547.6282501220703 185.8218536376953 547.6282501220703 279.5194091796875 456.51739501953125 279.5194091796875
456.19158935546875 184.64857482910156 548.6894912719727 184.64857482910156 548.6894912719727 279.75755310058594 456.19158935546875 279.75755310058594
456.47857666015625 184.90048217773438 549.0098724365234 184.90048217773438 549.0098724365234 280.26500701904297 456.47857666015625 280.26500701904297
459.551025390625 185.7232666015625 550.9887237548828 185.7232666015625 550.9887237548828 282.4368362426758 459.551025390625 282.4368362426758
456.9751892089844 185.5188446044922 549.7995452880859 185.5188446044922 549.7995452880859 280.90853118896484 456.9751892089844 280.90853118896484
458.8433532714844 185.40650939941406 550.1739959716797 185.40650939941406 550.1739959716797 281.86043548583984 458.8433532714844 281.86043548583984
455.83013916015625 184.92091369628906 547.3052215576172 184.92091369628906 547.3052215576172 281.10298919677734 455.83013916015625 281.10298919677734
458.3766174316406 184.32766723632812 551.0432891845703 184.32766723632812 551.0432891845703 281.1991500854492 458.3766174316406 281.1991500854492
456.59796142578125 184.74496459960938 546.7797088623047 184.74496459960938 546.7797088623047 281.3043670654297 456.59796142578125 281.3043670654297
458.6588439941406 183.46580505371094 548.928352355957 183.46580505371094 548.928352355957 282.15599060058594 458.6588439941406 282.15599060058594
460.76824951171875 185.467041015625 551.195671081543 185.467041015625 551.195671081543 283.5461730957031 460.76824951171875 283.5461730957031
461.2701110839844 185.5109100341797 550.8119812011719 185.5109100341797 550.8119812011719 283.8053207397461 461.2701110839844 283.8053207397461
462.8150329589844 185.50559997558594 551.4434356689453 185.50559997558594 551.4434356689453 282.0185241699219 462.8150329589844 282.0185241699219
465.362060546875 185.1064910888672 552.5381774902344 185.1064910888672 552.5381774902344 279.8130798339844 465.362060546875 279.8130798339844
467.1380310058594 186.2635955810547 553.5119247436523 186.2635955810547 553.5119247436523 280.6344680786133 467.1380310058594 280.6344680786133
466.529541015625 190.9331817626953 552.0564346313477 190.9331817626953 552.0564346313477 283.9979553222656 466.529541015625 283.9979553222656
465.35791015625 187.71543884277344 551.9428329467773 187.71543884277344 551.9428329467773 281.4942626953125 465.35791015625 281.4942626953125
465.54632568359375 187.93661499023438 551.0790023803711 187.93661499023438 551.0790023803711 282.5688781738281 465.54632568359375 282.5688781738281
464.4432678222656 186.35263061523438 551.641975402832 186.35263061523438 551.641975402832 282.103271484375 464.4432678222656 282.103271484375
467.48907470703125 187.39015197753906 552.4724960327148 187.39015197753906 552.4724960327148 281.3952178955078 467.48907470703125 281.3952178955078
469.04510498046875 190.6983184814453 553.2233428955078 190.6983184814453 553.2233428955078 281.70665740966797 469.04510498046875 281.70665740966797
467.6556701660156 190.86566162109375 549.8784332275391 190.86566162109375 549.8784332275391 280.80133056640625 467.6556701660156 280.80133056640625
467.259033203125 188.31497192382812 550.6503143310547 188.31497192382812 550.6503143310547 279.85414123535156 467.259033203125 279.85414123535156
469.92352294921875 190.5905303955078 551.9092788696289 190.5905303955078 551.9092788696289 280.4132385253906 469.92352294921875 280.4132385253906
469.0699157714844 189.80784606933594 550.7621917724609 189.80784606933594 550.7621917724609 281.04579162597656 469.0699157714844 281.04579162597656
468.87774658203125 187.40882873535156 553.4104385375977 187.40882873535156 553.4104385375977 280.6162872314453 468.87774658203125 280.6162872314453
467.5069274902344 189.1429901123047 552.1019592285156 189.1429901123047 552.1019592285156 281.6991271972656 467.5069274902344 281.6991271972656
468.76275634765625 188.47549438476562 553.3638153076172 188.47549438476562 553.3638153076172 281.12669372558594 468.76275634765625 281.12669372558594
467.6067810058594 188.1183319091797 552.3954620361328 188.1183319091797 552.3954620361328 281.28165435791016 467.6067810058594 281.28165435791016
467.29913330078125 188.8614959716797 553.6508331298828 188.8614959716797 553.6508331298828 282.40792083740234 467.29913330078125 282.40792083740234
467.35394287109375 187.5984344482422 553.7392425537109 187.5984344482422 553.7392425537109 280.85746002197266 467.35394287109375 280.85746002197266
465.95343017578125 186.05209350585938 552.9823684692383 186.05209350585938 552.9823684692383 279.8926467895508 465.95343017578125 279.8926467895508
463.8448791503906 186.0919647216797 551.1692428588867 186.0919647216797 551.1692428588867 280.2955322265625 463.8448791503906 280.2955322265625
461.8199768066406 185.72671508789062 550.2376556396484 185.72671508789062 550.2376556396484 278.8905029296875 461.8199768066406 278.8905029296875
460.74884033203125 187.84786987304688 545.8738555908203 187.84786987304688 545.8738555908203 279.59603118896484 460.74884033203125 279.59603118896484
459.13238525390625 187.18014526367188 544.9931869506836 187.18014526367188 544.9931869506836 278.5454635620117 459.13238525390625 278.5454635620117
458.46331787109375 183.37741088867188 544.1810531616211 183.37741088867188 544.1810531616211 275.65645599365234 458.46331787109375 275.65645599365234
454.14898681640625 185.78887939453125 541.9517440795898 185.78887939453125 541.9517440795898 277.73558044433594 454.14898681640625 277.73558044433594
447.90386962890625 181.97805786132812 535.3416595458984 181.97805786132812 535.3416595458984 278.4015655517578 447.90386962890625 278.4015655517578
446.1175842285156 180.93634033203125 533.3318405151367 180.93634033203125 533.3318405151367 277.64329528808594 446.1175842285156 277.64329528808594
444.82342529296875 181.6720428466797 531.2919464111328 181.6720428466797 531.2919464111328 276.71241760253906 444.82342529296875 276.71241760253906
441.7015075683594 181.58477783203125 525.8378829956055 181.58477783203125 525.8378829956055 274.48445892333984 441.7015075683594 274.48445892333984
430.7630920410156 180.42771911621094 514.2614593505859 180.42771911621094 514.2614593505859 270.70155334472656 430.7630920410156 270.70155334472656
425.56805419921875 178.5794219970703 513.4092864990234 178.5794219970703 513.4092864990234 270.37339782714844 425.56805419921875 270.37339782714844
414.5079040527344 182.92855834960938 503.1177291870117 182.92855834960938 503.1177291870117 269.4204864501953 414.5079040527344 269.4204864501953
403.65240478515625 180.32479858398438 495.31092834472656 180.32479858398438 495.31092834472656 267.5802230834961 403.65240478515625 267.5802230834961
395.7391052246094 177.08547973632812 489.91040802001953 177.08547973632812 489.91040802001953 268.51483154296875 395.7391052246094 268.51483154296875
385.0229187011719 178.967529296875 478.58846282958984 178.967529296875 478.58846282958984 267.96067810058594 385.0229187011719 267.96067810058594
373.69976806640625 180.92282104492188 466.2081298828125 180.92282104492188 466.2081298828125 268.27305603027344 373.69976806640625 268.27305603027344
356.45037841796875 180.08627319335938 451.2327117919922 180.08627319335938 451.2327117919922 265.1738739013672 356.45037841796875 265.1738739013672
330.6496887207031 179.0144500732422 424.6665725708008 179.0144500732422 424.6665725708008 267.86376953125 330.6496887207031 267.86376953125
328.66107177734375 183.11053466796875 421.34859466552734 183.11053466796875 421.34859466552734 268.9916534423828 328.66107177734375 268.9916534423828
319.0180969238281 181.55450439453125 413.54991149902344 181.55450439453125 413.54991149902344 268.0443801879883 319.0180969238281 268.0443801879883
312.03546142578125 180.81655883789062 406.6800308227539 180.81655883789062 406.6800308227539 266.8900451660156 312.03546142578125 266.8900451660156
305.5558166503906 183.8191680908203 400.45611572265625 183.8191680908203 400.45611572265625 267.3062438964844 305.5558166503906 267.3062438964844
296.381103515625 183.14260864257812 391.8206558227539 183.14260864257812 391.8206558227539 267.4953155517578 296.381103515625 267.4953155517578
284.8517761230469 178.77084350585938 384.7787780761719 178.77084350585938 384.7787780761719 266.3408966064453 284.8517761230469 266.3408966064453
277.48052978515625 179.92123413085938 375.67591857910156 179.92123413085938 375.67591857910156 267.3434295654297 277.48052978515625 267.3434295654297
272.9698486328125 182.4317169189453 368.92520904541016 182.4317169189453 368.92520904541016 271.25524139404297 272.9698486328125 271.25524139404297
267.6147155761719 177.35324096679688 362.8060760498047 177.35324096679688 362.8060760498047 268.8365936279297 267.6147155761719 268.8365936279297
256.9971618652344 179.31781005859375 355.1996765136719 179.31781005859375 355.1996765136719 274.05491638183594 256.9971618652344 274.05491638183594
252.7241668701172 179.958740234375 348.7697448730469 179.958740234375 348.7697448730469 275.5629653930664 252.7241668701172 275.5629653930664
248.10787963867188 182.6859588623047 341.58265686035156 182.6859588623047 341.58265686035156 279.56483459472656 248.10787963867188 279.56483459472656
223.2407684326172 193.95375061035156 328.22872161865234 193.95375061035156 328.22872161865234 287.79978942871094 223.2407684326172 287.79978942871094
229.42135620117188 195.1877899169922 325.63966369628906 195.1877899169922 325.63966369628906 284.1456069946289 229.42135620117188 284.1456069946289
224.7707977294922 199.39244079589844 320.31085205078125 199.39244079589844 320.31085205078125 286.7757034301758 224.7707977294922 286.7757034301758
220.87051391601562 199.7489013671875 313.27828216552734 199.7489013671875 313.27828216552734 289.03340911865234 220.87051391601562 289.03340911865234
216.6785888671875 203.6461181640625 311.2935333251953 203.6461181640625 311.2935333251953 293.83447265625 216.6785888671875 293.83447265625
214.05221557617188 205.4459686279297 306.3233108520508 205.4459686279297 306.3233108520508 294.6927795410156 214.05221557617188 294.6927795410156
209.10549926757812 208.6632843017578 302.91835021972656 208.6632843017578 302.91835021972656 298.15506744384766 209.10549926757812 298.15506744384766
208.7927703857422 212.9376678466797 300.2236633300781 212.9376678466797 300.2236633300781 299.71056365966797 208.7927703857422 299.71056365966797
203.40232849121094 214.45370483398438 295.39385986328125 214.45370483398438 295.39385986328125 302.78575897216797 203.40232849121094 302.78575897216797
201.87008666992188 215.1377410888672 294.46226501464844 215.1377410888672 294.46226501464844 303.19744873046875 201.87008666992188 303.19744873046875
197.9625244140625 220.04049682617188 290.2217102050781 220.04049682617188 290.2217102050781 309.1058044433594 197.9625244140625 309.1058044433594
194.37364196777344 219.1250762939453 286.7096252441406 219.1250762939453 286.7096252441406 305.16356658935547 194.37364196777344 305.16356658935547
190.23910522460938 222.5130157470703 282.3197708129883 222.5130157470703 282.3197708129883 310.2771759033203 190.23910522460938 310.2771759033203
183.24789428710938 225.2570037841797 277.0355224609375 225.2570037841797 277.0355224609375 313.6232681274414 183.24789428710938 313.6232681274414
179.26296997070312 227.2737579345703 270.8070373535156 227.2737579345703 270.8070373535156 315.13172149658203 179.26296997070312 315.13172149658203
169.65000915527344 229.4796600341797 265.1554718017578 229.4796600341797 265.1554718017578 315.50079345703125 169.65000915527344 315.50079345703125
161.3839111328125 237.225830078125 255.4884490966797 237.225830078125 255.4884490966797 326.66007232666016 161.3839111328125 326.66007232666016
150.3623809814453 240.2584228515625 246.56085205078125 240.2584228515625 246.56085205078125 325.72105407714844 150.3623809814453 325.72105407714844
139.74533081054688 243.1986541748047 238.78800201416016 243.1986541748047 238.78800201416016 332.96331787109375 139.74533081054688 332.96331787109375
125.7844009399414 250.0399169921875 226.00792694091797 250.0399169921875 226.00792694091797 337.50250244140625 125.7844009399414 337.50250244140625
114.34968566894531 253.3469696044922 215.3290252685547 253.3469696044922 215.3290252685547 346.5525207519531 114.34968566894531 346.5525207519531
105.50584411621094 252.9764404296875 206.8571014404297 252.9764404296875 206.8571014404297 347.7357864379883 105.50584411621094 347.7357864379883
89.64030456542969 259.22900390625 196.17520141601562 259.22900390625 196.17520141601562 356.09195709228516 89.64030456542969 356.09195709228516
33.37561798095703 278.3734436035156 140.93212127685547 278.3734436035156 140.93212127685547 375.20262145996094 33.37561798095703 375.20262145996094
26.930923461914062 283.79083251953125 135.77745819091797 283.79083251953125 135.77745819091797 381.66407775878906 26.930923461914062 381.66407775878906
11.435930252075195 293.0118103027344 121.71797370910645 293.0118103027344 121.71797370910645 391.482177734375 11.435930252075195 391.482177734375
0.0 296.61541748046875 113.0139389038086 296.61541748046875 113.0139389038086 395.9795379638672 0.0 395.9795379638672
