578.0 29.0 606.0 29.0 606.0 59.0 578.0 59.0
576.4915771484375 27.771642684936523 603.0644683837891 27.771642684936523 603.0644683837891 56.18377685546875 576.4915771484375 56.18377685546875
576.5499267578125 27.063257217407227 602.963550567627 27.063257217407227 602.963550567627 56.469953536987305 576.5499267578125 56.469953536987305
575.6090087890625 26.863277435302734 602.9377250671387 26.863277435302734 602.9377250671387 57.630001068115234 575.6090087890625 57.630001068115234
574.1136474609375 28.03985023498535 601.8420295715332 28.03985023498535 601.8420295715332 57.50052452087402 574.1136474609375 57.50052452087402
572.4440307617188 33.00489044189453 601.4619178771973 33.00489044189453 601.4619178771973 62.474409103393555 572.4440307617188 62.474409103393555
573.28369140625 34.193763732910156 602.6085720062256 34.193763732910156 602.6085720062256 63.755775451660156 573.28369140625 63.755775451660156
573.7258911132812 39.35560607910156 603.6263580322266 39.35560607910156 603.6263580322266 70.29702758789062 573.7258911132812 70.29702758789062
577.076171875 42.117347717285156 606.513355255127 42.117347717285156 606.513355255127 73.65719223022461 577.076171875 73.65719223022461
576.7877807617188 48.816566467285156 608.5926475524902 48.816566467285156 608.5926475524902 76.76368522644043 576.7877807617188 76.76368522644043
579.6622924804688 52.45674514770508 610.8976402282715 52.45674514770508 610.8976402282715 80.90497207641602 579.6622924804688 80.90497207641602
582.1071166992188 53.77294921875 613.0271053314209 53.77294921875 613.0271053314209 82.12385177612305 582.1071166992188 82.12385177612305
585.9849853515625 53.72611618041992 615.9820919036865 53.72611618041992 615.9820919036865 81.95908737182617 585.9849853515625 81.95908737182617
589.21728515625 52.28364944458008 617.9498100280762 52.28364944458008 617.9498100280762 82.75868606567383 589.21728515625 82.75868606567383
590.3551635742188 51.8701286315918 618.5540504455566 51.8701286315918 618.5540504455566 81.17523384094238 590.3551635742188 81.17523384094238
592.8045043945312 48.20429229736328 619.7311401367188 48.20429229736328 619.7311401367188 80.2698745727539 592.8045043945312 80.2698745727539
593.3975830078125 47.111446380615234 619.9016227722168 47.111446380615234 619.9016227722168 80.57007217407227 593.3975830078125 80.57007217407227
593.5999145507812 46.18962478637695 620.3071022033691 46.18962478637695 620.3071022033691 79.74213790893555 593.5999145507812 79.74213790893555
592.1604614257812 47.876800537109375 619.7671165466309 47.876800537109375 619.7671165466309 80.0971794128418 592.1604614257812 80.0971794128418
590.490234375 52.350440979003906 618.0800018310547 52.350440979003906 618.0800018310547 83.51175308227539 590.490234375 83.51175308227539
589.2598266601562 56.3493766784668 616.9777412414551 56.3493766784668 616.9777412414551 86.31633758544922 589.2598266601562 86.31633758544922
585.9144287109375 60.99089431762695 614.7071266174316 60.99089431762695 614.7071266174316 88.96567153930664 585.9144287109375 88.96567153930664
581.3872680664062 65.0355224609375 612.3943881988525 65.0355224609375 612.3943881988525 93.72703170776367 581.3872680664062 93.72703170776367
579.90478515625 65.8754653930664 608.9001159667969 65.8754653930664 608.9001159667969 96.94189262390137 579.90478515625 96.94189262390137
572.685546875 67.89791107177734 605.3794479370117 67.89791107177734 605.3794479370117 97.23504829406738 572.685546875 97.23504829406738
567.39697265625 66.64588928222656 599.909839630127 66.64588928222656 599.909839630127 96.63876724243164 567.39697265625 96.63876724243164
565.7023315429688 66.27727508544922 597.4122104644775 66.27727508544922 597.4122104644775 98.03029251098633 565.7023315429688 98.03029251098633
563.6729736328125 63.553016662597656 594.533935546875 63.553016662597656 594.533935546875 96.60614776611328 563.6729736328125 96.60614776611328
561.4852294921875 63.975059509277344 592.346887588501 63.975059509277344 592.346887588501 96.71694946289062 561.4852294921875 96.71694946289062
560.5560302734375 64.01165771484375 591.3206939697266 64.01165771484375 591.3206939697266 97.1050796508789 560.5560302734375 97.1050796508789
559.9462280273438 65.11991119384766 589.7610626220703 65.11991119384766 589.7610626220703 98.52240753173828 559.9462280273438 98.52240753173828
559.3607788085938 68.98210144042969 589.1622219085693 68.98210144042969 589.1622219085693 100.99975204467773 559.3607788085938 100.99975204467773
558.3470458984375 72.15778350830078 588.823694229126 72.15778350830078 588.823694229126 105.28228378295898 558.3470458984375 105.28228378295898
557.9945068359375 77.62428283691406 589.5195960998535 77.62428283691406 589.5195960998535 109.69160842895508 557.9945068359375 109.69160842895508
558.2703857421875 80.79154205322266 590.9814834594727 80.79154205322266 590.9814834594727 114.03097152709961 558.2703857421875 114.03097152709961
560.630859375 83.91583251953125 593.7303733825684 83.91583251953125 593.7303733825684 116.60774993896484 560.630859375 116.60774993896484
561.2438354492188 85.15179443359375 595.2062568664551 85.15179443359375 595.2062568664551 119.87693405151367 561.2438354492188 119.87693405151367
564.810546875 83.4373550415039 598.7791175842285 83.4373550415039 598.7791175842285 120.82637786865234 564.810546875 120.82637786865234
565.4974365234375 82.92137145996094 599.9951820373535 82.92137145996094 599.9951820373535 120.22301483154297 565.4974365234375 120.22301483154297
566.1448974609375 81.9017562866211 600.4170532226562 81.9017562866211 600.4170532226562 118.9978256225586 566.1448974609375 118.9978256225586
565.5880126953125 78.92312622070312 599.2424583435059 78.92312622070312 599.2424583435059 117.76786041259766 565.5880126953125 117.76786041259766
565.1544189453125 78.34938049316406 597.8000679016113 78.34938049316406 597.8000679016113 115.96147155761719 565.1544189453125 115.96147155761719
564.1326904296875 78.23497009277344 596.9895477294922 78.23497009277344 596.9895477294922 116.64712142944336 564.1326904296875 116.64712142944336
561.5670776367188 81.14179992675781 594.8919296264648 81.14179992675781 594.8919296264648 118.18864059448242 561.5670776367188 118.18864059448242
559.5517578125 87.65374755859375 593.0266036987305 87.65374755859375 593.0266036987305 123.00897598266602 559.5517578125 123.00897598266602
557.7271728515625 91.6206283569336 591.1717567443848 91.6206283569336 591.1717567443848 126.45170974731445 557.7271728515625 126.45170974731445
553.8091430664062 98.24713134765625 587.4257125854492 98.24713134765625 587.4257125854492 130.7315673828125 553.8091430664062 130.7315673828125
548.524169921875 102.41059875488281 584.3402633666992 102.41059875488281 584.3402633666992 135.79280853271484 548.524169921875 135.79280853271484
544.8772583007812 104.82826232910156 580.4438362121582 104.82826232910156 580.4438362121582 137.86263275146484 544.8772583007812 137.86263275146484
540.1346435546875 105.41451263427734 575.2794380187988 105.41451263427734 575.2794380187988 139.5282440185547 540.1346435546875 139.5282440185547
534.8539428710938 105.39322662353516 569.8158912658691 105.39322662353516 569.8158912658691 138.26288604736328 534.8539428710938 138.26288604736328
532.3309326171875 105.87995910644531 566.777717590332 105.87995910644531 566.777717590332 139.0803985595703 532.3309326171875 139.0803985595703
529.08642578125 105.64522552490234 562.7970161437988 105.64522552490234 562.7970161437988 138.82186126708984 529.08642578125 138.82186126708984
525.9902954101562 105.62284088134766 560.9496078491211 105.62284088134766 560.9496078491211 138.23706436157227 525.9902954101562 138.23706436157227
525.128173828125 106.51778411865234 559.1993064880371 106.51778411865234 559.1993064880371 139.70538711547852 525.128173828125 139.70538711547852
522.7322998046875 108.44384765625 556.0702438354492 108.44384765625 556.0702438354492 142.08968353271484 522.7322998046875 142.08968353271484
520.66015625 114.79435729980469 553.6971855163574 114.79435729980469 553.6971855163574 147.03129196166992 520.66015625 147.03129196166992
518.7337646484375 117.6493911743164 552.6574821472168 117.6493911743164 552.6574821472168 152.20205688476562 518.7337646484375 152.20205688476562
517.3961791992188 121.97956848144531 551.9725227355957 121.97956848144531 551.9725227355957 158.87639617919922 517.3961791992188 158.87639617919922
517.82177734375 127.4152603149414 552.4168167114258 127.4152603149414 552.4168167114258 163.52230834960938 517.82177734375 163.52230834960938
518.185791015625 127.48941802978516 553.3857536315918 127.48941802978516 553.3857536315918 166.50446319580078 518.185791015625 166.50446319580078
518.5797119140625 128.00013732910156 554.9258804321289 128.00013732910156 554.9258804321289 168.70208740234375 518.5797119140625 168.70208740234375
518.5921020507812 129.6903839111328 554.8646507263184 129.6903839111328 554.8646507263184 168.5736312866211 518.5921020507812 168.5736312866211
517.4552001953125 129.52122497558594 554.6752510070801 129.52122497558594 554.6752510070801 168.48992919921875 517.4552001953125 168.48992919921875
516.6246337890625 129.0333709716797 553.4924850463867 129.0333709716797 553.4924850463867 168.35935974121094 516.6246337890625 168.35935974121094
515.53857421875 131.17001342773438 551.8252143859863 131.17001342773438 551.8252143859863 169.53518676757812 515.53857421875 169.53518676757812
514.8990478515625 133.87025451660156 550.2694549560547 133.87025451660156 550.2694549560547 171.6754608154297 514.8990478515625 171.6754608154297
512.4892578125 141.2926483154297 547.8180046081543 141.2926483154297 547.8180046081543 176.95283889770508 512.4892578125 176.95283889770508
511.45379638671875 146.2503662109375 546.807056427002 146.2503662109375 546.807056427002 179.9390869140625 511.45379638671875 179.9390869140625
508.5337829589844 150.6412811279297 545.7586898803711 150.6412811279297 545.7586898803711 186.7802619934082 508.5337829589844 186.7802619934082
506.38299560546875 153.55490112304688 543.5715789794922 153.55490112304688 543.5715789794922 190.50200653076172 506.38299560546875 190.50200653076172
504.65362548828125 155.6291046142578 541.8322372436523 155.6291046142578 541.8322372436523 191.58698272705078 504.65362548828125 191.58698272705078
500.63665771484375 156.50552368164062 538.1699600219727 156.50552368164062 538.1699600219727 194.2578353881836 500.63665771484375 194.2578353881836
498.89898681640625 156.0301513671875 536.3005294799805 156.0301513671875 536.3005294799805 197.28873825073242 498.89898681640625 197.28873825073242
498.82379150390625 156.3736572265625 535.0929489135742 156.3736572265625 535.0929489135742 197.39739227294922 498.82379150390625 197.39739227294922
497.09375 157.38809204101562 535.0400505065918 157.38809204101562 535.0400505065918 198.780029296875 497.09375 198.780029296875
496.9258728027344 162.620361328125 533.8007698059082 162.620361328125 533.8007698059082 200.90105438232422 496.9258728027344 200.90105438232422
495.6537170410156 166.068603515625 533.5902137756348 166.068603515625 533.5902137756348 203.2771224975586 495.6537170410156 203.2771224975586
495.0450134277344 170.60427856445312 533.2314682006836 170.60427856445312 533.2314682006836 207.9713592529297 495.0450134277344 207.9713592529297
496.20904541015625 177.4641571044922 532.7679100036621 177.4641571044922 532.7679100036621 213.62345123291016 496.20904541015625 213.62345123291016
495.8462829589844 182.12474060058594 533.6499061584473 182.12474060058594 533.6499061584473 218.52842712402344 495.8462829589844 218.52842712402344
496.1893005371094 188.2357940673828 536.459056854248 188.2357940673828 536.459056854248 223.57992935180664 496.1893005371094 223.57992935180664
499.2491149902344 192.42462158203125 539.4508895874023 192.42462158203125 539.4508895874023 228.24122619628906 499.2491149902344 228.24122619628906
502.42315673828125 193.62515258789062 541.6883354187012 193.62515258789062 541.6883354187012 230.14885330200195 502.42315673828125 230.14885330200195
506.29443359375 194.57318115234375 545.8343391418457 194.57318115234375 545.8343391418457 232.64929962158203 506.29443359375 232.64929962158203
509.021240234375 193.1923370361328 546.3646621704102 193.1923370361328 546.3646621704102 233.56888580322266 509.021240234375 233.56888580322266
510.3943786621094 192.1678924560547 546.6394882202148 192.1678924560547 546.6394882202148 231.1818618774414 510.3943786621094 231.1818618774414
510.4283142089844 190.32498168945312 545.2738227844238 190.32498168945312 545.2738227844238 229.66340255737305 510.4283142089844 229.66340255737305
508.55816650390625 188.60714721679688 545.4715538024902 188.60714721679688 545.4715538024902 228.15721893310547 508.55816650390625 228.15721893310547
507.9920349121094 192.12368774414062 540.7219429016113 192.12368774414062 540.7219429016113 233.3227424621582 507.9920349121094 233.3227424621582
505.3013610839844 197.74594116210938 536.4901924133301 197.74594116210938 536.4901924133301 235.42604064941406 505.3013610839844 235.42604064941406
501.1868591308594 205.2501983642578 533.8002090454102 205.2501983642578 533.8002090454102 242.78665924072266 501.1868591308594 242.78665924072266
497.936767578125 210.0145263671875 530.1426200866699 210.0145263671875 530.1426200866699 247.86312103271484 497.936767578125 247.86312103271484
491.5159606933594 215.6312255859375 525.8151550292969 215.6312255859375 525.8151550292969 251.66531372070312 491.5159606933594 251.66531372070312
483.9619140625 218.2443084716797 520.4667129516602 218.2443084716797 520.4667129516602 257.3566131591797 483.9619140625 257.3566131591797
480.4507751464844 226.8198699951172 513.858154296875 226.8198699951172 513.858154296875 262.9103317260742 480.4507751464844 262.9103317260742
474.1575622558594 231.44912719726562 509.02497482299805 231.44912719726562 509.02497482299805 268.42984771728516 474.1575622558594 268.42984771728516
470.5086975097656 234.8258056640625 506.45388412475586 234.8258056640625 506.45388412475586 270.93001556396484 470.5086975097656 270.93001556396484
465.601318359375 240.94979858398438 504.2119674682617 240.94979858398438 504.2119674682617 276.4298782348633 465.601318359375 276.4298782348633
464.423095703125 243.5614013671875 503.05900955200195 243.5614013671875 503.05900955200195 280.27088165283203 464.423095703125 280.27088165283203
461.44122314453125 248.25582885742188 502.3215866088867 248.25582885742188 502.3215866088867 285.62823486328125 461.44122314453125 285.62823486328125
460.5733947753906 255.96353149414062 501.856388092041 255.96353149414062 501.856388092041 293.4473876953125 460.5733947753906 293.4473876953125
459.82574462890625 261.3801574707031 501.7780990600586 261.3801574707031 501.7780990600586 298.31718826293945 459.82574462890625 298.31718826293945
461.0252990722656 268.995849609375 503.727294921875 268.995849609375 503.727294921875 306.5043754577637 461.0252990722656 306.5043754577637
464.2300720214844 278.80303955078125 504.4737777709961 278.80303955078125 504.4737777709961 315.79651641845703 464.2300720214844 315.79651641845703
465.0870056152344 285.542724609375 506.1205596923828 285.542724609375 506.1205596923828 322.5955581665039 465.0870056152344 322.5955581665039
465.20025634765625 292.463134765625 508.7364387512207 292.463134765625 508.7364387512207 330.40699005126953 465.20025634765625 330.40699005126953
467.81036376953125 298.15771484375 510.4224967956543 298.15771484375 510.4224967956543 335.13231658935547 467.81036376953125 335.13231658935547
468.1993103027344 306.09063720703125 510.59375762939453 306.09063720703125 510.59375762939453 343.27421951293945 468.1993103027344 343.27421951293945
468.98980712890625 307.6259765625 511.19017791748047 307.6259765625 511.19017791748047 347.80441665649414 468.98980712890625 347.80441665649414
468.3544921875 310.7608337402344 509.8476371765137 310.7608337402344 509.8476371765137 350.4276580810547 468.3544921875 350.4276580810547
466.4266052246094 313.8614807128906 508.3840103149414 313.8614807128906 508.3840103149414 353.8993949890137 466.4266052246094 353.8993949890137
463.9876403808594 316.4899597167969 506.26883697509766 316.4899597167969 506.26883697509766 355.0433921813965 463.9876403808594 355.0433921813965
460.66131591796875 321.13525390625 502.1731758117676 321.13525390625 502.1731758117676 359.8924331665039 460.66131591796875 359.8924331665039
456.9442443847656 330.1156921386719 498.48017501831055 330.1156921386719 498.48017501831055 368.961181640625 456.9442443847656 368.961181640625
454.63409423828125 335.81500244140625 495.71154403686523 335.81500244140625 495.71154403686523 373.63386154174805 454.63409423828125 373.63386154174805
450.6681213378906 344.8616943359375 491.24946212768555 344.8616943359375 491.24946212768555 383.03474044799805 450.6681213378906 383.03474044799805
445.87548828125 354.5201110839844 486.0362968444824 354.5201110839844 486.0362968444824 391.37499237060547 445.87548828125 391.37499237060547
442.08905029296875 358.9698181152344 482.4596633911133 358.9698181152344 482.4596633911133 396.77918243408203 442.08905029296875 396.77918243408203
435.34710693359375 365.593505859375 476.7087173461914 365.593505859375 476.7087173461914 405.1756401062012 435.34710693359375 405.1756401062012
431.36102294921875 372.1429138183594 471.98663330078125 372.1429138183594 471.98663330078125 412.3168830871582 431.36102294921875 412.3168830871582
429.64300537109375 374.73199462890625 470.32848358154297 374.73199462890625 470.32848358154297 415.354793548584 429.64300537109375 415.354793548584
426.9857482910156 379.35455322265625 468.8779983520508 379.35455322265625 468.8779983520508 419.6957702636719 426.9857482910156 419.6957702636719
426.1444396972656 385.53973388671875 467.86279296875 385.53973388671875 467.86279296875 425.7251663208008 426.1444396972656 425.7251663208008
425.43377685546875 390.89532470703125 467.41971588134766 390.89532470703125 467.41971588134766 430.7975273132324 425.43377685546875 430.7975273132324
423.27557373046875 398.5016784667969 468.3611068725586 398.5016784667969 468.3611068725586 440.04254150390625 423.27557373046875 440.04254150390625
423.7648010253906 410.85455322265625 468.8061332702637 410.85455322265625 468.8061332702637 451.64989471435547 423.7648010253906 451.64989471435547
427.082275390625 419.104248046875 470.34249114990234 419.104248046875 470.34249114990234 455.2133674621582 427.082275390625 455.2133674621582
