372.0 120.0 407.0 120.0 407.0 170.0 372.0 170.0
372.39886474609375 120.3700942993164 406.8255805969238 120.3700942993164 406.8255805969238 169.360107421875 372.39886474609375 169.360107421875
372.0951843261719 120.23824310302734 407.2817687988281 120.23824310302734 407.2817687988281 169.79225540161133 372.0951843261719 169.79225540161133
371.4767761230469 120.1157455444336 407.26226806640625 120.1157455444336 407.26226806640625 168.83815002441406 371.4767761230469 168.83815002441406
371.82769775390625 120.77408599853516 407.5203971862793 120.77408599853516 407.5203971862793 169.53534698486328 371.82769775390625 169.53534698486328
371.0321960449219 120.0740737915039 407.43622970581055 120.0740737915039 407.43622970581055 168.61231994628906 371.0321960449219 168.61231994628906
371.3817138671875 119.64542388916016 407.4128227233887 119.64542388916016 407.4128227233887 168.81878280639648 371.3817138671875 168.81878280639648
371.5162658691406 120.49995422363281 407.2421989440918 120.49995422363281 407.2421989440918 169.04168319702148 371.5162658691406 169.04168319702148
371.5834045410156 120.2466049194336 406.7034606933594 120.2466049194336 406.7034606933594 169.09618377685547 371.5834045410156 169.09618377685547
371.43829345703125 120.48487854003906 407.3655548095703 120.48487854003906 407.3655548095703 168.75971221923828 371.43829345703125 168.75971221923828
371.1168212890625 119.87232971191406 407.46285247802734 119.87232971191406 407.46285247802734 169.7519302368164 371.1168212890625 169.7519302368164
371.6224365234375 119.83707427978516 408.0946617126465 119.83707427978516 408.0946617126465 169.28369140625 371.6224365234375 169.28369140625
371.2139892578125 119.79512786865234 406.52923583984375 119.79512786865234 406.52923583984375 168.9866714477539 371.2139892578125 168.9866714477539
371.83294677734375 120.0396957397461 407.4692077636719 120.0396957397461 407.4692077636719 169.55260467529297 371.83294677734375 169.55260467529297
371.63427734375 119.58837890625 407.8573226928711 119.58837890625 407.8573226928711 170.08734893798828 371.63427734375 170.08734893798828
371.36090087890625 120.535400390625 407.49167251586914 120.535400390625 407.49167251586914 168.56487655639648 371.36090087890625 168.56487655639648
371.5776062011719 121.1854019165039 406.84786224365234 121.1854019165039 406.84786224365234 168.9469985961914 371.5776062011719 168.9469985961914
371.2930603027344 120.4314193725586 407.1467742919922 120.4314193725586 407.1467742919922 169.17526626586914 371.2930603027344 169.17526626586914
372.17486572265625 120.302734375 407.6375923156738 120.302734375 407.6375923156738 168.8487205505371 372.17486572265625 168.8487205505371
372.2665710449219 120.8458480834961 407.39141845703125 120.8458480834961 407.39141845703125 168.68010711669922 372.2665710449219 168.68010711669922
371.5676574707031 120.7317123413086 407.5717124938965 120.7317123413086 407.5717124938965 168.88282775878906 371.5676574707031 168.88282775878906
371.5089416503906 120.506103515625 407.7669486999512 120.506103515625 407.7669486999512 168.69315338134766 371.5089416503906 168.69315338134766
371.3309326171875 120.4229507446289 407.35372161865234 120.4229507446289 407.35372161865234 169.0259017944336 371.3309326171875 169.0259017944336
370.8828125 120.08375549316406 407.7422523498535 120.08375549316406 407.7422523498535 169.72716903686523 370.8828125 169.72716903686523
370.5426330566406 120.85469055175781 407.25317764282227 120.85469055175781 407.25317764282227 169.1285285949707 370.5426330566406 169.1285285949707
371.3718566894531 120.68595123291016 408.4498596191406 120.68595123291016 408.4498596191406 169.7305908203125 371.3718566894531 169.7305908203125
372.1427001953125 120.70790100097656 408.0978126525879 120.70790100097656 408.0978126525879 168.07442092895508 372.1427001953125 168.07442092895508
371.6209716796875 120.46635437011719 408.75954818725586 120.46635437011719 408.75954818725586 169.02140045166016 371.6209716796875 169.02140045166016
372.9176330566406 119.92018127441406 408.267879486084 119.92018127441406 408.267879486084 168.63350677490234 372.9176330566406 168.63350677490234
371.1005554199219 120.20185852050781 407.42830657958984 120.20185852050781 407.42830657958984 168.91739654541016 371.1005554199219 168.91739654541016
371.78009033203125 117.8802261352539 408.03641510009766 117.8802261352539 408.03641510009766 166.57823181152344 371.78009033203125 166.57823181152344
372.69451904296875 116.78985595703125 408.4315872192383 116.78985595703125 408.4315872192383 164.64756774902344 372.69451904296875 164.64756774902344
372.07122802734375 116.20280456542969 408.4467468261719 116.20280456542969 408.4467468261719 165.19149017333984 372.07122802734375 165.19149017333984
372.74383544921875 116.14697265625 408.28670501708984 116.14697265625 408.28670501708984 164.07665252685547 372.74383544921875 164.07665252685547
372.8735046386719 115.55207824707031 408.94146728515625 115.55207824707031 408.94146728515625 165.4319839477539 372.8735046386719 165.4319839477539
372.42852783203125 116.3677749633789 407.85700607299805 116.3677749633789 407.85700607299805 166.7649383544922 372.42852783203125 166.7649383544922
372.0634460449219 116.94486999511719 407.9822425842285 116.94486999511719 407.9822425842285 166.69527435302734 372.0634460449219 166.69527435302734
371.9352111816406 117.98991394042969 407.80921173095703 117.98991394042969 407.80921173095703 167.00103378295898 371.9352111816406 167.00103378295898
373.1562805175781 119.857177734375 408.2927436828613 119.857177734375 408.2927436828613 168.92118453979492 373.1562805175781 168.92118453979492
372.06732177734375 119.92536926269531 407.80074310302734 119.92536926269531 407.80074310302734 168.91748809814453 372.06732177734375 168.91748809814453
371.4339904785156 120.10750579833984 407.34307861328125 120.10750579833984 407.34307861328125 169.88521575927734 371.4339904785156 169.88521575927734
372.244384765625 120.53816986083984 407.50596618652344 120.53816986083984 407.50596618652344 169.33566284179688 372.244384765625 169.33566284179688
371.53167724609375 120.22245025634766 407.73012924194336 120.22245025634766 407.73012924194336 169.21282577514648 371.53167724609375 169.21282577514648
371.9599914550781 119.43354797363281 408.27156829833984 119.43354797363281 408.27156829833984 169.5935401916504 371.9599914550781 169.5935401916504
373.30511474609375 120.39798736572266 407.4787292480469 120.39798736572266 407.4787292480469 168.17387771606445 373.30511474609375 168.17387771606445
371.5379943847656 119.73653411865234 407.56711196899414 119.73653411865234 407.56711196899414 169.46693420410156 371.5379943847656 169.46693420410156
371.9251708984375 120.10017395019531 408.1033477783203 120.10017395019531 408.1033477783203 170.14556884765625 371.9251708984375 170.14556884765625
372.1412658691406 120.44871520996094 408.34273529052734 120.44871520996094 408.34273529052734 170.04442977905273 372.1412658691406 170.04442977905273
372.8243103027344 120.68257904052734 408.0541687011719 120.68257904052734 408.0541687011719 170.56201171875 372.8243103027344 170.56201171875
372.43896484375 120.60487365722656 408.6979179382324 120.60487365722656 408.6979179382324 170.77600479125977 372.43896484375 170.77600479125977
372.79949951171875 121.70472717285156 408.2203941345215 121.70472717285156 408.2203941345215 171.0113754272461 372.79949951171875 171.0113754272461
372.9763488769531 120.7958984375 407.8512840270996 120.7958984375 407.8512840270996 170.43153762817383 372.9763488769531 170.43153762817383
373.0345153808594 120.47015380859375 408.08301162719727 120.47015380859375 408.08301162719727 171.57796096801758 373.0345153808594 171.57796096801758
372.86627197265625 120.40666198730469 407.74206924438477 120.40666198730469 407.74206924438477 170.36807250976562 372.86627197265625 170.36807250976562
373.37493896484375 120.96402740478516 407.9669418334961 120.96402740478516 407.9669418334961 169.64544296264648 373.37493896484375 169.64544296264648
373.5754089355469 120.16072845458984 408.3015365600586 120.16072845458984 408.3015365600586 169.68982315063477 373.5754089355469 169.68982315063477
373.1629638671875 119.36795806884766 408.0581169128418 119.36795806884766 408.0581169128418 169.85926055908203 373.1629638671875 169.85926055908203
372.85321044921875 118.59898376464844 407.4889793395996 118.59898376464844 407.4889793395996 169.84815979003906 372.85321044921875 169.84815979003906
372.5540466308594 118.16312408447266 407.4044990539551 118.16312408447266 407.4044990539551 169.3114891052246 372.5540466308594 169.3114891052246
373.2974548339844 119.59835052490234 408.03206634521484 119.59835052490234 408.03206634521484 170.04830932617188 373.2974548339844 170.04830932617188
373.56024169921875 119.71510314941406 407.36663818359375 119.71510314941406 407.36663818359375 169.55484771728516 373.56024169921875 169.55484771728516
373.6199035644531 119.66141510009766 407.54686737060547 119.66141510009766 407.54686737060547 170.1323471069336 373.6199035644531 170.1323471069336
372.9313049316406 120.34431457519531 407.5407028198242 120.34431457519531 407.5407028198242 168.66344451904297 372.9313049316406 168.66344451904297
372.80169677734375 119.4111099243164 406.7790832519531 119.4111099243164 406.7790832519531 169.31103515625 372.80169677734375 169.31103515625
372.7746276855469 119.168212890625 407.0137405395508 119.168212890625 407.0137405395508 170.04061126708984 372.7746276855469 170.04061126708984
372.4691467285156 119.73980712890625 406.771728515625 119.73980712890625 406.771728515625 170.04969024658203 372.4691467285156 170.04969024658203
372.72283935546875 119.6210708618164 407.7229232788086 119.6210708618164 407.7229232788086 170.02856063842773 372.72283935546875 170.02856063842773
372.78375244140625 119.7162094116211 407.2092399597168 119.7162094116211 407.2092399597168 169.22358322143555 372.78375244140625 169.22358322143555
372.79339599609375 119.27754211425781 406.8842086791992 119.27754211425781 406.8842086791992 170.78295135498047 372.79339599609375 170.78295135498047
373.1163635253906 119.6573257446289 407.3611831665039 119.6573257446289 407.3611831665039 169.35009765625 373.1163635253906 169.35009765625
373.08746337890625 120.25688171386719 407.1437454223633 120.25688171386719 407.1437454223633 169.96683502197266 373.08746337890625 169.96683502197266
372.8435974121094 120.27430725097656 407.3956069946289 120.27430725097656 407.3956069946289 169.87317657470703 372.8435974121094 169.87317657470703
372.70965576171875 120.27813720703125 406.8981819152832 120.27813720703125 406.8981819152832 170.28745651245117 372.70965576171875 170.28745651245117
372.9570617675781 120.00018310546875 407.0276641845703 120.00018310546875 407.0276641845703 169.80560684204102 372.9570617675781 169.80560684204102
372.6206970214844 119.41439056396484 407.1022720336914 119.41439056396484 407.1022720336914 170.4452133178711 372.6206970214844 170.4452133178711
372.29241943359375 119.29411315917969 408.89830780029297 119.29411315917969 408.89830780029297 170.50676727294922 372.29241943359375 170.50676727294922
375.81170654296875 122.04893493652344 409.8476333618164 122.04893493652344 409.8476333618164 170.67168807983398 375.81170654296875 170.67168807983398
369.3290100097656 116.47380065917969 403.3608818054199 116.47380065917969 403.3608818054199 165.09075927734375 369.3290100097656 165.09075927734375
373.59588623046875 121.3904037475586 408.0033950805664 121.3904037475586 408.0033950805664 170.5439910888672 373.59588623046875 170.5439910888672
372.84857177734375 122.39564514160156 409.93099212646484 122.39564514160156 409.93099212646484 169.6798439025879 372.84857177734375 169.6798439025879
373.2577209472656 119.37309265136719 408.74349212646484 119.37309265136719 408.74349212646484 170.3947525024414 373.2577209472656 170.3947525024414
372.9078674316406 120.3055419921875 408.6004447937012 120.3055419921875 408.6004447937012 170.57886505126953 372.9078674316406 170.57886505126953
372.62896728515625 120.6827163696289 408.779842376709 120.6827163696289 408.779842376709 170.03300857543945 372.62896728515625 170.03300857543945
373.03125 120.3990478515625 408.2845115661621 120.3990478515625 408.2845115661621 170.69649124145508 373.03125 170.69649124145508
372.4637451171875 121.12391662597656 408.07007598876953 121.12391662597656 408.07007598876953 170.0310287475586 372.4637451171875 170.0310287475586
372.9822998046875 121.12458801269531 407.7344779968262 121.12458801269531 407.7344779968262 170.37391662597656 372.9822998046875 170.37391662597656
372.8059997558594 120.79949951171875 407.9919242858887 120.79949951171875 407.9919242858887 170.4080581665039 372.8059997558594 170.4080581665039
372.372314453125 121.31976318359375 408.56897354125977 121.31976318359375 408.56897354125977 170.4578742980957 372.372314453125 170.4578742980957
372.3637390136719 121.30582427978516 408.0544013977051 121.30582427978516 408.0544013977051 171.23792266845703 372.3637390136719 171.23792266845703
372.4306335449219 121.34574127197266 407.8314628601074 121.34574127197266 407.8314628601074 170.5680046081543 372.4306335449219 170.5680046081543
372.1585693359375 121.15360260009766 407.74060440063477 121.15360260009766 407.74060440063477 170.80374145507812 372.1585693359375 170.80374145507812
372.548095703125 120.68389892578125 407.2237777709961 120.68389892578125 407.2237777709961 170.27503204345703 372.548095703125 170.27503204345703
372.0917053222656 121.63322448730469 407.9322509765625 121.63322448730469 407.9322509765625 170.31731796264648 372.0917053222656 170.31731796264648
371.96820068359375 121.02862548828125 407.6583137512207 121.02862548828125 407.6583137512207 171.6485710144043 371.96820068359375 171.6485710144043
371.68560791015625 121.05754089355469 407.8848342895508 121.05754089355469 407.8848342895508 171.05329513549805 371.68560791015625 171.05329513549805
372.7754821777344 120.85057067871094 407.1958656311035 120.85057067871094 407.1958656311035 170.54932022094727 372.7754821777344 170.54932022094727
371.9333801269531 120.69309997558594 407.5385551452637 120.69309997558594 407.5385551452637 171.02751922607422 371.9333801269531 171.02751922607422
372.3738708496094 121.43321228027344 407.6549301147461 121.43321228027344 407.6549301147461 170.06182098388672 372.3738708496094 170.06182098388672
371.8427429199219 121.17415618896484 407.2927017211914 121.17415618896484 407.2927017211914 171.46673965454102 371.8427429199219 171.46673965454102
372.39337158203125 120.77982330322266 407.09007263183594 120.77982330322266 407.09007263183594 170.56273651123047 372.39337158203125 170.56273651123047
372.3037414550781 120.81268310546875 407.4156913757324 120.81268310546875 407.4156913757324 169.82118606567383 372.3037414550781 169.82118606567383
371.9307861328125 121.15278625488281 408.04613876342773 121.15278625488281 408.04613876342773 170.66443634033203 371.9307861328125 170.66443634033203
372.4844665527344 121.2798080444336 407.7519950866699 121.2798080444336 407.7519950866699 170.78652954101562 372.4844665527344 170.78652954101562
372.10577392578125 120.9149398803711 407.41102600097656 120.9149398803711 407.41102600097656 171.14454650878906 372.10577392578125 171.14454650878906
372.720947265625 121.18033599853516 407.68665313720703 121.18033599853516 407.68665313720703 170.99363708496094 372.720947265625 170.99363708496094
372.3785400390625 121.247314453125 407.7449645996094 121.247314453125 407.7449645996094 170.45864868164062 372.3785400390625 170.45864868164062
371.98870849609375 121.06455993652344 408.0131301879883 121.06455993652344 408.0131301879883 170.8996353149414 371.98870849609375 170.8996353149414
373.25811767578125 121.46968078613281 408.69081115722656 121.46968078613281 408.69081115722656 170.75940322875977 373.25811767578125 170.75940322875977
372.4510192871094 121.65360260009766 408.4111213684082 121.65360260009766 408.4111213684082 171.17582321166992 372.4510192871094 171.17582321166992
372.96453857421875 121.26168060302734 408.0406951904297 121.26168060302734 408.0406951904297 170.50527954101562 372.96453857421875 170.50527954101562
372.5990295410156 121.09941101074219 408.060604095459 121.09941101074219 408.060604095459 169.27749633789062 372.5990295410156 169.27749633789062
372.7831115722656 121.52474212646484 408.3783378601074 121.52474212646484 408.3783378601074 170.2654685974121 372.7831115722656 170.2654685974121
372.9272155761719 121.26145935058594 408.1923942565918 121.26145935058594 408.1923942565918 170.68915557861328 372.9272155761719 170.68915557861328
372.34124755859375 121.41146087646484 408.0513801574707 121.41146087646484 408.0513801574707 169.60503768920898 372.34124755859375 169.60503768920898
373.35504150390625 121.2143325805664 407.64945220947266 121.2143325805664 407.64945220947266 169.49703979492188 373.35504150390625 169.49703979492188
372.77850341796875 121.39871978759766 407.78239822387695 121.39871978759766 407.78239822387695 169.87797927856445 372.77850341796875 169.87797927856445
372.4277038574219 122.1592788696289 407.3113784790039 122.1592788696289 407.3113784790039 169.813720703125 372.4277038574219 169.813720703125
373.7504577636719 122.20039367675781 408.23598861694336 122.20039367675781 408.23598861694336 171.4654197692871 373.7504577636719 171.4654197692871
367.9544372558594 124.48075866699219 403.54548263549805 124.48075866699219 403.54548263549805 172.23189544677734 367.9544372558594 172.23189544677734
361.0209655761719 127.8135986328125 396.51974868774414 127.8135986328125 396.51974868774414 176.32675170898438 361.0209655761719 176.32675170898438
356.46270751953125 128.7774200439453 391.9525375366211 128.7774200439453 391.9525375366211 179.01837921142578 356.46270751953125 179.01837921142578
345.6294860839844 131.09539794921875 382.9177780151367 131.09539794921875 382.9177780151367 181.33521270751953 345.6294860839844 181.33521270751953
338.254638671875 133.89080810546875 376.6660041809082 133.89080810546875 376.6660041809082 186.79534149169922 338.254638671875 186.79534149169922
331.59381103515625 136.5102996826172 370.1529312133789 136.5102996826172 370.1529312133789 189.3819122314453 331.59381103515625 189.3819122314453
330.3146057128906 139.7327423095703 367.31800842285156 139.7327423095703 367.31800842285156 191.7298240661621 330.3146057128906 191.7298240661621
324.3092956542969 143.52609252929688 361.99695587158203 143.52609252929688 361.99695587158203 196.51511764526367 324.3092956542969 196.51511764526367
322.2551574707031 143.95700073242188 359.9099769592285 143.95700073242188 359.9099769592285 196.71527862548828 322.2551574707031 196.71527862548828
319.20037841796875 147.06069946289062 356.17253494262695 147.06069946289062 356.17253494262695 200.7775764465332 319.20037841796875 200.7775764465332
316.5382080078125 149.5165557861328 354.01813888549805 149.5165557861328 354.01813888549805 202.1627426147461 316.5382080078125 202.1627426147461
314.6348571777344 150.5703125 351.25798416137695 150.5703125 351.25798416137695 203.9565658569336 314.6348571777344 203.9565658569336
311.6945495605469 151.80435180664062 349.2256088256836 151.80435180664062 349.2256088256836 204.37329864501953 311.6945495605469 204.37329864501953
309.8528747558594 152.58792114257812 346.4887466430664 152.58792114257812 346.4887466430664 205.63568878173828 309.8528747558594 205.63568878173828
309.2060546875 153.24729919433594 346.37462615966797 153.24729919433594 346.37462615966797 206.77928161621094 309.2060546875 206.77928161621094
308.8255310058594 152.60206604003906 345.80285263061523 152.60206604003906 345.80285263061523 205.69351959228516 308.8255310058594 205.69351959228516
308.4205627441406 153.37942504882812 345.8654594421387 153.37942504882812 345.8654594421387 207.53462600708008 308.4205627441406 207.53462600708008
309.38873291015625 153.30308532714844 345.9609832763672 153.30308532714844 345.9609832763672 207.63611602783203 309.38873291015625 207.63611602783203
309.79022216796875 153.37998962402344 345.78602600097656 153.37998962402344 345.78602600097656 207.57723236083984 309.79022216796875 207.57723236083984
309.93548583984375 153.67568969726562 345.9007263183594 153.67568969726562 345.9007263183594 207.0029182434082 309.93548583984375 207.0029182434082
309.484375 154.72146606445312 346.0566711425781 154.72146606445312 346.0566711425781 207.28755950927734 309.484375 207.28755950927734
308.5301818847656 155.08226013183594 345.0399932861328 155.08226013183594 345.0399932861328 207.12697982788086 308.5301818847656 207.12697982788086
309.1844787597656 155.29861450195312 345.3353271484375 155.29861450195312 345.3353271484375 206.11014556884766 309.1844787597656 206.11014556884766
308.3568420410156 156.18214416503906 345.1426887512207 156.18214416503906 345.1426887512207 208.70652770996094 308.3568420410156 208.70652770996094
308.4090270996094 156.4901885986328 344.3277053833008 156.4901885986328 344.3277053833008 207.47345733642578 308.4090270996094 207.47345733642578
308.2400207519531 156.15403747558594 344.5949516296387 156.15403747558594 344.5949516296387 207.8892059326172 308.2400207519531 207.8892059326172
309.0295104980469 156.44912719726562 343.9712371826172 156.44912719726562 343.9712371826172 207.91945266723633 309.0295104980469 207.91945266723633
308.9330749511719 156.32191467285156 344.67686462402344 156.32191467285156 344.67686462402344 208.29076766967773 308.9330749511719 208.29076766967773
308.7406311035156 156.2183380126953 344.4232292175293 156.2183380126953 344.4232292175293 207.93251037597656 308.7406311035156 207.93251037597656
309.0710754394531 156.84266662597656 343.9726333618164 156.84266662597656 343.9726333618164 207.81739807128906 309.0710754394531 207.81739807128906
309.01300048828125 156.78799438476562 344.7021675109863 156.78799438476562 344.7021675109863 207.62346649169922 309.01300048828125 207.62346649169922
309.162109375 156.3457489013672 344.4771156311035 156.3457489013672 344.4771156311035 208.25749969482422 309.162109375 208.25749969482422
309.0516052246094 157.189697265625 343.96338272094727 157.189697265625 343.96338272094727 207.05685806274414 309.0516052246094 207.05685806274414
308.1805114746094 157.1522216796875 343.63988494873047 157.1522216796875 343.63988494873047 206.43309783935547 308.1805114746094 206.43309783935547
308.25042724609375 155.77389526367188 345.22318267822266 155.77389526367188 345.22318267822266 206.87204360961914 308.25042724609375 206.87204360961914
334.87921142578125 145.1822509765625 367.9885787963867 145.1822509765625 367.9885787963867 196.76197052001953 334.87921142578125 196.76197052001953
330.98297119140625 146.0434112548828 364.2940902709961 146.0434112548828 364.2940902709961 200.60976791381836 330.98297119140625 200.60976791381836
334.2635498046875 149.29568481445312 370.71814727783203 149.29568481445312 370.71814727783203 201.37364959716797 334.2635498046875 201.37364959716797
332.77923583984375 146.74400329589844 369.6643295288086 146.74400329589844 369.6643295288086 199.43695831298828 332.77923583984375 199.43695831298828
332.13250732421875 138.93975830078125 366.6897201538086 138.93975830078125 366.6897201538086 189.5848503112793 332.13250732421875 189.5848503112793
332.27459716796875 137.41261291503906 367.5150260925293 137.41261291503906 367.5150260925293 188.15020751953125 332.27459716796875 188.15020751953125
334.4166564941406 140.32058715820312 369.7179946899414 140.32058715820312 369.7179946899414 192.09711456298828 334.4166564941406 192.09711456298828
333.23614501953125 143.9311065673828 368.71926498413086 143.9311065673828 368.71926498413086 196.15535736083984 333.23614501953125 196.15535736083984
333.4124450683594 145.1956787109375 370.0664405822754 145.1956787109375 370.0664405822754 197.21605682373047 333.4124450683594 197.21605682373047
335.2837219238281 138.1136016845703 372.9505500793457 138.1136016845703 372.9505500793457 194.17655181884766 335.2837219238281 194.17655181884766
339.06121826171875 136.9798583984375 378.25475311279297 136.9798583984375 378.25475311279297 193.771484375 339.06121826171875 193.771484375
309.51617431640625 156.14791870117188 346.41641998291016 156.14791870117188 346.41641998291016 208.37907028198242 309.51617431640625 208.37907028198242
308.60931396484375 156.5322723388672 345.21294021606445 156.5322723388672 345.21294021606445 207.81918716430664 308.60931396484375 207.81918716430664
308.595703125 156.64926147460938 344.4869384765625 156.64926147460938 344.4869384765625 208.21480178833008 308.595703125 208.21480178833008
308.5933532714844 155.417236328125 344.6582221984863 155.417236328125 344.6582221984863 208.58199310302734 308.5933532714844 208.58199310302734
309.095947265625 156.031005859375 345.1797294616699 156.031005859375 345.1797294616699 208.26355743408203 309.095947265625 208.26355743408203
308.814697265625 155.7582244873047 344.6648368835449 155.7582244873047 344.6648368835449 207.70630264282227 308.814697265625 207.70630264282227
308.88427734375 156.00161743164062 344.47989654541016 156.00161743164062 344.47989654541016 207.6544418334961 308.88427734375 207.6544418334961
309.22210693359375 155.67822265625 344.74644470214844 155.67822265625 344.74644470214844 208.54618072509766 309.22210693359375 208.54618072509766
309.29864501953125 155.06845092773438 345.0194778442383 155.06845092773438 345.0194778442383 207.30427932739258 309.29864501953125 207.30427932739258
308.932373046875 155.38656616210938 344.6811332702637 155.38656616210938 344.6811332702637 207.99045944213867 308.932373046875 207.99045944213867
308.94134521484375 155.52947998046875 344.51826095581055 155.52947998046875 344.51826095581055 207.60172271728516 308.94134521484375 207.60172271728516
308.7184143066406 156.39306640625 344.7088508605957 156.39306640625 344.7088508605957 207.06298065185547 308.7184143066406 207.06298065185547
309.53729248046875 157.88909912109375 345.18936920166016 157.88909912109375 345.18936920166016 206.45920181274414 309.53729248046875 206.45920181274414
308.77850341796875 156.79025268554688 344.7717514038086 156.79025268554688 344.7717514038086 207.13424682617188 308.77850341796875 207.13424682617188
308.22015380859375 156.9215850830078 345.3158302307129 156.9215850830078 345.3158302307129 206.92008209228516 308.22015380859375 206.92008209228516
308.631103515625 157.20663452148438 344.4257698059082 157.20663452148438 344.4257698059082 207.3685188293457 308.631103515625 207.3685188293457
308.3846435546875 156.85452270507812 345.3014907836914 156.85452270507812 345.3014907836914 207.78482055664062 308.3846435546875 207.78482055664062
308.1321716308594 156.17660522460938 344.4435615539551 156.17660522460938 344.4435615539551 207.036865234375 308.1321716308594 207.036865234375
308.15631103515625 157.1009063720703 344.3157844543457 157.1009063720703 344.3157844543457 206.58348846435547 308.15631103515625 206.58348846435547
308.7290954589844 157.1429443359375 344.8460693359375 157.1429443359375 344.8460693359375 206.42130279541016 308.7290954589844 206.42130279541016
308.8163146972656 157.5617218017578 344.6335105895996 157.5617218017578 344.6335105895996 207.4059944152832 308.8163146972656 207.4059944152832
307.3729553222656 157.0353240966797 344.73523712158203 157.0353240966797 344.73523712158203 207.61587142944336 307.3729553222656 207.61587142944336
307.7063293457031 157.56480407714844 344.73265838623047 157.56480407714844 344.73265838623047 206.59324645996094 307.7063293457031 206.59324645996094
307.08856201171875 156.2735595703125 344.4685173034668 156.2735595703125 344.4685173034668 207.73802947998047 307.08856201171875 207.73802947998047
308.62982177734375 157.20556640625 345.0398063659668 157.20556640625 345.0398063659668 206.87038803100586 308.62982177734375 206.87038803100586
307.7947998046875 156.64749145507812 344.7397117614746 156.64749145507812 344.7397117614746 207.3861198425293 307.7947998046875 207.3861198425293
307.36798095703125 156.9433135986328 344.6881637573242 156.9433135986328 344.6881637573242 207.58659744262695 307.36798095703125 207.58659744262695
308.0470886230469 156.48794555664062 344.6270523071289 156.48794555664062 344.6270523071289 206.9401626586914 308.0470886230469 206.9401626586914
307.5781555175781 156.2664031982422 344.93074798583984 156.2664031982422 344.93074798583984 207.2713851928711 307.5781555175781 207.2713851928711
308.01422119140625 156.6147003173828 345.08685302734375 156.6147003173828 345.08685302734375 206.80656051635742 308.01422119140625 206.80656051635742
308.36474609375 157.25924682617188 345.4892387390137 157.25924682617188 345.4892387390137 206.30925750732422 308.36474609375 206.30925750732422
308.18304443359375 157.12196350097656 345.39488983154297 157.12196350097656 345.39488983154297 206.9650535583496 308.18304443359375 206.9650535583496
307.2828063964844 156.0591583251953 344.7886428833008 156.0591583251953 344.7886428833008 207.91114807128906 307.2828063964844 207.91114807128906
308.3871154785156 156.470947265625 344.62002182006836 156.470947265625 344.62002182006836 206.62209701538086 308.3871154785156 206.62209701538086
308.73797607421875 156.62411499023438 344.83856201171875 156.62411499023438 344.83856201171875 206.6865005493164 308.73797607421875 206.6865005493164
308.8473205566406 156.5803985595703 345.52348709106445 156.5803985595703 345.52348709106445 206.79040908813477 308.8473205566406 206.79040908813477
307.8047790527344 156.94931030273438 345.31518173217773 156.94931030273438 345.31518173217773 206.25443649291992 307.8047790527344 206.25443649291992
307.6816711425781 157.73953247070312 345.2455177307129 157.73953247070312 345.2455177307129 206.97780990600586 307.6816711425781 206.97780990600586
308.1620178222656 157.08016967773438 344.94844818115234 157.08016967773438 344.94844818115234 207.17004776000977 308.1620178222656 207.17004776000977
308.5352783203125 157.05397033691406 344.0899353027344 157.05397033691406 344.0899353027344 206.8687973022461 308.5352783203125 206.8687973022461
308.4208679199219 157.30453491210938 344.8264846801758 157.30453491210938 344.8264846801758 207.35970306396484 308.4208679199219 207.35970306396484
307.8782043457031 157.23362731933594 344.2387161254883 157.23362731933594 344.2387161254883 206.99874877929688 307.8782043457031 206.99874877929688
308.4740905761719 157.038818359375 344.4056167602539 157.038818359375 344.4056167602539 207.76905059814453 308.4740905761719 207.76905059814453
308.47515869140625 157.13265991210938 343.86014556884766 157.13265991210938 343.86014556884766 206.80596923828125 308.47515869140625 206.80596923828125
308.3944396972656 157.14346313476562 343.57066345214844 157.14346313476562 343.57066345214844 207.11534881591797 308.3944396972656 207.11534881591797
308.36260986328125 156.7233428955078 344.5528259277344 156.7233428955078 344.5528259277344 206.9184684753418 308.36260986328125 206.9184684753418
307.7588806152344 157.42269897460938 344.5521049499512 157.42269897460938 344.5521049499512 207.27966690063477 307.7588806152344 207.27966690063477
308.07513427734375 156.7070770263672 344.8734817504883 156.7070770263672 344.8734817504883 207.08917999267578 308.07513427734375 207.08917999267578
308.1546630859375 156.7409210205078 344.4597854614258 156.7409210205078 344.4597854614258 206.4045639038086 308.1546630859375 206.4045639038086
308.51129150390625 156.03158569335938 345.4004898071289 156.03158569335938 345.4004898071289 207.81150436401367 308.51129150390625 207.81150436401367
308.2921447753906 156.95333862304688 344.65201568603516 156.95333862304688 344.65201568603516 207.20659637451172 308.2921447753906 207.20659637451172
308.8555908203125 157.1162872314453 344.6355972290039 157.1162872314453 344.6355972290039 207.39842987060547 308.8555908203125 207.39842987060547
307.5565185546875 156.5392608642578 345.5646286010742 156.5392608642578 345.5646286010742 207.22829818725586 307.5565185546875 207.22829818725586
308.3489685058594 156.70828247070312 345.83276748657227 156.70828247070312 345.83276748657227 206.35505294799805 308.3489685058594 206.35505294799805
308.6069641113281 155.67874145507812 345.5794563293457 155.67874145507812 345.5794563293457 206.99842071533203 308.6069641113281 206.99842071533203
308.2532653808594 156.8279266357422 345.13032150268555 156.8279266357422 345.13032150268555 207.48943328857422 308.2532653808594 207.48943328857422
307.58612060546875 156.1549072265625 344.86220932006836 156.1549072265625 344.86220932006836 206.66881942749023 307.58612060546875 206.66881942749023
307.62164306640625 157.0318603515625 345.4475784301758 157.0318603515625 345.4475784301758 207.6899185180664 307.62164306640625 207.6899185180664
308.222412109375 156.7506561279297 345.0645523071289 156.7506561279297 345.0645523071289 206.38523483276367 308.222412109375 206.38523483276367
307.9479675292969 156.36329650878906 345.4673156738281 156.36329650878906 345.4673156738281 207.36605834960938 307.9479675292969 207.36605834960938
308.01275634765625 156.88217163085938 345.0686454772949 156.88217163085938 345.0686454772949 206.47577667236328 308.01275634765625 206.47577667236328
308.00946044921875 156.34469604492188 346.037052154541 156.34469604492188 346.037052154541 207.4094581604004 308.00946044921875 207.4094581604004
307.7113342285156 156.9241943359375 345.2089080810547 156.9241943359375 345.2089080810547 206.67691040039062 307.7113342285156 206.67691040039062
308.37432861328125 156.67044067382812 344.9424133300781 156.67044067382812 344.9424133300781 207.68724822998047 308.37432861328125 207.68724822998047
307.5084533691406 156.81521606445312 345.0291862487793 156.81521606445312 345.0291862487793 206.82306671142578 307.5084533691406 206.82306671142578
308.6001892089844 157.68972778320312 345.08895111083984 157.68972778320312 345.08895111083984 207.0369644165039 308.6001892089844 207.0369644165039
308.45721435546875 157.2524871826172 344.92718505859375 157.2524871826172 344.92718505859375 207.33438873291016 308.45721435546875 207.33438873291016
308.55023193359375 157.3095703125 344.7486572265625 157.3095703125 344.7486572265625 207.8273696899414 308.55023193359375 207.8273696899414
308.6237487792969 156.38088989257812 344.89037322998047 156.38088989257812 344.89037322998047 206.39455795288086 308.6237487792969 206.39455795288086
309.15985107421875 158.25161743164062 344.2311210632324 158.25161743164062 344.2311210632324 207.23136138916016 309.15985107421875 207.23136138916016
309.1812438964844 157.43942260742188 344.59349822998047 157.43942260742188 344.59349822998047 206.2522964477539 309.1812438964844 206.2522964477539
308.86492919921875 157.3426055908203 344.20340728759766 157.3426055908203 344.20340728759766 206.25344467163086 308.86492919921875 206.25344467163086
308.8081359863281 157.03236389160156 344.3602714538574 157.03236389160156 344.3602714538574 206.35001373291016 308.8081359863281 206.35001373291016
309.2705078125 156.45703125 344.3219680786133 156.45703125 344.3219680786133 206.54446411132812 309.2705078125 206.54446411132812
309.0691833496094 156.84068298339844 344.9745330810547 156.84068298339844 344.9745330810547 207.44454193115234 309.0691833496094 207.44454193115234
308.38336181640625 156.7197265625 344.18593978881836 156.7197265625 344.18593978881836 207.4628448486328 308.38336181640625 207.4628448486328
308.5879211425781 156.946044921875 343.8179244995117 156.946044921875 343.8179244995117 207.2189712524414 308.5879211425781 207.2189712524414
309.13092041015625 156.38082885742188 343.95172119140625 156.38082885742188 343.95172119140625 207.15420532226562 309.13092041015625 207.15420532226562
309.05889892578125 156.73765563964844 344.1808052062988 156.73765563964844 344.1808052062988 206.96909713745117 309.05889892578125 206.96909713745117
309.0317687988281 156.4436798095703 344.3193664550781 156.4436798095703 344.3193664550781 207.5579605102539 309.0317687988281 207.5579605102539
309.2039489746094 157.3996124267578 343.8641052246094 157.3996124267578 343.8641052246094 207.11880111694336 309.2039489746094 207.11880111694336
308.3807067871094 157.05593872070312 343.89795684814453 157.05593872070312 343.89795684814453 206.17683792114258 308.3807067871094 206.17683792114258
308.36895751953125 157.32723999023438 343.70958709716797 157.32723999023438 343.70958709716797 206.95180130004883 308.36895751953125 206.95180130004883
308.8017272949219 156.93614196777344 343.67839431762695 156.93614196777344 343.67839431762695 207.2694206237793 308.8017272949219 207.2694206237793
309.0418395996094 156.3094940185547 344.07219314575195 156.3094940185547 344.07219314575195 207.10213470458984 309.0418395996094 207.10213470458984
308.34222412109375 157.906982421875 344.4767074584961 157.906982421875 344.4767074584961 207.53139114379883 308.34222412109375 207.53139114379883
308.82891845703125 158.4991455078125 344.04158782958984 158.4991455078125 344.04158782958984 206.7400894165039 308.82891845703125 206.7400894165039
308.9210510253906 156.8601531982422 344.09986114501953 156.8601531982422 344.09986114501953 206.54290008544922 308.9210510253906 206.54290008544922
309.1925048828125 156.223876953125 344.75231552124023 156.223876953125 344.75231552124023 207.2645034790039 309.1925048828125 207.2645034790039
309.2792053222656 157.18421936035156 344.7528839111328 157.18421936035156 344.7528839111328 206.75647735595703 309.2792053222656 206.75647735595703
309.7821350097656 156.44833374023438 344.5000686645508 156.44833374023438 344.5000686645508 207.0245475769043 309.7821350097656 207.0245475769043
308.30645751953125 157.364501953125 343.8952178955078 157.364501953125 343.8952178955078 206.04490280151367 308.30645751953125 206.04490280151367
308.9045104980469 157.85626220703125 344.8886909484863 157.85626220703125 344.8886909484863 205.9520263671875 308.9045104980469 205.9520263671875
307.8996887207031 156.7616729736328 344.4861831665039 156.7616729736328 344.4861831665039 207.59941482543945 307.8996887207031 207.59941482543945
308.040283203125 156.13015747070312 344.19747161865234 156.13015747070312 344.19747161865234 207.78566360473633 308.040283203125 207.78566360473633
308.14239501953125 156.99008178710938 344.10250091552734 156.99008178710938 344.10250091552734 207.60116958618164 308.14239501953125 207.60116958618164
308.1253356933594 155.3780975341797 343.8676223754883 155.3780975341797 343.8676223754883 206.8037452697754 308.1253356933594 206.8037452697754
307.49481201171875 155.99063110351562 344.42179107666016 155.99063110351562 344.42179107666016 208.0921401977539 307.49481201171875 208.0921401977539
306.49334716796875 155.5454559326172 343.08962631225586 155.5454559326172 343.08962631225586 207.45316314697266 306.49334716796875 207.45316314697266
305.77587890625 156.7762908935547 342.9137496948242 156.7762908935547 342.9137496948242 207.67331314086914 305.77587890625 207.67331314086914
303.4884338378906 158.31704711914062 339.46997451782227 158.31704711914062 339.46997451782227 209.35443878173828 303.4884338378906 209.35443878173828
297.9674072265625 161.0651397705078 336.3377876281738 161.0651397705078 336.3377876281738 212.49433135986328 297.9674072265625 212.49433135986328
296.13165283203125 162.08493041992188 333.71126556396484 162.08493041992188 333.71126556396484 213.72107696533203 296.13165283203125 213.72107696533203
290.4241638183594 165.87594604492188 328.42204666137695 165.87594604492188 328.42204666137695 218.19813919067383 290.4241638183594 218.19813919067383
285.4018249511719 168.91030883789062 323.1493682861328 168.91030883789062 323.1493682861328 219.23668670654297 285.4018249511719 219.23668670654297
282.0304870605469 171.009521484375 319.0682716369629 171.009521484375 319.0682716369629 221.39613723754883 282.0304870605469 221.39613723754883
281.3903503417969 171.39529418945312 318.7148551940918 171.39529418945312 318.7148551940918 221.8788604736328 281.3903503417969 221.8788604736328
281.3203125 171.200439453125 317.2885513305664 171.200439453125 317.2885513305664 221.44310760498047 281.3203125 221.44310760498047
280.82891845703125 171.2591094970703 317.5714797973633 171.2591094970703 317.5714797973633 221.27361679077148 280.82891845703125 221.27361679077148
280.9878845214844 170.84461975097656 318.24595642089844 170.84461975097656 318.24595642089844 221.73041534423828 280.9878845214844 221.73041534423828
280.66302490234375 171.46875 318.5292663574219 171.46875 318.5292663574219 223.31397247314453 280.66302490234375 223.31397247314453
281.0086975097656 171.3470001220703 317.9120674133301 171.3470001220703 317.9120674133301 222.23150253295898 281.0086975097656 222.23150253295898
282.4270324707031 173.2900390625 317.99283599853516 173.2900390625 317.99283599853516 222.66072845458984 282.4270324707031 222.66072845458984
281.6211853027344 171.5248260498047 319.1153030395508 171.5248260498047 319.1153030395508 223.4355926513672 281.6211853027344 223.4355926513672
281.75390625 172.24903869628906 318.6084785461426 172.24903869628906 318.6084785461426 222.22843170166016 281.75390625 222.22843170166016
281.1766662597656 171.76011657714844 317.8543014526367 171.76011657714844 317.8543014526367 223.22021865844727 281.1766662597656 223.22021865844727
281.500732421875 171.8756561279297 318.22644424438477 171.8756561279297 318.22644424438477 223.09322357177734 281.500732421875 223.09322357177734
281.2633361816406 171.6287384033203 318.6544189453125 171.6287384033203 318.6544189453125 223.47729873657227 281.2633361816406 223.47729873657227
281.15460205078125 171.57534790039062 318.3624496459961 171.57534790039062 318.3624496459961 223.02213668823242 281.15460205078125 223.02213668823242
281.0325012207031 172.5729522705078 318.4099235534668 172.5729522705078 318.4099235534668 222.24622344970703 281.0325012207031 222.24622344970703
280.98687744140625 173.07093811035156 318.67495346069336 173.07093811035156 318.67495346069336 222.45592880249023 280.98687744140625 222.45592880249023
280.9637756347656 172.33682250976562 318.4251518249512 172.33682250976562 318.4251518249512 221.93355178833008 280.9637756347656 221.93355178833008
281.36212158203125 172.00149536132812 318.21641540527344 172.00149536132812 318.21641540527344 222.99993896484375 281.36212158203125 222.99993896484375
281.48486328125 171.5543212890625 319.1720771789551 171.5543212890625 319.1720771789551 223.54499435424805 281.48486328125 223.54499435424805
281.0081787109375 172.005615234375 318.6369171142578 172.005615234375 318.6369171142578 222.86987686157227 281.0081787109375 222.86987686157227
281.8232421875 172.8728485107422 318.6131896972656 172.8728485107422 318.6131896972656 223.08248138427734 281.8232421875 223.08248138427734
281.54376220703125 173.37332153320312 318.3686752319336 173.37332153320312 318.3686752319336 222.11005020141602 281.54376220703125 222.11005020141602
281.778076171875 172.22097778320312 318.8907661437988 172.22097778320312 318.8907661437988 221.99082946777344 281.778076171875 221.99082946777344
281.22216796875 172.42953491210938 318.05725860595703 172.42953491210938 318.05725860595703 222.8887939453125 281.22216796875 222.8887939453125
281.6479187011719 172.29537963867188 318.08858489990234 172.29537963867188 318.08858489990234 222.51244354248047 281.6479187011719 222.51244354248047
281.8876647949219 173.04638671875 317.9006462097168 173.04638671875 317.9006462097168 222.6836700439453 281.8876647949219 222.6836700439453
281.94970703125 172.78555297851562 317.9511604309082 172.78555297851562 317.9511604309082 222.17293548583984 281.94970703125 222.17293548583984
281.71856689453125 172.7237548828125 318.5212631225586 172.7237548828125 318.5212631225586 223.28707122802734 281.71856689453125 223.28707122802734
282.0489196777344 172.4757537841797 317.5880661010742 172.4757537841797 317.5880661010742 221.82442092895508 282.0489196777344 221.82442092895508
280.75714111328125 172.2283172607422 318.52176666259766 172.2283172607422 318.52176666259766 223.26013946533203 280.75714111328125 223.26013946533203
281.92059326171875 172.63839721679688 318.5697021484375 172.63839721679688 318.5697021484375 222.6440315246582 281.92059326171875 222.6440315246582
281.6704406738281 172.6669921875 318.31283950805664 172.6669921875 318.31283950805664 222.86477279663086 281.6704406738281 222.86477279663086
281.0002746582031 172.45767211914062 318.69730377197266 172.45767211914062 318.69730377197266 221.72066497802734 281.0002746582031 221.72066497802734
280.8941345214844 172.59019470214844 317.70014572143555 172.59019470214844 317.70014572143555 222.92827606201172 280.8941345214844 222.92827606201172
281.6067199707031 172.6882781982422 318.3541259765625 172.6882781982422 318.3541259765625 223.1300811767578 281.6067199707031 223.1300811767578
280.3434753417969 171.90431213378906 318.5514221191406 171.90431213378906 318.5514221191406 223.00533294677734 280.3434753417969 223.00533294677734
280.89447021484375 171.77346801757812 317.9205017089844 171.77346801757812 317.9205017089844 223.09436798095703 280.89447021484375 223.09436798095703
281.2914123535156 172.50723266601562 318.8611068725586 172.50723266601562 318.8611068725586 221.9597930908203 281.2914123535156 221.9597930908203
281.3468017578125 172.9920196533203 318.3816604614258 172.9920196533203 318.3816604614258 222.12741088867188 281.3468017578125 222.12741088867188
281.51983642578125 173.1723175048828 318.5943374633789 173.1723175048828 318.5943374633789 221.75348281860352 281.51983642578125 221.75348281860352
281.5957336425781 172.59393310546875 318.12822341918945 172.59393310546875 318.12822341918945 221.4940414428711 281.5957336425781 221.4940414428711
281.6259460449219 173.0853271484375 318.4688377380371 173.0853271484375 318.4688377380371 222.62766647338867 281.6259460449219 222.62766647338867
282.0967712402344 172.4984893798828 317.8297805786133 172.4984893798828 317.8297805786133 222.4404182434082 282.0967712402344 222.4404182434082
281.56756591796875 172.6845245361328 317.5331611633301 172.6845245361328 317.5331611633301 223.9853973388672 281.56756591796875 223.9853973388672
281.99078369140625 173.22293090820312 317.84989166259766 173.22293090820312 317.84989166259766 222.82934951782227 281.99078369140625 222.82934951782227
281.5274963378906 172.09584045410156 317.9770088195801 172.09584045410156 317.9770088195801 222.8704490661621 281.5274963378906 222.8704490661621
281.767578125 171.84616088867188 318.4993705749512 171.84616088867188 318.4993705749512 223.65866088867188 281.767578125 223.65866088867188
281.9888916015625 171.73452758789062 318.27718353271484 171.73452758789062 318.27718353271484 222.94123077392578 281.9888916015625 222.94123077392578
282.06878662109375 171.44964599609375 317.7979202270508 171.44964599609375 317.7979202270508 224.40952682495117 282.06878662109375 224.40952682495117
281.7078857421875 171.90293884277344 318.78868103027344 171.90293884277344 318.78868103027344 222.1636199951172 281.7078857421875 222.1636199951172
280.81243896484375 172.42276000976562 317.5234832763672 172.42276000976562 317.5234832763672 222.3337516784668 280.81243896484375 222.3337516784668
281.45892333984375 172.25563049316406 317.76529693603516 172.25563049316406 317.76529693603516 221.76620864868164 281.45892333984375 221.76620864868164
280.845947265625 172.87777709960938 317.7813415527344 172.87777709960938 317.7813415527344 222.8291358947754 280.845947265625 222.8291358947754
281.5947265625 171.92889404296875 318.41405487060547 171.92889404296875 318.41405487060547 223.72747802734375 281.5947265625 223.72747802734375
281.044189453125 172.4984130859375 318.32481384277344 172.4984130859375 318.32481384277344 222.56908416748047 281.044189453125 222.56908416748047
281.00347900390625 172.46560668945312 318.0689697265625 172.46560668945312 318.0689697265625 221.92256546020508 281.00347900390625 221.92256546020508
281.56585693359375 172.8262481689453 318.08913803100586 172.8262481689453 318.08913803100586 222.1315155029297 281.56585693359375 222.1315155029297
281.71856689453125 172.5694122314453 317.71927642822266 172.5694122314453 317.71927642822266 221.93463897705078 281.71856689453125 221.93463897705078
280.85467529296875 172.38320922851562 317.61756134033203 172.38320922851562 317.61756134033203 221.15827178955078 280.85467529296875 221.15827178955078
283.9859313964844 168.87124633789062 321.0088768005371 168.87124633789062 321.0088768005371 219.2788314819336 283.9859313964844 219.2788314819336
282.8885803222656 169.1819610595703 321.037654876709 169.1819610595703 321.037654876709 219.29303359985352 282.8885803222656 219.29303359985352
286.5329284667969 167.33175659179688 325.7411117553711 167.33175659179688 325.7411117553711 217.42042922973633 286.5329284667969 217.42042922973633
289.96112060546875 165.60162353515625 329.0253791809082 165.60162353515625 329.0253791809082 215.62829971313477 289.96112060546875 215.62829971313477
292.83001708984375 163.88937377929688 332.05875396728516 163.88937377929688 332.05875396728516 216.12789916992188 292.83001708984375 216.12789916992188
296.1773376464844 161.62368774414062 335.1705207824707 161.62368774414062 335.1705207824707 212.77154541015625 296.1773376464844 212.77154541015625
299.0985412597656 161.73025512695312 337.8590621948242 161.73025512695312 337.8590621948242 210.9781379699707 299.0985412597656 210.9781379699707
304.1841735839844 158.00692749023438 342.52234268188477 158.00692749023438 342.52234268188477 209.2232437133789 304.1841735839844 209.2232437133789
305.51629638671875 157.17481994628906 344.50186920166016 157.17481994628906 344.50186920166016 207.93450164794922 305.51629638671875 207.93450164794922
309.64361572265625 155.126953125 348.41811752319336 155.126953125 348.41811752319336 205.32425689697266 309.64361572265625 205.32425689697266
322.2400817871094 149.69334411621094 359.67033767700195 149.69334411621094 359.67033767700195 199.74761199951172 322.2400817871094 199.74761199951172
322.84539794921875 149.35440063476562 359.4502296447754 149.35440063476562 359.4502296447754 199.33574676513672 322.84539794921875 199.33574676513672
320.8943786621094 150.23939514160156 359.21479415893555 150.23939514160156 359.21479415893555 200.54431915283203 320.8943786621094 200.54431915283203
328.11578369140625 146.1996612548828 365.83402252197266 146.1996612548828 365.83402252197266 200.08289337158203 328.11578369140625 200.08289337158203
350.075439453125 142.3096466064453 388.493839263916 142.3096466064453 388.493839263916 197.19310760498047 350.075439453125 197.19310760498047
342.473388671875 142.01231384277344 380.87734603881836 142.01231384277344 380.87734603881836 196.8751449584961 342.473388671875 196.8751449584961
335.2640686035156 151.12850952148438 374.53197479248047 151.12850952148438 374.53197479248047 207.22555541992188 335.2640686035156 207.22555541992188
334.67486572265625 149.62982177734375 374.79630279541016 149.62982177734375 374.79630279541016 206.94619750976562 334.67486572265625 206.94619750976562
339.4833984375 134.29525756835938 379.66292572021484 134.29525756835938 379.66292572021484 191.69462203979492 339.4833984375 191.69462203979492
344.11846923828125 145.11375427246094 383.85284423828125 145.11375427246094 383.85284423828125 201.87718963623047 344.11846923828125 201.87718963623047
323.052978515625 146.08035278320312 361.6429672241211 146.08035278320312 361.6429672241211 201.0007438659668 323.052978515625 201.0007438659668
321.7001037597656 147.93785095214844 359.9469985961914 147.93785095214844 359.9469985961914 202.68957138061523 321.7001037597656 202.68957138061523
321.4617004394531 146.90719604492188 360.8457679748535 146.90719604492188 360.8457679748535 201.58026123046875 321.4617004394531 201.58026123046875
323.21832275390625 146.39459228515625 362.03047943115234 146.39459228515625 362.03047943115234 199.7091178894043 323.21832275390625 199.7091178894043
323.5371398925781 146.3274688720703 362.03659439086914 146.3274688720703 362.03659439086914 200.2280731201172 323.5371398925781 200.2280731201172
324.949951171875 144.62582397460938 362.05280685424805 144.62582397460938 362.05280685424805 199.43073654174805 324.949951171875 199.43073654174805
323.9864807128906 145.0715789794922 361.74878692626953 145.0715789794922 361.74878692626953 199.58452606201172 323.9864807128906 199.58452606201172
324.09356689453125 144.77413940429688 362.11838150024414 144.77413940429688 362.11838150024414 198.92414474487305 324.09356689453125 198.92414474487305
324.07666015625 145.54147338867188 361.36392974853516 145.54147338867188 361.36392974853516 200.29169845581055 324.07666015625 200.29169845581055
324.92095947265625 145.01419067382812 361.1849822998047 145.01419067382812 361.1849822998047 198.85459518432617 324.92095947265625 198.85459518432617
324.2681579589844 144.81907653808594 360.93599700927734 144.81907653808594 360.93599700927734 201.13013076782227 324.2681579589844 201.13013076782227
324.5858459472656 144.57627868652344 360.8720169067383 144.57627868652344 360.8720169067383 199.75124740600586 324.5858459472656 199.75124740600586
325.02874755859375 144.46688842773438 360.7572250366211 144.46688842773438 360.7572250366211 198.97086334228516 325.02874755859375 198.97086334228516
324.124267578125 145.61264038085938 360.9523277282715 145.61264038085938 360.9523277282715 199.51148223876953 324.124267578125 199.51148223876953
323.93621826171875 145.52304077148438 360.2731018066406 145.52304077148438 360.2731018066406 200.01822662353516 323.93621826171875 200.01822662353516
324.63543701171875 145.0164337158203 360.5169906616211 145.0164337158203 360.5169906616211 200.75867080688477 324.63543701171875 200.75867080688477
325.1701354980469 144.27029418945312 361.3299026489258 144.27029418945312 361.3299026489258 199.94952392578125 325.1701354980469 199.94952392578125
324.7342834472656 145.57498168945312 360.22615814208984 145.57498168945312 360.22615814208984 199.45855712890625 324.7342834472656 199.45855712890625
325.569091796875 144.329833984375 360.47742462158203 144.329833984375 360.47742462158203 198.86977005004883 325.569091796875 198.86977005004883
324.4042053222656 145.1875 361.29802322387695 145.1875 361.29802322387695 199.9905014038086 324.4042053222656 199.9905014038086
324.7071228027344 146.487548828125 360.8544387817383 146.487548828125 360.8544387817383 199.66336059570312 324.7071228027344 199.66336059570312
324.3737487792969 145.00155639648438 361.3866081237793 145.00155639648438 361.3866081237793 200.47233963012695 324.3737487792969 200.47233963012695
323.2071838378906 146.7575225830078 360.59009552001953 146.7575225830078 360.59009552001953 201.3366470336914 323.2071838378906 201.3366470336914
323.01947021484375 147.45745849609375 360.2279243469238 147.45745849609375 360.2279243469238 200.5844497680664 323.01947021484375 200.5844497680664
323.47821044921875 148.20436096191406 359.07091903686523 148.20436096191406 359.07091903686523 199.65326309204102 323.47821044921875 199.65326309204102
323.53900146484375 148.21299743652344 359.5356330871582 148.21299743652344 359.5356330871582 200.30025482177734 323.53900146484375 200.30025482177734
323.60760498046875 148.17538452148438 359.61067962646484 148.17538452148438 359.61067962646484 200.4326286315918 323.60760498046875 200.4326286315918
323.16387939453125 147.6831817626953 360.0235061645508 147.6831817626953 360.0235061645508 200.43273162841797 323.16387939453125 200.43273162841797
322.9808349609375 148.21688842773438 359.5516548156738 148.21688842773438 359.5516548156738 200.2153091430664 322.9808349609375 200.2153091430664
323.6092529296875 146.33311462402344 359.9883804321289 146.33311462402344 359.9883804321289 200.9176788330078 323.6092529296875 200.9176788330078
323.0240173339844 148.11447143554688 359.42093658447266 148.11447143554688 359.42093658447266 200.20610427856445 323.0240173339844 200.20610427856445
323.8511657714844 147.75729370117188 359.5779113769531 147.75729370117188 359.5779113769531 200.4583511352539 323.8511657714844 200.4583511352539
323.33355712890625 147.190185546875 359.4546699523926 147.190185546875 359.4546699523926 199.97185134887695 323.33355712890625 199.97185134887695
323.3365478515625 147.9005584716797 359.7377395629883 147.9005584716797 359.7377395629883 200.62410736083984 323.3365478515625 200.62410736083984
323.285888671875 148.02523803710938 359.89075469970703 148.02523803710938 359.89075469970703 200.30708694458008 323.285888671875 200.30708694458008
322.9692687988281 147.8468475341797 359.5345993041992 147.8468475341797 359.5345993041992 200.6817398071289 322.9692687988281 200.6817398071289
323.1882629394531 147.50596618652344 360.33618545532227 147.50596618652344 360.33618545532227 200.54712295532227 323.1882629394531 200.54712295532227
323.25238037109375 147.1559600830078 359.60025787353516 147.1559600830078 359.60025787353516 199.92282485961914 323.25238037109375 199.92282485961914
323.17620849609375 147.50479125976562 360.1124153137207 147.50479125976562 360.1124153137207 199.88346481323242 323.17620849609375 199.88346481323242
322.6932373046875 147.18617248535156 359.6229782104492 147.18617248535156 359.6229782104492 200.09972381591797 322.6932373046875 200.09972381591797
323.16351318359375 147.2686004638672 360.07769775390625 147.2686004638672 360.07769775390625 200.00789642333984 323.16351318359375 200.00789642333984
323.12188720703125 147.40628051757812 359.59996032714844 147.40628051757812 359.59996032714844 200.32025909423828 323.12188720703125 200.32025909423828
323.110595703125 147.361083984375 359.1427803039551 147.361083984375 359.1427803039551 200.64597702026367 323.110595703125 200.64597702026367
323.1390686035156 147.5140380859375 359.5519371032715 147.5140380859375 359.5519371032715 200.32402420043945 323.1390686035156 200.32402420043945
323.24468994140625 147.52206420898438 359.3085746765137 147.52206420898438 359.3085746765137 199.75253295898438 323.24468994140625 199.75253295898438
322.27642822265625 147.8216094970703 360.2526092529297 147.8216094970703 360.2526092529297 199.40509414672852 322.27642822265625 199.40509414672852
321.945068359375 147.728515625 360.6099319458008 147.728515625 360.6099319458008 199.58677291870117 321.945068359375 199.58677291870117
321.4028625488281 148.5791778564453 359.69793701171875 148.5791778564453 359.69793701171875 199.50347137451172 321.4028625488281 199.50347137451172
321.9393310546875 148.1511688232422 360.4905586242676 148.1511688232422 360.4905586242676 200.4088592529297 321.9393310546875 200.4088592529297
322.33349609375 147.76498413085938 360.5126190185547 147.76498413085938 360.5126190185547 200.6090202331543 322.33349609375 200.6090202331543
321.7470703125 149.05047607421875 359.73534393310547 149.05047607421875 359.73534393310547 199.85366821289062 321.7470703125 199.85366821289062
322.114013671875 149.343505859375 359.39803314208984 149.343505859375 359.39803314208984 200.38809967041016 322.114013671875 200.38809967041016
320.891845703125 149.0635528564453 359.71208572387695 149.0635528564453 359.71208572387695 200.16814804077148 320.891845703125 200.16814804077148
321.50726318359375 149.209228515625 358.7508201599121 149.209228515625 358.7508201599121 199.74503707885742 321.50726318359375 199.74503707885742
321.60235595703125 148.8408203125 359.33688735961914 148.8408203125 359.33688735961914 199.71141815185547 321.60235595703125 199.71141815185547
321.3245544433594 148.58450317382812 358.84686279296875 148.58450317382812 358.84686279296875 199.92349243164062 321.3245544433594 199.92349243164062
321.76123046875 149.52854919433594 358.3933639526367 149.52854919433594 358.3933639526367 199.87881088256836 321.76123046875 199.87881088256836
321.4094543457031 149.0304412841797 359.09310150146484 149.0304412841797 359.09310150146484 199.92705917358398 321.4094543457031 199.92705917358398
321.72802734375 149.26522827148438 358.8110656738281 149.26522827148438 358.8110656738281 199.54940032958984 321.72802734375 199.54940032958984
321.189453125 149.15118408203125 358.97884368896484 149.15118408203125 358.97884368896484 200.14680099487305 321.189453125 200.14680099487305
321.6193542480469 148.54270935058594 359.2408981323242 148.54270935058594 359.2408981323242 199.52094268798828 321.6193542480469 199.52094268798828
321.5433654785156 149.5146026611328 359.98596954345703 149.5146026611328 359.98596954345703 199.75622940063477 321.5433654785156 199.75622940063477
321.9775695800781 149.19265747070312 360.1590042114258 149.19265747070312 360.1590042114258 200.58347702026367 321.9775695800781 200.58347702026367
321.1017150878906 149.5811767578125 359.36297607421875 149.5811767578125 359.36297607421875 200.33549880981445 321.1017150878906 200.33549880981445
321.06390380859375 148.82801818847656 358.89366149902344 148.82801818847656 358.89366149902344 200.11365509033203 321.06390380859375 200.11365509033203
321.6429748535156 149.28610229492188 359.0942611694336 149.28610229492188 359.0942611694336 199.37244033813477 321.6429748535156 199.37244033813477
322.66900634765625 149.4492645263672 359.2510566711426 149.4492645263672 359.2510566711426 200.45519256591797 322.66900634765625 200.45519256591797
323.15814208984375 148.5307159423828 359.55297088623047 148.5307159423828 359.55297088623047 200.23399353027344 323.15814208984375 200.23399353027344
323.256591796875 148.6397247314453 359.89178466796875 148.6397247314453 359.89178466796875 201.2738265991211 323.256591796875 201.2738265991211
323.36578369140625 147.77389526367188 359.5772476196289 147.77389526367188 359.5772476196289 199.47005081176758 323.36578369140625 199.47005081176758
322.49212646484375 148.47341918945312 359.3086280822754 148.47341918945312 359.3086280822754 200.41777420043945 322.49212646484375 200.41777420043945
322.2177429199219 147.80543518066406 359.56434631347656 147.80543518066406 359.56434631347656 200.09986877441406 322.2177429199219 200.09986877441406
321.9415283203125 148.53375244140625 359.47460174560547 148.53375244140625 359.47460174560547 200.60209274291992 321.9415283203125 200.60209274291992
321.3959045410156 148.77685546875 359.2528190612793 148.77685546875 359.2528190612793 200.26297760009766 321.3959045410156 200.26297760009766
