220.0 235.0 235.0 235.0 235.0 280.0 220.0 280.0
219.84524536132812 235.0459747314453 235.1181812286377 235.0459747314453 235.1181812286377 279.5914726257324 219.84524536132812 279.5914726257324
219.5620880126953 233.9463348388672 235.0213804244995 233.9463348388672 235.0213804244995 280.00160217285156 219.5620880126953 280.00160217285156
219.9345245361328 233.7475128173828 234.8476047515869 233.7475128173828 234.8476047515869 280.0460624694824 219.9345245361328 280.0460624694824
219.531494140625 234.0567626953125 235.15238761901855 234.0567626953125 235.15238761901855 281.1160087585449 219.531494140625 281.1160087585449
219.4658660888672 234.06161499023438 234.72612953186035 234.06161499023438 234.72612953186035 280.6139030456543 219.4658660888672 280.6139030456543
219.39346313476562 233.6460723876953 234.57685565948486 233.6460723876953 234.57685565948486 280.41031646728516 219.39346313476562 280.41031646728516
219.5311737060547 233.7557373046875 234.6258087158203 233.7557373046875 234.6258087158203 281.2030944824219 219.5311737060547 281.2030944824219
219.6432342529297 234.3776092529297 234.51396369934082 234.3776092529297 234.51396369934082 280.274715423584 219.6432342529297 280.274715423584
219.3192901611328 234.2209930419922 234.6068058013916 234.2209930419922 234.6068058013916 280.90483474731445 219.3192901611328 280.90483474731445
219.51156616210938 233.5362548828125 234.35954093933105 233.5362548828125 234.35954093933105 280.39824295043945 219.51156616210938 280.39824295043945
219.4705810546875 234.2083740234375 234.51962566375732 234.2083740234375 234.51962566375732 280.5041275024414 219.4705810546875 280.5041275024414
219.81027221679688 234.0441436767578 234.40381622314453 234.0441436767578 234.40381622314453 280.0392189025879 219.81027221679688 280.0392189025879
220.1228485107422 234.2933349609375 234.96931648254395 234.2933349609375 234.96931648254395 279.9152488708496 220.1228485107422 279.9152488708496
220.1148681640625 233.9723358154297 235.3528003692627 233.9723358154297 235.3528003692627 279.0751266479492 220.1148681640625 279.0751266479492
220.7624053955078 234.5746612548828 235.34512329101562 234.5746612548828 235.34512329101562 280.34242248535156 220.7624053955078 280.34242248535156
220.6416778564453 234.58169555664062 235.23966026306152 234.58169555664062 235.23966026306152 280.51910400390625 220.6416778564453 280.51910400390625
220.44802856445312 234.83242797851562 235.2632236480713 234.83242797851562 235.2632236480713 281.40603256225586 220.44802856445312 281.40603256225586
220.5249481201172 235.1943359375 235.40170574188232 235.1943359375 235.40170574188232 280.70671463012695 220.5249481201172 280.70671463012695
220.2106475830078 236.500732421875 236.0796718597412 236.500732421875 236.0796718597412 280.9480285644531 220.2106475830078 280.9480285644531
220.1385040283203 236.257080078125 235.6035861968994 236.257080078125 235.6035861968994 281.6445999145508 220.1385040283203 281.6445999145508
220.23104858398438 236.9735107421875 235.41750621795654 236.9735107421875 235.41750621795654 281.56275939941406 220.23104858398438 281.56275939941406
219.68997192382812 235.7833709716797 235.5138578414917 235.7833709716797 235.5138578414917 280.35192108154297 219.68997192382812 280.35192108154297
219.86697387695312 237.57205200195312 235.86195945739746 237.57205200195312 235.86195945739746 282.2390251159668 219.86697387695312 282.2390251159668
219.39266967773438 235.51931762695312 233.75086212158203 235.51931762695312 233.75086212158203 280.5960464477539 219.39266967773438 280.5960464477539
218.6488800048828 235.60964965820312 232.6144895553589 235.60964965820312 232.6144895553589 280.7951545715332 218.6488800048828 280.7951545715332
217.95114135742188 235.0457305908203 232.24516582489014 235.0457305908203 232.24516582489014 280.17822647094727 217.95114135742188 280.17822647094727
218.39822387695312 235.63015747070312 232.8206558227539 235.63015747070312 232.8206558227539 281.5419578552246 218.39822387695312 281.5419578552246
217.73257446289062 236.68734741210938 232.09600353240967 236.68734741210938 232.09600353240967 281.92906951904297 217.73257446289062 281.92906951904297
216.4873809814453 237.34573364257812 231.33923530578613 237.34573364257812 231.33923530578613 281.40539932250977 216.4873809814453 281.40539932250977
215.58273315429688 238.17208862304688 230.2367000579834 238.17208862304688 230.2367000579834 282.1340103149414 215.58273315429688 282.1340103149414
214.20755004882812 239.54013061523438 228.7233943939209 239.54013061523438 228.7233943939209 282.7535400390625 214.20755004882812 282.7535400390625
213.8643035888672 239.53662109375 228.02493572235107 239.53662109375 228.02493572235107 283.83055114746094 213.8643035888672 283.83055114746094
212.9188995361328 240.0884552001953 227.1775131225586 240.0884552001953 227.1775131225586 284.17428970336914 212.9188995361328 284.17428970336914
212.66061401367188 238.9672393798828 227.47431755065918 238.9672393798828 227.47431755065918 283.1880226135254 212.66061401367188 283.1880226135254
213.0095672607422 239.13778686523438 227.39425945281982 239.13778686523438 227.39425945281982 283.1609764099121 213.0095672607422 283.1609764099121
213.2970428466797 238.82705688476562 227.08476066589355 238.82705688476562 227.08476066589355 284.4011535644531 213.2970428466797 284.4011535644531
212.92788696289062 239.2494659423828 226.99821758270264 239.2494659423828 226.99821758270264 284.4408988952637 212.92788696289062 284.4408988952637
213.01651000976562 240.4468994140625 227.1899814605713 240.4468994140625 227.1899814605713 284.87244033813477 213.01651000976562 284.87244033813477
212.7071075439453 239.2721405029297 227.38161945343018 239.2721405029297 227.38161945343018 286.0710754394531 212.7071075439453 286.0710754394531
212.6767120361328 240.3043670654297 227.86674976348877 240.3043670654297 227.86674976348877 286.0272979736328 212.6767120361328 286.0272979736328
212.5823211669922 239.00015258789062 227.67782402038574 239.00015258789062 227.67782402038574 283.99706268310547 212.5823211669922 283.99706268310547
212.2970733642578 239.59866333007812 227.18362617492676 239.59866333007812 227.18362617492676 285.93739318847656 212.2970733642578 285.93739318847656
211.83984375 240.50320434570312 226.43268585205078 240.50320434570312 226.43268585205078 286.43399810791016 211.83984375 286.43399810791016
211.42373657226562 241.3441619873047 226.34231567382812 241.3441619873047 226.34231567382812 286.4049491882324 211.42373657226562 286.4049491882324
210.03518676757812 240.473876953125 226.0139036178589 240.473876953125 226.0139036178589 286.5002784729004 210.03518676757812 286.5002784729004
209.68527221679688 241.4019012451172 224.98206329345703 241.4019012451172 224.98206329345703 286.2146224975586 209.68527221679688 286.2146224975586
209.54541015625 242.13705444335938 224.80428791046143 242.13705444335938 224.80428791046143 286.2472343444824 209.54541015625 286.2472343444824
209.6695556640625 241.34915161132812 225.33147430419922 241.34915161132812 225.33147430419922 284.0357131958008 209.6695556640625 284.0357131958008
211.1427764892578 241.4936981201172 225.60351753234863 241.4936981201172 225.60351753234863 284.1090507507324 211.1427764892578 284.1090507507324
211.69357299804688 241.970947265625 226.2371006011963 241.970947265625 226.2371006011963 285.1752243041992 211.69357299804688 285.1752243041992
211.48538208007812 242.3065948486328 225.86658191680908 242.3065948486328 225.86658191680908 285.896297454834 211.48538208007812 285.896297454834
212.68685913085938 240.1665496826172 226.67884063720703 240.1665496826172 226.67884063720703 285.31076431274414 212.68685913085938 285.31076431274414
213.0991973876953 241.05691528320312 226.55361938476562 241.05691528320312 226.55361938476562 284.6871109008789 213.0991973876953 284.6871109008789
213.3885955810547 242.4717254638672 226.6327257156372 242.4717254638672 226.6327257156372 286.9365577697754 213.3885955810547 286.9365577697754
212.9978485107422 243.3136444091797 226.89445972442627 243.3136444091797 226.89445972442627 286.53821182250977 212.9978485107422 286.53821182250977
213.1005859375 243.9221954345703 227.38456439971924 243.9221954345703 227.38456439971924 286.8235626220703 213.1005859375 286.8235626220703
212.71078491210938 242.906494140625 227.242919921875 242.906494140625 227.242919921875 287.11050033569336 212.71078491210938 287.11050033569336
212.39144897460938 242.53579711914062 227.1479721069336 242.53579711914062 227.1479721069336 286.8089408874512 212.39144897460938 286.8089408874512
212.47607421875 241.2643585205078 227.03258991241455 241.2643585205078 227.03258991241455 285.6088638305664 212.47607421875 285.6088638305664
212.47958374023438 241.2316131591797 226.8966245651245 241.2316131591797 226.8966245651245 285.5747528076172 212.47958374023438 285.5747528076172
212.975830078125 241.8656005859375 227.21224212646484 241.8656005859375 227.21224212646484 287.5055236816406 212.975830078125 287.5055236816406
213.3415985107422 241.878173828125 227.22160530090332 241.878173828125 227.22160530090332 286.64490127563477 213.3415985107422 286.64490127563477
213.7174835205078 241.75839233398438 228.40241050720215 241.75839233398438 228.40241050720215 288.1998825073242 213.7174835205078 288.1998825073242
214.266357421875 242.46157836914062 228.6673755645752 242.46157836914062 228.6673755645752 287.7823905944824 214.266357421875 287.7823905944824
214.7509002685547 241.6676788330078 230.34195137023926 241.6676788330078 230.34195137023926 289.01368713378906 214.7509002685547 289.01368713378906
215.48916625976562 241.11111450195312 230.76670265197754 241.11111450195312 230.76670265197754 286.9512367248535 215.48916625976562 286.9512367248535
216.69998168945312 241.810791015625 231.61876487731934 241.810791015625 231.61876487731934 289.0699348449707 216.69998168945312 289.0699348449707
217.52572631835938 243.3297576904297 232.79640769958496 243.3297576904297 232.79640769958496 289.7501564025879 217.52572631835938 289.7501564025879
218.3726043701172 244.083251953125 233.466157913208 244.083251953125 233.466157913208 288.69820404052734 218.3726043701172 288.69820404052734
218.5870819091797 243.91812133789062 234.2922239303589 243.91812133789062 234.2922239303589 290.4412422180176 218.5870819091797 290.4412422180176
218.5037078857422 243.80532836914062 234.26301097869873 243.80532836914062 234.26301097869873 289.4825668334961 218.5037078857422 289.4825668334961
222.5987091064453 244.4620819091797 238.68130683898926 244.4620819091797 238.68130683898926 290.09400177001953 222.5987091064453 290.09400177001953
223.55322265625 242.03585815429688 239.64472770690918 242.03585815429688 239.64472770690918 291.24365234375 223.55322265625 291.24365234375
224.868408203125 242.3991241455078 240.2582187652588 242.3991241455078 240.2582187652588 292.36023330688477 224.868408203125 292.36023330688477
225.16897583007812 245.29629516601562 240.13524436950684 245.29629516601562 240.13524436950684 292.1145706176758 225.16897583007812 292.1145706176758
225.6581268310547 244.86245727539062 240.7284641265869 244.86245727539062 240.7284641265869 292.1610641479492 225.6581268310547 292.1610641479492
225.36361694335938 245.0738983154297 241.27081489562988 245.0738983154297 241.27081489562988 292.99291229248047 225.36361694335938 292.99291229248047
225.3291473388672 245.06777954101562 241.27058601379395 245.06777954101562 241.27058601379395 292.1657028198242 225.3291473388672 292.1657028198242
225.7335968017578 244.4641571044922 241.31214141845703 244.4641571044922 241.31214141845703 292.55033111572266 225.7335968017578 292.55033111572266
225.89016723632812 243.1541748046875 241.17116355895996 243.1541748046875 241.17116355895996 292.6819763183594 225.89016723632812 292.6819763183594
226.7421875 243.55197143554688 241.45577239990234 243.55197143554688 241.45577239990234 290.5753974914551 226.7421875 290.5753974914551
227.598876953125 245.05233764648438 241.6747636795044 245.05233764648438 241.6747636795044 291.44641876220703 227.598876953125 291.44641876220703
227.6508026123047 246.25973510742188 242.5651273727417 246.25973510742188 242.5651273727417 292.4383773803711 227.6508026123047 292.4383773803711
227.79635620117188 246.6915740966797 243.1199131011963 246.6915740966797 243.1199131011963 293.7855796813965 227.79635620117188 293.7855796813965
227.2479705810547 245.8883056640625 243.10143852233887 245.8883056640625 243.10143852233887 294.26697540283203 227.2479705810547 294.26697540283203
227.2122802734375 245.52578735351562 243.83874893188477 245.52578735351562 243.83874893188477 293.53298568725586 227.2122802734375 293.53298568725586
227.2535858154297 245.69180297851562 243.57890510559082 245.69180297851562 243.57890510559082 293.81372833251953 227.2535858154297 293.81372833251953
227.5238494873047 245.3704833984375 243.61965370178223 245.3704833984375 243.61965370178223 293.27409744262695 227.5238494873047 293.27409744262695
227.33999633789062 245.50405883789062 243.70225143432617 245.50405883789062 243.70225143432617 293.9495964050293 227.33999633789062 293.9495964050293
227.0186004638672 245.19692993164062 243.79668045043945 245.19692993164062 243.79668045043945 294.1235771179199 227.0186004638672 294.1235771179199
227.02767944335938 245.2423858642578 243.76112937927246 245.2423858642578 243.76112937927246 295.2763214111328 227.02767944335938 295.2763214111328
226.6848602294922 245.8792724609375 243.4740219116211 245.8792724609375 243.4740219116211 294.9646644592285 226.6848602294922 294.9646644592285
227.2153778076172 247.498779296875 243.43106842041016 247.498779296875 243.43106842041016 295.9180374145508 227.2153778076172 295.9180374145508
226.08285522460938 245.707763671875 243.6350498199463 245.707763671875 243.6350498199463 294.41430282592773 226.08285522460938 294.41430282592773
226.007568359375 246.2481231689453 243.44190788269043 246.2481231689453 243.44190788269043 294.9160842895508 226.007568359375 294.9160842895508
225.57711791992188 246.47219848632812 242.75852966308594 246.47219848632812 242.75852966308594 294.66845703125 225.57711791992188 294.66845703125
225.40151977539062 246.9642791748047 242.0706958770752 246.9642791748047 242.0706958770752 293.0977363586426 225.40151977539062 293.0977363586426
225.56472778320312 246.53616333007812 242.1090793609619 246.53616333007812 242.1090793609619 292.8261299133301 225.56472778320312 292.8261299133301
225.79953002929688 247.5419921875 241.79575538635254 247.5419921875 241.79575538635254 293.9593315124512 225.79953002929688 293.9593315124512
225.5354461669922 245.88131713867188 241.89573287963867 245.88131713867188 241.89573287963867 292.9787254333496 225.5354461669922 292.9787254333496
226.07498168945312 246.46548461914062 242.48912048339844 246.46548461914062 242.48912048339844 294.23867416381836 226.07498168945312 294.23867416381836
226.07711791992188 246.7138214111328 242.48823165893555 246.7138214111328 242.48823165893555 293.6538429260254 226.07711791992188 293.6538429260254
226.1882781982422 246.28225708007812 242.85676383972168 246.28225708007812 242.85676383972168 292.75452041625977 226.1882781982422 292.75452041625977
226.5078125 246.7581787109375 242.9694118499756 246.7581787109375 242.9694118499756 293.6801986694336 226.5078125 293.6801986694336
227.0211944580078 247.4554901123047 243.99740600585938 247.4554901123047 243.99740600585938 294.41858673095703 227.0211944580078 294.41858673095703
226.5594024658203 246.86953735351562 242.94675064086914 246.86953735351562 242.94675064086914 295.10204315185547 226.5594024658203 295.10204315185547
227.6515655517578 247.15853881835938 244.50696182250977 247.15853881835938 244.50696182250977 295.49840545654297 227.6515655517578 295.49840545654297
228.3257598876953 245.91806030273438 245.0815944671631 245.91806030273438 245.0815944671631 294.6684799194336 228.3257598876953 294.6684799194336
228.7167510986328 245.68716430664062 245.8666114807129 245.68716430664062 245.8666114807129 294.32340240478516 228.7167510986328 294.32340240478516
229.45382690429688 246.72677612304688 245.43308067321777 246.72677612304688 245.43308067321777 293.9207305908203 229.45382690429688 293.9207305908203
229.085205078125 246.9807891845703 245.42979621887207 246.9807891845703 245.42979621887207 294.27405548095703 229.085205078125 294.27405548095703
229.7592315673828 246.9802703857422 246.03518104553223 246.9802703857422 246.03518104553223 295.52896881103516 229.7592315673828 295.52896881103516
229.8925018310547 247.6050567626953 246.3200740814209 247.6050567626953 246.3200740814209 296.279239654541 229.8925018310547 296.279239654541
230.4455108642578 247.5875244140625 246.84963607788086 247.5875244140625 246.84963607788086 295.6359329223633 230.4455108642578 295.6359329223633
230.35104370117188 247.62234497070312 247.07926177978516 247.62234497070312 247.07926177978516 295.93062591552734 230.35104370117188 295.93062591552734
230.64920043945312 248.10543823242188 247.26893615722656 248.10543823242188 247.26893615722656 295.8272476196289 230.64920043945312 295.8272476196289
231.72317504882812 249.33370971679688 247.85321807861328 249.33370971679688 247.85321807861328 295.7532539367676 231.72317504882812 295.7532539367676
231.4134979248047 248.17483520507812 247.80300903320312 248.17483520507812 247.80300903320312 297.7134017944336 231.4134979248047 297.7134017944336
231.312255859375 248.47030639648438 247.95730209350586 248.47030639648438 247.95730209350586 296.3110466003418 231.312255859375 296.3110466003418
231.53915405273438 249.35574340820312 248.31725120544434 249.35574340820312 248.31725120544434 296.53889083862305 231.53915405273438 296.53889083862305
231.2371826171875 247.29678344726562 248.35357284545898 247.29678344726562 248.35357284545898 296.5364074707031 231.2371826171875 296.5364074707031
231.4894561767578 248.7707977294922 248.52802276611328 248.7707977294922 248.52802276611328 296.74545669555664 231.4894561767578 296.74545669555664
231.2305145263672 248.81564331054688 248.64877319335938 248.81564331054688 248.64877319335938 296.492618560791 231.2305145263672 296.492618560791
231.70816040039062 247.91299438476562 248.65307235717773 247.91299438476562 248.65307235717773 295.82654190063477 231.70816040039062 295.82654190063477
231.8862762451172 249.2830810546875 248.47461700439453 249.2830810546875 248.47461700439453 296.14232635498047 231.8862762451172 296.14232635498047
232.0585174560547 248.60537719726562 248.8083896636963 248.60537719726562 248.8083896636963 294.92996978759766 232.0585174560547 294.92996978759766
231.7525177001953 248.5337371826172 248.57033920288086 248.5337371826172 248.57033920288086 294.6688995361328 231.7525177001953 294.6688995361328
231.9904022216797 248.02566528320312 248.6049098968506 248.02566528320312 248.6049098968506 294.2194633483887 231.9904022216797 294.2194633483887
232.6646728515625 247.9132843017578 248.79088401794434 247.9132843017578 248.79088401794434 295.4142189025879 232.6646728515625 295.4142189025879
232.02603149414062 248.19619750976562 248.7087802886963 248.19619750976562 248.7087802886963 294.7346076965332 232.02603149414062 294.7346076965332
233.34872436523438 249.69418334960938 249.59286308288574 249.69418334960938 249.59286308288574 295.79335021972656 233.34872436523438 295.79335021972656
233.17431640625 248.6973419189453 249.64500045776367 248.6973419189453 249.64500045776367 295.37440490722656 233.17431640625 295.37440490722656
233.403076171875 248.9401397705078 249.99252128601074 248.9401397705078 249.99252128601074 294.4287567138672 233.403076171875 294.4287567138672
233.8937530517578 248.80233764648438 250.33374214172363 248.80233764648438 250.33374214172363 294.6879997253418 233.8937530517578 294.6879997253418
233.8994140625 248.541259765625 250.67585945129395 248.541259765625 250.67585945129395 294.8077163696289 233.8994140625 294.8077163696289
234.6823272705078 249.7011260986328 250.70209884643555 249.7011260986328 250.70209884643555 295.7849655151367 234.6823272705078 295.7849655151367
234.61123657226562 250.33633422851562 250.5817747116089 250.33633422851562 250.5817747116089 295.36292266845703 234.61123657226562 295.36292266845703
234.7235870361328 250.36489868164062 250.5910415649414 250.36489868164062 250.5910415649414 295.77599334716797 234.7235870361328 295.77599334716797
235.22128295898438 250.71142578125 250.8758726119995 250.71142578125 250.8758726119995 297.1380043029785 235.22128295898438 297.1380043029785
235.26779174804688 250.4929962158203 250.68315315246582 250.4929962158203 250.68315315246582 295.7711486816406 235.26779174804688 295.7711486816406
235.0268096923828 252.0434112548828 250.53596782684326 252.0434112548828 250.53596782684326 296.73381423950195 235.0268096923828 296.73381423950195
235.23159790039062 251.3192901611328 250.8012752532959 251.3192901611328 250.8012752532959 296.2823791503906 235.23159790039062 296.2823791503906
234.5933380126953 252.3316192626953 250.71837997436523 252.3316192626953 250.71837997436523 298.6554832458496 234.5933380126953 298.6554832458496
235.383544921875 252.426025390625 250.73147869110107 252.426025390625 250.73147869110107 298.21427154541016 235.383544921875 298.21427154541016
234.9345245361328 251.9041290283203 250.7004270553589 251.9041290283203 250.7004270553589 297.06407928466797 234.9345245361328 297.06407928466797
234.4170684814453 252.0298309326172 251.02127075195312 252.0298309326172 251.02127075195312 299.00270080566406 234.4170684814453 299.00270080566406
234.62478637695312 251.68319702148438 250.89435958862305 251.68319702148438 250.89435958862305 297.9609909057617 234.62478637695312 297.9609909057617
233.4320526123047 250.20297241210938 250.2246036529541 250.20297241210938 250.2246036529541 296.72814178466797 233.4320526123047 296.72814178466797
233.7798309326172 250.8630828857422 250.22726821899414 250.8630828857422 250.22726821899414 296.77752685546875 233.7798309326172 296.77752685546875
234.4842071533203 251.96163940429688 250.81394004821777 251.96163940429688 250.81394004821777 297.1052360534668 234.4842071533203 297.1052360534668
234.73291015625 251.0727996826172 250.80575370788574 251.0727996826172 250.80575370788574 296.73766326904297 234.73291015625 296.73766326904297
234.63656616210938 251.34829711914062 250.64802169799805 251.34829711914062 250.64802169799805 297.1055221557617 234.63656616210938 297.1055221557617
235.07470703125 251.89840698242188 250.55300331115723 251.89840698242188 250.55300331115723 295.8604202270508 235.07470703125 295.8604202270508
235.7455291748047 251.9478759765625 251.30922889709473 251.9478759765625 251.30922889709473 296.7810287475586 235.7455291748047 296.7810287475586
235.51968383789062 251.7610626220703 251.24193000793457 251.7610626220703 251.24193000793457 296.0299606323242 235.51968383789062 296.0299606323242
235.904052734375 252.66610717773438 251.85558795928955 252.66610717773438 251.85558795928955 296.7803153991699 235.904052734375 296.7803153991699
235.9499053955078 253.1234893798828 252.35288047790527 253.1234893798828 252.35288047790527 297.33422088623047 235.9499053955078 297.33422088623047
236.54971313476562 252.42745971679688 253.14510345458984 252.42745971679688 253.14510345458984 298.2270050048828 236.54971313476562 298.2270050048828
236.7562255859375 252.97238159179688 253.2632007598877 252.97238159179688 253.2632007598877 297.51203536987305 236.7562255859375 297.51203536987305
236.43203735351562 252.4990997314453 253.0506534576416 252.4990997314453 253.0506534576416 297.1318588256836 236.43203735351562 297.1318588256836
237.34140014648438 253.13540649414062 253.85846328735352 253.13540649414062 253.85846328735352 297.2394485473633 237.34140014648438 297.2394485473633
238.02279663085938 253.49435424804688 254.5131492614746 253.49435424804688 254.5131492614746 297.35604095458984 238.02279663085938 297.35604095458984
238.8064727783203 252.8652801513672 254.90654373168945 252.8652801513672 254.90654373168945 297.4944076538086 238.8064727783203 297.4944076538086
237.85067749023438 251.99072265625 254.62501525878906 251.99072265625 254.62501525878906 296.15560150146484 237.85067749023438 296.15560150146484
238.61178588867188 252.25955200195312 255.52209091186523 252.25955200195312 255.52209091186523 299.1009407043457 238.61178588867188 299.1009407043457
239.5292205810547 252.94674682617188 255.40775775909424 252.94674682617188 255.40775775909424 298.8329772949219 239.5292205810547 298.8329772949219
239.9861602783203 253.4247283935547 255.8381290435791 253.4247283935547 255.8381290435791 299.8351058959961 239.9861602783203 299.8351058959961
240.0413055419922 253.94677734375 255.89976501464844 253.94677734375 255.89976501464844 300.3284225463867 240.0413055419922 300.3284225463867
240.1552276611328 254.21029663085938 256.5364570617676 254.21029663085938 256.5364570617676 299.5045852661133 240.1552276611328 299.5045852661133
240.66604614257812 252.57144165039062 256.4310178756714 252.57144165039062 256.4310178756714 299.38492584228516 240.66604614257812 299.38492584228516
240.72244262695312 253.4549102783203 256.8376216888428 253.4549102783203 256.8376216888428 299.92028045654297 240.72244262695312 299.92028045654297
240.4573211669922 253.7832489013672 257.39116859436035 253.7832489013672 257.39116859436035 299.75454330444336 240.4573211669922 299.75454330444336
240.6027374267578 253.7715301513672 257.8312110900879 253.7715301513672 257.8312110900879 300.4393653869629 240.6027374267578 300.4393653869629
241.39468383789062 253.23977661132812 258.4587001800537 253.23977661132812 258.4587001800537 300.32125091552734 241.39468383789062 300.32125091552734
241.2019805908203 252.25509643554688 258.8757724761963 252.25509643554688 258.8757724761963 299.75732421875 241.2019805908203 299.75732421875
241.4006805419922 253.1813201904297 259.6255989074707 253.1813201904297 259.6255989074707 299.1401252746582 241.4006805419922 299.1401252746582
241.9813690185547 252.91281127929688 258.7532653808594 252.91281127929688 258.7532653808594 300.1978569030762 241.9813690185547 300.1978569030762
242.59127807617188 252.3988037109375 259.2740478515625 252.3988037109375 259.2740478515625 298.55421447753906 242.59127807617188 298.55421447753906
242.76870727539062 252.6399383544922 259.1331329345703 252.6399383544922 259.1331329345703 297.4940757751465 242.76870727539062 297.4940757751465
243.55459594726562 252.8550262451172 259.9563732147217 252.8550262451172 259.9563732147217 297.38953399658203 243.55459594726562 297.38953399658203
243.9188690185547 253.3360595703125 260.04560470581055 253.3360595703125 260.04560470581055 298.51148223876953 243.9188690185547 298.51148223876953
244.90341186523438 253.2461395263672 260.6904125213623 253.2461395263672 260.6904125213623 298.2360153198242 244.90341186523438 298.2360153198242
245.6599578857422 253.1292724609375 261.56800651550293 253.1292724609375 261.56800651550293 298.6626205444336 245.6599578857422 298.6626205444336
245.97860717773438 253.84481811523438 261.6084575653076 253.84481811523438 261.6084575653076 299.4002227783203 245.97860717773438 299.4002227783203
246.70474243164062 253.1129150390625 262.7769966125488 253.1129150390625 262.7769966125488 298.75489044189453 246.70474243164062 298.75489044189453
246.5133514404297 253.1229705810547 262.54007148742676 253.1229705810547 262.54007148742676 297.0441017150879 246.5133514404297 297.0441017150879
247.2483673095703 253.20870971679688 263.55861473083496 253.20870971679688 263.55861473083496 299.4905319213867 247.2483673095703 299.4905319213867
247.382080078125 253.47647094726562 264.8194942474365 253.47647094726562 264.8194942474365 297.46424102783203 247.382080078125 297.46424102783203
248.7041473388672 253.9396514892578 266.08242416381836 253.9396514892578 266.08242416381836 299.2461738586426 248.7041473388672 299.2461738586426
249.6854248046875 253.14315795898438 266.4056205749512 253.14315795898438 266.4056205749512 299.9867973327637 249.6854248046875 299.9867973327637
250.5771026611328 254.7700653076172 266.53374767303467 254.7700653076172 266.53374767303467 300.8962707519531 250.5771026611328 300.8962707519531
251.18710327148438 254.98876953125 266.8590793609619 254.98876953125 266.8590793609619 300.6315155029297 251.18710327148438 300.6315155029297
251.97500610351562 255.8406219482422 267.18609619140625 255.8406219482422 267.18609619140625 300.8348159790039 251.97500610351562 300.8348159790039
251.7472686767578 255.625732421875 267.7403163909912 255.625732421875 267.7403163909912 301.47172927856445 251.7472686767578 301.47172927856445
252.6558837890625 255.6895751953125 268.13335609436035 255.6895751953125 268.13335609436035 299.9438896179199 252.6558837890625 299.9438896179199
252.53805541992188 255.51986694335938 268.76681327819824 255.51986694335938 268.76681327819824 300.39241790771484 252.53805541992188 300.39241790771484
253.4340362548828 256.08807373046875 269.4089126586914 256.08807373046875 269.4089126586914 302.6674156188965 253.4340362548828 302.6674156188965
253.65036010742188 256.0829162597656 269.9925365447998 256.0829162597656 269.9925365447998 302.0656967163086 253.65036010742188 302.0656967163086
253.7260284423828 255.87911987304688 270.68519592285156 255.87911987304688 270.68519592285156 301.6395072937012 253.7260284423828 301.6395072937012
254.4825439453125 256.90716552734375 270.83903312683105 256.90716552734375 270.83903312683105 301.5765380859375 254.4825439453125 301.5765380859375
254.68185424804688 255.4439697265625 271.0333366394043 255.4439697265625 271.0333366394043 302.4406433105469 254.68185424804688 302.4406433105469
254.2106475830078 255.87966918945312 271.1823043823242 255.87966918945312 271.1823043823242 302.88607025146484 254.2106475830078 302.88607025146484
254.4911651611328 255.666748046875 271.3440341949463 255.666748046875 271.3440341949463 302.2593994140625 254.4911651611328 302.2593994140625
255.4080352783203 255.5939483642578 271.5146789550781 255.5939483642578 271.5146789550781 302.24645614624023 255.4080352783203 302.24645614624023
255.6197509765625 255.3024139404297 271.3089828491211 255.3024139404297 271.3089828491211 301.65626525878906 255.6197509765625 301.65626525878906
256.1180419921875 254.9501495361328 271.6758165359497 254.9501495361328 271.6758165359497 300.6335792541504 256.1180419921875 300.6335792541504
256.24505615234375 255.10549926757812 271.81786346435547 255.10549926757812 271.81786346435547 301.75498962402344 256.24505615234375 301.75498962402344
256.94183349609375 255.27359008789062 272.505708694458 255.27359008789062 272.505708694458 302.5329284667969 256.94183349609375 302.5329284667969
256.70648193359375 256.05645751953125 272.81865882873535 256.05645751953125 272.81865882873535 301.6350784301758 256.70648193359375 301.6350784301758
257.60235595703125 255.84219360351562 273.4278316497803 255.84219360351562 273.4278316497803 301.8815460205078 257.60235595703125 301.8815460205078
258.1023254394531 256.0692443847656 274.64758682250977 256.0692443847656 274.64758682250977 300.9862594604492 258.1023254394531 300.9862594604492
258.6795959472656 256.0462341308594 275.57567405700684 256.0462341308594 275.57567405700684 303.08528900146484 258.6795959472656 303.08528900146484
258.4739990234375 255.87844848632812 275.93939208984375 255.87844848632812 275.93939208984375 302.99799728393555 258.4739990234375 302.99799728393555
259.382080078125 255.40420532226562 277.5374240875244 255.40420532226562 277.5374240875244 302.9140625 259.382080078125 302.9140625
260.14288330078125 256.1244812011719 277.6046905517578 256.1244812011719 277.6046905517578 302.9667091369629 260.14288330078125 302.9667091369629
260.86114501953125 255.8575897216797 278.1447353363037 255.8575897216797 278.1447353363037 304.22912979125977 260.86114501953125 304.22912979125977
261.71771240234375 256.80999755859375 278.5416965484619 256.80999755859375 278.5416965484619 304.4476661682129 261.71771240234375 304.4476661682129
262.020263671875 257.7204284667969 279.1003894805908 257.7204284667969 279.1003894805908 303.53629302978516 262.020263671875 303.53629302978516
262.4766845703125 258.4879455566406 278.97987937927246 258.4879455566406 278.97987937927246 304.02747344970703 262.4766845703125 304.02747344970703
262.5889892578125 258.2808837890625 279.16077041625977 258.2808837890625 279.16077041625977 304.8453140258789 262.5889892578125 304.8453140258789
262.1883850097656 258.30328369140625 278.9717769622803 258.30328369140625 278.9717769622803 304.93073654174805 262.1883850097656 304.93073654174805
262.58563232421875 259.2916259765625 279.25612449645996 259.2916259765625 279.25612449645996 306.46429443359375 262.58563232421875 306.46429443359375
263.4927978515625 259.33538818359375 279.6495018005371 259.33538818359375 279.6495018005371 306.69580078125 263.4927978515625 306.69580078125
262.76116943359375 259.29461669921875 279.26852798461914 259.29461669921875 279.26852798461914 306.33631134033203 262.76116943359375 306.33631134033203
262.7091979980469 258.3980407714844 279.8601932525635 258.3980407714844 279.8601932525635 305.9905548095703 262.7091979980469 305.9905548095703
262.35430908203125 257.40594482421875 279.85493087768555 257.40594482421875 279.85493087768555 305.41419219970703 262.35430908203125 305.41419219970703
263.09991455078125 258.05242919921875 280.3280143737793 258.05242919921875 280.3280143737793 305.6716842651367 263.09991455078125 305.6716842651367
262.67181396484375 258.98529052734375 279.8818702697754 258.98529052734375 279.8818702697754 306.5355339050293 262.67181396484375 306.5355339050293
262.56536865234375 258.2105407714844 279.68361473083496 258.2105407714844 279.68361473083496 303.7176742553711 262.56536865234375 303.7176742553711
263.10052490234375 256.4276123046875 279.37805557250977 256.4276123046875 279.37805557250977 304.2284927368164 263.10052490234375 304.2284927368164
263.2915954589844 258.48663330078125 280.1116828918457 258.48663330078125 280.1116828918457 306.14447021484375 263.2915954589844 306.14447021484375
263.80731201171875 258.34136962890625 280.8363494873047 258.34136962890625 280.8363494873047 305.5508804321289 263.80731201171875 305.5508804321289
264.2221374511719 258.6689147949219 280.640832901001 258.6689147949219 280.640832901001 305.5190963745117 264.2221374511719 305.5190963745117
264.4755859375 258.48126220703125 281.5724697113037 258.48126220703125 281.5724697113037 305.3397750854492 264.4755859375 305.3397750854492
265.0108337402344 259.18072509765625 281.4016399383545 259.18072509765625 281.4016399383545 305.9263916015625 265.0108337402344 305.9263916015625
265.6041259765625 258.74322509765625 282.3036994934082 258.74322509765625 282.3036994934082 305.9944305419922 265.6041259765625 305.9944305419922
265.53033447265625 258.2475891113281 282.5254364013672 258.2475891113281 282.5254364013672 307.4245414733887 265.53033447265625 307.4245414733887
265.61871337890625 258.3749084472656 283.4178123474121 258.3749084472656 283.4178123474121 308.55664825439453 265.61871337890625 308.55664825439453
265.6611022949219 257.6366271972656 283.4792594909668 257.6366271972656 283.4792594909668 306.5128059387207 265.6611022949219 306.5128059387207
267.0244445800781 258.7712097167969 284.0032157897949 258.7712097167969 284.0032157897949 307.05793380737305 267.0244445800781 307.05793380737305
267.37744140625 259.25775146484375 284.7206840515137 259.25775146484375 284.7206840515137 306.6028251647949 267.37744140625 306.6028251647949
267.791748046875 259.3462829589844 284.9598083496094 259.3462829589844 284.9598083496094 307.9542427062988 267.791748046875 307.9542427062988
268.2738952636719 260.273681640625 285.12595558166504 260.273681640625 285.12595558166504 309.1963310241699 268.2738952636719 309.1963310241699
268.5483093261719 260.9761047363281 285.5945568084717 260.9761047363281 285.5945568084717 308.98802185058594 268.5483093261719 308.98802185058594
268.3968200683594 261.2420349121094 285.808069229126 261.2420349121094 285.808069229126 308.49303817749023 268.3968200683594 308.49303817749023
268.51434326171875 260.8020935058594 285.4538993835449 260.8020935058594 285.4538993835449 309.98863983154297 268.51434326171875 309.98863983154297
268.92559814453125 261.43878173828125 285.77424240112305 261.43878173828125 285.77424240112305 310.55240631103516 268.92559814453125 310.55240631103516
269.22161865234375 260.6480407714844 286.3308982849121 260.6480407714844 286.3308982849121 308.5065727233887 269.22161865234375 308.5065727233887
269.53533935546875 260.0184020996094 286.78368759155273 260.0184020996094 286.78368759155273 309.16307830810547 269.53533935546875 309.16307830810547
270.1139221191406 260.62164306640625 287.02514266967773 260.62164306640625 287.02514266967773 309.2833251953125 270.1139221191406 309.2833251953125
269.88311767578125 259.78118896484375 287.88454818725586 259.78118896484375 287.88454818725586 309.12928009033203 269.88311767578125 309.12928009033203
269.53753662109375 259.5302734375 287.2507152557373 259.5302734375 287.2507152557373 309.1783332824707 269.53753662109375 309.1783332824707
270.1437072753906 258.81640625 286.9254684448242 258.81640625 286.9254684448242 308.76244354248047 270.1437072753906 308.76244354248047
270.77105712890625 258.751220703125 287.69147872924805 258.751220703125 287.69147872924805 307.30260467529297 270.77105712890625 307.30260467529297
271.869873046875 257.1922302246094 287.91845703125 257.1922302246094 287.91845703125 307.03409576416016 271.869873046875 307.03409576416016
272.78839111328125 258.52777099609375 288.81193923950195 258.52777099609375 288.81193923950195 308.38726806640625 272.78839111328125 308.38726806640625
273.4574279785156 257.68414306640625 289.6450500488281 257.68414306640625 289.6450500488281 308.7365837097168 273.4574279785156 308.7365837097168
273.0828857421875 260.25164794921875 289.4286079406738 260.25164794921875 289.4286079406738 310.44542694091797 273.0828857421875 310.44542694091797
273.66748046875 258.91619873046875 289.8181972503662 258.91619873046875 289.8181972503662 308.59732818603516 273.66748046875 308.59732818603516
273.945068359375 258.7392883300781 290.1886787414551 258.7392883300781 290.1886787414551 307.68386459350586 273.945068359375 307.68386459350586
274.3902587890625 259.91650390625 290.5181427001953 259.91650390625 290.5181427001953 307.74556732177734 274.3902587890625 307.74556732177734
274.94085693359375 260.39422607421875 291.18227195739746 260.39422607421875 291.18227195739746 307.60539627075195 274.94085693359375 307.60539627075195
275.37286376953125 260.60418701171875 292.27769660949707 260.60418701171875 292.27769660949707 307.87191009521484 275.37286376953125 307.87191009521484
275.65350341796875 261.3402099609375 292.28684997558594 261.3402099609375 292.28684997558594 309.18733978271484 275.65350341796875 309.18733978271484
276.62896728515625 260.5276794433594 292.8855495452881 260.5276794433594 292.8855495452881 306.89270401000977 276.62896728515625 306.89270401000977
277.1153564453125 260.27496337890625 293.25355529785156 260.27496337890625 293.25355529785156 306.67215728759766 277.1153564453125 306.67215728759766
277.5422668457031 258.9530944824219 293.5471134185791 258.9530944824219 293.5471134185791 305.89879608154297 277.5422668457031 305.89879608154297
277.7312927246094 260.00115966796875 294.2864799499512 260.00115966796875 294.2864799499512 308.09749603271484 277.7312927246094 308.09749603271484
277.14385986328125 259.17889404296875 294.09050369262695 259.17889404296875 294.09050369262695 307.3398666381836 277.14385986328125 307.3398666381836
277.5279846191406 259.7608947753906 294.8042278289795 259.7608947753906 294.8042278289795 308.71105575561523 277.5279846191406 308.71105575561523
277.95758056640625 260.25201416015625 294.9273433685303 260.25201416015625 294.9273433685303 310.2350883483887 277.95758056640625 310.2350883483887
277.73486328125 261.2064514160156 295.5674686431885 261.2064514160156 295.5674686431885 309.5964660644531 277.73486328125 309.5964660644531
278.51007080078125 261.2542724609375 295.8295249938965 261.2542724609375 295.8295249938965 309.25136947631836 278.51007080078125 309.25136947631836
279.33795166015625 262.81915283203125 296.4659652709961 262.81915283203125 296.4659652709961 311.14427185058594 279.33795166015625 311.14427185058594
279.0032043457031 262.39862060546875 296.3017406463623 262.39862060546875 296.3017406463623 310.9734573364258 279.0032043457031 310.9734573364258
279.2984313964844 261.59613037109375 296.65697860717773 261.59613037109375 296.65697860717773 310.0025444030762 279.2984313964844 310.0025444030762
280.28350830078125 262.76885986328125 297.13558197021484 262.76885986328125 297.13558197021484 312.8973617553711 280.28350830078125 312.8973617553711
279.82965087890625 261.8403625488281 297.0222511291504 261.8403625488281 297.0222511291504 310.68141174316406 279.82965087890625 310.68141174316406
279.92083740234375 261.0085144042969 296.79892349243164 261.0085144042969 296.79892349243164 309.7774887084961 279.92083740234375 309.7774887084961
278.19940185546875 259.28485107421875 295.84979820251465 259.28485107421875 295.84979820251465 307.2694549560547 278.19940185546875 307.2694549560547
278.89447021484375 259.9839172363281 295.8949279785156 259.9839172363281 295.8949279785156 308.5304870605469 278.89447021484375 308.5304870605469
278.5113830566406 260.34326171875 295.84498023986816 260.34326171875 295.84498023986816 308.9825134277344 278.5113830566406 308.9825134277344
280.172607421875 259.46978759765625 297.048038482666 259.46978759765625 297.048038482666 308.9572868347168 280.172607421875 308.9572868347168
280.68414306640625 261.2104187011719 298.38180923461914 261.2104187011719 298.38180923461914 311.129940032959 280.68414306640625 311.129940032959
279.9462585449219 260.33428955078125 296.9733066558838 260.33428955078125 296.9733066558838 310.1435737609863 279.9462585449219 310.1435737609863
279.7929382324219 259.6119079589844 297.39474868774414 259.6119079589844 297.39474868774414 309.63315200805664 279.7929382324219 309.63315200805664
281.20098876953125 260.2021789550781 299.1483631134033 260.2021789550781 299.1483631134033 311.5518112182617 281.20098876953125 311.5518112182617
281.28363037109375 259.760009765625 299.59136390686035 259.760009765625 299.59136390686035 312.7696762084961 281.28363037109375 312.7696762084961
281.7433166503906 260.6366882324219 300.4763298034668 260.6366882324219 300.4763298034668 312.2183303833008 281.7433166503906 312.2183303833008
281.7994689941406 259.28863525390625 300.48422622680664 259.28863525390625 300.48422622680664 313.1492385864258 281.7994689941406 313.1492385864258
282.3368835449219 260.95343017578125 301.04359245300293 260.95343017578125 301.04359245300293 314.13933181762695 282.3368835449219 314.13933181762695
282.5945739746094 260.26837158203125 301.188512802124 260.26837158203125 301.188512802124 313.0602493286133 282.5945739746094 313.0602493286133
282.95458984375 259.33709716796875 301.4177894592285 259.33709716796875 301.4177894592285 312.0461120605469 282.95458984375 312.0461120605469
283.6385498046875 259.5675964355469 301.7963237762451 259.5675964355469 301.7963237762451 312.3370895385742 283.6385498046875 312.3370895385742
283.76287841796875 260.4680480957031 302.1143608093262 260.4680480957031 302.1143608093262 313.0378608703613 283.76287841796875 313.0378608703613
285.05474853515625 260.8033752441406 302.62921714782715 260.8033752441406 302.62921714782715 314.7819938659668 285.05474853515625 314.7819938659668
285.2794494628906 260.0902099609375 303.1343002319336 260.0902099609375 303.1343002319336 313.7357368469238 285.2794494628906 313.7357368469238
285.22235107421875 259.7891540527344 302.8494682312012 259.7891540527344 302.8494682312012 314.88859939575195 285.22235107421875 314.88859939575195
285.3948974609375 261.75604248046875 303.03197288513184 261.75604248046875 303.03197288513184 314.6844902038574 285.3948974609375 314.6844902038574
284.99627685546875 261.3443298339844 302.4921417236328 261.3443298339844 302.4921417236328 314.0184631347656 284.99627685546875 314.0184631347656
284.94085693359375 259.90704345703125 302.2408790588379 259.90704345703125 302.2408790588379 314.0732307434082 284.94085693359375 314.0732307434082
284.55572509765625 260.2574157714844 301.9847412109375 260.2574157714844 301.9847412109375 314.4054870605469 284.55572509765625 314.4054870605469
285.01898193359375 259.97198486328125 302.2952003479004 259.97198486328125 302.2952003479004 315.60640716552734 285.01898193359375 315.60640716552734
283.5638732910156 260.7205810546875 301.7743110656738 260.7205810546875 301.7743110656738 314.4529113769531 283.5638732910156 314.4529113769531
283.1718444824219 261.54766845703125 301.8187007904053 261.54766845703125 301.8187007904053 315.0328598022461 283.1718444824219 315.0328598022461
282.8855285644531 262.00555419921875 301.35411643981934 262.00555419921875 301.35411643981934 313.97693634033203 282.8855285644531 313.97693634033203
283.01068115234375 260.74884033203125 300.09849548339844 260.74884033203125 300.09849548339844 312.8820495605469 283.01068115234375 312.8820495605469
283.8092956542969 260.885498046875 300.2853469848633 260.885498046875 300.2853469848633 313.40848541259766 283.8092956542969 313.40848541259766
283.9452209472656 259.43670654296875 300.07282638549805 259.43670654296875 300.07282638549805 314.2894172668457 283.9452209472656 314.2894172668457
283.14031982421875 263.55206298828125 299.02754497528076 263.55206298828125 299.02754497528076 315.8757209777832 283.14031982421875 315.8757209777832
282.8747863769531 262.427978515625 298.81266593933105 262.427978515625 298.81266593933105 316.1243896484375 282.8747863769531 316.1243896484375
282.65582275390625 262.1434020996094 298.9712104797363 262.1434020996094 298.9712104797363 313.80489349365234 282.65582275390625 313.80489349365234
282.92120361328125 262.1794128417969 299.26342582702637 262.1794128417969 299.26342582702637 315.65582275390625 282.92120361328125 315.65582275390625
282.960693359375 262.4743347167969 299.60425758361816 262.4743347167969 299.60425758361816 316.5132255554199 282.960693359375 316.5132255554199
283.92840576171875 260.9615173339844 299.9902744293213 260.9615173339844 299.9902744293213 315.0202522277832 283.92840576171875 315.0202522277832
284.19805908203125 261.18841552734375 300.1248445510864 261.18841552734375 300.1248445510864 315.3176689147949 284.19805908203125 315.3176689147949
283.37652587890625 259.77362060546875 299.9528503417969 259.77362060546875 299.9528503417969 315.57403564453125 283.37652587890625 315.57403564453125
281.96282958984375 259.3963928222656 299.0637397766113 259.3963928222656 299.0637397766113 313.91114044189453 281.96282958984375 313.91114044189453
281.4942626953125 260.6969909667969 299.3600673675537 260.6969909667969 299.3600673675537 316.44171142578125 281.4942626953125 316.44171142578125
280.6573486328125 260.2387390136719 298.5808982849121 260.2387390136719 298.5808982849121 316.6223258972168 280.6573486328125 316.6223258972168
279.65264892578125 259.27972412109375 297.49267959594727 259.27972412109375 297.49267959594727 316.4493293762207 279.65264892578125 316.4493293762207
279.7871398925781 259.1962890625 297.19367599487305 259.1962890625 297.19367599487305 315.8901176452637 279.7871398925781 315.8901176452637
279.982421875 260.22076416015625 296.96450996398926 260.22076416015625 296.96450996398926 314.18011474609375 279.982421875 314.18011474609375
278.85577392578125 261.2864685058594 295.8390769958496 261.2864685058594 295.8390769958496 315.58971405029297 278.85577392578125 315.58971405029297
277.21466064453125 264.11163330078125 293.9964122772217 264.11163330078125 293.9964122772217 315.77128982543945 277.21466064453125 315.77128982543945
276.8260498046875 265.2924499511719 294.04584884643555 265.2924499511719 294.04584884643555 317.4204216003418 276.8260498046875 317.4204216003418
276.82916259765625 264.3999328613281 293.2110939025879 264.3999328613281 293.2110939025879 316.4168395996094 276.82916259765625 316.4168395996094
277.45703125 262.79888916015625 294.6986484527588 262.79888916015625 294.6986484527588 316.7212028503418 277.45703125 316.7212028503418
277.5484619140625 264.03717041015625 295.2036952972412 264.03717041015625 295.2036952972412 318.07795333862305 277.5484619140625 318.07795333862305
278.5713195800781 263.91558837890625 296.1032905578613 263.91558837890625 296.1032905578613 317.6907653808594 278.5713195800781 317.6907653808594
277.37548828125 263.1328125 295.98170471191406 263.1328125 295.98170471191406 318.1550407409668 277.37548828125 318.1550407409668
277.97021484375 264.46746826171875 297.2525978088379 264.46746826171875 297.2525978088379 318.1939468383789 277.97021484375 318.1939468383789
279.3104553222656 263.2848205566406 297.7201690673828 263.2848205566406 297.7201690673828 317.8705940246582 279.3104553222656 317.8705940246582
279.3710021972656 263.20343017578125 298.02674674987793 263.20343017578125 298.02674674987793 318.9085502624512 279.3710021972656 318.9085502624512
280.6280517578125 264.63848876953125 298.8985118865967 264.63848876953125 298.8985118865967 318.91718673706055 280.6280517578125 318.91718673706055
280.84002685546875 264.31011962890625 298.95553398132324 264.31011962890625 298.95553398132324 319.0007209777832 280.84002685546875 319.0007209777832
281.01190185546875 265.088623046875 299.2427558898926 265.088623046875 299.2427558898926 318.4700736999512 281.01190185546875 318.4700736999512
281.2170715332031 265.0939636230469 299.2556209564209 265.0939636230469 299.2556209564209 319.2892951965332 281.2170715332031 319.2892951965332
281.66290283203125 264.6497497558594 299.6424446105957 264.6497497558594 299.6424446105957 320.8472900390625 281.66290283203125 320.8472900390625
282.01019287109375 266.1794738769531 300.5894527435303 266.1794738769531 300.5894527435303 319.7989273071289 282.01019287109375 319.7989273071289
281.3730773925781 266.44012451171875 300.7301597595215 266.44012451171875 300.7301597595215 319.7906379699707 281.3730773925781 319.7906379699707
280.4527893066406 265.03173828125 300.1769618988037 265.03173828125 300.1769618988037 320.1624336242676 280.4527893066406 320.1624336242676
280.61041259765625 263.85040283203125 299.4725761413574 263.85040283203125 299.4725761413574 317.5858268737793 280.61041259765625 317.5858268737793
282.20489501953125 264.32598876953125 299.65295791625977 264.32598876953125 299.65295791625977 318.0642395019531 282.20489501953125 318.0642395019531
282.37744140625 264.7823791503906 300.0839309692383 264.7823791503906 300.0839309692383 316.8000907897949 282.37744140625 316.8000907897949
283.4754333496094 266.29534912109375 301.1145439147949 266.29534912109375 301.1145439147949 319.61791229248047 283.4754333496094 319.61791229248047
283.5433654785156 265.5498046875 301.2639961242676 265.5498046875 301.2639961242676 319.1973648071289 283.5433654785156 319.1973648071289
283.9054870605469 265.1720886230469 301.5442543029785 265.1720886230469 301.5442543029785 319.8221130371094 283.9054870605469 319.8221130371094
284.5064697265625 265.77838134765625 302.6814937591553 265.77838134765625 302.6814937591553 320.49153900146484 284.5064697265625 320.49153900146484
285.1330871582031 265.13006591796875 303.9096145629883 265.13006591796875 303.9096145629883 321.28263092041016 285.1330871582031 321.28263092041016
285.393310546875 266.20245361328125 304.17563819885254 266.20245361328125 304.17563819885254 320.4606819152832 285.393310546875 320.4606819152832
286.13592529296875 265.61578369140625 305.7374973297119 265.61578369140625 305.7374973297119 321.5243949890137 286.13592529296875 321.5243949890137
285.7469177246094 266.192138671875 305.537504196167 266.192138671875 305.537504196167 320.42353439331055 285.7469177246094 320.42353439331055
286.4927673339844 266.6820983886719 305.9090518951416 266.6820983886719 305.9090518951416 323.5264778137207 286.4927673339844 323.5264778137207
286.6981506347656 268.735595703125 305.8200263977051 268.735595703125 305.8200263977051 325.2642707824707 286.6981506347656 325.2642707824707
286.7442321777344 268.253662109375 305.9484519958496 268.253662109375 305.9484519958496 324.01192474365234 286.7442321777344 324.01192474365234
287.0975341796875 268.4460144042969 306.41033935546875 268.4460144042969 306.41033935546875 324.46309661865234 287.0975341796875 324.46309661865234
285.92022705078125 267.8460998535156 305.28799057006836 267.8460998535156 305.28799057006836 324.85687255859375 285.92022705078125 324.85687255859375
285.35589599609375 266.78265380859375 304.5967559814453 266.78265380859375 304.5967559814453 324.15738677978516 285.35589599609375 324.15738677978516
284.48760986328125 267.3643798828125 303.4751262664795 267.3643798828125 303.4751262664795 321.3992233276367 284.48760986328125 321.3992233276367
284.8744812011719 267.4245300292969 303.97742080688477 267.4245300292969 303.97742080688477 322.3280944824219 284.8744812011719 322.3280944824219
284.5234375 266.9768371582031 303.0287685394287 266.9768371582031 303.0287685394287 320.6227035522461 284.5234375 320.6227035522461
285.0628967285156 267.14678955078125 303.6609401702881 267.14678955078125 303.6609401702881 321.1287422180176 285.0628967285156 321.1287422180176
284.6697692871094 267.2016906738281 303.5907554626465 267.2016906738281 303.5907554626465 319.7115669250488 284.6697692871094 319.7115669250488
284.8335876464844 268.86541748046875 303.22813987731934 268.86541748046875 303.22813987731934 321.68262481689453 284.8335876464844 321.68262481689453
284.4993896484375 269.54931640625 303.10982513427734 269.54931640625 303.10982513427734 322.7538070678711 284.4993896484375 322.7538070678711
285.1363220214844 269.9627685546875 303.9040336608887 269.9627685546875 303.9040336608887 324.6548538208008 285.1363220214844 324.6548538208008
284.89288330078125 270.9344482421875 303.38416481018066 270.9344482421875 303.38416481018066 325.14000701904297 284.89288330078125 325.14000701904297
286.45074462890625 272.0726318359375 304.05889892578125 272.0726318359375 304.05889892578125 323.2214584350586 286.45074462890625 323.2214584350586
286.104736328125 271.83917236328125 303.7795715332031 271.83917236328125 303.7795715332031 323.83582305908203 286.104736328125 323.83582305908203
285.63397216796875 271.53240966796875 303.7859687805176 271.53240966796875 303.7859687805176 322.7058525085449 285.63397216796875 322.7058525085449
284.8150939941406 270.8810119628906 302.4558410644531 270.8810119628906 302.4558410644531 322.8901672363281 284.8150939941406 322.8901672363281
285.5715026855469 271.5724182128906 303.2691059112549 271.5724182128906 303.2691059112549 324.0811882019043 285.5715026855469 324.0811882019043
285.72430419921875 273.130126953125 303.06422996520996 273.130126953125 303.06422996520996 325.7400016784668 285.72430419921875 325.7400016784668
285.88116455078125 273.164794921875 303.51391410827637 273.164794921875 303.51391410827637 326.45795822143555 285.88116455078125 326.45795822143555
285.9208984375 274.36279296875 303.5256175994873 274.36279296875 303.5256175994873 328.7116279602051 285.9208984375 328.7116279602051
285.15008544921875 272.7358703613281 302.6740837097168 272.7358703613281 302.6740837097168 326.01097869873047 285.15008544921875 326.01097869873047
285.107421875 273.1290588378906 302.9009552001953 273.1290588378906 302.9009552001953 326.9765434265137 285.107421875 326.9765434265137
285.1300354003906 272.7264709472656 302.75268173217773 272.7264709472656 302.75268173217773 327.2497444152832 285.1300354003906 327.2497444152832
284.4659118652344 272.2645568847656 302.5354633331299 272.2645568847656 302.5354633331299 325.0676689147949 284.4659118652344 325.0676689147949
285.2055969238281 272.8321838378906 302.3875503540039 272.8321838378906 302.3875503540039 325.3737487792969 285.2055969238281 325.3737487792969
284.55084228515625 271.2850646972656 302.4857234954834 271.2850646972656 302.4857234954834 324.0796890258789 284.55084228515625 324.0796890258789
284.845703125 271.5106201171875 302.6468505859375 271.5106201171875 302.6468505859375 324.3046646118164 284.845703125 324.3046646118164
284.1651306152344 272.11468505859375 302.60952377319336 272.11468505859375 302.60952377319336 326.47933197021484 284.1651306152344 326.47933197021484
285.1311950683594 272.02789306640625 303.2860698699951 272.02789306640625 303.2860698699951 328.24857330322266 285.1311950683594 328.24857330322266
284.3218688964844 272.052001953125 303.2619438171387 272.052001953125 303.2619438171387 327.69451904296875 284.3218688964844 327.69451904296875
283.7652893066406 271.13720703125 301.95234870910645 271.13720703125 301.95234870910645 325.60486602783203 283.7652893066406 325.60486602783203
283.7356872558594 271.91241455078125 301.65638160705566 271.91241455078125 301.65638160705566 328.1718559265137 283.7356872558594 328.1718559265137
283.9080505371094 271.8281555175781 302.1691188812256 271.8281555175781 302.1691188812256 327.19612884521484 283.9080505371094 327.19612884521484
282.2061462402344 274.6175231933594 300.7151050567627 274.6175231933594 300.7151050567627 331.0728759765625 282.2061462402344 331.0728759765625
281.1189270019531 275.56085205078125 300.4150085449219 275.56085205078125 300.4150085449219 331.10518646240234 281.1189270019531 331.10518646240234
280.2048645019531 274.444580078125 299.7218952178955 274.444580078125 299.7218952178955 328.5189018249512 280.2048645019531 328.5189018249512
280.61932373046875 274.0994567871094 299.35533905029297 274.0994567871094 299.35533905029297 328.6793022155762 280.61932373046875 328.6793022155762
279.98345947265625 273.59576416015625 298.0886039733887 273.59576416015625 298.0886039733887 327.75007247924805 279.98345947265625 327.75007247924805
280.7759704589844 276.2068176269531 299.44067001342773 276.2068176269531 299.44067001342773 329.76183319091797 280.7759704589844 329.76183319091797
281.01971435546875 277.16632080078125 299.50879287719727 277.16632080078125 299.50879287719727 332.3569107055664 281.01971435546875 332.3569107055664
280.9615173339844 274.50225830078125 299.0372772216797 274.50225830078125 299.0372772216797 331.4358024597168 280.9615173339844 331.4358024597168
281.4017639160156 276.1220703125 299.74769020080566 276.1220703125 299.74769020080566 331.2583694458008 281.4017639160156 331.2583694458008
281.27215576171875 276.1369323730469 299.44993019104004 276.1369323730469 299.44993019104004 331.7541732788086 281.27215576171875 331.7541732788086
281.316162109375 276.3654479980469 299.60240364074707 276.3654479980469 299.60240364074707 333.16423416137695 281.316162109375 333.16423416137695
280.9129943847656 276.175048828125 299.11377716064453 276.175048828125 299.11377716064453 333.4131393432617 280.9129943847656 333.4131393432617
280.89385986328125 275.85406494140625 298.57644271850586 275.85406494140625 298.57644271850586 333.26665115356445 280.89385986328125 333.26665115356445
280.28900146484375 276.52069091796875 298.9775733947754 276.52069091796875 298.9775733947754 331.87584686279297 280.28900146484375 331.87584686279297
280.0699157714844 277.0801696777344 298.2613868713379 277.0801696777344 298.2613868713379 332.6379165649414 280.0699157714844 332.6379165649414
280.80364990234375 278.1033630371094 299.2666130065918 278.1033630371094 299.2666130065918 332.9695358276367 280.80364990234375 332.9695358276367
280.18682861328125 278.5340881347656 298.6698970794678 278.5340881347656 298.6698970794678 334.4331474304199 280.18682861328125 334.4331474304199
279.6604919433594 278.075439453125 299.0318355560303 278.075439453125 299.0318355560303 334.50415802001953 279.6604919433594 334.50415802001953
278.7069396972656 277.12371826171875 297.5702705383301 277.12371826171875 297.5702705383301 333.0386962890625 278.7069396972656 333.0386962890625
278.67291259765625 276.8638000488281 297.19188117980957 276.8638000488281 297.19188117980957 333.1394271850586 278.67291259765625 333.1394271850586
278.250732421875 277.28021240234375 296.3400001525879 277.28021240234375 296.3400001525879 333.69893646240234 278.250732421875 333.69893646240234
277.71649169921875 276.1336669921875 295.49316024780273 276.1336669921875 295.49316024780273 332.3377914428711 277.71649169921875 332.3377914428711
279.5751953125 281.09814453125 297.1083869934082 281.09814453125 297.1083869934082 335.5832099914551 279.5751953125 335.5832099914551
278.72119140625 279.74371337890625 296.629337310791 279.74371337890625 296.629337310791 336.4156913757324 278.72119140625 336.4156913757324
278.72943115234375 279.2484436035156 296.4606456756592 279.2484436035156 296.4606456756592 335.9518013000488 278.72943115234375 335.9518013000488
278.96533203125 280.0508117675781 296.86633682250977 280.0508117675781 296.86633682250977 334.78034591674805 278.96533203125 334.78034591674805
278.75262451171875 278.08514404296875 296.06676864624023 278.08514404296875 296.06676864624023 332.5756416320801 278.75262451171875 332.5756416320801
279.56103515625 280.43853759765625 297.1349277496338 280.43853759765625 297.1349277496338 335.8875732421875 279.56103515625 335.8875732421875
278.7878112792969 280.3955993652344 296.63541412353516 280.3955993652344 296.63541412353516 336.89892578125 278.7878112792969 336.89892578125
277.1280822753906 280.779541015625 295.4185485839844 280.779541015625 295.4185485839844 337.2824020385742 277.1280822753906 337.2824020385742
277.67144775390625 280.9779357910156 296.0880069732666 280.9779357910156 296.0880069732666 336.18480682373047 277.67144775390625 336.18480682373047
277.25830078125 281.90582275390625 296.0864372253418 281.90582275390625 296.0864372253418 339.3985366821289 277.25830078125 339.3985366821289
276.9131164550781 281.72210693359375 296.0039405822754 281.72210693359375 296.0039405822754 339.2964859008789 276.9131164550781 339.2964859008789
276.380859375 282.1917419433594 296.44989013671875 282.1917419433594 296.44989013671875 339.43677520751953 276.380859375 339.43677520751953
275.427734375 281.9517517089844 295.0050411224365 281.9517517089844 295.0050411224365 338.4366760253906 275.427734375 338.4366760253906
276.1689453125 282.0715026855469 295.8689556121826 282.0715026855469 295.8689556121826 340.03845977783203 276.1689453125 340.03845977783203
276.17352294921875 283.10113525390625 295.2105007171631 283.10113525390625 295.2105007171631 339.4339065551758 276.17352294921875 339.4339065551758
275.6951904296875 281.9761047363281 294.77055168151855 281.9761047363281 294.77055168151855 338.7607192993164 275.6951904296875 338.7607192993164
275.96502685546875 283.5701904296875 295.1114902496338 283.5701904296875 295.1114902496338 338.41194915771484 275.96502685546875 338.41194915771484
274.479248046875 282.74932861328125 293.214391708374 282.74932861328125 293.214391708374 339.4489555358887 274.479248046875 339.4489555358887
276.28369140625 283.443359375 296.41495513916016 283.443359375 296.41495513916016 341.09867095947266 276.28369140625 341.09867095947266
275.62005615234375 283.2115173339844 295.6642894744873 283.2115173339844 295.6642894744873 340.64871978759766 275.62005615234375 340.64871978759766
275.3642272949219 283.39642333984375 294.17065048217773 283.39642333984375 294.17065048217773 340.3997116088867 275.3642272949219 340.3997116088867
275.61651611328125 282.80938720703125 295.29064559936523 282.80938720703125 295.29064559936523 340.7892837524414 275.61651611328125 340.7892837524414
275.373779296875 281.72381591796875 295.38317489624023 281.72381591796875 295.38317489624023 343.06050872802734 275.373779296875 343.06050872802734
276.128662109375 283.89654541015625 296.26386070251465 283.89654541015625 296.26386070251465 342.1294136047363 276.128662109375 342.1294136047363
276.48162841796875 284.78692626953125 296.5931854248047 284.78692626953125 296.5931854248047 343.18207931518555 276.48162841796875 343.18207931518555
276.3002014160156 284.67742919921875 296.8169364929199 284.67742919921875 296.8169364929199 345.55965423583984 276.3002014160156 345.55965423583984
276.44061279296875 284.0397033691406 296.5936393737793 284.0397033691406 296.5936393737793 346.21464920043945 276.44061279296875 346.21464920043945
274.920654296875 284.24932861328125 295.63698959350586 284.24932861328125 295.63698959350586 344.7714424133301 274.920654296875 344.7714424133301
275.9629821777344 284.9102478027344 295.8223171234131 284.9102478027344 295.8223171234131 345.173095703125 275.9629821777344 345.173095703125
276.7969055175781 285.94927978515625 295.58972549438477 285.94927978515625 295.58972549438477 345.15678787231445 276.7969055175781 345.15678787231445
276.52520751953125 284.96771240234375 296.61341285705566 284.96771240234375 296.61341285705566 345.6673774719238 276.52520751953125 345.6673774719238
279.70001220703125 287.3837890625 298.80585861206055 287.3837890625 298.80585861206055 347.69206619262695 279.70001220703125 347.69206619262695
279.9391784667969 290.09759521484375 299.30701065063477 290.09759521484375 299.30701065063477 347.9871826171875 279.9391784667969 347.9871826171875
280.3883361816406 290.08154296875 299.50087547302246 290.08154296875 299.50087547302246 348.13697052001953 280.3883361816406 348.13697052001953
280.49578857421875 290.46258544921875 299.3618812561035 290.46258544921875 299.3618812561035 350.4429702758789 280.49578857421875 350.4429702758789
280.9166564941406 288.38995361328125 299.2405433654785 288.38995361328125 299.2405433654785 348.1158142089844 280.9166564941406 348.1158142089844
281.9559631347656 290.125 300.5867099761963 290.125 300.5867099761963 348.3143005371094 281.9559631347656 348.3143005371094
282.6150207519531 291.01885986328125 300.429744720459 291.01885986328125 300.429744720459 348.4864273071289 282.6150207519531 348.4864273071289
281.492431640625 289.7901306152344 299.97361755371094 289.7901306152344 299.97361755371094 344.5530204772949 281.492431640625 344.5530204772949
282.01055908203125 290.23822021484375 301.07045555114746 290.23822021484375 301.07045555114746 345.1648864746094 282.01055908203125 345.1648864746094
281.92291259765625 289.4882507324219 300.7838554382324 289.4882507324219 300.7838554382324 343.2475280761719 281.92291259765625 343.2475280761719
286.06842041015625 291.9579162597656 304.31782722473145 291.9579162597656 304.31782722473145 350.56696701049805 286.06842041015625 350.56696701049805
285.2838439941406 294.147216796875 304.13058280944824 294.147216796875 304.13058280944824 353.71630096435547 285.2838439941406 353.71630096435547
285.0445861816406 291.91302490234375 304.3375358581543 291.91302490234375 304.3375358581543 351.2044258117676 285.0445861816406 351.2044258117676
287.157958984375 293.20135498046875 305.98588943481445 293.20135498046875 305.98588943481445 354.5705261230469 287.157958984375 354.5705261230469
286.22003173828125 292.20135498046875 305.5109634399414 292.20135498046875 305.5109634399414 352.4263916015625 286.22003173828125 352.4263916015625
287.04693603515625 292.21551513671875 306.357458114624 292.21551513671875 306.357458114624 353.5231399536133 287.04693603515625 353.5231399536133
287.2164001464844 291.89483642578125 307.32838439941406 291.89483642578125 307.32838439941406 351.0718994140625 287.2164001464844 351.0718994140625
289.7903747558594 291.6146545410156 310.26044845581055 291.6146545410156 310.26044845581055 352.5062370300293 289.7903747558594 352.5062370300293
290.13055419921875 291.53631591796875 310.31834411621094 291.53631591796875 310.31834411621094 352.34162521362305 290.13055419921875 352.34162521362305
290.4347229003906 292.75177001953125 310.5588073730469 292.75177001953125 310.5588073730469 356.7082633972168 290.4347229003906 356.7082633972168
290.6333312988281 292.2827453613281 310.6542911529541 292.2827453613281 310.6542911529541 355.3205261230469 290.6333312988281 355.3205261230469
290.8103942871094 293.81036376953125 310.9786491394043 293.81036376953125 310.9786491394043 357.7290725708008 290.8103942871094 357.7290725708008
292.3871765136719 292.9052429199219 313.23388481140137 292.9052429199219 313.23388481140137 357.93296813964844 292.3871765136719 357.93296813964844
291.85638427734375 293.75775146484375 311.6472454071045 293.75775146484375 311.6472454071045 359.1814193725586 291.85638427734375 359.1814193725586
293.7944030761719 295.18756103515625 315.1844959259033 295.18756103515625 315.1844959259033 358.1828842163086 293.7944030761719 358.1828842163086
295.27313232421875 294.8526611328125 316.3255805969238 294.8526611328125 316.3255805969238 359.24620056152344 295.27313232421875 359.24620056152344
292.35833740234375 293.20782470703125 314.3820037841797 293.20782470703125 314.3820037841797 357.24781799316406 292.35833740234375 357.24781799316406
292.3779296875 293.2833251953125 313.7496280670166 293.2833251953125 313.7496280670166 357.5167465209961 292.3779296875 357.5167465209961
292.6289367675781 293.54547119140625 314.2614040374756 293.54547119140625 314.2614040374756 357.5912551879883 292.6289367675781 357.5912551879883
292.51397705078125 292.038818359375 313.7658576965332 292.038818359375 313.7658576965332 355.9151191711426 292.51397705078125 355.9151191711426
294.0569152832031 295.0970153808594 314.55295181274414 295.0970153808594 314.55295181274414 358.5141716003418 294.0569152832031 358.5141716003418
296.41729736328125 297.2957458496094 316.47858238220215 297.2957458496094 316.47858238220215 357.29207611083984 296.41729736328125 357.29207611083984
297.88482666015625 298.51434326171875 317.4973602294922 298.51434326171875 317.4973602294922 357.23046112060547 297.88482666015625 357.23046112060547
298.8340759277344 299.0813293457031 318.4227104187012 299.0813293457031 318.4227104187012 358.20980072021484 298.8340759277344 358.20980072021484
300.35845947265625 299.3180847167969 320.4801216125488 299.3180847167969 320.4801216125488 356.65650177001953 300.35845947265625 356.65650177001953
301.6520080566406 298.3097229003906 322.1641044616699 298.3097229003906 322.1641044616699 356.9581069946289 301.6520080566406 356.9581069946289
302.3560485839844 298.7532958984375 322.7639980316162 298.7532958984375 322.7639980316162 359.29334259033203 302.3560485839844 359.29334259033203
303.5739440917969 299.1873779296875 323.80515480041504 299.1873779296875 323.80515480041504 359.7771110534668 303.5739440917969 359.7771110534668
304.7874450683594 298.95843505859375 325.10082244873047 298.95843505859375 325.10082244873047 360.67216873168945 304.7874450683594 360.67216873168945
308.6230773925781 304.24456787109375 328.8966178894043 304.24456787109375 328.8966178894043 365.5990295410156 308.6230773925781 365.5990295410156
310.2033386230469 302.66082763671875 328.6460838317871 302.66082763671875 328.6460838317871 361.7101745605469 310.2033386230469 361.7101745605469
311.1972351074219 304.281005859375 329.8204345703125 304.281005859375 329.8204345703125 362.31584548950195 311.1972351074219 362.31584548950195
312.1077575683594 301.9331359863281 330.76708984375 301.9331359863281 330.76708984375 362.1700134277344 312.1077575683594 362.1700134277344
314.1661682128906 300.33758544921875 333.2628059387207 300.33758544921875 333.2628059387207 361.8650588989258 314.1661682128906 361.8650588989258
315.6147766113281 301.0884704589844 334.64213943481445 301.0884704589844 334.64213943481445 362.5125198364258 315.6147766113281 362.5125198364258
316.5054626464844 299.75274658203125 336.8352108001709 299.75274658203125 336.8352108001709 364.75331115722656 316.5054626464844 364.75331115722656
317.82611083984375 301.2811584472656 339.6914348602295 301.2811584472656 339.6914348602295 368.5232696533203 317.82611083984375 368.5232696533203
319.25421142578125 301.1896667480469 341.1607666015625 301.1896667480469 341.1607666015625 368.84222412109375 319.25421142578125 368.84222412109375
321.35479736328125 301.5965270996094 343.03493881225586 301.5965270996094 343.03493881225586 367.51690673828125 321.35479736328125 367.51690673828125
321.9703369140625 302.82806396484375 343.8880214691162 302.82806396484375 343.8880214691162 369.16041564941406 321.9703369140625 369.16041564941406
323.52801513671875 301.32794189453125 345.56389236450195 301.32794189453125 345.56389236450195 367.49562072753906 323.52801513671875 367.49562072753906
324.80108642578125 302.8106384277344 346.60266494750977 302.8106384277344 346.60266494750977 368.7444534301758 324.80108642578125 368.7444534301758
326.3107604980469 301.6123046875 346.8653869628906 301.6123046875 346.8653869628906 364.41442108154297 326.3107604980469 364.41442108154297
328.5052185058594 303.0848083496094 348.5383491516113 303.0848083496094 348.5383491516113 368.61952209472656 328.5052185058594 368.61952209472656
330.23504638671875 303.13970947265625 351.4474582672119 303.13970947265625 351.4474582672119 366.3935432434082 330.23504638671875 366.3935432434082
331.52105712890625 303.10992431640625 353.2827339172363 303.10992431640625 353.2827339172363 369.95279693603516 331.52105712890625 369.95279693603516
331.649658203125 303.5699157714844 353.9013557434082 303.5699157714844 353.9013557434082 369.4141082763672 331.649658203125 369.4141082763672
333.7658386230469 305.2724609375 356.95079612731934 305.2724609375 356.95079612731934 374.2904968261719 333.7658386230469 374.2904968261719
335.040283203125 304.64288330078125 357.50003814697266 304.64288330078125 357.50003814697266 374.303466796875 335.040283203125 374.303466796875
336.65667724609375 306.041259765625 358.60375022888184 306.041259765625 358.60375022888184 376.3231430053711 336.65667724609375 376.3231430053711
338.20733642578125 306.8531188964844 359.76221084594727 306.8531188964844 359.76221084594727 376.56593322753906 338.20733642578125 376.56593322753906
338.86346435546875 306.5146789550781 361.7196159362793 306.5146789550781 361.7196159362793 374.1702117919922 338.86346435546875 374.1702117919922
338.53143310546875 308.6951904296875 362.3846626281738 308.6951904296875 362.3846626281738 376.2742614746094 338.53143310546875 376.2742614746094
337.71014404296875 308.99249267578125 360.7977638244629 308.99249267578125 360.7977638244629 376.8184814453125 337.71014404296875 376.8184814453125
338.7458190917969 307.177490234375 362.2999572753906 307.177490234375 362.2999572753906 373.20680236816406 338.7458190917969 373.20680236816406
339.4959411621094 307.8299865722656 361.7573585510254 307.8299865722656 361.7573585510254 375.26438903808594 339.4959411621094 375.26438903808594
341.1197814941406 306.53021240234375 363.7632484436035 306.53021240234375 363.7632484436035 375.90828704833984 341.1197814941406 375.90828704833984
341.4622497558594 307.13055419921875 363.4804210662842 307.13055419921875 363.4804210662842 374.78861236572266 341.4622497558594 374.78861236572266
342.8268127441406 306.53765869140625 363.99921798706055 306.53765869140625 363.99921798706055 376.82960510253906 342.8268127441406 376.82960510253906
343.52545166015625 308.15545654296875 364.45035552978516 308.15545654296875 364.45035552978516 376.02965545654297 343.52545166015625 376.02965545654297
345.21441650390625 308.8214111328125 365.9340057373047 308.8214111328125 365.9340057373047 375.72926330566406 345.21441650390625 375.72926330566406
346.6037902832031 308.77227783203125 368.7236728668213 308.77227783203125 368.7236728668213 375.39768981933594 346.6037902832031 375.39768981933594
346.11846923828125 308.41278076171875 368.9247131347656 308.41278076171875 368.9247131347656 376.5077896118164 346.11846923828125 376.5077896118164
347.31170654296875 309.0910339355469 370.49249839782715 309.0910339355469 370.49249839782715 376.71073150634766 347.31170654296875 376.71073150634766
348.77325439453125 308.90460205078125 372.0799560546875 308.90460205078125 372.0799560546875 378.0217742919922 348.77325439453125 378.0217742919922
350.4883728027344 309.83837890625 374.0970401763916 309.83837890625 374.0970401763916 379.4173812866211 350.4883728027344 379.4173812866211
354.03668212890625 307.05126953125 377.26652908325195 307.05126953125 377.26652908325195 378.1393814086914 354.03668212890625 378.1393814086914
354.53057861328125 306.3637390136719 377.79957008361816 306.3637390136719 377.79957008361816 379.11253356933594 354.53057861328125 379.11253356933594
353.1026306152344 309.36590576171875 377.49432373046875 309.36590576171875 377.49432373046875 383.5468521118164 353.1026306152344 383.5468521118164
354.277587890625 308.96649169921875 378.5829448699951 308.96649169921875 378.5829448699951 382.97005462646484 354.277587890625 382.97005462646484
354.24261474609375 310.1414489746094 378.7344970703125 310.1414489746094 378.7344970703125 381.28014373779297 354.24261474609375 381.28014373779297
353.97509765625 309.626708984375 378.05557441711426 309.626708984375 378.05557441711426 382.7901840209961 353.97509765625 382.7901840209961
352.5901184082031 310.02691650390625 375.9264106750488 310.02691650390625 375.9264106750488 380.1913299560547 352.5901184082031 380.1913299560547
354.1927185058594 308.4173889160156 376.92214584350586 308.4173889160156 376.92214584350586 381.28089904785156 354.1927185058594 381.28089904785156
355.33905029296875 308.80328369140625 378.67604637145996 308.80328369140625 378.67604637145996 379.72296142578125 355.33905029296875 379.72296142578125
355.9751892089844 309.8266296386719 378.87730979919434 309.8266296386719 378.87730979919434 380.86875915527344 355.9751892089844 380.86875915527344
357.947021484375 311.3021545410156 379.0593605041504 311.3021545410156 379.0593605041504 382.6345443725586 357.947021484375 382.6345443725586
358.914794921875 309.79345703125 380.3254337310791 309.79345703125 380.3254337310791 382.08787536621094 358.914794921875 382.08787536621094
359.4043884277344 310.2079162597656 380.6891212463379 310.2079162597656 380.6891212463379 383.0606002807617 359.4043884277344 383.0606002807617
360.6165771484375 308.8651123046875 382.61812591552734 308.8651123046875 382.61812591552734 383.5313262939453 360.6165771484375 383.5313262939453
360.8844299316406 308.36309814453125 382.69911766052246 308.36309814453125 382.69911766052246 385.2312698364258 360.8844299316406 385.2312698364258
361.67706298828125 310.23260498046875 383.2903690338135 310.23260498046875 383.2903690338135 385.19252014160156 361.67706298828125 385.19252014160156
363.23468017578125 309.7428283691406 384.7667350769043 309.7428283691406 384.7667350769043 386.72357177734375 363.23468017578125 386.72357177734375
363.8851623535156 313.00225830078125 386.14977645874023 313.00225830078125 386.14977645874023 387.7580261230469 363.8851623535156 387.7580261230469
365.2440490722656 312.07183837890625 387.945011138916 312.07183837890625 387.945011138916 388.18994140625 365.2440490722656 388.18994140625
370.769287109375 314.24066162109375 393.3754997253418 314.24066162109375 393.3754997253418 387.1146240234375 370.769287109375 387.1146240234375
373.02392578125 314.0973205566406 395.1227626800537 314.0973205566406 395.1227626800537 388.909423828125 373.02392578125 388.909423828125
374.35992431640625 312.3857727050781 397.7804126739502 312.3857727050781 397.7804126739502 389.36521911621094 374.35992431640625 389.36521911621094
377.1883239746094 313.2859802246094 399.1222724914551 313.2859802246094 399.1222724914551 384.95484924316406 377.1883239746094 384.95484924316406
378.7571716308594 312.27532958984375 401.68256759643555 312.27532958984375 401.68256759643555 387.3806838989258 378.7571716308594 387.3806838989258
380.93170166015625 313.80096435546875 402.8695373535156 313.80096435546875 402.8695373535156 388.72888946533203 380.93170166015625 388.72888946533203
383.2088623046875 316.9738464355469 405.60650062561035 316.9738464355469 405.60650062561035 395.2555694580078 383.2088623046875 395.2555694580078
386.400146484375 316.2582702636719 411.3386974334717 316.2582702636719 411.3386974334717 397.40345764160156 386.400146484375 397.40345764160156
385.465576171875 316.1528625488281 410.3903064727783 316.1528625488281 410.3903064727783 399.90665435791016 385.465576171875 399.90665435791016
389.28875732421875 317.4519958496094 413.28004455566406 317.4519958496094 413.28004455566406 398.77111053466797 389.28875732421875 398.77111053466797
391.29840087890625 316.71087646484375 414.7936820983887 316.71087646484375 414.7936820983887 397.62303161621094 391.29840087890625 397.62303161621094
390.7697448730469 317.31280517578125 414.67465591430664 317.31280517578125 414.67465591430664 399.80809783935547 390.7697448730469 399.80809783935547
392.6285095214844 316.6784362792969 416.95125579833984 316.6784362792969 416.95125579833984 397.42098236083984 392.6285095214844 397.42098236083984
394.63739013671875 320.0062561035156 419.66637229919434 320.0062561035156 419.66637229919434 400.7091827392578 394.63739013671875 400.7091827392578
394.4967346191406 318.13018798828125 420.31781005859375 318.13018798828125 420.31781005859375 399.7607192993164 394.4967346191406 399.7607192993164
398.2998352050781 317.41229248046875 423.1904106140137 317.41229248046875 423.1904106140137 396.7867965698242 398.2998352050781 396.7867965698242
397.96783447265625 316.10784912109375 423.20203590393066 316.10784912109375 423.20203590393066 397.43101501464844 397.96783447265625 397.43101501464844
396.33172607421875 314.564697265625 421.8333320617676 314.564697265625 421.8333320617676 395.85054779052734 396.33172607421875 395.85054779052734
398.7604064941406 317.6053161621094 423.49636459350586 317.6053161621094 423.49636459350586 399.04441833496094 398.7604064941406 399.04441833496094
401.09246826171875 318.9085998535156 427.3160057067871 318.9085998535156 427.3160057067871 401.9535217285156 401.09246826171875 401.9535217285156
405.4052734375 318.73248291015625 430.9494285583496 318.73248291015625 430.9494285583496 398.4489288330078 405.4052734375 398.4489288330078
406.81884765625 321.19793701171875 432.9680595397949 321.19793701171875 432.9680595397949 404.1376647949219 406.81884765625 404.1376647949219
408.72857666015625 321.46087646484375 435.6491451263428 321.46087646484375 435.6491451263428 403.80123138427734 408.72857666015625 403.80123138427734
409.154296875 321.8943786621094 435.9529323577881 321.8943786621094 435.9529323577881 404.81017303466797 409.154296875 404.81017303466797
412.40850830078125 323.09271240234375 438.1071376800537 323.09271240234375 438.1071376800537 402.75694274902344 412.40850830078125 402.75694274902344
416.87353515625 319.1561584472656 442.3289260864258 319.1561584472656 442.3289260864258 396.0175552368164 416.87353515625 396.0175552368164
416.9541015625 321.00146484375 441.69777488708496 321.00146484375 441.69777488708496 399.08421325683594 416.9541015625 399.08421325683594
420.15142822265625 320.71099853515625 444.74830627441406 320.71099853515625 444.74830627441406 396.855712890625 420.15142822265625 396.855712890625
419.81787109375 322.51593017578125 444.3202476501465 322.51593017578125 444.3202476501465 401.7342071533203 419.81787109375 401.7342071533203
421.31256103515625 323.0082702636719 446.2718925476074 323.0082702636719 446.2718925476074 402.0681457519531 421.31256103515625 402.0681457519531
422.74267578125 323.41131591796875 447.68624687194824 323.41131591796875 447.68624687194824 398.34032440185547 422.74267578125 398.34032440185547
422.462158203125 322.3591003417969 447.4939708709717 322.3591003417969 447.4939708709717 400.5754165649414 422.462158203125 400.5754165649414
420.10040283203125 322.27581787109375 445.7278652191162 322.27581787109375 445.7278652191162 401.3339080810547 420.10040283203125 401.3339080810547
422.7135314941406 319.018310546875 446.89476776123047 319.018310546875 446.89476776123047 394.362060546875 422.7135314941406 394.362060546875
423.52532958984375 316.6663818359375 446.97719955444336 316.6663818359375 446.97719955444336 391.1154479980469 423.52532958984375 391.1154479980469
428.25115966796875 322.31683349609375 451.2249412536621 322.31683349609375 451.2249412536621 399.3736801147461 428.25115966796875 399.3736801147461
429.13128662109375 322.05419921875 453.62106704711914 322.05419921875 453.62106704711914 400.71844482421875 429.13128662109375 400.71844482421875
429.8373107910156 320.6420593261719 454.19201469421387 320.6420593261719 454.19201469421387 402.56266021728516 429.8373107910156 402.56266021728516
430.0906677246094 322.8872375488281 455.398624420166 322.8872375488281 455.398624420166 405.88946533203125 430.0906677246094 405.88946533203125
429.1324768066406 321.14678955078125 458.0426788330078 321.14678955078125 458.0426788330078 407.8773651123047 429.1324768066406 407.8773651123047
432.4566345214844 323.0696105957031 458.50623512268066 323.0696105957031 458.50623512268066 403.2926483154297 432.4566345214844 403.2926483154297
432.28314208984375 322.9966125488281 458.30421447753906 322.9966125488281 458.30421447753906 406.00785064697266 432.28314208984375 406.00785064697266
434.50762939453125 324.7566833496094 460.7969913482666 324.7566833496094 460.7969913482666 404.2639923095703 434.50762939453125 404.2639923095703
438.23382568359375 325.34588623046875 463.2651557922363 325.34588623046875 463.2651557922363 400.4124526977539 438.23382568359375 400.4124526977539
437.3794860839844 325.29022216796875 463.1911735534668 325.29022216796875 463.1911735534668 401.54627990722656 437.3794860839844 401.54627990722656
439.2191467285156 325.3585510253906 464.92853927612305 325.3585510253906 464.92853927612305 402.8123016357422 439.2191467285156 402.8123016357422
440.5077209472656 330.0406494140625 465.8340835571289 330.0406494140625 465.8340835571289 406.59654235839844 440.5077209472656 406.59654235839844
440.828125 327.73260498046875 466.5605163574219 327.73260498046875 466.5605163574219 406.8773727416992 440.828125 406.8773727416992
440.814697265625 329.1908874511719 467.6131706237793 329.1908874511719 467.6131706237793 410.73138427734375 440.814697265625 410.73138427734375
442.718017578125 329.48272705078125 469.0384101867676 329.48272705078125 469.0384101867676 410.071044921875 442.718017578125 410.071044921875
441.9053649902344 329.4817810058594 468.750244140625 329.4817810058594 468.750244140625 414.73184967041016 441.9053649902344 414.73184967041016
440.87774658203125 325.85882568359375 468.278600692749 325.85882568359375 468.278600692749 411.52049255371094 440.87774658203125 411.52049255371094
442.38690185546875 327.05767822265625 469.72861099243164 327.05767822265625 469.72861099243164 410.64634704589844 442.38690185546875 410.64634704589844
443.8514709472656 324.3722229003906 471.6113471984863 324.3722229003906 471.6113471984863 407.79109954833984 443.8514709472656 407.79109954833984
448.374755859375 323.3546447753906 475.0245418548584 323.3546447753906 475.0245418548584 407.65809631347656 448.374755859375 407.65809631347656
448.2044372558594 328.08319091796875 475.41542625427246 328.08319091796875 475.41542625427246 413.0093002319336 448.2044372558594 413.0093002319336
447.7676696777344 327.1081237792969 474.57304763793945 327.1081237792969 474.57304763793945 411.79837799072266 447.7676696777344 411.79837799072266
451.33935546875 327.4199523925781 477.2514762878418 327.4199523925781 477.2514762878418 411.11460876464844 451.33935546875 411.11460876464844
451.2159118652344 326.52679443359375 476.83732986450195 326.52679443359375 476.83732986450195 411.90692138671875 451.2159118652344 411.90692138671875
453.481201171875 324.78643798828125 479.88275146484375 324.78643798828125 479.88275146484375 409.70088958740234 453.481201171875 409.70088958740234
454.64093017578125 324.0982971191406 481.25164794921875 324.0982971191406 481.25164794921875 409.8540954589844 454.64093017578125 409.8540954589844
455.6355895996094 327.8069152832031 481.9343318939209 327.8069152832031 481.9343318939209 411.7042694091797 455.6355895996094 411.7042694091797
466.00286865234375 330.18267822265625 492.06057357788086 330.18267822265625 492.06057357788086 412.7079086303711 466.00286865234375 412.7079086303711
467.05645751953125 328.44793701171875 492.6046447753906 328.44793701171875 492.6046447753906 411.4599609375 467.05645751953125 411.4599609375
468.812744140625 327.6382751464844 495.2504425048828 327.6382751464844 495.2504425048828 411.0829849243164 468.812744140625 411.0829849243164
467.69366455078125 331.4972229003906 494.4827995300293 331.4972229003906 494.4827995300293 412.2876892089844 467.69366455078125 412.2876892089844
467.18798828125 329.1709899902344 493.41502952575684 329.1709899902344 493.41502952575684 410.7144546508789 467.18798828125 410.7144546508789
465.50286865234375 330.95318603515625 491.7136039733887 330.95318603515625 491.7136039733887 413.71593475341797 465.50286865234375 413.71593475341797
468.63397216796875 329.9881896972656 494.4548740386963 329.9881896972656 494.4548740386963 413.3351745605469 468.63397216796875 413.3351745605469
467.8252868652344 332.99993896484375 494.78705978393555 332.99993896484375 494.78705978393555 417.58998107910156 467.8252868652344 417.58998107910156
470.7740173339844 329.67010498046875 498.0517120361328 329.67010498046875 498.0517120361328 415.6200714111328 470.7740173339844 415.6200714111328
472.782470703125 330.6166076660156 498.9434814453125 330.6166076660156 498.9434814453125 416.39659881591797 472.782470703125 416.39659881591797
473.199951171875 329.70269775390625 498.79121017456055 329.70269775390625 498.79121017456055 416.1824951171875 473.199951171875 416.1824951171875
475.16644287109375 332.17303466796875 501.2469291687012 332.17303466796875 501.2469291687012 416.4272003173828 475.16644287109375 416.4272003173828
476.6985778808594 332.063232421875 502.10164642333984 332.063232421875 502.10164642333984 416.73685455322266 476.6985778808594 416.73685455322266
480.32159423828125 330.9312744140625 505.81579780578613 330.9312744140625 505.81579780578613 416.4629364013672 480.32159423828125 416.4629364013672
482.95196533203125 333.08648681640625 508.77895164489746 333.08648681640625 508.77895164489746 418.40467834472656 482.95196533203125 418.40467834472656
482.0244140625 335.491455078125 507.9208183288574 335.491455078125 507.9208183288574 419.6497039794922 482.0244140625 419.6497039794922
483.772216796875 335.6839904785156 509.8976631164551 335.6839904785156 509.8976631164551 419.3212585449219 483.772216796875 419.3212585449219
486.8878479003906 336.8586730957031 513.6562843322754 336.8586730957031 513.6562843322754 419.8297576904297 486.8878479003906 419.8297576904297
488.92022705078125 336.7969055175781 517.0467720031738 336.7969055175781 517.0467720031738 422.17909240722656 488.92022705078125 422.17909240722656
484.2476501464844 333.3236389160156 510.0406894683838 333.3236389160156 510.0406894683838 416.83092498779297 484.2476501464844 416.83092498779297
488.35504150390625 334.53631591796875 515.3871955871582 334.53631591796875 515.3871955871582 419.23133087158203 488.35504150390625 419.23133087158203
487.8885192871094 336.6568298339844 514.4074974060059 336.6568298339844 514.4074974060059 420.4308776855469 487.8885192871094 420.4308776855469
489.79571533203125 337.88800048828125 516.0346412658691 337.88800048828125 516.0346412658691 420.4787063598633 489.79571533203125 420.4787063598633
490.82781982421875 335.6916198730469 516.9776649475098 335.6916198730469 516.9776649475098 417.31822204589844 490.82781982421875 417.31822204589844
494.17352294921875 339.88775634765625 519.8178100585938 339.88775634765625 519.8178100585938 418.7967224121094 494.17352294921875 418.7967224121094
495.48095703125 340.15234375 521.4433708190918 340.15234375 521.4433708190918 420.77040100097656 495.48095703125 420.77040100097656
495.01702880859375 337.932373046875 521.7922477722168 337.932373046875 521.7922477722168 419.18699645996094 495.01702880859375 419.18699645996094
495.4281311035156 339.48089599609375 522.7849998474121 339.48089599609375 522.7849998474121 421.7137451171875 495.4281311035156 421.7137451171875
495.76824951171875 339.48028564453125 523.1485233306885 339.48028564453125 523.1485233306885 421.96065521240234 495.76824951171875 421.96065521240234
498.54705810546875 339.7747497558594 527.002477645874 339.7747497558594 527.002477645874 425.8512496948242 498.54705810546875 425.8512496948242
503.834228515625 344.43701171875 532.4842109680176 344.43701171875 532.4842109680176 428.5306167602539 503.834228515625 428.5306167602539
505.1244201660156 347.7420349121094 533.6770439147949 347.7420349121094 533.6770439147949 433.6410598754883 505.1244201660156 433.6410598754883
504.3026428222656 346.83367919921875 532.9339199066162 346.83367919921875 532.9339199066162 434.3243103027344 504.3026428222656 434.3243103027344
506.11431884765625 347.96197509765625 535.5189476013184 347.96197509765625 535.5189476013184 434.1907272338867 506.11431884765625 434.1907272338867
505.1102600097656 347.41192626953125 535.2550849914551 347.41192626953125 535.2550849914551 435.87525939941406 505.1102600097656 435.87525939941406
506.1459045410156 345.55938720703125 537.198034286499 345.55938720703125 537.198034286499 438.0463638305664 506.1459045410156 438.0463638305664
507.47430419921875 342.68389892578125 537.6153259277344 342.68389892578125 537.6153259277344 432.0954132080078 507.47430419921875 432.0954132080078
509.6771545410156 342.2688903808594 542.1056823730469 342.2688903808594 542.1056823730469 439.55445861816406 509.6771545410156 439.55445861816406
509.8199157714844 345.02276611328125 539.3666477203369 345.02276611328125 539.3666477203369 435.4077911376953 509.8199157714844 435.4077911376953
510.0018005371094 343.5874328613281 540.4161624908447 343.5874328613281 540.4161624908447 435.0282440185547 510.0018005371094 435.0282440185547
513.0634155273438 342.65570068359375 544.2249507904053 342.65570068359375 544.2249507904053 434.86669158935547 513.0634155273438 434.86669158935547
515.9854736328125 342.16339111328125 549.6782302856445 342.16339111328125 549.6782302856445 439.08605194091797 515.9854736328125 439.08605194091797
521.5686645507812 342.07965087890625 553.9736404418945 342.07965087890625 553.9736404418945 438.94261169433594 521.5686645507812 438.94261169433594
523.6282348632812 339.077880859375 556.8888549804688 339.077880859375 556.8888549804688 434.2695617675781 523.6282348632812 434.2695617675781
560.0877075195312 350.98590087890625 593.8106651306152 350.98590087890625 593.8106651306152 443.56624603271484 560.0877075195312 443.56624603271484
564.4611206054688 350.12200927734375 596.0930233001709 350.12200927734375 596.0930233001709 439.3777160644531 564.4611206054688 439.3777160644531
564.385498046875 347.78826904296875 596.9132804870605 347.78826904296875 596.9132804870605 441.5562438964844 564.385498046875 441.5562438964844
566.3784790039062 347.7517395019531 598.1468200683594 347.7517395019531 598.1468200683594 441.2720718383789 566.3784790039062 441.2720718383789
569.1196899414062 351.28961181640625 600.5443916320801 351.28961181640625 600.5443916320801 442.57945251464844 569.1196899414062 442.57945251464844
569.5390625 349.5625 601.7844390869141 349.5625 601.7844390869141 440.13819885253906 569.5390625 440.13819885253906
577.0308837890625 353.56707763671875 606.3285942077637 353.56707763671875 606.3285942077637 439.61097717285156 577.0308837890625 439.61097717285156
575.93994140625 354.645263671875 606.6636257171631 354.645263671875 606.6636257171631 443.5057373046875 575.93994140625 443.5057373046875
579.2981567382812 355.88775634765625 609.1065731048584 355.88775634765625 609.1065731048584 443.42601013183594 579.2981567382812 443.42601013183594
559.5729370117188 352.16851806640625 591.5661010742188 352.16851806640625 591.5661010742188 441.02716064453125 559.5729370117188 441.02716064453125
552.4419555664062 353.2086181640625 584.7478103637695 353.2086181640625 584.7478103637695 442.58819580078125 552.4419555664062 442.58819580078125
544.341552734375 349.75360107421875 577.5405921936035 349.75360107421875 577.5405921936035 440.85023498535156 544.341552734375 440.85023498535156
546.9654541015625 351.4870910644531 580.7346038818359 351.4870910644531 580.7346038818359 443.5803756713867 546.9654541015625 443.5803756713867
548.3803100585938 353.40765380859375 584.5652770996094 353.40765380859375 584.5652770996094 448.397216796875 548.3803100585938 448.397216796875
552.4122314453125 351.3292541503906 587.8703422546387 351.3292541503906 587.8703422546387 445.30104064941406 552.4122314453125 445.30104064941406
555.4953002929688 350.1564025878906 589.665355682373 350.1564025878906 589.665355682373 442.5241165161133 555.4953002929688 442.5241165161133
557.0518798828125 350.18878173828125 591.0855674743652 350.18878173828125 591.0855674743652 442.2196350097656 557.0518798828125 442.2196350097656
558.59814453125 350.3940734863281 592.8009262084961 350.3940734863281 592.8009262084961 438.8065643310547 558.59814453125 438.8065643310547
558.754638671875 349.89520263671875 593.8239822387695 349.89520263671875 593.8239822387695 443.9916000366211 558.754638671875 443.9916000366211
568.0485229492188 352.38458251953125 599.8490943908691 352.38458251953125 599.8490943908691 440.85424041748047 568.0485229492188 440.85424041748047
566.37255859375 353.0125732421875 600.1457290649414 353.0125732421875 600.1457290649414 443.30360412597656 566.37255859375 443.30360412597656
569.875732421875 352.379638671875 601.8113346099854 352.379638671875 601.8113346099854 440.267822265625 569.875732421875 440.267822265625
576.39208984375 358.5680236816406 607.3699760437012 358.5680236816406 607.3699760437012 443.3936004638672 576.39208984375 443.3936004638672
577.8352661132812 356.8018798828125 608.473445892334 356.8018798828125 608.473445892334 441.8967514038086 577.8352661132812 441.8967514038086
579.1809692382812 358.6153564453125 610.0303993225098 358.6153564453125 610.0303993225098 445.4766159057617 579.1809692382812 445.4766159057617
578.1450805664062 358.98394775390625 610.3371963500977 358.98394775390625 610.3371963500977 446.72132873535156 578.1450805664062 446.72132873535156
580.8860473632812 358.72930908203125 612.305456161499 358.72930908203125 612.305456161499 445.4759292602539 580.8860473632812 445.4759292602539
581.2289428710938 356.9734802246094 611.807596206665 356.9734802246094 611.807596206665 445.0384521484375 581.2289428710938 445.0384521484375
