395.0 229.0 555.0 229.0 555.0 384.0 395.0 384.0
393.95709228515625 226.08950805664062 552.4754028320312 226.08950805664062 552.4754028320312 381.2616424560547 393.95709228515625 381.2616424560547
390.87030029296875 226.9571533203125 548.9000701904297 226.9571533203125 548.9000701904297 377.5924377441406 390.87030029296875 377.5924377441406
387.59478759765625 222.4382781982422 544.5480041503906 222.4382781982422 544.5480041503906 372.141357421875 387.59478759765625 372.141357421875
384.853759765625 218.51919555664062 538.4295501708984 218.51919555664062 538.4295501708984 367.8842010498047 384.853759765625 367.8842010498047
382.24493408203125 214.7611083984375 531.7951812744141 214.7611083984375 531.7951812744141 359.9485168457031 382.24493408203125 359.9485168457031
378.77655029296875 214.16165161132812 527.9138946533203 214.16165161132812 527.9138946533203 353.9044647216797 378.77655029296875 353.9044647216797
377.0741882324219 210.5902862548828 523.7671051025391 210.5902862548828 523.7671051025391 351.259521484375 377.0741882324219 351.259521484375
373.0504455566406 206.65127563476562 515.2457275390625 206.65127563476562 515.2457275390625 343.6241455078125 373.0504455566406 343.6241455078125
367.6761474609375 202.22726440429688 512.3838195800781 202.22726440429688 512.3838195800781 337.49317932128906 367.6761474609375 337.49317932128906
364.25665283203125 199.373291015625 506.9806823730469 199.373291015625 506.9806823730469 332.76483154296875 364.25665283203125 332.76483154296875
361.1602478027344 194.8260955810547 503.32472229003906 194.8260955810547 503.32472229003906 327.6877136230469 361.1602478027344 327.6877136230469
357.0898742675781 190.25204467773438 500.91058349609375 190.25204467773438 500.91058349609375 324.3831481933594 357.0898742675781 324.3831481933594
355.3238830566406 188.18907165527344 497.82611083984375 188.18907165527344 497.82611083984375 322.22352600097656 355.3238830566406 322.22352600097656
354.0357360839844 185.03358459472656 495.7451171875 185.03358459472656 495.7451171875 320.4849548339844 354.0357360839844 320.4849548339844
351.38140869140625 184.6352081298828 493.6235046386719 184.6352081298828 493.6235046386719 317.54347229003906 351.38140869140625 317.54347229003906
349.08819580078125 180.72378540039062 489.48406982421875 180.72378540039062 489.48406982421875 312.7761688232422 349.08819580078125 312.7761688232422
347.891845703125 180.2987518310547 486.2537384033203 180.2987518310547 486.2537384033203 309.5059814453125 347.891845703125 309.5059814453125
344.4421691894531 178.1170654296875 483.6095275878906 178.1170654296875 483.6095275878906 308.5854949951172 344.4421691894531 308.5854949951172
342.4122619628906 174.5791015625 483.08477783203125 174.5791015625 483.08477783203125 305.3670196533203 342.4122619628906 305.3670196533203
330.64642333984375 168.72024536132812 470.09458923339844 168.72024536132812 470.09458923339844 297.8269348144531 330.64642333984375 297.8269348144531
323.62811279296875 162.53604125976562 459.83837890625 162.53604125976562 459.83837890625 290.5121383666992 323.62811279296875 290.5121383666992
318.0746154785156 162.24221801757812 452.8226318359375 162.24221801757812 452.8226318359375 287.92615509033203 318.0746154785156 287.92615509033203
315.6158752441406 159.57781982421875 450.75172424316406 159.57781982421875 450.75172424316406 285.82450103759766 315.6158752441406 285.82450103759766
313.75982666015625 160.3218536376953 447.39064025878906 160.3218536376953 447.39064025878906 282.825927734375 313.75982666015625 282.825927734375
311.2731018066406 158.61520385742188 445.54396057128906 158.61520385742188 445.54396057128906 280.2049255371094 311.2731018066406 280.2049255371094
306.58929443359375 157.72593688964844 440.83734130859375 157.72593688964844 440.83734130859375 277.8009948730469 306.58929443359375 277.8009948730469
304.6921691894531 155.07130432128906 440.43955993652344 155.07130432128906 440.43955993652344 274.776611328125 304.6921691894531 274.776611328125
302.14141845703125 152.83096313476562 441.1051940917969 152.83096313476562 441.1051940917969 272.6805877685547 302.14141845703125 272.6805877685547
296.6749572753906 149.15350341796875 437.6593017578125 149.15350341796875 437.6593017578125 270.3691177368164 296.6749572753906 270.3691177368164
295.878173828125 149.39144897460938 428.7825469970703 149.39144897460938 428.7825469970703 269.9497985839844 295.878173828125 269.9497985839844
296.5096740722656 151.8956298828125 427.2312316894531 151.8956298828125 427.2312316894531 271.6645736694336 296.5096740722656 271.6645736694336
292.37042236328125 148.32998657226562 418.0303726196289 148.32998657226562 418.0303726196289 265.73462677001953 292.37042236328125 265.73462677001953
290.234375 146.69454956054688 415.96728515625 146.69454956054688 415.96728515625 264.19896697998047 290.234375 264.19896697998047
287.94146728515625 146.24380493164062 412.3562240600586 146.24380493164062 412.3562240600586 260.1393356323242 287.94146728515625 260.1393356323242
286.30078125 144.6001434326172 409.4972152709961 144.6001434326172 409.4972152709961 256.8337860107422 286.30078125 256.8337860107422
282.2672424316406 142.32089233398438 402.43885803222656 142.32089233398438 402.43885803222656 252.48863983154297 282.2672424316406 252.48863983154297
278.9034118652344 139.88253784179688 398.1810760498047 139.88253784179688 398.1810760498047 250.35308074951172 278.9034118652344 250.35308074951172
274.41204833984375 138.4252166748047 396.2254409790039 138.4252166748047 396.2254409790039 246.6005859375 274.41204833984375 246.6005859375
268.89923095703125 136.6137237548828 387.7332534790039 136.6137237548828 387.7332534790039 243.31375885009766 268.89923095703125 243.31375885009766
266.4444274902344 136.18838500976562 381.3000946044922 136.18838500976562 381.3000946044922 240.5225372314453 266.4444274902344 240.5225372314453
264.38922119140625 133.34378051757812 377.04496002197266 133.34378051757812 377.04496002197266 237.9828643798828 264.38922119140625 237.9828643798828
263.88787841796875 135.3121795654297 373.7598648071289 135.3121795654297 373.7598648071289 236.98603057861328 263.88787841796875 236.98603057861328
260.4385681152344 131.44635009765625 371.16112518310547 131.44635009765625 371.16112518310547 234.07308197021484 260.4385681152344 234.07308197021484
259.33416748046875 131.2757568359375 366.25262451171875 131.2757568359375 366.25262451171875 232.13028717041016 259.33416748046875 232.13028717041016
258.95965576171875 130.80563354492188 365.8318862915039 130.80563354492188 365.8318862915039 230.59583282470703 258.95965576171875 230.59583282470703
258.17779541015625 130.2661590576172 363.87152099609375 130.2661590576172 363.87152099609375 228.37680053710938 258.17779541015625 228.37680053710938
255.5094451904297 127.50096130371094 362.8102035522461 127.50096130371094 362.8102035522461 228.85002899169922 255.5094451904297 228.85002899169922
256.66546630859375 129.5440673828125 361.50201416015625 129.5440673828125 361.50201416015625 228.1395721435547 256.66546630859375 228.1395721435547
255.721435546875 128.42861938476562 357.4776153564453 128.42861938476562 357.4776153564453 225.7286605834961 255.721435546875 225.7286605834961
255.44552612304688 126.580078125 358.8575973510742 126.580078125 358.8575973510742 223.2838897705078 255.44552612304688 223.2838897705078
253.8426055908203 127.3635482788086 357.0801544189453 127.3635482788086 357.0801544189453 223.21981048583984 253.8426055908203 223.21981048583984
254.3826141357422 127.46124267578125 354.68956756591797 127.46124267578125 354.68956756591797 222.26113891601562 254.3826141357422 222.26113891601562
253.04403686523438 124.29972839355469 356.1469421386719 124.29972839355469 356.1469421386719 219.42471313476562 253.04403686523438 219.42471313476562
254.0419921875 122.90576171875 352.59837341308594 122.90576171875 352.59837341308594 218.3144302368164 254.0419921875 218.3144302368164
254.23062133789062 122.94465637207031 353.52610778808594 122.94465637207031 353.52610778808594 218.0863494873047 254.23062133789062 218.0863494873047
252.2735595703125 121.97906494140625 352.1716842651367 121.97906494140625 352.1716842651367 216.920654296875 252.2735595703125 216.920654296875
253.51171875 122.31246185302734 353.0950164794922 122.31246185302734 353.0950164794922 215.4677505493164 253.51171875 215.4677505493164
253.99609375 121.82540130615234 352.18924713134766 121.82540130615234 352.18924713134766 214.52842712402344 253.99609375 214.52842712402344
253.4435272216797 118.34134674072266 352.7918701171875 118.34134674072266 352.7918701171875 212.36004638671875 253.4435272216797 212.36004638671875
253.9994659423828 119.0800552368164 353.2664489746094 119.0800552368164 353.2664489746094 211.55286407470703 253.9994659423828 211.55286407470703
253.5762939453125 120.67138671875 354.7239532470703 120.67138671875 354.7239532470703 213.8295440673828 253.5762939453125 213.8295440673828
254.32040405273438 117.83280944824219 351.47718811035156 117.83280944824219 351.47718811035156 210.3021240234375 254.32040405273438 210.3021240234375
254.09353637695312 116.83341217041016 352.51529693603516 116.83341217041016 352.51529693603516 211.5326156616211 254.09353637695312 211.5326156616211
254.89736938476562 112.46476745605469 355.1898422241211 112.46476745605469 355.1898422241211 206.39264678955078 254.89736938476562 206.39264678955078
254.02835083007812 112.91020202636719 353.9096984863281 112.91020202636719 353.9096984863281 206.71790313720703 254.02835083007812 206.71790313720703
254.8369598388672 113.76826477050781 353.56964111328125 113.76826477050781 353.56964111328125 207.03224182128906 254.8369598388672 207.03224182128906
256.64288330078125 112.89810943603516 355.69435119628906 112.89810943603516 355.69435119628906 205.78392791748047 256.64288330078125 205.78392791748047
257.32684326171875 110.08085632324219 356.7978057861328 110.08085632324219 356.7978057861328 204.27811431884766 257.32684326171875 204.27811431884766
255.64529418945312 108.03133392333984 356.95728302001953 108.03133392333984 356.95728302001953 202.8200225830078 255.64529418945312 202.8200225830078
259.56427001953125 101.481689453125 362.41890716552734 101.481689453125 362.41890716552734 197.93701171875 259.56427001953125 197.93701171875
263.2523498535156 99.63545989990234 367.24463653564453 99.63545989990234 367.24463653564453 195.71820831298828 263.2523498535156 195.71820831298828
264.99761962890625 98.49589538574219 368.360595703125 98.49589538574219 368.360595703125 195.6230926513672 264.99761962890625 195.6230926513672
265.4148864746094 97.78466796875 371.77112579345703 97.78466796875 371.77112579345703 194.68075561523438 265.4148864746094 194.68075561523438
266.5130920410156 95.70284271240234 370.8281555175781 95.70284271240234 370.8281555175781 194.0152587890625 266.5130920410156 194.0152587890625
268.34130859375 95.80947875976562 374.52791595458984 95.80947875976562 374.52791595458984 191.92943572998047 268.34130859375 191.92943572998047
271.1048278808594 94.81651306152344 374.74950408935547 94.81651306152344 374.74950408935547 189.30490112304688 271.1048278808594 189.30490112304688
271.73284912109375 93.20814514160156 374.23236083984375 93.20814514160156 374.23236083984375 188.41132354736328 271.73284912109375 188.41132354736328
272.96673583984375 93.03449249267578 375.2960968017578 93.03449249267578 375.2960968017578 188.03262329101562 272.96673583984375 188.03262329101562
273.9898376464844 89.7309341430664 378.99989318847656 89.7309341430664 378.99989318847656 186.47066497802734 273.9898376464844 186.47066497802734
277.10382080078125 92.50962829589844 379.99078369140625 92.50962829589844 379.99078369140625 188.47607421875 277.10382080078125 188.47607421875
276.5024719238281 87.45933532714844 382.35279846191406 87.45933532714844 382.35279846191406 183.8681869506836 276.5024719238281 183.8681869506836
277.3913879394531 85.96011352539062 382.84388732910156 85.96011352539062 382.84388732910156 184.02577209472656 277.3913879394531 184.02577209472656
282.22698974609375 89.07256317138672 386.01707458496094 89.07256317138672 386.01707458496094 185.98844146728516 282.22698974609375 185.98844146728516
282.7710876464844 84.56398010253906 393.2929229736328 84.56398010253906 393.2929229736328 182.59185791015625 282.7710876464844 182.59185791015625
285.7268981933594 87.34852600097656 392.30458068847656 87.34852600097656 392.30458068847656 182.6937026977539 285.7268981933594 182.6937026977539
287.79656982421875 88.42700958251953 390.6759033203125 88.42700958251953 390.6759033203125 181.58782196044922 287.79656982421875 181.58782196044922
290.0973205566406 88.22065734863281 393.87889099121094 88.22065734863281 393.87889099121094 179.57706451416016 290.0973205566406 179.57706451416016
292.3528747558594 85.24371337890625 394.6932907104492 85.24371337890625 394.6932907104492 177.4898223876953 292.3528747558594 177.4898223876953
291.9178771972656 87.26805114746094 390.55428314208984 87.26805114746094 390.55428314208984 177.64328002929688 291.9178771972656 177.64328002929688
294.59735107421875 85.69889831542969 396.4759521484375 85.69889831542969 396.4759521484375 178.79534912109375 294.59735107421875 178.79534912109375
296.53216552734375 84.50333404541016 395.9634017944336 84.50333404541016 395.9634017944336 176.06674194335938 296.53216552734375 176.06674194335938
297.6656188964844 83.4351806640625 396.5882797241211 83.4351806640625 396.5882797241211 175.0068130493164 297.6656188964844 175.0068130493164
301.0299072265625 82.42994689941406 402.0909881591797 82.42994689941406 402.0909881591797 174.9129409790039 301.0299072265625 174.9129409790039
302.1668701171875 81.0181884765625 402.31532287597656 81.0181884765625 402.31532287597656 173.03730010986328 302.1668701171875 173.03730010986328
302.3262634277344 83.59611511230469 403.64623260498047 83.59611511230469 403.64623260498047 175.5745086669922 302.3262634277344 175.5745086669922
305.5030517578125 81.29551696777344 406.90415954589844 81.29551696777344 406.90415954589844 173.54393768310547 305.5030517578125 173.54393768310547
309.7093811035156 80.5343246459961 408.66322326660156 80.5343246459961 408.66322326660156 173.91400146484375 309.7093811035156 173.91400146484375
310.9080505371094 81.88314056396484 409.79454040527344 81.88314056396484 409.79454040527344 173.73504638671875 310.9080505371094 173.73504638671875
312.34796142578125 78.97627258300781 412.7115249633789 78.97627258300781 412.7115249633789 172.05548095703125 312.34796142578125 172.05548095703125
317.1712341308594 78.69721984863281 414.6846160888672 78.69721984863281 414.6846160888672 169.97659301757812 317.1712341308594 169.97659301757812
320.6251220703125 77.3622055053711 418.5154495239258 77.3622055053711 418.5154495239258 168.18311309814453 320.6251220703125 168.18311309814453
326.0206298828125 77.69294738769531 425.09339904785156 77.69294738769531 425.09339904785156 169.11720275878906 326.0206298828125 169.11720275878906
330.07763671875 77.37590026855469 429.8878173828125 77.37590026855469 429.8878173828125 167.4844970703125 330.07763671875 167.4844970703125
327.72314453125 73.76487731933594 427.74232482910156 73.76487731933594 427.74232482910156 165.6695098876953 327.72314453125 165.6695098876953
334.42193603515625 73.85015869140625 433.9914093017578 73.85015869140625 433.9914093017578 166.88136291503906 334.42193603515625 166.88136291503906
334.7345886230469 71.36947631835938 433.8660354614258 71.36947631835938 433.8660354614258 165.0423126220703 334.7345886230469 165.0423126220703
339.43450927734375 73.9950942993164 439.78282165527344 73.9950942993164 439.78282165527344 167.66182708740234 339.43450927734375 167.66182708740234
340.3148498535156 71.92665100097656 439.08441162109375 71.92665100097656 439.08441162109375 163.57611083984375 340.3148498535156 163.57611083984375
345.7121276855469 70.00208282470703 446.91776275634766 70.00208282470703 446.91776275634766 164.36444091796875 345.7121276855469 164.36444091796875
343.2001953125 72.72124481201172 441.3800277709961 72.72124481201172 441.3800277709961 162.5574722290039 343.2001953125 162.5574722290039
347.6893615722656 70.48307800292969 443.8617630004883 70.48307800292969 443.8617630004883 161.85891723632812 347.6893615722656 161.85891723632812
351.54486083984375 68.50508117675781 447.18243408203125 68.50508117675781 447.18243408203125 159.88080596923828 351.54486083984375 159.88080596923828
354.9002380371094 70.50183868408203 448.85252380371094 70.50183868408203 448.85252380371094 159.70125579833984 354.9002380371094 159.70125579833984
356.18939208984375 71.43974304199219 448.9043426513672 71.43974304199219 448.9043426513672 161.31704711914062 356.18939208984375 161.31704711914062
356.66302490234375 67.6490478515625 449.8710479736328 67.6490478515625 449.8710479736328 158.17034912109375 356.66302490234375 158.17034912109375
359.83831787109375 67.5871810913086 453.1916809082031 67.5871810913086 453.1916809082031 156.8644790649414 359.83831787109375 156.8644790649414
363.44476318359375 69.302001953125 456.6017837524414 69.302001953125 456.6017837524414 156.61426544189453 363.44476318359375 156.61426544189453
364.21429443359375 67.24433898925781 455.6173782348633 67.24433898925781 455.6173782348633 155.05573272705078 364.21429443359375 155.05573272705078
365.6381530761719 65.637451171875 458.11756896972656 65.637451171875 458.11756896972656 154.29161071777344 365.6381530761719 154.29161071777344
368.25494384765625 66.4931640625 460.6209411621094 66.4931640625 460.6209411621094 154.01231384277344 368.25494384765625 154.01231384277344
368.0650939941406 68.28262329101562 458.45677947998047 68.28262329101562 458.45677947998047 156.5718536376953 368.0650939941406 156.5718536376953
371.2017517089844 66.45121002197266 464.82894134521484 66.45121002197266 464.82894134521484 153.92052459716797 371.2017517089844 153.92052459716797
371.0224609375 65.25282287597656 464.3545379638672 65.25282287597656 464.3545379638672 153.6431427001953 371.0224609375 153.6431427001953
371.13092041015625 65.23895263671875 464.9550323486328 65.23895263671875 464.9550323486328 153.3295135498047 371.13092041015625 153.3295135498047
374.59088134765625 65.59745788574219 469.2324981689453 65.59745788574219 469.2324981689453 152.8066177368164 374.59088134765625 152.8066177368164
378.57354736328125 64.9202880859375 469.83152770996094 64.9202880859375 469.83152770996094 148.98959350585938 378.57354736328125 148.98959350585938
381.7021484375 65.59671783447266 472.72401428222656 65.59671783447266 472.72401428222656 148.0662841796875 381.7021484375 148.0662841796875
383.6148376464844 63.697059631347656 474.7334289550781 63.697059631347656 474.7334289550781 147.0705108642578 383.6148376464844 147.0705108642578
