495.0 188.0 537.0 188.0 537.0 305.0 495.0 305.0
493.2001953125 188.94210815429688 534.0830612182617 188.94210815429688 534.0830612182617 304.3192825317383 493.2001953125 304.3192825317383
490.78448486328125 186.80638122558594 531.8194808959961 186.80638122558594 531.8194808959961 302.2491760253906 490.78448486328125 302.2491760253906
487.402587890625 187.22116088867188 530.4030990600586 187.22116088867188 530.4030990600586 301.28528594970703 487.402587890625 301.28528594970703
483.27716064453125 185.82388305664062 527.4960861206055 185.82388305664062 527.4960861206055 302.0868377685547 483.27716064453125 302.0868377685547
479.3583068847656 189.89385986328125 522.0306968688965 189.89385986328125 522.0306968688965 300.24346923828125 479.3583068847656 300.24346923828125
477.48565673828125 188.53887939453125 519.9521255493164 188.53887939453125 519.9521255493164 302.43431091308594 477.48565673828125 302.43431091308594
474.67059326171875 186.54074096679688 516.730640411377 186.54074096679688 516.730640411377 301.3792190551758 474.67059326171875 301.3792190551758
469.9115295410156 187.46322631835938 512.034797668457 187.46322631835938 512.034797668457 300.4766159057617 469.9115295410156 300.4766159057617
465.9402770996094 185.86563110351562 509.1195373535156 185.86563110351562 509.1195373535156 297.2346725463867 465.9402770996094 297.2346725463867
463.57464599609375 183.6949920654297 505.52652740478516 183.6949920654297 505.52652740478516 296.6026840209961 463.57464599609375 296.6026840209961
460.01458740234375 179.5780792236328 500.69979095458984 179.5780792236328 500.69979095458984 299.6168518066406 460.01458740234375 299.6168518066406
458.06561279296875 180.1426239013672 499.2325744628906 180.1426239013672 499.2325744628906 297.4985580444336 458.06561279296875 297.4985580444336
454.2811584472656 182.99832153320312 493.7994194030762 182.99832153320312 493.7994194030762 296.3434143066406 454.2811584472656 296.3434143066406
451.04705810546875 181.74966430664062 490.57292556762695 181.74966430664062 490.57292556762695 299.3361358642578 451.04705810546875 299.3361358642578
445.1075134277344 181.5165557861328 485.68777084350586 181.5165557861328 485.68777084350586 295.95703125 445.1075134277344 295.95703125
442.8689880371094 181.02301025390625 482.8197212219238 181.02301025390625 482.8197212219238 295.94058990478516 442.8689880371094 295.94058990478516
439.84454345703125 181.1951446533203 480.6464500427246 181.1951446533203 480.6464500427246 293.03004455566406 439.84454345703125 293.03004455566406
438.08074951171875 177.94631958007812 477.7475051879883 177.94631958007812 477.7475051879883 294.84056091308594 438.08074951171875 294.84056091308594
435.0669860839844 177.51962280273438 475.7027015686035 177.51962280273438 475.7027015686035 291.75477600097656 435.0669860839844 291.75477600097656
431.5025939941406 175.80972290039062 472.8356399536133 175.80972290039062 472.8356399536133 292.7528381347656 431.5025939941406 292.7528381347656
429.21771240234375 180.4068145751953 470.8127136230469 180.4068145751953 470.8127136230469 293.2928771972656 429.21771240234375 293.2928771972656
426.2266540527344 179.1180419921875 467.4298515319824 179.1180419921875 467.4298515319824 292.20206451416016 426.2266540527344 292.20206451416016
422.95172119140625 180.13121032714844 463.873779296875 180.13121032714844 463.873779296875 292.36678314208984 422.95172119140625 292.36678314208984
420.708984375 178.23336791992188 460.82353591918945 178.23336791992188 460.82353591918945 289.90760040283203 420.708984375 289.90760040283203
416.26995849609375 178.44058227539062 456.1720771789551 178.44058227539062 456.1720771789551 285.0675354003906 416.26995849609375 285.0675354003906
412.97503662109375 174.63099670410156 451.83150482177734 174.63099670410156 451.83150482177734 289.8217544555664 412.97503662109375 289.8217544555664
408.978271484375 170.60337829589844 448.1120491027832 170.60337829589844 448.1120491027832 288.3016052246094 408.978271484375 288.3016052246094
405.5987854003906 173.09487915039062 444.605712890625 173.09487915039062 444.605712890625 285.38975524902344 405.5987854003906 285.38975524902344
401.62103271484375 173.17825317382812 441.43234634399414 173.17825317382812 441.43234634399414 285.7245407104492 401.62103271484375 285.7245407104492
397.9143981933594 173.5238494873047 436.20360565185547 173.5238494873047 436.20360565185547 284.2887268066406 397.9143981933594 284.2887268066406
394.24542236328125 170.52096557617188 432.2077178955078 170.52096557617188 432.2077178955078 282.01610565185547 394.24542236328125 282.01610565185547
391.25909423828125 168.2698516845703 429.9013900756836 168.2698516845703 429.9013900756836 282.9009323120117 391.25909423828125 282.9009323120117
390.1936340332031 167.43392944335938 428.9079399108887 167.43392944335938 428.9079399108887 281.1804656982422 390.1936340332031 281.1804656982422
387.09088134765625 167.04608154296875 425.75829315185547 167.04608154296875 425.75829315185547 281.2158660888672 387.09088134765625 281.2158660888672
384.71160888671875 168.1640625 424.01322174072266 168.1640625 424.01322174072266 282.15511322021484 384.71160888671875 282.15511322021484
383.4676208496094 168.19313049316406 422.54630279541016 168.19313049316406 422.54630279541016 282.17967987060547 383.4676208496094 282.17967987060547
379.77362060546875 167.2910614013672 419.1100616455078 167.2910614013672 419.1100616455078 281.10181427001953 379.77362060546875 281.10181427001953
377.72491455078125 168.05209350585938 417.2780342102051 168.05209350585938 417.2780342102051 279.0062789916992 377.72491455078125 279.0062789916992
374.798095703125 166.344970703125 414.13496017456055 166.344970703125 414.13496017456055 277.33409118652344 374.798095703125 277.33409118652344
370.3862609863281 164.94200134277344 410.3369255065918 164.94200134277344 410.3369255065918 276.5605926513672 370.3862609863281 276.5605926513672
368.0653076171875 162.94351196289062 406.8449935913086 162.94351196289062 406.8449935913086 276.5054626464844 368.0653076171875 276.5054626464844
366.16009521484375 161.8944854736328 404.7394599914551 161.8944854736328 404.7394599914551 277.3776397705078 366.16009521484375 277.3776397705078
362.4188537597656 163.36337280273438 398.96640396118164 163.36337280273438 398.96640396118164 277.5911331176758 362.4188537597656 277.5911331176758
359.60394287109375 163.44509887695312 396.37928009033203 163.44509887695312 396.37928009033203 276.8993377685547 359.60394287109375 276.8993377685547
356.85943603515625 161.53524780273438 394.04077911376953 161.53524780273438 394.04077911376953 276.5611267089844 356.85943603515625 276.5611267089844
353.15557861328125 161.50735473632812 390.6473045349121 161.50735473632812 390.6473045349121 275.05603790283203 353.15557861328125 275.05603790283203
343.0313415527344 154.49053955078125 382.4304428100586 154.49053955078125 382.4304428100586 271.98736572265625 343.0313415527344 271.98736572265625
334.8558044433594 159.10792541503906 375.9446258544922 159.10792541503906 375.9446258544922 272.0119934082031 334.8558044433594 272.0119934082031
325.57843017578125 157.1007537841797 366.42052459716797 157.1007537841797 366.42052459716797 271.0056838989258 325.57843017578125 271.0056838989258
320.99249267578125 151.25198364257812 363.25792694091797 151.25198364257812 363.25792694091797 273.29833221435547 320.99249267578125 273.29833221435547
317.20257568359375 152.17379760742188 358.87133026123047 152.17379760742188 358.87133026123047 273.9727249145508 317.20257568359375 273.9727249145508
313.1873779296875 154.71945190429688 355.19526290893555 154.71945190429688 355.19526290893555 276.89012145996094 313.1873779296875 276.89012145996094
306.1520080566406 153.7513427734375 349.10449981689453 153.7513427734375 349.10449981689453 273.02435302734375 306.1520080566406 273.02435302734375
297.7379455566406 150.96356201171875 340.69823455810547 150.96356201171875 340.69823455810547 265.74327087402344 297.7379455566406 265.74327087402344
293.1396179199219 147.99835205078125 332.4556770324707 147.99835205078125 332.4556770324707 261.5466537475586 293.1396179199219 261.5466537475586
289.68804931640625 147.62771606445312 330.05142974853516 147.62771606445312 330.05142974853516 258.88304901123047 289.68804931640625 258.88304901123047
287.50677490234375 144.88706970214844 328.1659278869629 144.88706970214844 328.1659278869629 256.70941162109375 287.50677490234375 256.70941162109375
286.50592041015625 146.3568878173828 326.15704345703125 146.3568878173828 326.15704345703125 257.9510040283203 286.50592041015625 257.9510040283203
284.6380615234375 142.17556762695312 327.6823387145996 142.17556762695312 327.6823387145996 262.0846481323242 284.6380615234375 262.0846481323242
285.45745849609375 144.2733612060547 326.04088592529297 144.2733612060547 326.04088592529297 257.857421875 285.45745849609375 257.857421875
281.296875 134.61630249023438 321.90731048583984 134.61630249023438 321.90731048583984 252.27122497558594 281.296875 252.27122497558594
277.13372802734375 131.20028686523438 318.6238479614258 131.20028686523438 318.6238479614258 246.50316619873047 277.13372802734375 246.50316619873047
273.812744140625 128.33816528320312 316.19216537475586 128.33816528320312 316.19216537475586 244.9663848876953 273.812744140625 244.9663848876953
273.19842529296875 124.0898208618164 316.5552978515625 124.0898208618164 316.5552978515625 244.8697052001953 273.19842529296875 244.8697052001953
266.22021484375 125.54154968261719 310.4964828491211 125.54154968261719 310.4964828491211 240.8929443359375 266.22021484375 240.8929443359375
264.16632080078125 129.0330810546875 308.9455223083496 129.0330810546875 308.9455223083496 244.86549377441406 264.16632080078125 244.86549377441406
258.28167724609375 127.62495422363281 302.798282623291 127.62495422363281 302.798282623291 241.14273834228516 258.28167724609375 241.14273834228516
254.24551391601562 129.08639526367188 299.3682518005371 129.08639526367188 299.3682518005371 242.96377563476562 254.24551391601562 242.96377563476562
248.93197631835938 128.84117126464844 295.35595703125 128.84117126464844 295.35595703125 242.52700805664062 248.93197631835938 242.52700805664062
244.826416015625 127.7159652709961 290.7672309875488 127.7159652709961 290.7672309875488 244.95269775390625 244.826416015625 244.95269775390625
241.19973754882812 126.9089126586914 287.3009834289551 126.9089126586914 287.3009834289551 244.14629364013672 241.19973754882812 244.14629364013672
235.9344940185547 127.4427719116211 282.5667495727539 127.4427719116211 282.5667495727539 244.4775619506836 235.9344940185547 244.4775619506836
232.81625366210938 122.14261627197266 277.97681045532227 122.14261627197266 277.97681045532227 237.28121185302734 232.81625366210938 237.28121185302734
232.92782592773438 125.81013488769531 278.70117950439453 125.81013488769531 278.70117950439453 244.2593994140625 232.92782592773438 244.2593994140625
228.2210235595703 121.232666015625 273.4889678955078 121.232666015625 273.4889678955078 237.2247085571289 228.2210235595703 237.2247085571289
222.93014526367188 123.5813217163086 269.2786178588867 123.5813217163086 269.2786178588867 237.07398223876953 222.93014526367188 237.07398223876953
219.01010131835938 126.4527816772461 263.852596282959 126.4527816772461 263.852596282959 237.51239776611328 219.01010131835938 237.51239776611328
215.9190673828125 128.12164306640625 260.9181442260742 128.12164306640625 260.9181442260742 243.0749969482422 215.9190673828125 243.0749969482422
212.6513671875 128.44125366210938 256.83592987060547 128.44125366210938 256.83592987060547 242.88805389404297 212.6513671875 242.88805389404297
211.6456756591797 130.34632873535156 257.30184173583984 130.34632873535156 257.30184173583984 246.4950714111328 211.6456756591797 246.4950714111328
210.4564666748047 125.2270278930664 255.17391967773438 125.2270278930664 255.17391967773438 240.78124237060547 210.4564666748047 240.78124237060547
207.3176727294922 124.04095458984375 251.46196746826172 124.04095458984375 251.46196746826172 246.3295440673828 207.3176727294922 246.3295440673828
199.20921325683594 131.96112060546875 241.34564971923828 131.96112060546875 241.34564971923828 251.9004898071289 199.20921325683594 251.9004898071289
194.66510009765625 135.05206298828125 234.75371551513672 135.05206298828125 234.75371551513672 252.0309600830078 194.66510009765625 252.0309600830078
191.2078399658203 140.36805725097656 231.96317291259766 140.36805725097656 231.96317291259766 256.8778991699219 191.2078399658203 256.8778991699219
189.37545776367188 139.3390655517578 229.3857536315918 139.3390655517578 229.3857536315918 251.8661880493164 189.37545776367188 251.8661880493164
190.02554321289062 132.4910125732422 229.41759490966797 132.4910125732422 229.41759490966797 243.33057403564453 190.02554321289062 243.33057403564453
184.477783203125 139.6092529296875 224.72978591918945 139.6092529296875 224.72978591918945 250.1233901977539 184.477783203125 250.1233901977539
184.25152587890625 140.23464965820312 225.60598754882812 140.23464965820312 225.60598754882812 254.45557403564453 184.25152587890625 254.45557403564453
179.39273071289062 139.20962524414062 219.48883819580078 139.20962524414062 219.48883819580078 246.77969360351562 179.39273071289062 246.77969360351562
176.93991088867188 138.86813354492188 217.3330307006836 138.86813354492188 217.3330307006836 247.6790313720703 176.93991088867188 247.6790313720703
168.643798828125 138.1963653564453 209.48482513427734 138.1963653564453 209.48482513427734 244.92057037353516 168.643798828125 244.92057037353516
168.25071716308594 135.8403778076172 208.37640762329102 135.8403778076172 208.37640762329102 243.47071075439453 168.25071716308594 243.47071075439453
163.77676391601562 133.00637817382812 204.29519653320312 133.00637817382812 204.29519653320312 244.05950164794922 163.77676391601562 244.05950164794922
162.49093627929688 133.49935913085938 203.27249908447266 133.49935913085938 203.27249908447266 247.73678588867188 162.49093627929688 247.73678588867188
159.96612548828125 133.7811737060547 200.2441635131836 133.7811737060547 200.2441635131836 247.41822052001953 159.96612548828125 247.41822052001953
157.7095184326172 137.86155700683594 199.53977966308594 137.86155700683594 199.53977966308594 247.83411407470703 157.7095184326172 247.83411407470703
155.04501342773438 137.02606201171875 196.08270263671875 137.02606201171875 196.08270263671875 248.0272979736328 155.04501342773438 248.0272979736328
151.27908325195312 136.02198791503906 192.90509796142578 136.02198791503906 192.90509796142578 250.16639709472656 151.27908325195312 250.16639709472656
147.82508850097656 136.0701141357422 190.95682525634766 136.0701141357422 190.95682525634766 250.99703979492188 147.82508850097656 250.99703979492188
145.69601440429688 134.92239379882812 186.86898803710938 134.92239379882812 186.86898803710938 249.10110473632812 145.69601440429688 249.10110473632812
145.04299926757812 135.06430053710938 185.7182960510254 135.06430053710938 185.7182960510254 247.78761291503906 145.04299926757812 247.78761291503906
136.9079132080078 132.718505859375 179.2693328857422 132.718505859375 179.2693328857422 245.7083282470703 136.9079132080078 245.7083282470703
130.579345703125 135.57632446289062 172.72861862182617 135.57632446289062 172.72861862182617 243.0459442138672 130.579345703125 243.0459442138672
127.32337951660156 133.64022827148438 169.70301818847656 133.64022827148438 169.70301818847656 242.7080841064453 127.32337951660156 242.7080841064453
126.85311126708984 131.67477416992188 167.69193267822266 131.67477416992188 167.69193267822266 238.67259216308594 126.85311126708984 238.67259216308594
124.56803131103516 132.3910369873047 165.7774543762207 132.3910369873047 165.7774543762207 239.609619140625 124.56803131103516 239.609619140625
123.55622863769531 131.0374298095703 165.8175163269043 131.0374298095703 165.8175163269043 239.35943603515625 123.55622863769531 239.35943603515625
119.551513671875 130.3106689453125 160.9070053100586 130.3106689453125 160.9070053100586 237.13653564453125 119.551513671875 237.13653564453125
119.53126525878906 131.6337127685547 160.13789749145508 131.6337127685547 160.13789749145508 235.39987182617188 119.53126525878906 235.39987182617188
114.96333312988281 131.80332946777344 156.07067489624023 131.80332946777344 156.07067489624023 233.5872573852539 114.96333312988281 233.5872573852539
112.42427062988281 130.86297607421875 153.45262145996094 130.86297607421875 153.45262145996094 235.9803237915039 112.42427062988281 235.9803237915039
110.04695129394531 128.7229766845703 150.99750137329102 128.7229766845703 150.99750137329102 236.6453399658203 110.04695129394531 236.6453399658203
107.66258239746094 128.08767700195312 147.74141693115234 128.08767700195312 147.74141693115234 239.91783142089844 107.66258239746094 239.91783142089844
106.4135971069336 126.93772888183594 147.00924682617188 126.93772888183594 147.00924682617188 238.57046508789062 106.4135971069336 238.57046508789062
103.88691711425781 126.64366149902344 144.73593521118164 126.64366149902344 144.73593521118164 240.068603515625 103.88691711425781 240.068603515625
101.45201110839844 127.18046569824219 139.90729522705078 127.18046569824219 139.90729522705078 242.31745147705078 101.45201110839844 242.31745147705078
98.87897491455078 130.7972412109375 138.37147521972656 130.7972412109375 138.37147521972656 243.76234436035156 98.87897491455078 243.76234436035156
95.96533966064453 128.06996154785156 133.32501220703125 128.06996154785156 133.32501220703125 243.34661102294922 95.96533966064453 243.34661102294922
94.23793029785156 130.14163208007812 131.26916885375977 130.14163208007812 131.26916885375977 246.74423217773438 94.23793029785156 246.74423217773438
92.24576568603516 129.66946411132812 129.0262107849121 129.66946411132812 129.0262107849121 247.70069122314453 92.24576568603516 247.70069122314453
91.02424621582031 126.8597183227539 128.64723205566406 126.8597183227539 128.64723205566406 245.94091796875 91.02424621582031 245.94091796875
90.42760467529297 127.4522476196289 127.60237121582031 127.4522476196289 127.60237121582031 242.5616226196289 90.42760467529297 242.5616226196289
88.32634735107422 126.88285827636719 124.35712814331055 126.88285827636719 124.35712814331055 240.29649353027344 88.32634735107422 240.29649353027344
89.83506774902344 128.45242309570312 126.06822967529297 128.45242309570312 126.06822967529297 240.6782684326172 89.83506774902344 240.6782684326172
87.48368072509766 130.0000457763672 123.84574508666992 130.0000457763672 123.84574508666992 238.56116485595703 87.48368072509766 238.56116485595703
88.01701354980469 126.0234146118164 124.6180534362793 126.0234146118164 124.6180534362793 236.6818389892578 88.01701354980469 236.6818389892578
86.59624481201172 124.70121765136719 122.22884368896484 124.70121765136719 122.22884368896484 235.50718688964844 86.59624481201172 235.50718688964844
86.2353286743164 124.497802734375 122.68247985839844 124.497802734375 122.68247985839844 234.6959991455078 86.2353286743164 234.6959991455078
84.87374877929688 123.91502380371094 120.74767303466797 123.91502380371094 120.74767303466797 237.39893341064453 84.87374877929688 237.39893341064453
83.0152359008789 121.06486511230469 121.312744140625 121.06486511230469 121.312744140625 233.55052185058594 83.0152359008789 233.55052185058594
81.4898452758789 120.47651672363281 119.08948516845703 120.47651672363281 119.08948516845703 231.92787170410156 81.4898452758789 231.92787170410156
79.99935150146484 121.67048645019531 116.95654296875 121.67048645019531 116.95654296875 234.4849395751953 79.99935150146484 234.4849395751953
79.43965148925781 120.42537689208984 117.18831253051758 120.42537689208984 117.18831253051758 232.61646270751953 79.43965148925781 232.61646270751953
78.36119079589844 118.89363098144531 116.3044662475586 118.89363098144531 116.3044662475586 231.11234283447266 78.36119079589844 231.11234283447266
77.7330093383789 117.1747055053711 115.78639221191406 117.1747055053711 115.78639221191406 227.3273696899414 77.7330093383789 227.3273696899414
77.52708435058594 119.36588287353516 115.04639053344727 119.36588287353516 115.04639053344727 231.11522674560547 77.52708435058594 231.11522674560547
76.05604553222656 115.27237701416016 113.72908782958984 115.27237701416016 113.72908782958984 227.84293365478516 76.05604553222656 227.84293365478516
76.60520935058594 114.0080337524414 115.30430603027344 114.0080337524414 115.30430603027344 226.31488037109375 76.60520935058594 226.31488037109375
75.00343322753906 115.12489318847656 113.61048889160156 115.12489318847656 113.61048889160156 224.53319549560547 75.00343322753906 224.53319549560547
74.4876480102539 115.84664154052734 112.82024002075195 115.84664154052734 112.82024002075195 223.06319427490234 74.4876480102539 223.06319427490234
73.7524185180664 115.3366928100586 112.29288482666016 115.3366928100586 112.29288482666016 224.34552764892578 73.7524185180664 224.34552764892578
71.28983306884766 115.84110260009766 110.84157943725586 115.84110260009766 110.84157943725586 224.3696517944336 71.28983306884766 224.3696517944336
69.92557525634766 116.97542572021484 109.53589630126953 116.97542572021484 109.53589630126953 225.49202728271484 69.92557525634766 225.49202728271484
69.12965393066406 115.79167175292969 108.66019439697266 115.79167175292969 108.66019439697266 223.66232299804688 69.12965393066406 223.66232299804688
67.58989715576172 114.11446380615234 106.85909271240234 114.11446380615234 106.85909271240234 221.9107437133789 67.58989715576172 221.9107437133789
64.97726440429688 114.29557037353516 102.45813751220703 114.29557037353516 102.45813751220703 218.09407806396484 64.97726440429688 218.09407806396484
64.35338592529297 113.30841064453125 102.1474494934082 113.30841064453125 102.1474494934082 218.21092224121094 64.35338592529297 218.21092224121094
62.702392578125 112.6705322265625 101.02668762207031 112.6705322265625 101.02668762207031 220.74420166015625 62.702392578125 220.74420166015625
61.350502014160156 111.20491790771484 99.70008087158203 111.20491790771484 99.70008087158203 220.73970794677734 61.350502014160156 220.73970794677734
60.34779739379883 110.4993667602539 98.68657302856445 110.4993667602539 98.68657302856445 219.9571533203125 60.34779739379883 219.9571533203125
60.509986877441406 106.59686279296875 98.58486938476562 106.59686279296875 98.58486938476562 217.3715591430664 60.509986877441406 217.3715591430664
58.763404846191406 105.2747573852539 98.10921859741211 105.2747573852539 98.10921859741211 212.82915496826172 58.763404846191406 212.82915496826172
