344.0 253.0 362.0 253.0 362.0 318.0 344.0 318.0
343.47698974609375 253.1085968017578 362.5191822052002 253.1085968017578 362.5191822052002 317.5707092285156 343.47698974609375 317.5707092285156
343.8486633300781 253.9072723388672 362.12646102905273 253.9072723388672 362.12646102905273 317.6355323791504 343.8486633300781 317.6355323791504
343.8912658691406 253.87265014648438 362.2545757293701 253.87265014648438 362.2545757293701 317.77789306640625 343.8912658691406 317.77789306640625
343.52532958984375 254.15072631835938 362.0732078552246 254.15072631835938 362.0732078552246 318.37615966796875 343.52532958984375 318.37615966796875
343.36138916015625 253.5603790283203 362.3791255950928 253.5603790283203 362.3791255950928 318.05555725097656 343.36138916015625 318.05555725097656
343.56573486328125 253.796142578125 362.774112701416 253.796142578125 362.774112701416 319.525634765625 343.56573486328125 319.525634765625
343.3929748535156 253.1256561279297 362.2434501647949 253.1256561279297 362.2434501647949 319.4401321411133 343.3929748535156 319.4401321411133
343.458984375 253.6830291748047 362.06895446777344 253.6830291748047 362.06895446777344 317.36619567871094 343.458984375 317.36619567871094
343.52349853515625 254.01437377929688 362.24122047424316 254.01437377929688 362.24122047424316 319.20922088623047 343.52349853515625 319.20922088623047
343.18865966796875 253.338623046875 362.45219802856445 253.338623046875 362.45219802856445 319.33924102783203 343.18865966796875 319.33924102783203
343.27978515625 253.30154418945312 362.17602157592773 253.30154418945312 362.17602157592773 319.35621643066406 343.27978515625 319.35621643066406
342.6197814941406 253.91885375976562 362.2510528564453 253.91885375976562 362.2510528564453 318.3251495361328 342.6197814941406 318.3251495361328
343.3254699707031 253.5801544189453 362.14437103271484 253.5801544189453 362.14437103271484 319.7467041015625 343.3254699707031 319.7467041015625
343.04449462890625 253.680419921875 362.56607818603516 253.680419921875 362.56607818603516 318.96356201171875 343.04449462890625 318.96356201171875
343.4500732421875 253.3989715576172 362.13329887390137 253.3989715576172 362.13329887390137 320.57830810546875 343.4500732421875 320.57830810546875
343.1758117675781 252.9048614501953 362.51518630981445 252.9048614501953 362.51518630981445 318.37940979003906 343.1758117675781 318.37940979003906
342.6978454589844 253.198486328125 362.2766361236572 253.198486328125 362.2766361236572 317.6516571044922 342.6978454589844 317.6516571044922
342.6100769042969 254.19052124023438 363.89093589782715 254.19052124023438 363.89093589782715 313.0369682312012 342.6100769042969 313.0369682312012
368.63006591796875 256.3879089355469 387.00735664367676 256.3879089355469 387.00735664367676 322.7502975463867 368.63006591796875 322.7502975463867
388.21075439453125 255.4968719482422 406.5605125427246 255.4968719482422 406.5605125427246 321.7598419189453 388.21075439453125 321.7598419189453
417.099609375 251.9995880126953 435.6681709289551 251.9995880126953 435.6681709289551 319.0526809692383 417.099609375 319.0526809692383
407.30877685546875 253.260498046875 430.10072898864746 253.260498046875 430.10072898864746 313.7587699890137 407.30877685546875 313.7587699890137
414.4556579589844 251.0279541015625 436.7032833099365 251.0279541015625 436.7032833099365 315.4461669921875 414.4556579589844 315.4461669921875
410.088134765625 254.4910430908203 431.292667388916 254.4910430908203 431.292667388916 317.06969833374023 410.088134765625 317.06969833374023
412.67681884765625 253.615234375 434.667688369751 253.615234375 434.667688369751 312.9753608703613 412.67681884765625 312.9753608703613
412.32879638671875 253.1949920654297 433.64177894592285 253.1949920654297 433.64177894592285 315.72383880615234 412.32879638671875 315.72383880615234
411.3832092285156 253.7729949951172 432.14294815063477 253.7729949951172 432.14294815063477 319.85987091064453 411.3832092285156 319.85987091064453
413.2266540527344 252.68222045898438 433.13134384155273 252.68222045898438 433.13134384155273 318.13404083251953 413.2266540527344 318.13404083251953
411.9837341308594 254.08016967773438 431.99117851257324 254.08016967773438 431.99117851257324 317.7291488647461 411.9837341308594 317.7291488647461
411.4376525878906 253.6127471923828 433.53978729248047 253.6127471923828 433.53978729248047 316.20701599121094 411.4376525878906 316.20701599121094
412.18603515625 252.88510131835938 433.9977569580078 252.88510131835938 433.9977569580078 316.4129409790039 412.18603515625 316.4129409790039
411.44879150390625 252.91641235351562 431.9115047454834 252.91641235351562 431.9115047454834 319.2508087158203 411.44879150390625 319.2508087158203
413.4453125 253.14608764648438 433.5747585296631 253.14608764648438 433.5747585296631 317.5100860595703 413.4453125 317.5100860595703
411.091552734375 252.754150390625 431.4263458251953 252.754150390625 431.4263458251953 318.01146697998047 411.091552734375 318.01146697998047
412.92486572265625 254.1848907470703 434.0293846130371 254.1848907470703 434.0293846130371 321.5903625488281 412.92486572265625 321.5903625488281
412.094970703125 252.3616485595703 432.29247093200684 252.3616485595703 432.29247093200684 317.72589111328125 412.094970703125 317.72589111328125
412.7377014160156 252.1717071533203 433.1341896057129 252.1717071533203 433.1341896057129 318.28685760498047 412.7377014160156 318.28685760498047
412.7887268066406 251.9476318359375 432.4531955718994 251.9476318359375 432.4531955718994 319.72569274902344 412.7887268066406 319.72569274902344
412.82904052734375 252.2977294921875 431.343111038208 252.2977294921875 431.343111038208 319.0548629760742 412.82904052734375 319.0548629760742
413.2452087402344 252.49673461914062 431.49010848999023 252.49673461914062 431.49010848999023 320.65145111083984 413.2452087402344 320.65145111083984
412.89019775390625 252.27767944335938 431.87834548950195 252.27767944335938 431.87834548950195 320.03234100341797 412.89019775390625 320.03234100341797
412.6139221191406 253.38412475585938 432.15356254577637 253.38412475585938 432.15356254577637 319.44168853759766 412.6139221191406 319.44168853759766
412.9974670410156 253.3126220703125 433.0655040740967 253.3126220703125 433.0655040740967 319.39037322998047 412.9974670410156 319.39037322998047
412.0176696777344 252.56857299804688 432.49513244628906 252.56857299804688 432.49513244628906 315.9918403625488 412.0176696777344 315.9918403625488
412.37646484375 252.5752716064453 433.1620693206787 252.5752716064453 433.1620693206787 317.044677734375 412.37646484375 317.044677734375
412.52099609375 252.8242645263672 432.56809425354004 252.8242645263672 432.56809425354004 319.72765350341797 412.52099609375 319.72765350341797
412.1124572753906 251.24533081054688 432.10319328308105 251.24533081054688 432.10319328308105 318.4499206542969 412.1124572753906 318.4499206542969
413.13446044921875 252.5207061767578 432.3612480163574 252.5207061767578 432.3612480163574 318.0785217285156 413.13446044921875 318.0785217285156
412.65283203125 251.65408325195312 431.5109748840332 251.65408325195312 431.5109748840332 319.18894958496094 412.65283203125 319.18894958496094
412.84844970703125 253.2625274658203 432.3474063873291 253.2625274658203 432.3474063873291 318.89979553222656 412.84844970703125 318.89979553222656
412.74749755859375 252.348388671875 431.4050350189209 252.348388671875 431.4050350189209 318.70584869384766 412.74749755859375 318.70584869384766
413.3521423339844 251.5415496826172 431.7459526062012 251.5415496826172 431.7459526062012 318.6265335083008 413.3521423339844 318.6265335083008
412.67608642578125 251.8675079345703 432.05431175231934 251.8675079345703 432.05431175231934 317.1205139160156 412.67608642578125 317.1205139160156
412.3795471191406 251.884521484375 432.2746162414551 251.884521484375 432.2746162414551 318.60182189941406 412.3795471191406 318.60182189941406
412.79443359375 251.9646453857422 431.5451545715332 251.9646453857422 431.5451545715332 317.5513610839844 412.79443359375 317.5513610839844
413.3497009277344 252.27597045898438 431.9663372039795 252.27597045898438 431.9663372039795 319.24717712402344 413.3497009277344 319.24717712402344
412.576171875 251.82791137695312 431.2357864379883 251.82791137695312 431.2357864379883 317.8051300048828 412.576171875 317.8051300048828
413.234619140625 251.9889678955078 432.1220951080322 251.9889678955078 432.1220951080322 318.2771987915039 413.234619140625 318.2771987915039
412.83233642578125 252.89077758789062 431.5899543762207 252.89077758789062 431.5899543762207 318.3764190673828 412.83233642578125 318.3764190673828
412.8893127441406 252.47994995117188 432.00364875793457 252.47994995117188 432.00364875793457 318.3000183105469 412.8893127441406 318.3000183105469
413.13885498046875 252.61099243164062 431.9694194793701 252.61099243164062 431.9694194793701 317.22105407714844 413.13885498046875 317.22105407714844
412.658447265625 252.03018188476562 431.3718738555908 252.03018188476562 431.3718738555908 317.1390914916992 412.658447265625 317.1390914916992
413.23486328125 252.64404296875 431.36927795410156 252.64404296875 431.36927795410156 316.4663619995117 413.23486328125 316.4663619995117
413.4850158691406 252.62051391601562 431.410701751709 252.62051391601562 431.410701751709 317.9287338256836 413.4850158691406 317.9287338256836
412.993408203125 251.2560577392578 431.90674209594727 251.2560577392578 431.90674209594727 319.08888244628906 412.993408203125 319.08888244628906
412.5968322753906 252.39599609375 431.88739585876465 252.39599609375 431.88739585876465 319.0950164794922 412.5968322753906 319.0950164794922
412.94610595703125 252.32199096679688 431.8463840484619 252.32199096679688 431.8463840484619 317.2689971923828 412.94610595703125 317.2689971923828
413.08966064453125 252.14285278320312 432.04336166381836 252.14285278320312 432.04336166381836 319.2495880126953 413.08966064453125 319.2495880126953
413.2626953125 253.63504028320312 431.74403381347656 253.63504028320312 431.74403381347656 318.7794189453125 413.2626953125 318.7794189453125
412.9264221191406 253.2278289794922 431.3932456970215 253.2278289794922 431.3932456970215 318.34069061279297 412.9264221191406 318.34069061279297
413.56298828125 252.07852172851562 431.32958030700684 252.07852172851562 431.32958030700684 318.04952239990234 413.56298828125 318.04952239990234
412.85736083984375 253.8476104736328 431.43620681762695 253.8476104736328 431.43620681762695 318.509521484375 412.85736083984375 318.509521484375
413.0917053222656 252.99447631835938 431.8385486602783 252.99447631835938 431.8385486602783 316.7987060546875 413.0917053222656 316.7987060546875
413.0667419433594 252.5074462890625 431.08191871643066 252.5074462890625 431.08191871643066 316.5772247314453 413.0667419433594 316.5772247314453
413.0149841308594 252.30953979492188 431.8128299713135 252.30953979492188 431.8128299713135 318.3427429199219 413.0149841308594 318.3427429199219
413.175048828125 253.1119842529297 431.6855049133301 253.1119842529297 431.6855049133301 316.77967834472656 413.175048828125 316.77967834472656
413.6183166503906 253.173583984375 431.7835273742676 253.173583984375 431.7835273742676 318.94151306152344 413.6183166503906 318.94151306152344
412.80859375 252.46212768554688 431.22707748413086 252.46212768554688 431.22707748413086 317.9762725830078 412.80859375 317.9762725830078
412.927490234375 252.45169067382812 431.9418754577637 252.45169067382812 431.9418754577637 317.7099380493164 412.927490234375 317.7099380493164
412.69482421875 252.7093505859375 431.5135040283203 252.7093505859375 431.5135040283203 319.19642639160156 412.69482421875 319.19642639160156
412.798095703125 252.795166015625 431.46766090393066 252.795166015625 431.46766090393066 318.14363861083984 412.798095703125 318.14363861083984
412.95965576171875 253.3055877685547 431.38665771484375 253.3055877685547 431.38665771484375 316.7339744567871 412.95965576171875 316.7339744567871
412.94989013671875 252.84078979492188 431.8244819641113 252.84078979492188 431.8244819641113 317.8839797973633 412.94989013671875 317.8839797973633
413.12042236328125 253.40444946289062 431.4828586578369 253.40444946289062 431.4828586578369 318.8344497680664 413.12042236328125 318.8344497680664
413.23297119140625 252.6256866455078 431.3499393463135 252.6256866455078 431.3499393463135 317.96935272216797 413.23297119140625 317.96935272216797
413.39569091796875 253.22445678710938 431.5446434020996 253.22445678710938 431.5446434020996 318.1141586303711 413.39569091796875 318.1141586303711
412.853515625 252.0592498779297 431.5193214416504 252.0592498779297 431.5193214416504 317.39276123046875 412.853515625 317.39276123046875
413.408935546875 252.4196014404297 431.4744453430176 252.4196014404297 431.4744453430176 317.70711517333984 413.408935546875 317.70711517333984
412.7806701660156 251.79916381835938 431.6356620788574 251.79916381835938 431.6356620788574 315.1021499633789 412.7806701660156 315.1021499633789
412.92572021484375 252.5000762939453 431.2216606140137 252.5000762939453 431.2216606140137 317.2060317993164 412.92572021484375 317.2060317993164
412.91632080078125 252.2853240966797 431.60376167297363 252.2853240966797 431.60376167297363 318.4933624267578 412.91632080078125 318.4933624267578
413.10009765625 252.44564819335938 431.94801330566406 252.44564819335938 431.94801330566406 318.57981872558594 413.10009765625 318.57981872558594
412.84698486328125 252.7806396484375 431.5258445739746 252.7806396484375 431.5258445739746 318.2770462036133 412.84698486328125 318.2770462036133
413.148681640625 253.1063232421875 431.8510856628418 253.1063232421875 431.8510856628418 317.1066436767578 413.148681640625 317.1066436767578
413.19476318359375 253.34597778320312 431.63000106811523 253.34597778320312 431.63000106811523 317.65186309814453 413.19476318359375 317.65186309814453
413.2931213378906 251.8790740966797 431.4819755554199 251.8790740966797 431.4819755554199 317.6984558105469 413.2931213378906 317.6984558105469
413.25323486328125 252.5865020751953 431.56706619262695 252.5865020751953 431.56706619262695 318.4022750854492 413.25323486328125 318.4022750854492
412.99542236328125 252.6863250732422 431.54639625549316 252.6863250732422 431.54639625549316 319.0481185913086 412.99542236328125 319.0481185913086
413.2138671875 252.4232177734375 431.43297576904297 252.4232177734375 431.43297576904297 318.72330474853516 413.2138671875 318.72330474853516
413.06622314453125 252.62841796875 431.242977142334 252.62841796875 431.242977142334 318.36742401123047 413.06622314453125 318.36742401123047
413.43878173828125 252.93887329101562 431.09510803222656 252.93887329101562 431.09510803222656 319.4511032104492 413.43878173828125 319.4511032104492
413.4095153808594 251.91085815429688 431.96056938171387 251.91085815429688 431.96056938171387 317.5998001098633 413.4095153808594 317.5998001098633
413.06646728515625 251.78689575195312 431.68588638305664 251.78689575195312 431.68588638305664 317.87659454345703 413.06646728515625 317.87659454345703
413.2286071777344 252.77981567382812 431.48079109191895 252.77981567382812 431.48079109191895 317.7574691772461 413.2286071777344 317.7574691772461
413.16192626953125 252.0697479248047 431.5927028656006 252.0697479248047 431.5927028656006 316.20751953125 413.16192626953125 316.20751953125
413.0577697753906 251.83322143554688 431.4267978668213 251.83322143554688 431.4267978668213 317.07816314697266 413.0577697753906 317.07816314697266
413.54998779296875 251.8592071533203 431.5951843261719 251.8592071533203 431.5951843261719 317.74684143066406 413.54998779296875 317.74684143066406
413.51165771484375 253.4704132080078 431.57904624938965 253.4704132080078 431.57904624938965 319.27207946777344 413.51165771484375 319.27207946777344
413.55572509765625 253.15634155273438 431.68890953063965 253.15634155273438 431.68890953063965 319.42454528808594 413.55572509765625 319.42454528808594
413.39691162109375 253.07290649414062 431.44880294799805 253.07290649414062 431.44880294799805 318.3187942504883 413.39691162109375 318.3187942504883
413.24041748046875 253.5850830078125 431.67446517944336 253.5850830078125 431.67446517944336 316.8774948120117 413.24041748046875 316.8774948120117
412.96142578125 253.0725555419922 431.82039070129395 253.0725555419922 431.82039070129395 318.1121597290039 412.96142578125 318.1121597290039
413.52008056640625 253.50216674804688 431.5143394470215 253.50216674804688 431.5143394470215 318.4042434692383 413.52008056640625 318.4042434692383
412.9723205566406 251.7659912109375 431.31200218200684 251.7659912109375 431.31200218200684 318.38121032714844 412.9723205566406 318.38121032714844
413.23974609375 252.9112091064453 431.3123950958252 252.9112091064453 431.3123950958252 318.11991119384766 413.23974609375 318.11991119384766
412.71893310546875 252.2344512939453 431.77032470703125 252.2344512939453 431.77032470703125 318.2963638305664 412.71893310546875 318.2963638305664
413.5375061035156 253.9729461669922 431.6161575317383 253.9729461669922 431.6161575317383 319.60887145996094 413.5375061035156 319.60887145996094
412.9717712402344 252.0186004638672 431.8156909942627 252.0186004638672 431.8156909942627 318.9320983886719 412.9717712402344 318.9320983886719
413.26849365234375 252.8459930419922 431.4486675262451 252.8459930419922 431.4486675262451 319.48339080810547 413.26849365234375 319.48339080810547
412.67205810546875 252.7792205810547 431.81552505493164 252.7792205810547 431.81552505493164 319.38133239746094 412.67205810546875 319.38133239746094
412.943603515625 252.7279815673828 431.3702812194824 252.7279815673828 431.3702812194824 319.6796112060547 412.943603515625 319.6796112060547
412.91851806640625 253.8218994140625 431.4842109680176 253.8218994140625 431.4842109680176 319.0896759033203 412.91851806640625 319.0896759033203
413.17230224609375 253.30093383789062 431.48280334472656 253.30093383789062 431.48280334472656 319.3780212402344 413.17230224609375 319.3780212402344
412.92578125 252.3209686279297 431.92344856262207 252.3209686279297 431.92344856262207 317.22884368896484 412.92578125 317.22884368896484
412.97900390625 253.27774047851562 431.61184310913086 253.27774047851562 431.61184310913086 318.8251647949219 412.97900390625 318.8251647949219
412.7879333496094 251.760986328125 431.67602348327637 251.760986328125 431.67602348327637 318.58885192871094 412.7879333496094 318.58885192871094
413.19097900390625 252.3162078857422 431.95745849609375 252.3162078857422 431.95745849609375 318.4734802246094 413.19097900390625 318.4734802246094
412.93505859375 252.7752685546875 431.5571517944336 252.7752685546875 431.5571517944336 319.76168060302734 412.93505859375 319.76168060302734
412.69281005859375 252.3769989013672 431.8492908477783 252.3769989013672 431.8492908477783 316.6936569213867 412.69281005859375 316.6936569213867
412.68072509765625 252.939453125 431.28308486938477 252.939453125 431.28308486938477 318.5973587036133 412.68072509765625 318.5973587036133
412.8262634277344 252.3703155517578 432.0858345031738 252.3703155517578 432.0858345031738 318.8594436645508 412.8262634277344 318.8594436645508
412.74176025390625 251.72216796875 431.55739974975586 251.72216796875 431.55739974975586 319.2229461669922 412.74176025390625 319.2229461669922
413.11944580078125 252.62451171875 431.8778591156006 252.62451171875 431.8778591156006 319.6337661743164 413.11944580078125 319.6337661743164
413.12347412109375 252.85806274414062 431.9081172943115 252.85806274414062 431.9081172943115 319.66893005371094 413.12347412109375 319.66893005371094
412.74005126953125 251.84860229492188 431.5327568054199 251.84860229492188 431.5327568054199 318.36754608154297 412.74005126953125 318.36754608154297
413.19158935546875 253.2043914794922 431.8464050292969 253.2043914794922 431.8464050292969 317.8828125 413.19158935546875 317.8828125
412.7604064941406 252.5762939453125 431.89756774902344 252.5762939453125 431.89756774902344 319.61553955078125 412.7604064941406 319.61553955078125
412.91943359375 252.4604034423828 431.8317565917969 252.4604034423828 431.8317565917969 318.1697769165039 412.91943359375 318.1697769165039
412.75372314453125 252.5901336669922 431.76960372924805 252.5901336669922 431.76960372924805 318.7603225708008 412.75372314453125 318.7603225708008
413.1382751464844 253.4020538330078 431.9908618927002 253.4020538330078 431.9908618927002 319.1789855957031 413.1382751464844 319.1789855957031
412.88037109375 253.1374053955078 432.39813232421875 253.1374053955078 432.39813232421875 319.80054473876953 412.88037109375 319.80054473876953
413.16064453125 252.57748413085938 431.8766212463379 252.57748413085938 431.8766212463379 319.9604187011719 413.16064453125 319.9604187011719
412.56378173828125 252.6576690673828 431.8643379211426 252.6576690673828 431.8643379211426 317.8335418701172 412.56378173828125 317.8335418701172
412.651123046875 251.3020782470703 431.7556667327881 251.3020782470703 431.7556667327881 317.7297592163086 412.651123046875 317.7297592163086
413.2410583496094 252.9866485595703 431.8184623718262 252.9866485595703 431.8184623718262 320.6557388305664 413.2410583496094 320.6557388305664
412.63323974609375 251.6207275390625 431.9942283630371 251.6207275390625 431.9942283630371 317.38706970214844 412.63323974609375 317.38706970214844
412.7474060058594 251.8445587158203 431.66822242736816 251.8445587158203 431.66822242736816 318.6422424316406 412.7474060058594 318.6422424316406
412.71142578125 252.2499237060547 431.77486991882324 252.2499237060547 431.77486991882324 316.9367370605469 412.71142578125 316.9367370605469
412.6964416503906 253.3527374267578 431.7637596130371 253.3527374267578 431.7637596130371 319.6913375854492 412.6964416503906 319.6913375854492
413.10186767578125 252.19479370117188 432.224573135376 252.19479370117188 432.224573135376 319.0952911376953 413.10186767578125 319.0952911376953
412.6167907714844 252.181884765625 432.0941390991211 252.181884765625 432.0941390991211 319.0329132080078 412.6167907714844 319.0329132080078
412.71435546875 252.0355682373047 431.64830207824707 252.0355682373047 431.64830207824707 317.61534881591797 412.71435546875 317.61534881591797
412.71771240234375 252.8347625732422 431.60078620910645 252.8347625732422 431.60078620910645 319.2002868652344 412.71771240234375 319.2002868652344
413.1573791503906 252.21286010742188 432.0619926452637 252.21286010742188 432.0619926452637 318.32456970214844 413.1573791503906 318.32456970214844
413.1141052246094 252.1736602783203 432.0443058013916 252.1736602783203 432.0443058013916 319.3475112915039 413.1141052246094 319.3475112915039
412.84844970703125 252.53005981445312 432.1421012878418 252.53005981445312 432.1421012878418 318.58763122558594 412.84844970703125 318.58763122558594
413.3048400878906 252.0343780517578 431.9457187652588 252.0343780517578 431.9457187652588 319.11083984375 413.3048400878906 319.11083984375
412.86920166015625 251.60531616210938 432.4201602935791 251.60531616210938 432.4201602935791 318.0379104614258 412.86920166015625 318.0379104614258
413.04345703125 251.9336700439453 431.65000915527344 251.9336700439453 431.65000915527344 318.1445846557617 413.04345703125 318.1445846557617
412.385498046875 252.48141479492188 431.72897720336914 252.48141479492188 431.72897720336914 317.5377655029297 412.385498046875 317.5377655029297
412.7645568847656 251.41482543945312 431.6980781555176 251.41482543945312 431.6980781555176 318.1314163208008 412.7645568847656 318.1314163208008
412.8173828125 251.7530059814453 432.2897758483887 251.7530059814453 432.2897758483887 318.9792175292969 412.8173828125 318.9792175292969
412.8922424316406 252.0088348388672 431.9733409881592 252.0088348388672 431.9733409881592 319.3496627807617 412.8922424316406 319.3496627807617
412.20623779296875 251.7628631591797 432.2147750854492 251.7628631591797 432.2147750854492 316.5859603881836 412.20623779296875 316.5859603881836
413.07623291015625 252.8227081298828 431.88562965393066 252.8227081298828 431.88562965393066 320.20133209228516 413.07623291015625 320.20133209228516
412.67578125 251.3548126220703 432.0906791687012 251.3548126220703 432.0906791687012 317.446044921875 412.67578125 317.446044921875
412.8109436035156 251.88296508789062 431.45337295532227 251.88296508789062 431.45337295532227 317.75402069091797 412.8109436035156 317.75402069091797
412.5049743652344 252.0115203857422 431.9577693939209 252.0115203857422 431.9577693939209 316.5023193359375 412.5049743652344 316.5023193359375
413.0736389160156 252.81082153320312 431.60734939575195 252.81082153320312 431.60734939575195 320.6398010253906 413.0736389160156 320.6398010253906
412.9271545410156 252.3574981689453 431.4075126647949 252.3574981689453 431.4075126647949 320.27935791015625 412.9271545410156 320.27935791015625
413.28619384765625 251.21670532226562 431.40317726135254 251.21670532226562 431.40317726135254 320.02825927734375 413.28619384765625 320.02825927734375
413.16143798828125 252.09671020507812 432.0448589324951 252.09671020507812 432.0448589324951 319.37703704833984 413.16143798828125 319.37703704833984
412.9639587402344 251.6677703857422 431.6062431335449 251.6677703857422 431.6062431335449 318.2256774902344 412.9639587402344 318.2256774902344
413.0936584472656 251.2977752685547 431.5680465698242 251.2977752685547 431.5680465698242 317.86073303222656 413.0936584472656 317.86073303222656
412.72393798828125 251.42196655273438 431.89757347106934 251.42196655273438 431.89757347106934 317.00232696533203 412.72393798828125 317.00232696533203
413.1754455566406 250.16677856445312 431.2040328979492 250.16677856445312 431.2040328979492 318.52479553222656 413.1754455566406 318.52479553222656
413.9230041503906 249.2284393310547 431.2820854187012 249.2284393310547 431.2820854187012 315.67091369628906 413.9230041503906 315.67091369628906
413.965576171875 251.47998046875 430.8045463562012 251.47998046875 430.8045463562012 315.1770935058594 413.965576171875 315.1770935058594
414.5963439941406 251.05886840820312 431.3969326019287 251.05886840820312 431.3969326019287 316.3154602050781 414.5963439941406 316.3154602050781
415.31890869140625 251.591796875 431.9930248260498 251.591796875 431.9930248260498 317.59779357910156 415.31890869140625 317.59779357910156
416.4009704589844 252.47647094726562 432.5393314361572 252.47647094726562 432.5393314361572 316.91844177246094 416.4009704589844 316.91844177246094
417.80364990234375 250.93411254882812 434.3502082824707 250.93411254882812 434.3502082824707 315.22135162353516 417.80364990234375 315.22135162353516
418.7447204589844 251.94198608398438 435.25877952575684 251.94198608398438 435.25877952575684 317.94798278808594 418.7447204589844 317.94798278808594
419.94873046875 252.1247100830078 439.87091064453125 252.1247100830078 439.87091064453125 324.06591796875 419.94873046875 324.06591796875
418.5528259277344 248.9042205810547 438.574312210083 248.9042205810547 438.574312210083 321.2040328979492 418.5528259277344 321.2040328979492
420.2974548339844 249.416015625 440.38721084594727 249.416015625 440.38721084594727 321.96234130859375 420.2974548339844 321.96234130859375
414.31378173828125 243.34335327148438 434.3175239562988 243.34335327148438 434.3175239562988 315.5790710449219 414.31378173828125 315.5790710449219
412.3826599121094 243.69921875 432.2728576660156 243.69921875 432.2728576660156 315.52491760253906 412.3826599121094 315.52491760253906
412.5452575683594 248.3966522216797 431.04861068725586 248.3966522216797 431.04861068725586 310.95511627197266 412.5452575683594 310.95511627197266
413.87548828125 249.8118133544922 431.2583465576172 249.8118133544922 431.2583465576172 312.39806365966797 413.87548828125 312.39806365966797
413.2364196777344 249.62918090820312 431.85249519348145 249.62918090820312 431.85249519348145 312.73358154296875 413.2364196777344 312.73358154296875
412.9048767089844 250.3243865966797 431.66800117492676 250.3243865966797 431.66800117492676 311.44156646728516 412.9048767089844 311.44156646728516
413.18499755859375 251.15859985351562 431.8279094696045 251.15859985351562 431.8279094696045 315.9796829223633 413.18499755859375 315.9796829223633
413.48828125 251.0355682373047 431.589599609375 251.0355682373047 431.589599609375 316.4198684692383 413.48828125 316.4198684692383
413.15966796875 250.5315399169922 431.6809902191162 250.5315399169922 431.6809902191162 317.5811004638672 413.15966796875 317.5811004638672
413.52716064453125 252.077392578125 431.52810287475586 252.077392578125 431.52810287475586 318.2928466796875 413.52716064453125 318.2928466796875
413.1763610839844 252.27944946289062 431.9087257385254 252.27944946289062 431.9087257385254 319.24691009521484 413.1763610839844 319.24691009521484
413.47235107421875 252.08712768554688 431.54655265808105 252.08712768554688 431.54655265808105 320.30553436279297 413.47235107421875 320.30553436279297
413.0668029785156 252.44961547851562 431.7005977630615 252.44961547851562 431.7005977630615 319.1956481933594 413.0668029785156 319.1956481933594
412.8927307128906 251.68856811523438 431.385799407959 251.68856811523438 431.385799407959 317.60508728027344 412.8927307128906 317.60508728027344
412.6416015625 252.76632690429688 431.7525062561035 252.76632690429688 431.7525062561035 319.32615661621094 412.6416015625 319.32615661621094
412.93609619140625 252.01510620117188 431.6967582702637 252.01510620117188 431.6967582702637 317.0479431152344 412.93609619140625 317.0479431152344
412.8441467285156 253.2228240966797 431.93069076538086 253.2228240966797 431.93069076538086 319.3762435913086 412.8441467285156 319.3762435913086
412.77276611328125 252.1981658935547 432.3292293548584 252.1981658935547 432.3292293548584 319.06104278564453 412.77276611328125 319.06104278564453
412.88897705078125 252.48471069335938 431.8517036437988 252.48471069335938 431.8517036437988 319.7123565673828 412.88897705078125 319.7123565673828
412.72003173828125 251.8793487548828 432.3308868408203 251.8793487548828 432.3308868408203 317.4380874633789 412.72003173828125 317.4380874633789
413.04949951171875 251.57925415039062 432.3609924316406 251.57925415039062 432.3609924316406 318.37367248535156 413.04949951171875 318.37367248535156
412.8397521972656 251.23745727539062 432.2049808502197 251.23745727539062 432.2049808502197 318.4858627319336 412.8397521972656 318.4858627319336
413.0 251.1908721923828 431.83539962768555 251.1908721923828 431.83539962768555 317.9180145263672 413.0 317.9180145263672
413.0074157714844 251.6867218017578 432.3278617858887 251.6867218017578 432.3278617858887 316.96900177001953 413.0074157714844 316.96900177001953
412.740234375 252.35208129882812 432.0661315917969 252.35208129882812 432.0661315917969 318.4951629638672 412.740234375 318.4951629638672
412.638427734375 251.859130859375 431.900239944458 251.859130859375 431.900239944458 317.97486877441406 412.638427734375 317.97486877441406
412.69873046875 252.2278289794922 432.0257453918457 252.2278289794922 432.0257453918457 318.4640197753906 412.69873046875 318.4640197753906
412.4964904785156 251.62863159179688 432.0890998840332 251.62863159179688 432.0890998840332 316.91920471191406 412.4964904785156 316.91920471191406
413.1988220214844 252.14205932617188 431.7721309661865 252.14205932617188 431.7721309661865 317.5067672729492 413.1988220214844 317.5067672729492
413.19891357421875 252.7061004638672 431.7268009185791 252.7061004638672 431.7268009185791 319.7755432128906 413.19891357421875 319.7755432128906
413.3350524902344 252.3233184814453 431.7562713623047 252.3233184814453 431.7562713623047 319.27923583984375 413.3350524902344 319.27923583984375
412.75396728515625 251.8545684814453 431.77197647094727 251.8545684814453 431.77197647094727 320.1776428222656 412.75396728515625 320.1776428222656
413.24957275390625 252.8709259033203 431.60450744628906 252.8709259033203 431.60450744628906 318.1727294921875 413.24957275390625 318.1727294921875
412.892333984375 252.3145294189453 431.9133110046387 252.3145294189453 431.9133110046387 318.96485137939453 412.892333984375 318.96485137939453
412.8628845214844 252.4827423095703 431.5817279815674 252.4827423095703 431.5817279815674 319.59454345703125 412.8628845214844 319.59454345703125
413.2025451660156 252.6781463623047 431.92966079711914 252.6781463623047 431.92966079711914 319.4430618286133 413.2025451660156 319.4430618286133
412.7249450683594 252.3317413330078 431.990478515625 252.3317413330078 431.990478515625 319.8927764892578 412.7249450683594 319.8927764892578
412.8312072753906 251.7019500732422 431.63464164733887 251.7019500732422 431.63464164733887 319.1297302246094 412.8312072753906 319.1297302246094
412.6770935058594 252.75332641601562 431.49636459350586 252.75332641601562 431.49636459350586 318.2179870605469 412.6770935058594 318.2179870605469
412.9613342285156 252.11361694335938 432.07014656066895 252.11361694335938 432.07014656066895 319.67433166503906 412.9613342285156 319.67433166503906
412.46319580078125 252.8415069580078 432.12796783447266 252.8415069580078 432.12796783447266 320.1580352783203 412.46319580078125 320.1580352783203
412.67645263671875 251.4683837890625 432.0010185241699 251.4683837890625 432.0010185241699 319.2246551513672 412.67645263671875 319.2246551513672
412.77801513671875 252.20614624023438 432.1880340576172 252.20614624023438 432.1880340576172 318.24085235595703 412.77801513671875 318.24085235595703
412.7606506347656 252.50289916992188 432.230525970459 252.50289916992188 432.230525970459 319.30909729003906 412.7606506347656 319.30909729003906
412.72650146484375 251.9932403564453 432.2095603942871 251.9932403564453 432.2095603942871 319.9433135986328 412.72650146484375 319.9433135986328
412.8992614746094 251.74234008789062 432.0669593811035 251.74234008789062 432.0669593811035 319.73673248291016 412.8992614746094 319.73673248291016
412.7548828125 252.2352294921875 431.8614692687988 252.2352294921875 431.8614692687988 320.0540313720703 412.7548828125 320.0540313720703
412.5443420410156 251.3656005859375 432.1842441558838 251.3656005859375 432.1842441558838 317.95555114746094 412.5443420410156 317.95555114746094
412.77960205078125 251.57077026367188 432.6591091156006 251.57077026367188 432.6591091156006 318.9202117919922 412.77960205078125 318.9202117919922
413.12152099609375 251.41964721679688 432.2905788421631 251.41964721679688 432.2905788421631 318.8298797607422 413.12152099609375 318.8298797607422
412.86444091796875 252.6010284423828 432.043701171875 252.6010284423828 432.043701171875 319.4491882324219 412.86444091796875 319.4491882324219
412.77459716796875 252.6107940673828 431.68761444091797 252.6107940673828 431.68761444091797 319.2174072265625 412.77459716796875 319.2174072265625
412.9950256347656 250.9452362060547 432.3800983428955 250.9452362060547 432.3800983428955 318.7337112426758 412.9950256347656 318.7337112426758
412.5997619628906 250.7770233154297 432.16976165771484 250.7770233154297 432.16976165771484 317.89161682128906 412.5997619628906 317.89161682128906
412.78076171875 251.35256958007812 432.65154457092285 251.35256958007812 432.65154457092285 319.16857147216797 412.78076171875 319.16857147216797
412.6683654785156 251.18862915039062 432.3851318359375 251.18862915039062 432.3851318359375 319.6711654663086 412.6683654785156 319.6711654663086
409.3592529296875 247.9833221435547 429.3418388366699 247.9833221435547 429.3418388366699 320.142578125 409.3592529296875 320.142578125
381.4193420410156 242.0038604736328 401.4713935852051 242.0038604736328 401.4713935852051 314.4139633178711 381.4193420410156 314.4139633178711
360.84210205078125 246.2264862060547 380.90712547302246 246.2264862060547 380.90712547302246 318.68343353271484 360.84210205078125 318.68343353271484
325.56915283203125 250.63076782226562 351.4847469329834 250.63076782226562 351.4847469329834 311.6173782348633 325.56915283203125 311.6173782348633
307.84197998046875 245.3528594970703 327.65542221069336 245.3528594970703 327.65542221069336 316.9013214111328 307.84197998046875 316.9013214111328
280.6695251464844 253.74111938476562 305.4640598297119 253.74111938476562 305.4640598297119 312.88411712646484 280.6695251464844 312.88411712646484
261.5503234863281 249.61026000976562 281.3828754425049 249.61026000976562 281.3828754425049 321.2277297973633 261.5503234863281 321.2277297973633
238.6988525390625 253.9306640625 263.04916191101074 253.9306640625 263.04916191101074 315.2391242980957 238.6988525390625 315.2391242980957
213.081787109375 254.66421508789062 236.0166473388672 254.66421508789062 236.0166473388672 316.4878959655762 213.081787109375 316.4878959655762
190.34243774414062 254.1011505126953 213.55545043945312 254.1011505126953 213.55545043945312 313.62557220458984 190.34243774414062 313.62557220458984
165.28219604492188 254.7021026611328 188.45565795898438 254.7021026611328 188.45565795898438 315.69432830810547 165.28219604492188 315.69432830810547
142.46177673339844 255.03738403320312 165.8221378326416 255.03738403320312 165.8221378326416 316.3733596801758 142.46177673339844 316.3733596801758
115.96415710449219 254.6370086669922 140.09647369384766 254.6370086669922 140.09647369384766 315.28334045410156 115.96415710449219 315.28334045410156
119.8023910522461 256.14996337890625 143.62522888183594 256.14996337890625 143.62522888183594 319.14460372924805 119.8023910522461 319.14460372924805
140.55520629882812 250.74368286132812 160.58366203308105 250.74368286132812 160.58366203308105 323.06858825683594 140.55520629882812 323.06858825683594
166.20883178710938 251.5781707763672 189.7977180480957 251.5781707763672 189.7977180480957 313.6452293395996 166.20883178710938 313.6452293395996
193.61061096191406 256.4994812011719 218.19878959655762 256.4994812011719 218.19878959655762 318.31041717529297 193.61061096191406 318.31041717529297
212.94717407226562 255.91195678710938 236.9148006439209 255.91195678710938 236.9148006439209 318.82930755615234 212.94717407226562 318.82930755615234
239.8445281982422 256.55096435546875 263.8485622406006 256.55096435546875 263.8485622406006 319.2410888671875 239.8445281982422 319.2410888671875
266.20123291015625 249.3035430908203 286.41039276123047 249.3035430908203 286.41039276123047 322.28099060058594 266.20123291015625 322.28099060058594
286.0194396972656 251.41943359375 311.26555252075195 251.41943359375 311.26555252075195 313.61727142333984 286.0194396972656 313.61727142333984
311.37603759765625 250.8854217529297 336.9771919250488 250.8854217529297 336.9771919250488 314.77392196655273 311.37603759765625 314.77392196655273
336.6361083984375 251.5938262939453 362.0402126312256 251.5938262939453 362.0402126312256 315.72479248046875 336.6361083984375 315.72479248046875
364.16162109375 250.5399932861328 389.5347099304199 250.5399932861328 389.5347099304199 314.77374267578125 364.16162109375 314.77374267578125
382.1214904785156 250.9158477783203 407.3931121826172 250.9158477783203 407.3931121826172 316.7433624267578 382.1214904785156 316.7433624267578
410.5364685058594 251.50625610351562 435.1256847381592 251.50625610351562 435.1256847381592 313.2350273132324 410.5364685058594 313.2350273132324
410.5602111816406 253.73074340820312 434.44585609436035 253.73074340820312 434.44585609436035 316.24500274658203 410.5602111816406 316.24500274658203
384.13812255859375 249.81723022460938 407.8590717315674 249.81723022460938 407.8590717315674 312.5290107727051 384.13812255859375 312.5290107727051
361.3736877441406 250.6915740966797 385.85015869140625 250.6915740966797 385.85015869140625 313.7947654724121 361.3736877441406 313.7947654724121
333.31304931640625 251.6806640625 358.1493339538574 251.6806640625 358.1493339538574 312.0837173461914 333.31304931640625 312.0837173461914
314.96484375 250.76834106445312 338.9647960662842 250.76834106445312 338.9647960662842 310.54309844970703 314.96484375 310.54309844970703
288.6705322265625 250.7857666015625 312.8650932312012 250.7857666015625 312.8650932312012 309.06787109375 288.6705322265625 309.06787109375
263.5558166503906 255.51904296875 288.16769218444824 255.51904296875 288.16769218444824 316.7575492858887 263.5558166503906 316.7575492858887
243.4204864501953 254.08316040039062 267.1762580871582 254.08316040039062 267.1762580871582 316.3278388977051 243.4204864501953 316.3278388977051
216.4666748046875 255.2357940673828 240.32456588745117 255.2357940673828 240.32456588745117 317.5714874267578 216.4666748046875 317.5714874267578
195.0531005859375 256.5055847167969 219.1872215270996 256.5055847167969 219.1872215270996 318.0171089172363 195.0531005859375 318.0171089172363
169.4202880859375 254.23666381835938 193.8509922027588 254.23666381835938 193.8509922027588 317.01244354248047 169.4202880859375 317.01244354248047
148.4656982421875 253.0098114013672 172.91804885864258 253.0098114013672 172.91804885864258 315.87611389160156 148.4656982421875 315.87611389160156
123.78660583496094 253.50448608398438 148.55409812927246 253.50448608398438 148.55409812927246 314.9281692504883 123.78660583496094 314.9281692504883
116.505859375 255.12594604492188 140.9735450744629 255.12594604492188 140.9735450744629 319.72691345214844 116.505859375 319.72691345214844
145.58009338378906 250.14810180664062 166.61075973510742 250.14810180664062 166.61075973510742 326.0921325683594 145.58009338378906 326.0921325683594
160.77755737304688 252.89309692382812 185.81818771362305 252.89309692382812 185.81818771362305 320.8900375366211 160.77755737304688 320.8900375366211
190.330322265625 253.25924682617188 216.1791114807129 253.25924682617188 216.1791114807129 316.38299560546875 190.330322265625 316.38299560546875
211.8555908203125 253.4857635498047 237.32583808898926 253.4857635498047 237.32583808898926 318.3826675415039 211.8555908203125 318.3826675415039
239.12899780273438 252.34133911132812 265.3633327484131 252.34133911132812 265.3633327484131 316.6719436645508 239.12899780273438 316.6719436645508
261.9013671875 252.75723266601562 287.61176681518555 252.75723266601562 287.61176681518555 316.37491607666016 261.9013671875 316.37491607666016
284.6938781738281 250.53176879882812 310.03421211242676 250.53176879882812 310.03421211242676 314.8676986694336 284.6938781738281 314.8676986694336
309.1810607910156 249.362548828125 335.55053329467773 249.362548828125 335.55053329467773 315.3570098876953 309.1810607910156 315.3570098876953
325.17120361328125 251.30795288085938 350.7370910644531 251.30795288085938 350.7370910644531 316.32189178466797 325.17120361328125 316.32189178466797
354.9179992675781 250.18344116210938 380.47437286376953 250.18344116210938 380.47437286376953 314.3771514892578 354.9179992675781 314.3771514892578
375.6977233886719 250.2925567626953 401.1333885192871 250.2925567626953 401.1333885192871 314.46678924560547 375.6977233886719 314.46678924560547
400.9532775878906 248.90237426757812 427.3536128997803 248.90237426757812 427.3536128997803 313.03992462158203 400.9532775878906 313.03992462158203
411.90087890625 252.62942504882812 436.2211380004883 252.62942504882812 436.2211380004883 317.80411529541016 411.90087890625 317.80411529541016
383.1534423828125 250.6517333984375 409.3905601501465 250.6517333984375 409.3905601501465 312.9178352355957 383.1534423828125 312.9178352355957
368.4061584472656 249.3242950439453 393.9807586669922 249.3242950439453 393.9807586669922 313.5931091308594 368.4061584472656 313.5931091308594
339.22314453125 250.95138549804688 364.6044216156006 250.95138549804688 364.6044216156006 316.33184814453125 339.22314453125 316.33184814453125
321.14788818359375 250.6304168701172 346.541690826416 250.6304168701172 346.541690826416 315.24143981933594 321.14788818359375 315.24143981933594
291.76312255859375 251.67953491210938 317.798583984375 251.67953491210938 317.798583984375 314.9135627746582 291.76312255859375 314.9135627746582
270.61907958984375 253.6961669921875 295.88291931152344 253.6961669921875 295.88291931152344 317.4301986694336 270.61907958984375 317.4301986694336
245.2332763671875 253.99594116210938 270.73669815063477 253.99594116210938 270.73669815063477 315.81922149658203 245.2332763671875 315.81922149658203
219.8857421875 254.2918701171875 245.3342685699463 254.2918701171875 245.3342685699463 318.3220748901367 219.8857421875 318.3220748901367
201.28428649902344 252.86279296875 225.7970371246338 252.86279296875 225.7970371246338 316.0280990600586 201.28428649902344 316.0280990600586
175.89089965820312 254.97470092773438 201.17401123046875 254.97470092773438 201.17401123046875 317.9839897155762 175.89089965820312 317.9839897155762
155.39785766601562 256.49005126953125 180.22524452209473 256.49005126953125 180.22524452209473 321.3455810546875 155.39785766601562 321.3455810546875
130.7882537841797 255.734130859375 155.2593231201172 255.734130859375 155.2593231201172 317.80805587768555 130.7882537841797 317.80805587768555
115.28826904296875 256.70867919921875 139.6165943145752 256.70867919921875 139.6165943145752 320.73384857177734 115.28826904296875 320.73384857177734
140.31301879882812 252.80859375 165.24501419067383 252.80859375 165.24501419067383 317.3070373535156 140.31301879882812 317.3070373535156
155.11965942382812 255.54733276367188 180.49232864379883 255.54733276367188 180.49232864379883 321.55067443847656 155.11965942382812 321.55067443847656
184.13162231445312 251.42294311523438 209.6759376525879 251.42294311523438 209.6759376525879 317.4874954223633 184.13162231445312 317.4874954223633
202.88119506835938 253.58383178710938 226.15539932250977 253.58383178710938 226.15539932250977 319.6272430419922 202.88119506835938 319.6272430419922
231.18649291992188 254.3957061767578 256.04417419433594 254.3957061767578 256.04417419433594 319.5999069213867 231.18649291992188 319.5999069213867
253.91909790039062 253.6902313232422 278.744571685791 253.6902313232422 278.744571685791 317.5159034729004 253.91909790039062 317.5159034729004
281.1388244628906 255.2681884765625 307.0356254577637 255.2681884765625 307.0356254577637 319.8602828979492 281.1388244628906 319.8602828979492
308.9889831542969 250.48678588867188 334.6865692138672 250.48678588867188 334.6865692138672 316.29769134521484 308.9889831542969 316.29769134521484
323.29718017578125 250.7948760986328 348.6118984222412 250.7948760986328 348.6118984222412 314.15099716186523 323.29718017578125 314.15099716186523
350.53680419921875 248.6865997314453 376.94469833374023 248.6865997314453 376.94469833374023 313.7089309692383 350.53680419921875 313.7089309692383
367.91278076171875 249.39096069335938 394.678430557251 249.39096069335938 394.678430557251 317.91065979003906 367.91278076171875 317.91065979003906
397.8050842285156 248.291748046875 425.63686180114746 248.291748046875 425.63686180114746 313.00977325439453 397.8050842285156 313.00977325439453
411.185791015625 250.69894409179688 435.7701225280762 250.69894409179688 435.7701225280762 319.6136932373047 411.185791015625 319.6136932373047
398.69219970703125 249.845458984375 423.89716720581055 249.845458984375 423.89716720581055 317.0255584716797 398.69219970703125 317.0255584716797
370.6528625488281 252.124267578125 395.9618110656738 252.124267578125 395.9618110656738 316.85182189941406 370.6528625488281 316.85182189941406
341.65045166015625 252.70803833007812 368.0094184875488 252.70803833007812 368.0094184875488 318.3139953613281 341.65045166015625 318.3139953613281
325.1426696777344 252.799072265625 351.663143157959 252.799072265625 351.663143157959 316.81629180908203 325.1426696777344 316.81629180908203
300.11834716796875 250.8122100830078 325.7538356781006 250.8122100830078 325.7538356781006 316.70623779296875 300.11834716796875 316.70623779296875
280.289306640625 250.71701049804688 307.07581520080566 250.71701049804688 307.07581520080566 316.3523712158203 280.289306640625 316.3523712158203
250.25961303710938 253.24191284179688 277.60944175720215 253.24191284179688 277.60944175720215 317.4534378051758 250.25961303710938 317.4534378051758
229.1268310546875 251.9195098876953 255.79568481445312 251.9195098876953 255.79568481445312 319.21263885498047 229.1268310546875 319.21263885498047
206.00796508789062 253.62435913085938 232.3939609527588 253.62435913085938 232.3939609527588 319.0589141845703 206.00796508789062 319.0589141845703
180.5366668701172 253.44235229492188 206.97768211364746 253.44235229492188 206.97768211364746 317.92662048339844 180.5366668701172 317.92662048339844
160.075927734375 254.60140991210938 186.80979919433594 254.60140991210938 186.80979919433594 322.80689239501953 160.075927734375 322.80689239501953
131.63510131835938 255.2344207763672 158.37118911743164 255.2344207763672 158.37118911743164 319.8313217163086 131.63510131835938 319.8313217163086
114.90193176269531 256.8636474609375 140.65787887573242 256.8636474609375 140.65787887573242 324.2747573852539 114.90193176269531 324.2747573852539
131.17286682128906 252.3579864501953 155.74863052368164 252.3579864501953 155.74863052368164 319.2373352050781 131.17286682128906 319.2373352050781
154.67543029785156 253.9585723876953 180.92376327514648 253.9585723876953 180.92376327514648 319.0623550415039 154.67543029785156 319.0623550415039
183.25828552246094 251.2841339111328 209.17921447753906 251.2841339111328 209.17921447753906 316.84732818603516 183.25828552246094 316.84732818603516
197.06430053710938 253.8502197265625 222.33598518371582 253.8502197265625 222.33598518371582 319.0172576904297 197.06430053710938 319.0172576904297
227.3530731201172 246.6140899658203 248.54103088378906 246.6140899658203 248.54103088378906 323.1261901855469 227.3530731201172 323.1261901855469
244.29190063476562 252.53286743164062 268.7759895324707 252.53286743164062 268.7759895324707 318.1867218017578 244.29190063476562 318.1867218017578
272.42877197265625 249.2739715576172 298.20018577575684 249.2739715576172 298.20018577575684 313.1059112548828 272.42877197265625 313.1059112548828
291.3131408691406 250.72103881835938 316.5629024505615 250.72103881835938 316.5629024505615 313.3934020996094 291.3131408691406 313.3934020996094
320.43792724609375 249.4050750732422 345.38919258117676 249.4050750732422 345.38919258117676 313.17911529541016 320.43792724609375 313.17911529541016
347.8299255371094 247.3761444091797 373.5630302429199 247.3761444091797 373.5630302429199 311.8125915527344 347.8299255371094 311.8125915527344
364.2890930175781 249.83621215820312 390.21485900878906 249.83621215820312 390.21485900878906 313.0194396972656 364.2890930175781 313.0194396972656
392.7422180175781 246.9780731201172 420.36737632751465 246.9780731201172 420.36737632751465 312.8755187988281 392.7422180175781 312.8755187988281
410.92333984375 250.4910125732422 436.00914001464844 250.4910125732422 436.00914001464844 317.4835510253906 410.92333984375 317.4835510253906
405.04095458984375 247.86868286132812 430.2784061431885 247.86868286132812 430.2784061431885 311.49385833740234 405.04095458984375 311.49385833740234
380.25445556640625 241.28713989257812 402.49557876586914 241.28713989257812 402.49557876586914 321.6023635864258 380.25445556640625 321.6023635864258
353.0921936035156 248.2798309326172 378.9690647125244 248.2798309326172 378.9690647125244 312.224910736084 353.0921936035156 312.224910736084
324.44171142578125 250.48617553710938 351.00367164611816 250.48617553710938 351.00367164611816 315.23500061035156 324.44171142578125 315.23500061035156
296.4643859863281 251.86410522460938 322.9875240325928 251.86410522460938 322.9875240325928 315.78253173828125 296.4643859863281 315.78253173828125
282.91943359375 251.56375122070312 308.834264755249 251.56375122070312 308.834264755249 315.6326446533203 282.91943359375 315.6326446533203
254.21151733398438 249.8171844482422 281.22565269470215 249.8171844482422 281.22565269470215 312.99936294555664 254.21151733398438 312.99936294555664
236.009521484375 250.29653930664062 262.3985233306885 250.29653930664062 262.3985233306885 312.2530937194824 236.009521484375 312.2530937194824
210.87039184570312 252.6321563720703 235.99612998962402 252.6321563720703 235.99612998962402 317.4019012451172 210.87039184570312 317.4019012451172
186.9390106201172 252.6238555908203 212.107421875 252.6238555908203 212.107421875 315.6262741088867 186.9390106201172 315.6262741088867
163.12637329101562 254.41030883789062 188.79701232910156 254.41030883789062 188.79701232910156 319.47142028808594 163.12637329101562 319.47142028808594
140.5405731201172 252.76565551757812 166.21052169799805 252.76565551757812 166.21052169799805 317.52831268310547 140.5405731201172 317.52831268310547
119.634033203125 255.14224243164062 143.85061836242676 255.14224243164062 143.85061836242676 318.7892761230469 119.634033203125 318.7892761230469
121.09782409667969 253.9593048095703 146.27748107910156 253.9593048095703 146.27748107910156 317.52388763427734 121.09782409667969 317.52388763427734
152.3096160888672 253.02713012695312 178.11318588256836 253.02713012695312 178.11318588256836 318.4213180541992 152.3096160888672 318.4213180541992
180.1730194091797 252.37435913085938 205.33033752441406 252.37435913085938 205.33033752441406 320.07179260253906 180.1730194091797 320.07179260253906
195.85269165039062 251.7758331298828 222.4740104675293 251.7758331298828 222.4740104675293 314.8213424682617 195.85269165039062 314.8213424682617
226.0941162109375 253.9241485595703 250.87568855285645 253.9241485595703 250.87568855285645 318.4801483154297 226.0941162109375 318.4801483154297
240.5848388671875 251.83859252929688 266.21852684020996 251.83859252929688 266.21852684020996 315.1003112792969 240.5848388671875 315.1003112792969
267.98175048828125 251.91067504882812 292.94597244262695 251.91067504882812 292.94597244262695 316.0583190917969 267.98175048828125 316.0583190917969
286.4941101074219 252.4485626220703 311.3842582702637 252.4485626220703 311.3842582702637 314.6323776245117 286.4941101074219 314.6323776245117
315.5008239746094 249.7865753173828 340.37512016296387 249.7865753173828 340.37512016296387 312.34399032592773 315.5008239746094 312.34399032592773
342.0462646484375 249.75155639648438 366.85434341430664 249.75155639648438 366.85434341430664 312.4652214050293 342.0462646484375 312.4652214050293
363.3111267089844 250.948486328125 388.5832633972168 250.948486328125 388.5832633972168 313.91621017456055 363.3111267089844 313.91621017456055
385.01324462890625 248.5785675048828 410.0626621246338 248.5785675048828 410.0626621246338 309.5034523010254 385.01324462890625 309.5034523010254
406.854736328125 250.70901489257812 432.0599956512451 250.70901489257812 432.0599956512451 311.9892044067383 406.854736328125 311.9892044067383
408.95703125 251.23843383789062 433.7248287200928 251.23843383789062 433.7248287200928 313.5150833129883 408.95703125 313.5150833129883
383.5126037597656 250.7330780029297 408.2477207183838 250.7330780029297 408.2477207183838 313.6800003051758 383.5126037597656 313.6800003051758
366.641357421875 242.463134765625 387.30048179626465 242.463134765625 387.30048179626465 317.0655975341797 366.641357421875 317.0655975341797
332.52166748046875 251.6105499267578 357.9403896331787 251.6105499267578 357.9403896331787 312.5568199157715 332.52166748046875 312.5568199157715
313.2346496582031 248.40267944335938 338.1809253692627 248.40267944335938 338.1809253692627 312.1191101074219 313.2346496582031 312.1191101074219
285.2093811035156 251.0743865966797 311.16342544555664 251.0743865966797 311.16342544555664 310.75866317749023 285.2093811035156 310.75866317749023
264.6222229003906 252.39614868164062 289.50066566467285 252.39614868164062 289.50066566467285 314.0123596191406 264.6222229003906 314.0123596191406
243.42135620117188 251.7424774169922 267.7428493499756 251.7424774169922 267.7428493499756 312.45484161376953 243.42135620117188 312.45484161376953
219.15185546875 252.8549346923828 244.51527404785156 252.8549346923828 244.51527404785156 315.4658432006836 219.15185546875 315.4658432006836
194.11679077148438 254.06625366210938 218.43846130371094 254.06625366210938 218.43846130371094 316.93668365478516 194.11679077148438 316.93668365478516
167.19528198242188 253.5081787109375 192.2696590423584 253.5081787109375 192.2696590423584 313.6794853210449 167.19528198242188 313.6794853210449
148.63534545898438 255.60043334960938 173.49899673461914 255.60043334960938 173.49899673461914 320.46036529541016 148.63534545898438 320.46036529541016
124.63407135009766 255.73434448242188 149.06294059753418 255.73434448242188 149.06294059753418 319.0116271972656 124.63407135009766 319.0116271972656
115.80692291259766 255.65380859375 139.7766990661621 255.65380859375 139.7766990661621 320.99600982666016 115.80692291259766 320.99600982666016
146.2598114013672 244.9261932373047 167.14989280700684 244.9261932373047 167.14989280700684 320.3626708984375 146.2598114013672 320.3626708984375
172.11325073242188 252.78408813476562 196.77982711791992 252.78408813476562 196.77982711791992 318.24010467529297 172.11325073242188 318.24010467529297
195.55543518066406 249.46524047851562 221.05999755859375 249.46524047851562 221.05999755859375 313.1028137207031 195.55543518066406 313.1028137207031
214.5138702392578 254.64639282226562 239.46149253845215 254.64639282226562 239.46149253845215 320.3465118408203 214.5138702392578 320.3465118408203
240.5731201171875 253.2222442626953 265.97667694091797 253.2222442626953 265.97667694091797 319.1247253417969 240.5731201171875 319.1247253417969
266.05694580078125 250.37454223632812 291.33201026916504 250.37454223632812 291.33201026916504 313.5893745422363 266.05694580078125 313.5893745422363
282.7181396484375 252.9381103515625 308.3227958679199 252.9381103515625 308.3227958679199 317.01905822753906 282.7181396484375 317.01905822753906
312.1689453125 248.465087890625 338.73131942749023 248.465087890625 338.73131942749023 312.7574157714844 312.1689453125 312.7574157714844
329.78021240234375 251.33303833007812 355.17772483825684 251.33303833007812 355.17772483825684 316.9785919189453 329.78021240234375 316.9785919189453
358.9012145996094 247.9800262451172 385.0973815917969 247.9800262451172 385.0973815917969 311.2285919189453 358.9012145996094 311.2285919189453
381.73016357421875 250.5507354736328 407.18871688842773 250.5507354736328 407.18871688842773 316.2376251220703 381.73016357421875 316.2376251220703
402.6604309082031 249.1211700439453 428.75209045410156 249.1211700439453 428.75209045410156 314.0552978515625 402.6604309082031 314.0552978515625
410.2718200683594 251.2340087890625 433.9153938293457 251.2340087890625 433.9153938293457 313.5953254699707 410.2718200683594 313.5953254699707
380.51483154296875 253.1154022216797 406.1546058654785 253.1154022216797 406.1546058654785 315.6636085510254 380.51483154296875 315.6636085510254
367.8890686035156 250.0950164794922 393.3311309814453 250.0950164794922 393.3311309814453 313.6167221069336 367.8890686035156 313.6167221069336
341.31781005859375 252.56100463867188 366.44929122924805 252.56100463867188 366.44929122924805 314.4933776855469 341.31781005859375 314.4933776855469
320.64117431640625 250.2106170654297 345.8030319213867 250.2106170654297 345.8030319213867 312.43160247802734 320.64117431640625 312.43160247802734
292.76409912109375 253.7665557861328 318.26032638549805 253.7665557861328 318.26032638549805 316.535343170166 292.76409912109375 316.535343170166
273.14019775390625 252.12728881835938 298.7991580963135 252.12728881835938 298.7991580963135 316.1176567077637 273.14019775390625 316.1176567077637
246.6291961669922 249.5878143310547 272.9116973876953 249.5878143310547 272.9116973876953 311.78747940063477 246.6291961669922 311.78747940063477
223.43453979492188 252.3238525390625 249.5570011138916 252.3238525390625 249.5570011138916 317.7239456176758 223.43453979492188 317.7239456176758
202.28646850585938 252.6224822998047 227.10152435302734 252.6224822998047 227.10152435302734 315.0411033630371 202.28646850585938 315.0411033630371
174.14547729492188 254.3567352294922 200.70830154418945 254.3567352294922 200.70830154418945 319.1446533203125 174.14547729492188 319.1446533203125
155.8377685546875 253.89187622070312 181.9788761138916 253.89187622070312 181.9788761138916 317.5472946166992 155.8377685546875 317.5472946166992
129.07952880859375 254.87094116210938 154.46033668518066 254.87094116210938 154.46033668518066 319.19432067871094 129.07952880859375 319.19432067871094
114.09920501708984 254.31924438476562 139.13299179077148 254.31924438476562 139.13299179077148 317.6217269897461 114.09920501708984 317.6217269897461
140.45950317382812 252.4905548095703 166.1903781890869 252.4905548095703 166.1903781890869 318.7168655395508 140.45950317382812 318.7168655395508
155.3682861328125 253.8621368408203 180.83482933044434 253.8621368408203 180.83482933044434 319.5384063720703 155.3682861328125 319.5384063720703
184.8308563232422 250.9245147705078 209.86652374267578 250.9245147705078 209.86652374267578 314.3527603149414 184.8308563232422 314.3527603149414
208.36203002929688 252.33523559570312 232.8059139251709 252.33523559570312 232.8059139251709 315.4392890930176 208.36203002929688 315.4392890930176
233.93515014648438 251.031005859375 260.59785079956055 251.031005859375 260.59785079956055 314.7794189453125 233.93515014648438 314.7794189453125
261.7138977050781 250.46395874023438 286.6875 250.46395874023438 286.6875 314.2226448059082 261.7138977050781 314.2226448059082
281.16326904296875 250.42758178710938 308.2782325744629 250.42758178710938 308.2782325744629 315.76710510253906 281.16326904296875 315.76710510253906
309.8994445800781 249.3545379638672 335.21026611328125 249.3545379638672 335.21026611328125 311.5699806213379 309.8994445800781 311.5699806213379
326.64068603515625 251.5380859375 351.8524761199951 251.5380859375 351.8524761199951 316.37393951416016 326.64068603515625 316.37393951416016
354.05474853515625 249.634765625 378.4549732208252 249.634765625 378.4549732208252 312.0787239074707 354.05474853515625 312.0787239074707
373.97259521484375 249.10690307617188 399.41554260253906 249.10690307617188 399.41554260253906 309.9209785461426 373.97259521484375 309.9209785461426
399.39324951171875 250.15359497070312 425.7378959655762 250.15359497070312 425.7378959655762 314.2652893066406 399.39324951171875 314.2652893066406
411.96600341796875 251.8953094482422 436.85361671447754 251.8953094482422 436.85361671447754 317.8161163330078 411.96600341796875 317.8161163330078
406.78228759765625 252.8238983154297 431.1584587097168 252.8238983154297 431.1584587097168 317.851318359375 406.78228759765625 317.851318359375
411.2156677246094 251.7089080810547 434.66115379333496 251.7089080810547 434.66115379333496 315.3577117919922 411.2156677246094 315.3577117919922
408.98651123046875 251.5308074951172 432.93272399902344 251.5308074951172 432.93272399902344 316.7916946411133 408.98651123046875 316.7916946411133
409.10906982421875 250.66458129882812 431.7412757873535 250.66458129882812 431.7412757873535 314.6941223144531 409.10906982421875 314.6941223144531
410.63385009765625 252.5406951904297 433.3745632171631 252.5406951904297 433.3745632171631 318.71253204345703 410.63385009765625 318.71253204345703
409.39495849609375 250.91366577148438 431.18597984313965 250.91366577148438 431.18597984313965 319.0334243774414 409.39495849609375 319.0334243774414
410.5204162597656 251.3816680908203 431.6162624359131 251.3816680908203 431.6162624359131 319.1877136230469 410.5204162597656 319.1877136230469
410.451171875 251.8821258544922 430.9775505065918 251.8821258544922 430.9775505065918 318.5419235229492 410.451171875 318.5419235229492
410.1776428222656 251.92041015625 431.23044776916504 251.92041015625 431.23044776916504 320.04779052734375 410.1776428222656 320.04779052734375
411.201171875 252.18612670898438 431.55295753479004 252.18612670898438 431.55295753479004 319.19874572753906 411.201171875 319.19874572753906
410.0736389160156 251.686279296875 430.6363716125488 251.686279296875 430.6363716125488 319.48146057128906 410.0736389160156 319.48146057128906
410.618896484375 251.9423828125 431.4543647766113 251.9423828125 431.4543647766113 317.36888122558594 410.618896484375 317.36888122558594
410.45062255859375 251.52847290039062 431.72548484802246 251.52847290039062 431.72548484802246 317.67052459716797 410.45062255859375 317.67052459716797
410.25634765625 251.17422485351562 431.15943908691406 251.17422485351562 431.15943908691406 316.2646179199219 410.25634765625 316.2646179199219
