373.0 170.0 383.0 170.0 383.0 179.0 373.0 179.0
372.3818359375 170.55978393554688 382.79031562805176 170.55978393554688 382.79031562805176 178.88668632507324 372.3818359375 178.88668632507324
372.07342529296875 171.3489990234375 382.0868625640869 171.3489990234375 382.0868625640869 180.14925003051758 372.07342529296875 180.14925003051758
371.92803955078125 171.94882202148438 381.7665538787842 171.94882202148438 381.7665538787842 180.62074851989746 371.92803955078125 180.62074851989746
371.8468322753906 172.36288452148438 381.83488941192627 172.36288452148438 381.83488941192627 180.9395351409912 371.8468322753906 180.9395351409912
371.9761962890625 172.35040283203125 381.8721103668213 172.35040283203125 381.8721103668213 180.84284496307373 371.9761962890625 180.84284496307373
371.8660888671875 171.31509399414062 382.5798797607422 171.31509399414062 382.5798797607422 180.785005569458 371.8660888671875 180.785005569458
372.31817626953125 171.22817993164062 382.45248889923096 171.22817993164062 382.45248889923096 179.96770191192627 372.31817626953125 179.96770191192627
372.1169738769531 171.34458923339844 383.3535747528076 171.34458923339844 383.3535747528076 180.16297054290771 372.1169738769531 180.16297054290771
372.0891418457031 171.76646423339844 384.02441024780273 171.76646423339844 384.02441024780273 180.51128482818604 372.0891418457031 180.51128482818604
372.7214050292969 172.42286682128906 383.8688049316406 172.42286682128906 383.8688049316406 180.7848720550537 372.7214050292969 180.7848720550537
372.34002685546875 172.1642303466797 384.03861713409424 172.1642303466797 384.03861713409424 180.9863567352295 372.34002685546875 180.9863567352295
372.09674072265625 172.09799194335938 383.6936779022217 172.09799194335938 383.6936779022217 180.69083976745605 372.09674072265625 180.69083976745605
371.8956604003906 171.93328857421875 383.17310333251953 171.93328857421875 383.17310333251953 180.54877948760986 371.8956604003906 180.54877948760986
371.2804870605469 171.88983154296875 382.5414810180664 171.88983154296875 382.5414810180664 180.7012996673584 371.2804870605469 180.7012996673584
371.29547119140625 172.75253295898438 381.113694190979 172.75253295898438 381.113694190979 181.6285696029663 371.29547119140625 181.6285696029663
371.0036315917969 173.4060516357422 380.98222732543945 173.4060516357422 380.98222732543945 182.20845222473145 371.0036315917969 182.20845222473145
370.90911865234375 174.69651794433594 380.8344478607178 174.69651794433594 380.8344478607178 182.71853733062744 370.90911865234375 182.71853733062744
370.9366149902344 174.49497985839844 380.7300729751587 174.49497985839844 380.7300729751587 182.51419067382812 370.9366149902344 182.51419067382812
371.31427001953125 173.78009033203125 381.4753313064575 173.78009033203125 381.4753313064575 182.17981243133545 371.31427001953125 182.17981243133545
371.3152770996094 174.13143920898438 382.2388496398926 174.13143920898438 382.2388496398926 182.29817008972168 371.3152770996094 182.29817008972168
371.39337158203125 174.5353546142578 382.54667949676514 174.5353546142578 382.54667949676514 182.77431774139404 371.39337158203125 182.77431774139404
371.34429931640625 174.38003540039062 383.3406925201416 174.38003540039062 383.3406925201416 183.6495122909546 371.34429931640625 183.6495122909546
371.4521179199219 174.27345275878906 383.03940773010254 174.27345275878906 383.03940773010254 183.30464553833008 371.4521179199219 183.30464553833008
371.18927001953125 174.06106567382812 382.0562744140625 174.06106567382812 382.0562744140625 182.54480266571045 371.18927001953125 182.54480266571045
370.85272216796875 175.04458618164062 381.4343795776367 175.04458618164062 381.4343795776367 184.0545778274536 370.85272216796875 184.0545778274536
370.11578369140625 176.37063598632812 380.39374351501465 176.37063598632812 380.39374351501465 185.59911251068115 370.11578369140625 185.59911251068115
370.4308776855469 176.277587890625 380.32190990448 176.277587890625 380.32190990448 185.43655395507812 370.4308776855469 185.43655395507812
370.6800537109375 175.80007934570312 381.14814281463623 175.80007934570312 381.14814281463623 185.2688341140747 370.6800537109375 185.2688341140747
370.894287109375 175.75730895996094 381.6044464111328 175.75730895996094 381.6044464111328 184.93723392486572 370.894287109375 184.93723392486572
370.7226257324219 176.23684692382812 382.2190170288086 176.23684692382812 382.2190170288086 184.30223655700684 370.7226257324219 184.30223655700684
370.88189697265625 176.4044647216797 382.7229309082031 176.4044647216797 382.7229309082031 185.37252235412598 370.88189697265625 185.37252235412598
371.14544677734375 176.60464477539062 382.8903045654297 176.60464477539062 382.8903045654297 185.59884452819824 371.14544677734375 185.59884452819824
371.069580078125 175.9818878173828 382.53180027008057 175.9818878173828 382.53180027008057 185.08034801483154 371.069580078125 185.08034801483154
370.9216613769531 176.9755859375 380.8786849975586 176.9755859375 380.8786849975586 186.44563484191895 370.9216613769531 186.44563484191895
370.89251708984375 178.22500610351562 380.64934825897217 178.22500610351562 380.64934825897217 186.62876987457275 370.89251708984375 186.62876987457275
371.0277404785156 177.98739624023438 381.9061212539673 177.98739624023438 381.9061212539673 187.0289649963379 371.0277404785156 187.0289649963379
371.58123779296875 177.42044067382812 382.2966032028198 177.42044067382812 382.2966032028198 186.6410779953003 371.58123779296875 186.6410779953003
371.6410827636719 177.53028869628906 383.78569889068604 177.53028869628906 383.78569889068604 186.49334239959717 371.6410827636719 186.49334239959717
372.52001953125 178.4846649169922 384.23037910461426 178.4846649169922 384.23037910461426 187.53311443328857 372.52001953125 187.53311443328857
372.75262451171875 178.674560546875 384.8890743255615 178.674560546875 384.8890743255615 187.68285179138184 372.75262451171875 187.68285179138184
372.5606994628906 178.551025390625 384.40621757507324 178.551025390625 384.40621757507324 187.04596614837646 372.5606994628906 187.04596614837646
372.9931335449219 178.03785705566406 383.57827377319336 178.03785705566406 383.57827377319336 187.2782907485962 372.9931335449219 187.2782907485962
372.6064758300781 179.1005859375 382.6305637359619 179.1005859375 382.6305637359619 188.0643367767334 372.6064758300781 188.0643367767334
372.47235107421875 180.33511352539062 381.931001663208 180.33511352539062 381.931001663208 189.0680923461914 372.47235107421875 189.0680923461914
372.57611083984375 180.89028930664062 382.11853408813477 180.89028930664062 382.11853408813477 189.7909107208252 372.57611083984375 189.7909107208252
372.91632080078125 180.15573120117188 383.05630016326904 180.15573120117188 383.05630016326904 188.6346206665039 372.91632080078125 188.6346206665039
373.3053283691406 179.33071899414062 383.8067846298218 179.33071899414062 383.8067846298218 188.87879276275635 373.3053283691406 188.87879276275635
373.46575927734375 180.18348693847656 385.51962089538574 180.18348693847656 385.51962089538574 189.87087059020996 373.46575927734375 189.87087059020996
374.05096435546875 180.77972412109375 385.5079116821289 180.77972412109375 385.5079116821289 189.80326175689697 374.05096435546875 189.80326175689697
372.2808837890625 181.08511352539062 383.09821796417236 181.08511352539062 383.09821796417236 190.09051036834717 372.2808837890625 190.09051036834717
371.553955078125 183.20791625976562 381.9153108596802 183.20791625976562 381.9153108596802 191.97521877288818 371.553955078125 191.97521877288818
371.73675537109375 183.1185302734375 382.6991901397705 183.1185302734375 382.6991901397705 192.06468772888184 371.73675537109375 192.06468772888184
372.35577392578125 182.23800659179688 383.78249645233154 182.23800659179688 383.78249645233154 190.8996295928955 372.35577392578125 190.8996295928955
372.63458251953125 182.27334594726562 385.19497203826904 182.27334594726562 385.19497203826904 191.4551067352295 372.63458251953125 191.4551067352295
373.28753662109375 183.19332885742188 386.08678817749023 183.19332885742188 386.08678817749023 191.9922389984131 373.28753662109375 191.9922389984131
373.7184143066406 183.0677032470703 386.8717393875122 183.0677032470703 386.8717393875122 192.76842880249023 373.7184143066406 192.76842880249023
373.7716064453125 183.01205444335938 386.7313919067383 183.01205444335938 386.7313919067383 191.6481590270996 373.7716064453125 191.6481590270996
373.89892578125 182.5106201171875 385.999436378479 182.5106201171875 385.999436378479 191.74015998840332 373.89892578125 191.74015998840332
373.96295166015625 182.5186309814453 385.0193691253662 182.5186309814453 385.0193691253662 191.8728847503662 373.96295166015625 191.8728847503662
374.59368896484375 183.8971405029297 385.3482332229614 183.8971405029297 385.3482332229614 193.30583381652832 374.59368896484375 193.30583381652832
374.5139465332031 185.95645141601562 385.52006244659424 185.95645141601562 385.52006244659424 194.51175498962402 374.5139465332031 194.51175498962402
375.61053466796875 185.60403442382812 387.4992198944092 185.60403442382812 387.4992198944092 195.1806583404541 375.61053466796875 195.1806583404541
376.52777099609375 186.5070343017578 387.96813583374023 186.5070343017578 387.96813583374023 195.89348602294922 376.52777099609375 195.89348602294922
376.2509765625 186.7608184814453 388.91047191619873 186.7608184814453 388.91047191619873 196.35114860534668 376.2509765625 196.35114860534668
376.2069091796875 186.1871337890625 388.3006763458252 186.1871337890625 388.3006763458252 195.875 376.2069091796875 195.875
376.6085510253906 186.55270385742188 387.41959285736084 186.55270385742188 387.41959285736084 195.7842140197754 376.6085510253906 195.7842140197754
377.0116271972656 187.4070587158203 386.4541931152344 187.4070587158203 386.4541931152344 197.40199375152588 377.0116271972656 197.40199375152588
377.1545715332031 189.02346801757812 387.2040376663208 189.02346801757812 387.2040376663208 198.5186643600464 377.1545715332031 198.5186643600464
378.44793701171875 189.4925537109375 390.21109771728516 189.4925537109375 390.21109771728516 198.3093385696411 378.44793701171875 198.3093385696411
379.7598571777344 190.1807861328125 392.1659526824951 190.1807861328125 392.1659526824951 199.60594749450684 379.7598571777344 199.60594749450684
380.8518371582031 191.25839233398438 392.7809143066406 191.25839233398438 392.7809143066406 200.97476768493652 380.8518371582031 200.97476768493652
381.30694580078125 191.08847045898438 393.15982246398926 191.08847045898438 393.15982246398926 200.1576690673828 381.30694580078125 200.1576690673828
381.5104675292969 190.53488159179688 392.8452558517456 190.53488159179688 392.8452558517456 199.51276397705078 381.5104675292969 199.51276397705078
382.00701904296875 190.895263671875 392.3967809677124 190.895263671875 392.3967809677124 200.11164093017578 382.00701904296875 200.11164093017578
381.85235595703125 192.470703125 392.3361072540283 192.470703125 392.3361072540283 201.7846097946167 381.85235595703125 201.7846097946167
382.52789306640625 193.16549682617188 392.6734428405762 193.16549682617188 392.6734428405762 202.82696723937988 382.52789306640625 202.82696723937988
383.09844970703125 193.2987823486328 393.72542572021484 193.2987823486328 393.72542572021484 202.41179275512695 383.09844970703125 202.41179275512695
383.6394958496094 192.5950927734375 395.3075485229492 192.5950927734375 395.3075485229492 201.86914348602295 383.6394958496094 201.86914348602295
385.01947021484375 192.44039916992188 396.98597145080566 192.44039916992188 396.98597145080566 202.0507755279541 385.01947021484375 202.0507755279541
386.08221435546875 193.0701141357422 398.29003524780273 193.0701141357422 398.29003524780273 202.87271118164062 386.08221435546875 202.87271118164062
386.7684020996094 193.37393188476562 399.2737293243408 193.37393188476562 399.2737293243408 203.59393882751465 386.7684020996094 203.59393882751465
387.5273742675781 193.51095581054688 400.06664848327637 193.51095581054688 400.06664848327637 203.17015647888184 387.5273742675781 203.17015647888184
388.24188232421875 192.8411407470703 400.37606620788574 192.8411407470703 400.37606620788574 202.84916400909424 388.24188232421875 202.84916400909424
388.82464599609375 192.53060913085938 400.3517265319824 192.53060913085938 400.3517265319824 202.4339780807495 388.82464599609375 202.4339780807495
389.01617431640625 193.2777862548828 400.25758266448975 193.2777862548828 400.25758266448975 202.4673366546631 389.01617431640625 202.4673366546631
389.69586181640625 193.6759796142578 400.17510890960693 193.6759796142578 400.17510890960693 203.45962810516357 389.69586181640625 203.45962810516357
390.0989990234375 194.64840698242188 400.0889368057251 194.64840698242188 400.0889368057251 204.199857711792 390.0989990234375 204.199857711792
390.48126220703125 195.38075256347656 400.5412931442261 195.38075256347656 400.5412931442261 204.79773139953613 390.48126220703125 204.79773139953613
391.1046447753906 195.56362915039062 401.3725337982178 195.56362915039062 401.3725337982178 205.0736207962036 391.1046447753906 205.0736207962036
391.70831298828125 195.28347778320312 402.3601961135864 195.28347778320312 402.3601961135864 204.76840591430664 391.70831298828125 204.76840591430664
392.6840515136719 194.87265014648438 403.7311363220215 194.87265014648438 403.7311363220215 203.83489799499512 392.6840515136719 203.83489799499512
393.4934997558594 194.7430877685547 405.93577098846436 194.7430877685547 405.93577098846436 204.0193796157837 393.4934997558594 204.0193796157837
395.22021484375 195.35055541992188 406.90882682800293 195.35055541992188 406.90882682800293 205.41763877868652 395.22021484375 205.41763877868652
395.9654846191406 195.75326538085938 407.4525966644287 195.75326538085938 407.4525966644287 205.69662284851074 395.9654846191406 205.69662284851074
396.6332092285156 195.34783935546875 407.88879013061523 195.34783935546875 407.88879013061523 205.6362543106079 396.6332092285156 205.6362543106079
396.8595886230469 195.1670379638672 408.49476432800293 195.1670379638672 408.49476432800293 204.84572410583496 396.8595886230469 204.84572410583496
397.21240234375 194.6629638671875 409.10956287384033 194.6629638671875 409.10956287384033 203.91982078552246 397.21240234375 203.91982078552246
397.7615966796875 195.08206176757812 408.877215385437 195.08206176757812 408.877215385437 204.48401069641113 397.7615966796875 204.48401069641113
398.2798767089844 195.1960906982422 408.89985370635986 195.1960906982422 408.89985370635986 205.38805294036865 398.2798767089844 205.38805294036865
398.15643310546875 196.0960693359375 408.9043712615967 196.0960693359375 408.9043712615967 206.31537437438965 398.15643310546875 206.31537437438965
398.68719482421875 196.55422973632812 409.00856018066406 196.55422973632812 409.00856018066406 206.6452693939209 398.68719482421875 206.6452693939209
399.5389404296875 197.3499298095703 409.6656732559204 197.3499298095703 409.6656732559204 207.23485851287842 399.5389404296875 207.23485851287842
400.74505615234375 197.9353485107422 410.77599143981934 197.9353485107422 410.77599143981934 207.3098545074463 400.74505615234375 207.3098545074463
401.595458984375 196.93214416503906 412.0451726913452 196.93214416503906 412.0451726913452 206.50353527069092 401.595458984375 206.50353527069092
401.8748474121094 196.69729614257812 412.8232145309448 196.69729614257812 412.8232145309448 206.26236724853516 401.8748474121094 206.26236724853516
402.7425537109375 196.27920532226562 414.5247869491577 196.27920532226562 414.5247869491577 205.82412910461426 402.7425537109375 205.82412910461426
403.69769287109375 196.86477661132812 415.1876001358032 196.86477661132812 415.1876001358032 206.3206148147583 403.69769287109375 206.3206148147583
405.06134033203125 197.41542053222656 416.3221092224121 197.41542053222656 416.3221092224121 207.52053260803223 405.06134033203125 207.52053260803223
405.9548034667969 197.69509887695312 417.012659072876 197.69509887695312 417.012659072876 208.14446449279785 405.9548034667969 208.14446449279785
406.3760681152344 197.7275390625 417.66254138946533 197.7275390625 417.66254138946533 207.48120021820068 406.3760681152344 207.48120021820068
406.28399658203125 197.43646240234375 417.68728256225586 197.43646240234375 417.68728256225586 207.18730354309082 406.28399658203125 207.18730354309082
406.6695861816406 197.2708740234375 417.8510570526123 197.2708740234375 417.8510570526123 206.40933799743652 406.6695861816406 206.40933799743652
406.7905578613281 197.01187133789062 417.55158042907715 197.01187133789062 417.55158042907715 206.2928867340088 406.7905578613281 206.2928867340088
406.7063903808594 197.783447265625 416.742467880249 197.783447265625 416.742467880249 207.04540729522705 406.7063903808594 207.04540729522705
406.12896728515625 198.59469604492188 416.31628131866455 198.59469604492188 416.31628131866455 207.52669715881348 406.12896728515625 207.52669715881348
406.27215576171875 199.15455627441406 416.46802139282227 199.15455627441406 416.46802139282227 208.02609825134277 406.27215576171875 208.02609825134277
406.61309814453125 200.17770385742188 417.2709255218506 200.17770385742188 417.2709255218506 209.55718326568604 406.61309814453125 209.55718326568604
407.3144226074219 200.38572692871094 417.8594675064087 200.38572692871094 417.8594675064087 209.54432010650635 407.3144226074219 209.54432010650635
407.95538330078125 199.62635803222656 418.9686107635498 199.62635803222656 418.9686107635498 209.34628772735596 407.95538330078125 209.34628772735596
402.70782470703125 197.10787963867188 413.2327709197998 197.10787963867188 413.2327709197998 207.63282585144043 402.70782470703125 207.63282585144043
402.79034423828125 196.0816192626953 413.19043254852295 196.0816192626953 413.19043254852295 206.481707572937 402.79034423828125 206.481707572937
409.18353271484375 196.3228302001953 419.4791612625122 196.3228302001953 419.4791612625122 206.61845874786377 409.18353271484375 206.61845874786377
406.34552001953125 198.01187133789062 416.4676694869995 198.01187133789062 416.4676694869995 208.1340208053589 406.34552001953125 208.1340208053589
407.151123046875 200.10122680664062 417.34077739715576 200.10122680664062 417.34077739715576 210.2908811569214 407.151123046875 210.2908811569214
405.7926940917969 200.89382934570312 416.02654552459717 200.89382934570312 416.02654552459717 211.12768077850342 405.7926940917969 211.12768077850342
406.4056701660156 196.24752807617188 416.79901218414307 196.24752807617188 416.79901218414307 206.64087009429932 406.4056701660156 206.64087009429932
407.3880310058594 193.15957641601562 417.7176637649536 193.15957641601562 417.7176637649536 203.48920917510986 407.3880310058594 203.48920917510986
408.017578125 184.6983184814453 418.3324270248413 184.6983184814453 418.3324270248413 195.01316738128662 408.017578125 195.01316738128662
405.0406188964844 171.129150390625 415.4533996582031 171.129150390625 415.4533996582031 181.54193115234375 405.0406188964844 181.54193115234375
405.40301513671875 169.8361053466797 416.6481475830078 169.8361053466797 416.6481475830078 180.70935344696045 405.40301513671875 180.70935344696045
405.9798583984375 170.29550170898438 417.22206687927246 170.29550170898438 417.22206687927246 180.9205675125122 405.9798583984375 180.9205675125122
406.36090087890625 169.7254638671875 417.85834312438965 169.7254638671875 417.85834312438965 180.9313497543335 406.36090087890625 180.9313497543335
406.9726867675781 171.4074249267578 418.671422958374 171.4074249267578 418.671422958374 182.38592338562012 406.9726867675781 182.38592338562012
407.5059509277344 170.07318115234375 419.1440143585205 170.07318115234375 419.1440143585205 181.52801704406738 407.5059509277344 181.52801704406738
408.0391540527344 170.80410766601562 419.3332862854004 170.80410766601562 419.3332862854004 182.5658302307129 408.0391540527344 182.5658302307129
407.9847412109375 170.35647583007812 419.81132793426514 170.35647583007812 419.81132793426514 181.99571800231934 407.9847412109375 181.99571800231934
408.53350830078125 170.82408142089844 420.0138454437256 170.82408142089844 420.0138454437256 182.55582904815674 408.53350830078125 182.55582904815674
408.5406799316406 170.93515014648438 420.02183055877686 170.93515014648438 420.02183055877686 182.9518871307373 408.5406799316406 182.9518871307373
408.86761474609375 172.20118713378906 420.437931060791 172.20118713378906 420.437931060791 183.6174259185791 408.86761474609375 183.6174259185791
408.1271057128906 171.5721435546875 420.46214389801025 171.5721435546875 420.46214389801025 183.13031768798828 408.1271057128906 183.13031768798828
408.6910095214844 171.380859375 420.3133602142334 171.380859375 420.3133602142334 183.80821228027344 408.6910095214844 183.80821228027344
408.5566101074219 171.6471710205078 420.73379707336426 171.6471710205078 420.73379707336426 183.66985607147217 408.5566101074219 183.66985607147217
408.6547546386719 170.49240112304688 420.69088077545166 170.49240112304688 420.69088077545166 182.98913764953613 408.6547546386719 182.98913764953613
409.49420166015625 170.73648071289062 421.4417781829834 170.73648071289062 421.4417781829834 182.9783010482788 409.49420166015625 182.9783010482788
409.6763610839844 170.79165649414062 421.60584926605225 170.79165649414062 421.60584926605225 182.84286499023438 409.6763610839844 182.84286499023438
409.77435302734375 171.73387145996094 422.1135311126709 171.73387145996094 422.1135311126709 183.89581394195557 409.77435302734375 183.89581394195557
410.29510498046875 172.46774291992188 422.89958000183105 172.46774291992188 422.89958000183105 185.3640537261963 410.29510498046875 185.3640537261963
411.6309509277344 173.23353576660156 423.8711757659912 173.23353576660156 423.8711757659912 185.71597003936768 411.6309509277344 185.71597003936768
412.5394592285156 173.20994567871094 424.3149766921997 173.20994567871094 424.3149766921997 185.2051486968994 412.5394592285156 185.2051486968994
413.003173828125 172.60311889648438 424.7521734237671 172.60311889648438 424.7521734237671 184.31042003631592 413.003173828125 184.31042003631592
412.788818359375 172.2816619873047 425.631365776062 172.2816619873047 425.631365776062 184.87026405334473 412.788818359375 184.87026405334473
412.91943359375 172.4786376953125 426.1716556549072 172.4786376953125 426.1716556549072 184.72222709655762 412.91943359375 184.72222709655762
413.03729248046875 173.0415802001953 426.3497371673584 173.0415802001953 426.3497371673584 185.29930305480957 413.03729248046875 185.29930305480957
413.0704040527344 173.40762329101562 426.26377296447754 173.40762329101562 426.26377296447754 186.64380931854248 413.0704040527344 186.64380931854248
413.2955627441406 174.07640075683594 426.01300048828125 174.07640075683594 426.01300048828125 186.9559497833252 413.2955627441406 186.9559497833252
412.9896545410156 174.44142150878906 425.8920774459839 174.44142150878906 425.8920774459839 187.1935749053955 412.9896545410156 187.1935749053955
412.7357482910156 174.08340454101562 426.0104503631592 174.08340454101562 426.0104503631592 187.06000328063965 412.7357482910156 187.06000328063965
413.190673828125 174.06216430664062 426.0426301956177 174.06216430664062 426.0426301956177 186.20653247833252 413.190673828125 186.20653247833252
412.9156799316406 173.33885192871094 426.6106777191162 173.33885192871094 426.6106777191162 186.01164054870605 412.9156799316406 186.01164054870605
413.64923095703125 174.95220947265625 427.4868927001953 174.95220947265625 427.4868927001953 187.56760692596436 413.64923095703125 187.56760692596436
414.6822204589844 175.41134643554688 427.6402997970581 175.41134643554688 427.6402997970581 188.84137439727783 414.6822204589844 188.84137439727783
415.3592834472656 175.0543975830078 428.5742702484131 175.0543975830078 428.5742702484131 189.16477394104004 415.3592834472656 189.16477394104004
415.4637145996094 175.1790771484375 428.75797271728516 175.1790771484375 428.75797271728516 189.18454551696777 415.4637145996094 189.18454551696777
415.7117614746094 174.66714477539062 428.52235984802246 174.66714477539062 428.52235984802246 187.1720094680786 415.7117614746094 187.1720094680786
415.48388671875 174.37802124023438 428.53697776794434 174.37802124023438 428.53697776794434 187.57043647766113 415.48388671875 187.57043647766113
415.4405212402344 174.7179412841797 428.4682445526123 174.7179412841797 428.4682445526123 187.2044095993042 415.4405212402344 187.2044095993042
414.72247314453125 175.52328491210938 428.27686309814453 175.52328491210938 428.27686309814453 188.59833335876465 414.72247314453125 188.59833335876465
413.595947265625 176.97238159179688 427.90070152282715 176.97238159179688 427.90070152282715 190.3607997894287 413.595947265625 190.3607997894287
413.30059814453125 177.9696044921875 427.1638307571411 177.9696044921875 427.1638307571411 190.72300052642822 413.30059814453125 190.72300052642822
412.69915771484375 177.51426696777344 427.05859661102295 177.51426696777344 427.05859661102295 190.04037952423096 412.69915771484375 190.04037952423096
412.8172302246094 177.361083984375 426.4518232345581 177.361083984375 426.4518232345581 189.1889305114746 412.8172302246094 189.1889305114746
412.9813537597656 177.43380737304688 426.4647922515869 177.43380737304688 426.4647922515869 189.05442810058594 412.9813537597656 189.05442810058594
413.04443359375 177.02981567382812 426.067964553833 177.02981567382812 426.067964553833 189.00602626800537 413.04443359375 189.00602626800537
413.31201171875 178.1402587890625 426.1355037689209 178.1402587890625 426.1355037689209 190.16261100769043 413.31201171875 190.16261100769043
413.21746826171875 179.1748046875 426.34971618652344 179.1748046875 426.34971618652344 190.95177555084229 413.21746826171875 190.95177555084229
413.00079345703125 179.1452178955078 426.2335739135742 179.1452178955078 426.2335739135742 191.00768756866455 413.00079345703125 191.00768756866455
413.42706298828125 178.95852661132812 426.40503692626953 178.95852661132812 426.40503692626953 191.49034690856934 413.42706298828125 191.49034690856934
413.41748046875 179.1964111328125 426.6134548187256 179.1964111328125 426.6134548187256 191.8982105255127 413.41748046875 191.8982105255127
413.00494384765625 178.7271270751953 426.92649364471436 178.7271270751953 426.92649364471436 191.34550762176514 413.00494384765625 191.34550762176514
412.77349853515625 178.29705810546875 426.19858264923096 178.29705810546875 426.19858264923096 191.27223205566406 412.77349853515625 191.27223205566406
412.6107482910156 178.8399200439453 426.3341951370239 178.8399200439453 426.3341951370239 190.70396423339844 412.6107482910156 190.70396423339844
412.2289123535156 179.25692749023438 425.7479019165039 179.25692749023438 425.7479019165039 191.5201816558838 412.2289123535156 191.5201816558838
411.35845947265625 179.80751037597656 425.15940284729004 179.80751037597656 425.15940284729004 192.17234992980957 411.35845947265625 192.17234992980957
408.9668273925781 179.8985137939453 422.31272411346436 179.8985137939453 422.31272411346436 191.56702136993408 408.9668273925781 191.56702136993408
408.9217834472656 180.49551391601562 422.4816255569458 180.49551391601562 422.4816255569458 192.19456577301025 408.9217834472656 192.19456577301025
409.9462890625 180.98240661621094 422.3783359527588 180.98240661621094 422.3783359527588 193.09105587005615 409.9462890625 193.09105587005615
409.3043518066406 180.88357543945312 422.95806407928467 180.88357543945312 422.95806407928467 194.09602642059326 409.3043518066406 194.09602642059326
410.22161865234375 180.27420043945312 423.4653072357178 180.27420043945312 423.4653072357178 193.7775239944458 410.22161865234375 193.7775239944458
409.96221923828125 179.58944702148438 423.458459854126 179.58944702148438 423.458459854126 192.62757396697998 409.96221923828125 192.62757396697998
409.61749267578125 179.42288208007812 423.4466915130615 179.42288208007812 423.4466915130615 192.23304271697998 409.61749267578125 192.23304271697998
409.2181091308594 180.55116271972656 422.98222827911377 180.55116271972656 422.98222827911377 192.88672924041748 409.2181091308594 192.88672924041748
409.3077087402344 181.08853149414062 423.1296558380127 181.08853149414062 423.1296558380127 193.60703086853027 409.3077087402344 193.60703086853027
408.7422180175781 182.177001953125 422.48632526397705 182.177001953125 422.48632526397705 194.90172576904297 408.7422180175781 194.90172576904297
408.7685852050781 182.9387664794922 421.7532711029053 182.9387664794922 421.7532711029053 194.79906272888184 408.7685852050781 194.79906272888184
407.97235107421875 183.18527221679688 421.268404006958 183.18527221679688 421.268404006958 195.14251232147217 407.97235107421875 195.14251232147217
406.7571716308594 183.05355834960938 421.07715606689453 183.05355834960938 421.07715606689453 194.84646797180176 406.7571716308594 194.84646797180176
407.4037170410156 183.58694458007812 421.4735689163208 183.58694458007812 421.4735689163208 196.02381801605225 407.4037170410156 196.02381801605225
408.0138244628906 183.6288604736328 421.68414306640625 183.6288604736328 421.68414306640625 197.03164958953857 408.0138244628906 197.03164958953857
408.1185302734375 183.13668823242188 421.10684394836426 183.13668823242188 421.10684394836426 195.61219787597656 408.1185302734375 195.61219787597656
407.6334533691406 184.47230529785156 420.84607219696045 184.47230529785156 420.84607219696045 196.56268119812012 407.6334533691406 196.56268119812012
406.7147521972656 185.2311248779297 420.182599067688 185.2311248779297 420.182599067688 198.06847667694092 406.7147521972656 198.06847667694092
405.4319152832031 185.28732299804688 420.0958080291748 185.28732299804688 420.0958080291748 198.74614238739014 405.4319152832031 198.74614238739014
405.9249572753906 185.60169982910156 418.7117280960083 185.60169982910156 418.7117280960083 199.1651153564453 405.9249572753906 199.1651153564453
404.8874816894531 185.73233032226562 418.56611919403076 185.73233032226562 418.56611919403076 198.59340858459473 404.8874816894531 198.59340858459473
405.3951721191406 185.4814910888672 418.51079082489014 185.4814910888672 418.51079082489014 198.6177797317505 405.3951721191406 198.6177797317505
404.86419677734375 185.43783569335938 418.31853008270264 185.43783569335938 418.31853008270264 198.06158542633057 404.86419677734375 198.06158542633057
404.66802978515625 186.20748901367188 418.2682008743286 186.20748901367188 418.2682008743286 198.56690406799316 404.66802978515625 198.56690406799316
405.2486267089844 187.7659149169922 418.3068571090698 187.7659149169922 418.3068571090698 201.00429344177246 405.2486267089844 201.00429344177246
405.1907653808594 188.6385040283203 419.21085929870605 188.6385040283203 419.21085929870605 201.2923412322998 405.1907653808594 201.2923412322998
404.96551513671875 188.59640502929688 419.59918212890625 188.59640502929688 419.59918212890625 200.67315483093262 404.96551513671875 200.67315483093262
404.43975830078125 187.89303588867188 419.2027225494385 187.89303588867188 419.2027225494385 200.7934970855713 404.43975830078125 200.7934970855713
404.8750915527344 188.54090881347656 418.525408744812 188.54090881347656 418.525408744812 199.8155002593994 404.8750915527344 199.8155002593994
404.12127685546875 188.965087890625 417.9094295501709 188.965087890625 417.9094295501709 201.2186336517334 404.12127685546875 201.2186336517334
403.86553955078125 189.3927459716797 417.1942501068115 189.3927459716797 417.1942501068115 201.74122142791748 403.86553955078125 201.74122142791748
402.425048828125 190.5152130126953 416.6817350387573 190.5152130126953 416.6817350387573 202.66568565368652 402.425048828125 202.66568565368652
401.7574768066406 191.05311584472656 414.97242736816406 191.05311584472656 414.97242736816406 202.86738872528076 401.7574768066406 202.86738872528076
400.38641357421875 190.79051208496094 414.38539600372314 190.79051208496094 414.38539600372314 202.38738822937012 400.38641357421875 202.38738822937012
400.4727478027344 190.39590454101562 413.9111843109131 190.39590454101562 413.9111843109131 201.77212715148926 400.4727478027344 201.77212715148926
400.3968811035156 190.9324951171875 413.5894823074341 190.9324951171875 413.5894823074341 202.03308296203613 400.3968811035156 202.03308296203613
400.32965087890625 191.52688598632812 413.5159578323364 191.52688598632812 413.5159578323364 202.69022178649902 400.32965087890625 202.69022178649902
399.9007873535156 192.15733337402344 413.9905490875244 192.15733337402344 413.9905490875244 203.8568820953369 399.9007873535156 203.8568820953369
400.51593017578125 192.08154296875 413.5331268310547 192.08154296875 413.5331268310547 204.44513988494873 400.51593017578125 204.44513988494873
400.61578369140625 191.8592987060547 413.56581592559814 191.8592987060547 413.56581592559814 203.87783241271973 400.61578369140625 203.87783241271973
400.2842102050781 191.40452575683594 413.4112720489502 191.40452575683594 413.4112720489502 203.30476570129395 400.2842102050781 203.30476570129395
399.47320556640625 191.76405334472656 413.2631072998047 191.76405334472656 413.2631072998047 203.4659881591797 399.47320556640625 203.4659881591797
398.5118408203125 192.90744018554688 412.38465309143066 192.90744018554688 412.38465309143066 204.0104742050171 398.5118408203125 204.0104742050171
397.8590393066406 193.3791961669922 411.94374084472656 193.3791961669922 411.94374084472656 205.3076810836792 397.8590393066406 205.3076810836792
396.6385803222656 194.7659912109375 410.3729658126831 194.7659912109375 410.3729658126831 206.31653785705566 396.6385803222656 206.31653785705566
395.85009765625 195.26416015625 409.752721786499 195.26416015625 409.752721786499 205.68828582763672 395.85009765625 205.68828582763672
395.22454833984375 194.45169067382812 408.64297676086426 194.45169067382812 408.64297676086426 205.67458534240723 395.22454833984375 205.67458534240723
394.671630859375 193.9468994140625 408.5919647216797 193.9468994140625 408.5919647216797 205.65530586242676 394.671630859375 205.65530586242676
394.8797302246094 193.8536834716797 408.3310794830322 193.8536834716797 408.3310794830322 205.12628269195557 394.8797302246094 205.12628269195557
394.7488098144531 194.68359375 408.61425018310547 194.68359375 408.61425018310547 205.9153470993042 394.7488098144531 205.9153470993042
394.5730895996094 194.98451232910156 408.47363090515137 194.98451232910156 408.47363090515137 206.8964614868164 394.5730895996094 206.8964614868164
394.9720458984375 195.56527709960938 407.96777629852295 195.56527709960938 407.96777629852295 207.4057149887085 394.9720458984375 207.4057149887085
394.9324951171875 196.11416625976562 408.1433162689209 196.11416625976562 408.1433162689209 207.41206073760986 394.9324951171875 207.41206073760986
395.569580078125 196.29922485351562 408.163893699646 196.29922485351562 408.163893699646 207.89318370819092 395.569580078125 207.89318370819092
395.59478759765625 196.53558349609375 408.12084579467773 196.53558349609375 408.12084579467773 208.13347816467285 395.59478759765625 208.13347816467285
395.18072509765625 196.19847106933594 408.1358003616333 196.19847106933594 408.1358003616333 207.47514057159424 395.18072509765625 207.47514057159424
394.54022216796875 196.31446838378906 408.23328590393066 196.31446838378906 408.23328590393066 207.62416648864746 394.54022216796875 207.62416648864746
394.4228210449219 197.05517578125 407.3304691314697 197.05517578125 407.3304691314697 207.69914054870605 394.4228210449219 207.69914054870605
394.3836975097656 197.8831787109375 407.8481922149658 197.8831787109375 407.8481922149658 209.32151222229004 394.3836975097656 209.32151222229004
393.5257873535156 198.94497680664062 407.16810035705566 198.94497680664062 407.16810035705566 209.7958106994629 393.5257873535156 209.7958106994629
393.54888916015625 198.8362579345703 405.9432764053345 198.8362579345703 405.9432764053345 209.98134422302246 393.54888916015625 209.98134422302246
393.0704650878906 198.65426635742188 405.11169052124023 198.65426635742188 405.11169052124023 210.12099647521973 393.0704650878906 210.12099647521973
392.9635314941406 198.13853454589844 404.83066749572754 198.13853454589844 404.83066749572754 209.65874671936035 392.9635314941406 209.65874671936035
393.11669921875 197.65643310546875 405.08111572265625 197.65643310546875 405.08111572265625 209.33463764190674 393.11669921875 209.33463764190674
392.50836181640625 197.5286102294922 405.90197467803955 197.5286102294922 405.90197467803955 209.6206750869751 392.50836181640625 209.6206750869751
392.568359375 197.68405151367188 406.11934185028076 197.68405151367188 406.11934185028076 210.38790321350098 392.568359375 210.38790321350098
393.1167297363281 198.24855041503906 405.5945930480957 198.24855041503906 405.5945930480957 211.00484466552734 393.1167297363281 211.00484466552734
393.6207275390625 199.45437622070312 406.5533399581909 199.45437622070312 406.5533399581909 211.89605522155762 393.6207275390625 211.89605522155762
394.30938720703125 199.93905639648438 407.0999298095703 199.93905639648438 407.0999298095703 212.72097206115723 394.30938720703125 212.72097206115723
394.5091247558594 199.92849731445312 407.4975233078003 199.92849731445312 407.4975233078003 212.5064001083374 394.5091247558594 212.5064001083374
395.18408203125 200.0306396484375 407.890230178833 200.0306396484375 407.890230178833 212.63339805603027 395.18408203125 212.63339805603027
394.7099914550781 199.6456298828125 407.5349178314209 199.6456298828125 407.5349178314209 211.57398414611816 394.7099914550781 211.57398414611816
394.65045166015625 199.41259765625 407.9959440231323 199.41259765625 407.9959440231323 211.6134548187256 394.65045166015625 211.6134548187256
394.6305236816406 200.3347625732422 407.57562255859375 200.3347625732422 407.57562255859375 212.9737606048584 394.6305236816406 212.9737606048584
394.4225158691406 201.2654571533203 407.16286754608154 201.2654571533203 407.16286754608154 214.3684597015381 394.4225158691406 214.3684597015381
393.7966003417969 202.66419982910156 406.6365661621094 202.66419982910156 406.6365661621094 214.64997100830078 393.7966003417969 214.64997100830078
393.41571044921875 202.51815795898438 406.22935962677 202.51815795898438 406.22935962677 215.4452133178711 393.41571044921875 215.4452133178711
393.3030090332031 202.94039916992188 405.9850950241089 202.94039916992188 405.9850950241089 215.5055341720581 393.3030090332031 215.5055341720581
393.5334777832031 203.14190673828125 406.3661632537842 203.14190673828125 406.3661632537842 215.1409273147583 393.5334777832031 215.1409273147583
393.8504638671875 203.0692138671875 407.4443311691284 203.0692138671875 407.4443311691284 214.8042345046997 393.8504638671875 214.8042345046997
394.6941833496094 203.49359130859375 408.0092258453369 203.49359130859375 408.0092258453369 215.92002296447754 394.6941833496094 215.92002296447754
395.8876647949219 204.3970489501953 409.00657653808594 204.3970489501953 409.00657653808594 218.3508129119873 395.8876647949219 218.3508129119873
396.67742919921875 204.85665893554688 409.9338893890381 204.85665893554688 409.9338893890381 217.24219417572021 396.67742919921875 217.24219417572021
398.1973571777344 204.7962188720703 410.84600353240967 204.7962188720703 410.84600353240967 217.93106079101562 398.1973571777344 217.93106079101562
398.13629150390625 203.94296264648438 411.4829988479614 203.94296264648438 411.4829988479614 217.66533088684082 398.13629150390625 217.66533088684082
398.8036804199219 204.79127502441406 411.86474323272705 204.79127502441406 411.86474323272705 218.2795286178589 398.8036804199219 218.2795286178589
398.599365234375 206.0767822265625 412.69310188293457 206.0767822265625 412.69310188293457 219.6482753753662 398.599365234375 219.6482753753662
399.21771240234375 206.9750518798828 412.84057903289795 206.9750518798828 412.84057903289795 220.6908779144287 399.21771240234375 220.6908779144287
399.5868835449219 207.76889038085938 413.13238048553467 207.76889038085938 413.13238048553467 221.26560974121094 399.5868835449219 221.26560974121094
400.9696350097656 207.6912384033203 414.0576114654541 207.6912384033203 414.0576114654541 220.40086460113525 400.9696350097656 220.40086460113525
401.97479248046875 206.82553100585938 415.14201164245605 206.82553100585938 415.14201164245605 220.59362983703613 401.97479248046875 220.59362983703613
402.846923828125 207.51611328125 416.1047945022583 207.51611328125 416.1047945022583 221.753755569458 402.846923828125 221.753755569458
403.3648986816406 208.6497039794922 417.1799268722534 208.6497039794922 417.1799268722534 222.42975902557373 403.3648986816406 222.42975902557373
405.42950439453125 209.2766876220703 418.6016597747803 209.2766876220703 418.6016597747803 222.9432601928711 405.42950439453125 222.9432601928711
406.162353515625 209.11831665039062 420.1683807373047 209.11831665039062 420.1683807373047 223.9337739944458 406.162353515625 223.9337739944458
407.77203369140625 209.56161499023438 421.25057792663574 209.56161499023438 421.25057792663574 223.672758102417 407.77203369140625 223.672758102417
409.1126403808594 209.1050262451172 422.31181049346924 209.1050262451172 422.31181049346924 223.41651725769043 409.1126403808594 223.41651725769043
409.7622985839844 209.26046752929688 423.1135892868042 209.26046752929688 423.1135892868042 223.04384803771973 409.7622985839844 223.04384803771973
410.8868103027344 212.095703125 424.08893871307373 212.095703125 424.08893871307373 224.73358917236328 410.8868103027344 224.73358917236328
411.7096252441406 213.22396850585938 424.6513214111328 213.22396850585938 424.6513214111328 226.32251262664795 411.7096252441406 226.32251262664795
412.481689453125 213.4382781982422 425.4505920410156 213.4382781982422 425.4505920410156 226.61406135559082 412.481689453125 226.61406135559082
413.60150146484375 213.42758178710938 427.53770637512207 213.42758178710938 427.53770637512207 225.88763046264648 413.60150146484375 225.88763046264648
414.69793701171875 213.83572387695312 428.76935291290283 213.83572387695312 428.76935291290283 226.40783977508545 414.69793701171875 226.40783977508545
416.47833251953125 215.32522583007812 430.3020143508911 215.32522583007812 430.3020143508911 227.56412982940674 416.47833251953125 227.56412982940674
417.15093994140625 216.88699340820312 431.4132356643677 216.88699340820312 431.4132356643677 229.08192348480225 417.15093994140625 229.08192348480225
419.14215087890625 217.4161834716797 432.5457715988159 217.4161834716797 432.5457715988159 229.41021919250488 419.14215087890625 229.41021919250488
420.04119873046875 216.8229522705078 433.5227222442627 216.8229522705078 433.5227222442627 229.26147079467773 420.04119873046875 229.26147079467773
421.2821350097656 216.07095336914062 434.4765167236328 216.07095336914062 434.4765167236328 228.19952201843262 421.2821350097656 228.19952201843262
421.4434509277344 216.1136474609375 435.56004524230957 216.1136474609375 435.56004524230957 228.96566009521484 421.4434509277344 228.96566009521484
422.6771545410156 216.12661743164062 436.1022663116455 216.12661743164062 436.1022663116455 228.4607105255127 422.6771545410156 228.4607105255127
423.79962158203125 217.01278686523438 437.2305097579956 217.01278686523438 437.2305097579956 229.1394863128662 423.79962158203125 229.1394863128662
424.56475830078125 217.9853057861328 438.12169456481934 217.9853057861328 438.12169456481934 230.10895442962646 424.56475830078125 230.10895442962646
425.49456787109375 217.8100128173828 438.23475456237793 217.8100128173828 438.23475456237793 230.38376903533936 425.49456787109375 230.38376903533936
426.5481872558594 218.08328247070312 439.00554847717285 218.08328247070312 439.00554847717285 230.447847366333 426.5481872558594 230.447847366333
427.15838623046875 217.3376922607422 440.027250289917 217.3376922607422 440.027250289917 229.5615234375 427.15838623046875 229.5615234375
427.8816833496094 217.0573272705078 441.27003288269043 217.0573272705078 441.27003288269043 229.57048320770264 427.8816833496094 229.57048320770264
428.66705322265625 217.2722930908203 442.31395721435547 217.2722930908203 442.31395721435547 229.35797023773193 428.66705322265625 229.35797023773193
429.7750549316406 217.94717407226562 443.5141296386719 217.94717407226562 443.5141296386719 230.4751491546631 429.7750549316406 230.4751491546631
430.81884765625 218.4571533203125 444.582049369812 218.4571533203125 444.582049369812 230.69604969024658 430.81884765625 230.69604969024658
431.9554748535156 219.2716064453125 445.8520812988281 219.2716064453125 445.8520812988281 231.3025722503662 431.9554748535156 231.3025722503662
434.54644775390625 219.3191680908203 447.9061231613159 219.3191680908203 447.9061231613159 231.50304222106934 434.54644775390625 231.50304222106934
436.56005859375 218.32858276367188 449.5554256439209 218.32858276367188 449.5554256439209 231.18397045135498 436.56005859375 231.18397045135498
438.28521728515625 218.0095672607422 450.26173210144043 218.0095672607422 450.26173210144043 230.28157901763916 438.28521728515625 230.28157901763916
438.7767028808594 217.91287231445312 451.13697147369385 217.91287231445312 451.13697147369385 229.8655605316162 438.7767028808594 229.8655605316162
439.51409912109375 218.43832397460938 451.96932888031006 218.43832397460938 451.96932888031006 230.44610023498535 439.51409912109375 230.44610023498535
443.6612854003906 220.39218139648438 456.73619079589844 220.39218139648438 456.73619079589844 233.19411182403564 443.6612854003906 233.19411182403564
445.5770568847656 218.6242218017578 459.2449588775635 218.6242218017578 459.2449588775635 231.38610649108887 445.5770568847656 231.38610649108887
446.8365173339844 219.7764129638672 460.95229053497314 219.7764129638672 460.95229053497314 232.22426986694336 446.8365173339844 232.22426986694336
449.4895935058594 219.5501251220703 462.9200191497803 219.5501251220703 462.9200191497803 232.5231523513794 449.4895935058594 232.5231523513794
451.153076171875 220.6719970703125 464.55666637420654 220.6719970703125 464.55666637420654 233.40031147003174 451.153076171875 233.40031147003174
452.29559326171875 220.82901000976562 465.6844730377197 220.82901000976562 465.6844730377197 234.11509227752686 452.29559326171875 234.11509227752686
454.0572204589844 220.5461883544922 467.0748109817505 220.5461883544922 467.0748109817505 233.29530143737793 454.0572204589844 233.29530143737793
454.77813720703125 220.51473999023438 468.5099391937256 220.51473999023438 468.5099391937256 233.8044662475586 454.77813720703125 233.8044662475586
455.4578552246094 220.3980712890625 469.4960250854492 220.3980712890625 469.4960250854492 233.81255340576172 455.4578552246094 233.81255340576172
456.670654296875 220.1239776611328 470.5420379638672 220.1239776611328 470.5420379638672 233.5411891937256 456.670654296875 233.5411891937256
458.10009765625 220.5607452392578 471.2072505950928 220.5607452392578 471.2072505950928 234.31763648986816 458.10009765625 234.31763648986816
458.0185546875 221.57626342773438 471.9392137527466 221.57626342773438 471.9392137527466 234.87991046905518 458.0185546875 234.87991046905518
459.0245056152344 222.39633178710938 472.5207471847534 222.39633178710938 472.5207471847534 235.33331108093262 459.0245056152344 235.33331108093262
459.0237731933594 223.65487670898438 473.59411907196045 223.65487670898438 473.59411907196045 236.5940580368042 459.0237731933594 236.5940580368042
459.98846435546875 223.4300537109375 473.9980983734131 223.4300537109375 473.9980983734131 236.05981731414795 459.98846435546875 236.05981731414795
459.8607482910156 223.1617431640625 474.94433307647705 223.1617431640625 474.94433307647705 236.18579292297363 459.8607482910156 236.18579292297363
461.1156311035156 223.2633056640625 475.1349697113037 223.2633056640625 475.1349697113037 236.6870632171631 461.1156311035156 236.6870632171631
461.78271484375 224.4327850341797 476.3449878692627 224.4327850341797 476.3449878692627 237.53428840637207 461.78271484375 237.53428840637207
462.4801330566406 224.1148681640625 477.3919343948364 224.1148681640625 477.3919343948364 238.52207946777344 462.4801330566406 238.52207946777344
463.7837829589844 225.62234497070312 478.7051258087158 225.62234497070312 478.7051258087158 238.8421049118042 463.7837829589844 238.8421049118042
465.2977600097656 226.1311798095703 479.8166780471802 226.1311798095703 479.8166780471802 239.99075317382812 465.2977600097656 239.99075317382812
467.715576171875 226.46212768554688 481.9322099685669 226.46212768554688 481.9322099685669 240.62976360321045 467.715576171875 240.62976360321045
468.8028259277344 226.6090545654297 483.5693712234497 226.6090545654297 483.5693712234497 240.28544807434082 468.8028259277344 240.28544807434082
469.75830078125 226.34585571289062 484.2986812591553 226.34585571289062 484.2986812591553 240.37316131591797 469.75830078125 240.37316131591797
471.28338623046875 226.7866668701172 486.1186065673828 226.7866668701172 486.1186065673828 240.5085859298706 471.28338623046875 240.5085859298706
472.6783142089844 228.4670867919922 487.0850372314453 228.4670867919922 487.0850372314453 241.71008110046387 472.6783142089844 241.71008110046387
473.50006103515625 229.0080108642578 488.01887035369873 229.0080108642578 488.01887035369873 243.70069885253906 473.50006103515625 243.70069885253906
474.54608154296875 229.78579711914062 489.02539253234863 229.78579711914062 489.02539253234863 243.43996143341064 474.54608154296875 243.43996143341064
474.90625 229.5447540283203 489.6380100250244 229.5447540283203 489.6380100250244 243.83116722106934 474.90625 243.83116722106934
475.4271545410156 229.15744018554688 490.8257369995117 229.15744018554688 490.8257369995117 243.98651123046875 475.4271545410156 243.98651123046875
476.45916748046875 229.5963134765625 491.99010467529297 229.5963134765625 491.99010467529297 243.68990898132324 476.45916748046875 243.68990898132324
477.93975830078125 229.79757690429688 493.11229133605957 229.79757690429688 493.11229133605957 244.04254150390625 477.93975830078125 244.04254150390625
480.05889892578125 230.9888458251953 495.2794647216797 230.9888458251953 495.2794647216797 244.45266723632812 480.05889892578125 244.45266723632812
481.32781982421875 230.94882202148438 497.62118911743164 230.94882202148438 497.62118911743164 244.60066413879395 481.32781982421875 244.60066413879395
484.136474609375 232.246826171875 499.529993057251 232.246826171875 499.529993057251 245.3458127975464 484.136474609375 245.3458127975464
484.6119079589844 232.75106811523438 500.97240257263184 232.75106811523438 500.97240257263184 245.78594970703125 484.6119079589844 245.78594970703125
487.87139892578125 232.4292449951172 503.7592372894287 232.4292449951172 503.7592372894287 244.86628913879395 487.87139892578125 244.86628913879395
487.86407470703125 231.84805297851562 504.90504264831543 231.84805297851562 504.90504264831543 245.36241340637207 487.86407470703125 245.36241340637207
488.94818115234375 231.9348602294922 505.4302787780762 231.9348602294922 505.4302787780762 244.9055814743042 488.94818115234375 244.9055814743042
490.04791259765625 232.66159057617188 506.8817253112793 232.66159057617188 506.8817253112793 245.24701499938965 490.04791259765625 245.24701499938965
491.06683349609375 233.56173706054688 507.59338760375977 233.56173706054688 507.59338760375977 246.01366996765137 491.06683349609375 246.01366996765137
491.95733642578125 234.8693084716797 508.54466438293457 234.8693084716797 508.54466438293457 247.92760181427002 491.95733642578125 247.92760181427002
492.60882568359375 235.05288696289062 509.22506523132324 235.05288696289062 509.22506523132324 248.4407444000244 492.60882568359375 248.4407444000244
493.60906982421875 234.8898468017578 509.28245067596436 234.8898468017578 509.28245067596436 248.3448944091797 493.60906982421875 248.3448944091797
493.43011474609375 234.9917449951172 509.11838817596436 234.9917449951172 509.11838817596436 248.53351020812988 493.43011474609375 248.53351020812988
494.7565002441406 234.393798828125 510.66679191589355 234.393798828125 510.66679191589355 248.15908336639404 494.7565002441406 248.15908336639404
496.770263671875 233.63528442382812 511.46992778778076 233.63528442382812 511.46992778778076 247.2518186569214 496.770263671875 247.2518186569214
497.5408630371094 233.5840301513672 512.7935438156128 233.5840301513672 512.7935438156128 247.666522026062 497.5408630371094 247.666522026062
498.98114013671875 234.1026611328125 514.1344881057739 234.1026611328125 514.1344881057739 248.39303302764893 498.98114013671875 248.39303302764893
500.9418029785156 234.29379272460938 516.3286943435669 234.29379272460938 516.3286943435669 248.03082275390625 500.9418029785156 248.03082275390625
503.13397216796875 234.88772583007812 518.221357345581 234.88772583007812 518.221357345581 250.01028633117676 503.13397216796875 250.01028633117676
504.6554260253906 234.5799560546875 520.227536201477 234.5799560546875 520.227536201477 249.65509605407715 504.6554260253906 249.65509605407715
506.00396728515625 234.1259002685547 521.8394908905029 234.1259002685547 521.8394908905029 249.69929027557373 506.00396728515625 249.69929027557373
506.84112548828125 233.8402557373047 522.6202220916748 233.8402557373047 522.6202220916748 248.64395427703857 506.84112548828125 248.64395427703857
507.62384033203125 233.81100463867188 523.3426055908203 233.81100463867188 523.3426055908203 249.06681060791016 507.62384033203125 249.06681060791016
508.70135498046875 233.83328247070312 524.5935668945312 233.83328247070312 524.5935668945312 250.2741641998291 508.70135498046875 250.2741641998291
509.57440185546875 233.6959686279297 525.5484619140625 233.6959686279297 525.5484619140625 250.8052978515625 509.57440185546875 250.8052978515625
510.85528564453125 234.92373657226562 526.0121736526489 234.92373657226562 526.0121736526489 251.06939315795898 510.85528564453125 251.06939315795898
511.60626220703125 234.4477081298828 527.2543544769287 234.4477081298828 527.2543544769287 251.11299514770508 511.60626220703125 251.11299514770508
512.173583984375 234.15414428710938 528.1452960968018 234.15414428710938 528.1452960968018 251.60562133789062 512.173583984375 251.60562133789062
513.8518676757812 233.6986541748047 529.9237728118896 233.6986541748047 529.9237728118896 250.24237632751465 513.8518676757812 250.24237632751465
515.6604614257812 233.9126739501953 531.545651435852 233.9126739501953 531.545651435852 249.13062477111816 515.6604614257812 249.13062477111816
516.2527465820312 233.4461212158203 533.5280246734619 233.4461212158203 533.5280246734619 250.39972114562988 516.2527465820312 250.39972114562988
519.2542724609375 234.59091186523438 535.4842262268066 234.59091186523438 535.4842262268066 250.77464294433594 519.2542724609375 250.77464294433594
520.3519287109375 235.4441680908203 537.0415992736816 235.4441680908203 537.0415992736816 251.1220064163208 520.3519287109375 251.1220064163208
523.7937622070312 236.94808959960938 539.6995868682861 236.94808959960938 539.6995868682861 252.07708930969238 523.7937622070312 252.07708930969238
526.9805908203125 236.5496063232422 542.8429136276245 236.5496063232422 542.8429136276245 251.1708173751831 526.9805908203125 251.1708173751831
528.0797119140625 235.55886840820312 545.0339069366455 235.55886840820312 545.0339069366455 251.3430118560791 528.0797119140625 251.3430118560791
529.0596923828125 235.6094512939453 546.6404476165771 235.6094512939453 546.6404476165771 250.6197738647461 529.0596923828125 250.6197738647461
530.515625 235.4968719482422 546.9593315124512 235.4968719482422 546.9593315124512 250.65054035186768 530.515625 250.65054035186768
531.8531494140625 235.96670532226562 548.7939491271973 235.96670532226562 548.7939491271973 251.18136024475098 531.8531494140625 251.18136024475098
533.1449584960938 237.7046661376953 549.9787712097168 237.7046661376953 549.9787712097168 253.06694221496582 533.1449584960938 253.06694221496582
534.1839599609375 238.30496215820312 551.1785507202148 238.30496215820312 551.1785507202148 253.7989912033081 534.1839599609375 253.7989912033081
534.6995849609375 239.06192016601562 551.6643505096436 239.06192016601562 551.6643505096436 254.76129913330078 534.6995849609375 254.76129913330078
537.0157470703125 238.1107635498047 553.4256782531738 238.1107635498047 553.4256782531738 253.70242595672607 537.0157470703125 253.70242595672607
537.8084716796875 238.697021484375 553.8658447265625 238.697021484375 553.8658447265625 253.33233642578125 537.8084716796875 253.33233642578125
539.1671752929688 237.90567016601562 556.2818641662598 237.90567016601562 556.2818641662598 252.70927715301514 539.1671752929688 252.70927715301514
541.177490234375 237.92098999023438 558.1236534118652 237.92098999023438 558.1236534118652 253.0472002029419 541.177490234375 253.0472002029419
543.9727783203125 238.9370574951172 560.1483039855957 238.9370574951172 560.1483039855957 254.77385234832764 543.9727783203125 254.77385234832764
545.6402587890625 239.65292358398438 561.9774894714355 239.65292358398438 561.9774894714355 255.5479335784912 545.6402587890625 255.5479335784912
547.1160888671875 240.41476440429688 563.5311622619629 240.41476440429688 563.5311622619629 255.40289878845215 547.1160888671875 255.40289878845215
549.0742797851562 241.323974609375 566.5131015777588 241.323974609375 566.5131015777588 257.3262405395508 549.0742797851562 257.3262405395508
552.4605712890625 240.4914093017578 568.6699867248535 240.4914093017578 568.6699867248535 256.2693729400635 552.4605712890625 256.2693729400635
553.6641235351562 240.180419921875 570.5282611846924 240.180419921875 570.5282611846924 255.58010578155518 553.6641235351562 255.58010578155518
554.6062622070312 240.3853759765625 572.040901184082 240.3853759765625 572.040901184082 255.3465576171875 554.6062622070312 255.3465576171875
555.5925903320312 241.0543670654297 573.4679260253906 241.0543670654297 573.4679260253906 256.70236682891846 555.5925903320312 256.70236682891846
557.5105590820312 242.23046875 574.442174911499 242.23046875 574.442174911499 257.47184467315674 557.5105590820312 257.47184467315674
559.3513793945312 242.7743682861328 576.4270992279053 242.7743682861328 576.4270992279053 258.5789432525635 559.3513793945312 258.5789432525635
560.59423828125 242.84326171875 577.5263996124268 242.84326171875 577.5263996124268 258.7422456741333 560.59423828125 258.7422456741333
561.7861328125 242.66152954101562 578.1364784240723 242.66152954101562 578.1364784240723 258.6152973175049 561.7861328125 258.6152973175049
563.5040893554688 242.1708526611328 579.9463539123535 242.1708526611328 579.9463539123535 258.27766036987305 563.5040893554688 258.27766036987305
564.463623046875 242.10415649414062 582.1920204162598 242.10415649414062 582.1920204162598 258.42017936706543 564.463623046875 258.42017936706543
565.8307495117188 242.9626007080078 583.4319915771484 242.9626007080078 583.4319915771484 259.37392234802246 565.8307495117188 259.37392234802246
568.0118408203125 244.515869140625 585.6985111236572 244.515869140625 585.6985111236572 260.79942893981934 568.0118408203125 260.79942893981934
569.837646484375 246.7971649169922 586.6429710388184 246.7971649169922 586.6429710388184 263.8709373474121 569.837646484375 263.8709373474121
572.68798828125 247.0669708251953 589.4301719665527 247.0669708251953 589.4301719665527 264.6372241973877 572.68798828125 264.6372241973877
574.2554321289062 247.2813262939453 592.4189929962158 247.2813262939453 592.4189929962158 264.91318702697754 574.2554321289062 264.91318702697754
576.0301513671875 246.770263671875 593.6763954162598 246.770263671875 593.6763954162598 263.5269355773926 576.0301513671875 263.5269355773926
577.3112182617188 246.617919921875 595.1245098114014 246.617919921875 595.1245098114014 264.20001220703125 577.3112182617188 264.20001220703125
578.85009765625 246.3494873046875 596.9494647979736 246.3494873046875 596.9494647979736 263.4130058288574 578.85009765625 263.4130058288574
580.1495971679688 248.1780242919922 598.7046413421631 248.1780242919922 598.7046413421631 264.643518447876 580.1495971679688 264.643518447876
582.7743530273438 249.95016479492188 599.6412048339844 249.95016479492188 599.6412048339844 266.50747299194336 582.7743530273438 266.50747299194336
585.1396484375 252.54226684570312 601.319019317627 252.54226684570312 601.319019317627 268.64965629577637 585.1396484375 268.64965629577637
585.845703125 252.94540405273438 602.923755645752 252.94540405273438 602.923755645752 269.4134407043457 585.845703125 269.4134407043457
587.3843383789062 252.238037109375 604.2049293518066 252.238037109375 604.2049293518066 268.0719633102417 587.3843383789062 268.0719633102417
588.7371826171875 252.31741333007812 605.9995250701904 252.31741333007812 605.9995250701904 267.8232364654541 588.7371826171875 267.8232364654541
590.6664428710938 252.01321411132812 607.6648502349854 252.01321411132812 607.6648502349854 267.76547718048096 590.6664428710938 267.76547718048096
592.748779296875 252.654052734375 609.7231864929199 252.654052734375 609.7231864929199 267.1060838699341 592.748779296875 267.1060838699341
