158.0 338.0 171.0 338.0 171.0 385.0 158.0 385.0
159.9989776611328 338.2398376464844 172.99773406982422 338.2398376464844 172.99773406982422 385.56128692626953 159.9989776611328 385.56128692626953
162.577392578125 339.72088623046875 174.7055959701538 339.72088623046875 174.7055959701538 385.5237159729004 162.577392578125 385.5237159729004
165.60482788085938 341.35406494140625 177.97872352600098 341.35406494140625 177.97872352600098 387.3336067199707 165.60482788085938 387.3336067199707
168.2071990966797 339.52593994140625 180.71209716796875 339.52593994140625 180.71209716796875 389.01428604125977 168.2071990966797 389.01428604125977
170.08529663085938 340.23291015625 182.7786407470703 340.23291015625 182.7786407470703 386.12422943115234 170.08529663085938 386.12422943115234
173.16421508789062 340.5400390625 185.44219589233398 340.5400390625 185.44219589233398 389.3534164428711 173.16421508789062 389.3534164428711
175.92971801757812 340.9919128417969 189.03696250915527 340.9919128417969 189.03696250915527 389.2863960266113 175.92971801757812 389.2863960266113
178.0822296142578 342.591064453125 190.5072898864746 342.591064453125 190.5072898864746 389.1074104309082 178.0822296142578 389.1074104309082
180.48629760742188 342.9151611328125 192.936429977417 342.9151611328125 192.936429977417 391.41675567626953 180.48629760742188 391.41675567626953
183.77743530273438 344.021728515625 195.96149444580078 344.021728515625 195.96149444580078 393.25853729248047 183.77743530273438 393.25853729248047
187.8505401611328 343.49114990234375 199.5198745727539 343.49114990234375 199.5198745727539 392.038272857666 187.8505401611328 392.038272857666
190.65673828125 344.0814208984375 202.62877464294434 344.0814208984375 202.62877464294434 390.90223693847656 190.65673828125 390.90223693847656
193.32431030273438 344.2755126953125 205.0879421234131 344.2755126953125 205.0879421234131 391.96387481689453 193.32431030273438 391.96387481689453
196.8704376220703 346.0751037597656 209.48646926879883 346.0751037597656 209.48646926879883 390.5248107910156 196.8704376220703 390.5248107910156
199.4395294189453 347.50567626953125 211.5297336578369 347.50567626953125 211.5297336578369 389.70597076416016 199.4395294189453 389.70597076416016
201.8984375 346.5191955566406 214.38903331756592 346.5191955566406 214.38903331756592 389.763729095459 201.8984375 389.763729095459
205.98800659179688 348.84893798828125 217.71704292297363 348.84893798828125 217.71704292297363 391.4189567565918 205.98800659179688 391.4189567565918
207.8363494873047 347.76458740234375 219.8628911972046 347.76458740234375 219.8628911972046 393.8046340942383 207.8363494873047 393.8046340942383
211.08154296875 349.0320739746094 223.14239311218262 349.0320739746094 223.14239311218262 391.56204986572266 211.08154296875 391.56204986572266
214.5299835205078 349.1034240722656 226.5960636138916 349.1034240722656 226.5960636138916 394.6885871887207 214.5299835205078 394.6885871887207
216.4641876220703 350.9440002441406 229.32435607910156 350.9440002441406 229.32435607910156 396.297306060791 216.4641876220703 396.297306060791
220.34945678710938 351.2620544433594 232.4185619354248 351.2620544433594 232.4185619354248 398.08259201049805 220.34945678710938 398.08259201049805
223.96932983398438 351.4779052734375 235.80235481262207 351.4779052734375 235.80235481262207 398.44922637939453 223.96932983398438 398.44922637939453
226.7515106201172 352.06939697265625 238.38022422790527 352.06939697265625 238.38022422790527 399.6836853027344 226.7515106201172 399.6836853027344
229.7885284423828 353.02874755859375 242.14066219329834 353.02874755859375 242.14066219329834 398.32167053222656 229.7885284423828 398.32167053222656
232.19775390625 353.5727233886719 244.6808681488037 353.5727233886719 244.6808681488037 400.3279724121094 232.19775390625 400.3279724121094
235.7388916015625 354.80413818359375 248.73453998565674 354.80413818359375 248.73453998565674 403.13262939453125 235.7388916015625 403.13262939453125
238.0626678466797 354.1875915527344 250.3756923675537 354.1875915527344 250.3756923675537 399.470890045166 238.0626678466797 399.470890045166
241.027587890625 355.4739990234375 253.6447582244873 355.4739990234375 253.6447582244873 399.18455505371094 241.027587890625 399.18455505371094
244.40219116210938 356.8662414550781 256.8534460067749 356.8662414550781 256.8534460067749 397.95520782470703 244.40219116210938 397.95520782470703
246.978271484375 357.7063903808594 260.84452629089355 357.7063903808594 260.84452629089355 399.06750106811523 246.978271484375 399.06750106811523
249.4864501953125 356.48333740234375 262.572979927063 356.48333740234375 262.572979927063 399.0309600830078 249.4864501953125 399.0309600830078
254.12673950195312 356.7153625488281 266.41028785705566 356.7153625488281 266.41028785705566 401.12511825561523 254.12673950195312 401.12511825561523
255.1955108642578 356.0450744628906 268.9682159423828 356.0450744628906 268.9682159423828 400.53521728515625 255.1955108642578 400.53521728515625
258.34710693359375 357.2933044433594 271.8787136077881 357.2933044433594 271.8787136077881 401.4618606567383 258.34710693359375 401.4618606567383
260.3382873535156 357.4936828613281 273.8581771850586 357.4936828613281 273.8581771850586 400.50865936279297 260.3382873535156 400.50865936279297
264.2019348144531 357.4857482910156 277.2417907714844 357.4857482910156 277.2417907714844 402.46613693237305 264.2019348144531 402.46613693237305
268.5522155761719 361.5187683105469 280.8369369506836 361.5187683105469 280.8369369506836 402.4340934753418 268.5522155761719 402.4340934753418
271.5972595214844 361.05682373046875 283.72875785827637 361.05682373046875 283.72875785827637 402.6082458496094 271.5972595214844 402.6082458496094
275.8053283691406 361.802490234375 288.2544412612915 361.802490234375 288.2544412612915 405.36236572265625 275.8053283691406 405.36236572265625
279.47479248046875 361.32196044921875 291.7353687286377 361.32196044921875 291.7353687286377 403.9512138366699 279.47479248046875 403.9512138366699
282.30242919921875 361.6032409667969 294.1477909088135 361.6032409667969 294.1477909088135 404.029842376709 282.30242919921875 404.029842376709
284.39837646484375 362.0560607910156 296.33812141418457 362.0560607910156 296.33812141418457 405.47566986083984 284.39837646484375 405.47566986083984
289.10931396484375 364.54949951171875 300.82499504089355 364.54949951171875 300.82499504089355 406.4668884277344 289.10931396484375 406.4668884277344
292.2796325683594 364.5368957519531 305.1542911529541 364.5368957519531 305.1542911529541 410.9321479797363 292.2796325683594 410.9321479797363
294.2356262207031 365.92333984375 307.0453701019287 365.92333984375 307.0453701019287 408.6502799987793 294.2356262207031 408.6502799987793
297.12139892578125 364.06036376953125 309.9958448410034 364.06036376953125 309.9958448410034 408.7199058532715 297.12139892578125 408.7199058532715
300.34210205078125 364.4762268066406 313.70659160614014 364.4762268066406 313.70659160614014 408.799617767334 300.34210205078125 408.799617767334
303.5423889160156 366.1201171875 315.6672420501709 366.1201171875 315.6672420501709 409.4453773498535 303.5423889160156 409.4453773498535
307.053466796875 365.25360107421875 319.7978000640869 365.25360107421875 319.7978000640869 410.7774887084961 307.053466796875 410.7774887084961
310.58843994140625 365.8553771972656 323.50371742248535 365.8553771972656 323.50371742248535 410.9681205749512 310.58843994140625 410.9681205749512
311.9333190917969 365.767578125 325.3513584136963 365.767578125 325.3513584136963 408.5642547607422 311.9333190917969 408.5642547607422
315.39202880859375 365.2013244628906 327.8793001174927 365.2013244628906 327.8793001174927 410.5766830444336 315.39202880859375 410.5766830444336
318.7904357910156 367.0804138183594 331.5207929611206 367.0804138183594 331.5207929611206 410.9907760620117 318.7904357910156 410.9907760620117
321.9469299316406 366.688232421875 334.4315423965454 366.688232421875 334.4315423965454 410.3806343078613 321.9469299316406 410.3806343078613
324.7635192871094 366.3341064453125 337.0294647216797 366.3341064453125 337.0294647216797 410.7642936706543 324.7635192871094 410.7642936706543
328.9630126953125 369.8072814941406 341.136323928833 369.8072814941406 341.136323928833 410.1823959350586 328.9630126953125 410.1823959350586
332.0252685546875 369.5783386230469 345.33262634277344 369.5783386230469 345.33262634277344 410.55220794677734 332.0252685546875 410.55220794677734
334.05792236328125 369.98095703125 346.9409427642822 369.98095703125 346.9409427642822 412.0147247314453 334.05792236328125 412.0147247314453
338.29241943359375 371.66656494140625 351.21714782714844 371.66656494140625 351.21714782714844 414.62483978271484 338.29241943359375 414.62483978271484
340.72711181640625 371.0439453125 353.4494638442993 371.0439453125 353.4494638442993 413.1624870300293 340.72711181640625 413.1624870300293
343.5738525390625 371.1079406738281 356.51505279541016 371.1079406738281 356.51505279541016 413.15966033935547 343.5738525390625 413.15966033935547
347.1413879394531 370.5274963378906 360.32213401794434 370.5274963378906 360.32213401794434 411.3951187133789 347.1413879394531 411.3951187133789
349.4831237792969 369.9505920410156 361.7823028564453 369.9505920410156 361.7823028564453 413.75829696655273 349.4831237792969 413.75829696655273
352.4576110839844 371.68603515625 364.8740587234497 371.68603515625 364.8740587234497 414.11170196533203 352.4576110839844 414.11170196533203
354.7202453613281 370.9727478027344 366.66003704071045 370.9727478027344 366.66003704071045 413.06377029418945 354.7202453613281 413.06377029418945
358.2099304199219 371.36297607421875 370.8047161102295 371.36297607421875 370.8047161102295 416.5207328796387 358.2099304199219 416.5207328796387
360.61883544921875 369.99285888671875 373.6124677658081 369.99285888671875 373.6124677658081 415.2717056274414 360.61883544921875 415.2717056274414
363.7568664550781 370.154052734375 376.1589107513428 370.154052734375 376.1589107513428 415.0349235534668 363.7568664550781 415.0349235534668
366.1429748535156 368.92889404296875 379.5476427078247 368.92889404296875 379.5476427078247 412.7286491394043 366.1429748535156 412.7286491394043
369.92596435546875 364.04486083984375 382.57480907440186 364.04486083984375 382.57480907440186 410.87108612060547 369.92596435546875 410.87108612060547
372.58978271484375 362.427978515625 385.3833341598511 362.427978515625 385.3833341598511 407.4703369140625 372.58978271484375 407.4703369140625
373.806884765625 359.82684326171875 386.138222694397 359.82684326171875 386.138222694397 405.7905693054199 373.806884765625 405.7905693054199
375.58734130859375 357.98370361328125 387.3442335128784 357.98370361328125 387.3442335128784 399.22463607788086 375.58734130859375 399.22463607788086
380.5750732421875 355.8999938964844 392.8169803619385 355.8999938964844 392.8169803619385 398.4391326904297 380.5750732421875 398.4391326904297
382.2657775878906 351.9515380859375 394.3705711364746 351.9515380859375 394.3705711364746 395.7149963378906 382.2657775878906 395.7149963378906
382.48260498046875 349.0462341308594 394.0749559402466 349.0462341308594 394.0749559402466 392.01688385009766 382.48260498046875 392.01688385009766
388.51129150390625 344.34906005859375 399.57394790649414 344.34906005859375 399.57394790649414 386.0202751159668 388.51129150390625 386.0202751159668
391.5890197753906 339.92706298828125 402.548791885376 339.92706298828125 402.548791885376 385.3140869140625 391.5890197753906 385.3140869140625
393.6968078613281 337.8802795410156 405.28314685821533 337.8802795410156 405.28314685821533 381.3814392089844 393.6968078613281 381.3814392089844
394.52947998046875 334.63946533203125 406.84338665008545 334.63946533203125 406.84338665008545 381.18408966064453 394.52947998046875 381.18408966064453
397.736572265625 328.80023193359375 410.0746126174927 328.80023193359375 410.0746126174927 373.40697479248047 397.736572265625 373.40697479248047
401.33563232421875 327.9612121582031 412.8317050933838 327.9612121582031 412.8317050933838 374.24665451049805 401.33563232421875 374.24665451049805
403.913818359375 326.5811767578125 415.8607988357544 326.5811767578125 415.8607988357544 367.95584869384766 403.913818359375 367.95584869384766
405.7786560058594 321.5446472167969 417.5687494277954 321.5446472167969 417.5687494277954 363.7230911254883 405.7786560058594 363.7230911254883
409.77423095703125 315.457275390625 422.2990093231201 315.457275390625 422.2990093231201 361.0649299621582 409.77423095703125 361.0649299621582
411.51470947265625 314.27447509765625 423.5995635986328 314.27447509765625 423.5995635986328 357.4595184326172 411.51470947265625 357.4595184326172
413.43292236328125 310.393310546875 425.7227306365967 310.393310546875 425.7227306365967 355.2646369934082 413.43292236328125 355.2646369934082
415.7796936035156 306.64190673828125 426.8953685760498 306.64190673828125 426.8953685760498 350.8980598449707 415.7796936035156 350.8980598449707
416.674560546875 303.23211669921875 427.68094635009766 303.23211669921875 427.68094635009766 349.2938804626465 416.674560546875 349.2938804626465
422.6400451660156 296.4735412597656 435.3532419204712 296.4735412597656 435.3532419204712 342.43660736083984 422.6400451660156 342.43660736083984
424.4021911621094 292.72113037109375 436.43617820739746 292.72113037109375 436.43617820739746 336.4383888244629 424.4021911621094 336.4383888244629
425.159912109375 290.870849609375 436.81866931915283 290.870849609375 436.81866931915283 337.04407501220703 425.159912109375 337.04407501220703
427.3539123535156 288.84588623046875 438.7910633087158 288.84588623046875 438.7910633087158 333.76677322387695 427.3539123535156 333.76677322387695
431.72869873046875 286.87109375 443.4164447784424 286.87109375 443.4164447784424 330.08003997802734 431.72869873046875 330.08003997802734
431.73468017578125 283.0921325683594 443.6234359741211 283.0921325683594 443.6234359741211 328.0540657043457 431.73468017578125 328.0540657043457
435.73162841796875 275.08685302734375 448.56432056427 275.08685302734375 448.56432056427 321.48194122314453 435.73162841796875 321.48194122314453
439.07696533203125 273.90966796875 451.8503084182739 273.90966796875 451.8503084182739 320.0901870727539 439.07696533203125 320.0901870727539
439.25018310546875 274.6344909667969 451.01934242248535 274.6344909667969 451.01934242248535 316.81789779663086 439.25018310546875 316.81789779663086
441.17919921875 266.6542053222656 453.52229404449463 266.6542053222656 453.52229404449463 311.67528533935547 441.17919921875 311.67528533935547
445.10955810546875 264.86016845703125 456.6270217895508 264.86016845703125 456.6270217895508 309.28284454345703 445.10955810546875 309.28284454345703
445.00360107421875 258.5310974121094 457.51257705688477 258.5310974121094 457.51257705688477 302.7278366088867 445.00360107421875 302.7278366088867
450.1942443847656 254.1769561767578 462.18446254730225 254.1769561767578 462.18446254730225 300.9520492553711 450.1942443847656 300.9520492553711
452.33599853515625 250.29296875 465.6421003341675 250.29296875 465.6421003341675 297.1550521850586 452.33599853515625 297.1550521850586
452.7273864746094 249.24044799804688 465.9415340423584 249.24044799804688 465.9415340423584 295.93725204467773 452.7273864746094 295.93725204467773
454.226318359375 245.8442840576172 467.7872142791748 245.8442840576172 467.7872142791748 291.68272399902344 454.226318359375 291.68272399902344
455.8999938964844 241.52084350585938 469.3989305496216 241.52084350585938 469.3989305496216 287.27827072143555 455.8999938964844 287.27827072143555
461.7174377441406 235.16549682617188 474.6948871612549 235.16549682617188 474.6948871612549 281.1072807312012 461.7174377441406 281.1072807312012
463.44293212890625 232.7749481201172 475.9886894226074 232.7749481201172 475.9886894226074 279.4253463745117 463.44293212890625 279.4253463745117
463.8753967285156 228.82125854492188 476.5639457702637 228.82125854492188 476.5639457702637 277.7326126098633 463.8753967285156 277.7326126098633
464.9203186035156 225.92282104492188 477.7488651275635 225.92282104492188 477.7488651275635 274.2840461730957 464.9203186035156 274.2840461730957
467.96563720703125 219.9302215576172 481.00968170166016 219.9302215576172 481.00968170166016 267.52137756347656 467.96563720703125 267.52137756347656
469.47686767578125 214.57412719726562 481.7361888885498 214.57412719726562 481.7361888885498 263.9590759277344 469.47686767578125 263.9590759277344
470.65838623046875 211.50131225585938 483.30483055114746 211.50131225585938 483.30483055114746 258.2609634399414 470.65838623046875 258.2609634399414
473.73199462890625 209.63296508789062 486.35874366760254 209.63296508789062 486.35874366760254 253.96939849853516 473.73199462890625 253.96939849853516
471.6048278808594 207.3778076171875 484.9150791168213 207.3778076171875 484.9150791168213 252.50840377807617 471.6048278808594 252.50840377807617
478.130859375 202.6023406982422 491.0110607147217 202.6023406982422 491.0110607147217 251.32456970214844 478.130859375 251.32456970214844
479.708984375 198.61404418945312 492.4140567779541 198.61404418945312 492.4140567779541 246.79669952392578 479.708984375 246.79669952392578
478.89697265625 193.4625244140625 491.19051456451416 193.4625244140625 491.19051456451416 241.35241317749023 478.89697265625 241.35241317749023
477.378662109375 188.75621032714844 489.31403636932373 188.75621032714844 489.31403636932373 234.60797882080078 477.378662109375 234.60797882080078
478.36639404296875 185.45848083496094 490.03003215789795 185.45848083496094 490.03003215789795 230.7073516845703 478.36639404296875 230.7073516845703
477.798583984375 179.2942657470703 489.819055557251 179.2942657470703 489.819055557251 222.84490585327148 477.798583984375 222.84490585327148
478.54638671875 169.98265075683594 490.7335786819458 169.98265075683594 490.7335786819458 217.18804550170898 478.54638671875 217.18804550170898
478.465087890625 167.41517639160156 489.9654598236084 167.41517639160156 489.9654598236084 213.5157356262207 478.465087890625 213.5157356262207
478.5595703125 159.15191650390625 490.1031436920166 159.15191650390625 490.1031436920166 205.6672019958496 478.5595703125 205.6672019958496
478.35479736328125 155.34423828125 490.1987495422363 155.34423828125 490.1987495422363 202.74126434326172 478.35479736328125 202.74126434326172
478.74383544921875 150.39688110351562 491.3774356842041 150.39688110351562 491.3774356842041 198.74553680419922 478.74383544921875 198.74553680419922
479.72125244140625 148.7240447998047 492.54479789733887 148.7240447998047 492.54479789733887 197.8356475830078 479.72125244140625 197.8356475830078
480.3827209472656 150.65945434570312 492.70816230773926 150.65945434570312 492.70816230773926 199.41338348388672 480.3827209472656 199.41338348388672
480.72479248046875 151.12307739257812 492.78415870666504 151.12307739257812 492.78415870666504 199.8386344909668 480.72479248046875 199.8386344909668
481.3409118652344 150.4447479248047 492.97526359558105 150.4447479248047 492.97526359558105 198.9956283569336 481.3409118652344 198.9956283569336
482.0768127441406 151.04983520507812 493.8457489013672 151.04983520507812 493.8457489013672 198.73648834228516 482.0768127441406 198.73648834228516
483.32257080078125 148.192626953125 495.27509117126465 148.192626953125 495.27509117126465 197.86962127685547 483.32257080078125 197.86962127685547
482.968994140625 150.05003356933594 494.9404249191284 150.05003356933594 494.9404249191284 198.17062759399414 482.968994140625 198.17062759399414
484.216552734375 151.7114715576172 496.65666580200195 151.7114715576172 496.65666580200195 200.34436798095703 484.216552734375 200.34436798095703
483.97637939453125 149.2919921875 496.1704616546631 149.2919921875 496.1704616546631 198.1449966430664 483.97637939453125 198.1449966430664
486.30419921875 150.15237426757812 498.55827617645264 150.15237426757812 498.55827617645264 198.38402557373047 486.30419921875 198.38402557373047
487.40008544921875 150.00205993652344 499.9100980758667 150.00205993652344 499.9100980758667 198.10213470458984 487.40008544921875 198.10213470458984
487.9850158691406 150.92987060546875 500.5859851837158 150.92987060546875 500.5859851837158 199.26261138916016 487.9850158691406 199.26261138916016
489.9847106933594 150.74118041992188 502.2804889678955 150.74118041992188 502.2804889678955 200.65304946899414 489.9847106933594 200.65304946899414
490.7542419433594 148.95791625976562 502.21144676208496 148.95791625976562 502.21144676208496 198.32600021362305 490.7542419433594 198.32600021362305
491.03973388671875 147.40090942382812 502.3447275161743 147.40090942382812 502.3447275161743 197.17007064819336 491.03973388671875 197.17007064819336
491.97845458984375 150.0084228515625 503.05878257751465 150.0084228515625 503.05878257751465 198.01760482788086 491.97845458984375 198.01760482788086
491.89825439453125 149.2322998046875 503.5855464935303 149.2322998046875 503.5855464935303 199.77368927001953 491.89825439453125 199.77368927001953
491.8819885253906 148.71316528320312 503.46337699890137 148.71316528320312 503.46337699890137 198.44293594360352 491.8819885253906 198.44293594360352
491.80853271484375 148.49476623535156 503.287561416626 148.49476623535156 503.287561416626 198.5181427001953 491.80853271484375 198.5181427001953
492.45855712890625 148.9492645263672 504.37817096710205 148.9492645263672 504.37817096710205 200.68846130371094 492.45855712890625 200.68846130371094
491.623046875 146.28111267089844 503.2436761856079 146.28111267089844 503.2436761856079 198.16064071655273 491.623046875 198.16064071655273
483.7691345214844 153.25265502929688 497.42033863067627 153.25265502929688 497.42033863067627 196.9781379699707 483.7691345214844 196.9781379699707
474.7103576660156 145.76145935058594 487.71968269348145 145.76145935058594 487.71968269348145 195.56424713134766 474.7103576660156 195.56424713134766
468.8045959472656 151.2187042236328 482.94347858428955 151.2187042236328 482.94347858428955 195.4773941040039 468.8045959472656 195.4773941040039
459.10101318359375 151.451171875 473.3914031982422 151.451171875 473.3914031982422 194.91028594970703 459.10101318359375 194.91028594970703
453.4107360839844 152.01248168945312 467.76031494140625 152.01248168945312 467.76031494140625 198.27468872070312 453.4107360839844 198.27468872070312
447.89190673828125 149.97723388671875 462.670072555542 149.97723388671875 462.670072555542 196.37520599365234 447.89190673828125 196.37520599365234
440.4395446777344 149.97459411621094 454.01620292663574 149.97459411621094 454.01620292663574 193.89797592163086 440.4395446777344 193.89797592163086
432.9139099121094 152.2086639404297 447.3206386566162 152.2086639404297 447.3206386566162 196.9792823791504 432.9139099121094 196.9792823791504
426.38934326171875 148.83116149902344 441.05562114715576 148.83116149902344 441.05562114715576 195.4744758605957 426.38934326171875 195.4744758605957
418.9742126464844 147.75613403320312 433.1531648635864 147.75613403320312 433.1531648635864 194.49326705932617 418.9742126464844 194.49326705932617
410.824951171875 152.35870361328125 425.29436683654785 152.35870361328125 425.29436683654785 197.65562438964844 410.824951171875 197.65562438964844
405.5758361816406 148.9805908203125 419.88564109802246 148.9805908203125 419.88564109802246 199.25797653198242 405.5758361816406 199.25797653198242
394.8032531738281 147.03128051757812 409.2874174118042 147.03128051757812 409.2874174118042 194.00258255004883 394.8032531738281 194.00258255004883
391.6409606933594 148.0960693359375 406.82051277160645 148.0960693359375 406.82051277160645 197.06577682495117 391.6409606933594 197.06577682495117
381.9422302246094 149.10739135742188 397.0677824020386 149.10739135742188 397.0677824020386 198.09936141967773 381.9422302246094 198.09936141967773
373.57354736328125 147.40673828125 389.29980182647705 147.40673828125 389.29980182647705 200.0438003540039 373.57354736328125 200.0438003540039
367.3172607421875 148.68959045410156 382.6455488204956 148.68959045410156 382.6455488204956 202.3075408935547 367.3172607421875 202.3075408935547
360.8789978027344 149.98919677734375 377.07895278930664 149.98919677734375 377.07895278930664 205.47057342529297 360.8789978027344 205.47057342529297
354.5027770996094 149.85403442382812 370.0941524505615 149.85403442382812 370.0941524505615 206.14041137695312 354.5027770996094 206.14041137695312
345.1705322265625 147.9913330078125 361.1965980529785 147.9913330078125 361.1965980529785 202.66939544677734 345.1705322265625 202.66939544677734
342.80523681640625 147.36148071289062 358.32738971710205 147.36148071289062 358.32738971710205 203.05803680419922 342.80523681640625 203.05803680419922
333.53680419921875 146.23655700683594 350.2428169250488 146.23655700683594 350.2428169250488 204.25152206420898 333.53680419921875 204.25152206420898
323.26910400390625 145.0124969482422 339.4525737762451 145.0124969482422 339.4525737762451 204.0010643005371 323.26910400390625 204.0010643005371
314.697998046875 145.1083526611328 331.39588737487793 145.1083526611328 331.39588737487793 201.42205047607422 314.697998046875 201.42205047607422
310.11602783203125 143.43240356445312 326.59002113342285 143.43240356445312 326.59002113342285 200.76262664794922 310.11602783203125 200.76262664794922
302.96466064453125 145.874267578125 319.0437355041504 145.874267578125 319.0437355041504 200.81488800048828 302.96466064453125 200.81488800048828
299.5257263183594 146.58804321289062 315.4654178619385 146.58804321289062 315.4654178619385 203.11917114257812 299.5257263183594 203.11917114257812
293.610107421875 147.51190185546875 309.6478900909424 147.51190185546875 309.6478900909424 204.83448028564453 293.610107421875 204.83448028564453
285.56805419921875 146.36587524414062 301.4588146209717 146.36587524414062 301.4588146209717 204.341796875 285.56805419921875 204.341796875
276.3647766113281 148.45907592773438 292.1054286956787 148.45907592773438 292.1054286956787 203.50711059570312 276.3647766113281 203.50711059570312
268.1706237792969 147.2649688720703 283.27649879455566 147.2649688720703 283.27649879455566 204.85609436035156 268.1706237792969 204.85609436035156
261.3499755859375 143.8089141845703 276.64385509490967 143.8089141845703 276.64385509490967 201.96904754638672 261.3499755859375 201.96904754638672
255.17080688476562 147.17340087890625 270.74271869659424 147.17340087890625 270.74271869659424 206.4244384765625 255.17080688476562 206.4244384765625
248.47494506835938 146.17803955078125 264.3422451019287 146.17803955078125 264.3422451019287 204.95862579345703 248.47494506835938 204.95862579345703
240.7762451171875 147.92257690429688 256.5825595855713 147.92257690429688 256.5825595855713 208.23611450195312 240.7762451171875 208.23611450195312
233.7890167236328 146.66712951660156 250.33628273010254 146.66712951660156 250.33628273010254 208.0632095336914 233.7890167236328 208.0632095336914
227.2194061279297 148.20578002929688 244.06428146362305 148.20578002929688 244.06428146362305 208.52761840820312 227.2194061279297 208.52761840820312
217.5617218017578 149.5063018798828 234.69048690795898 149.5063018798828 234.69048690795898 210.0805206298828 217.5617218017578 210.0805206298828
203.01754760742188 141.98464965820312 221.1245002746582 141.98464965820312 221.1245002746582 207.44822692871094 203.01754760742188 207.44822692871094
204.4238739013672 148.57070922851562 221.85090255737305 148.57070922851562 221.85090255737305 208.1065559387207 204.4238739013672 208.1065559387207
196.7056884765625 146.39022827148438 212.37182426452637 146.39022827148438 212.37182426452637 206.0180435180664 196.7056884765625 206.0180435180664
194.89047241210938 148.62313842773438 210.29541015625 148.62313842773438 210.29541015625 204.9063835144043 194.89047241210938 204.9063835144043
195.22666931152344 145.17752075195312 212.0261745452881 145.17752075195312 212.0261745452881 205.75797653198242 195.22666931152344 205.75797653198242
193.219482421875 142.8396453857422 211.3984375 142.8396453857422 211.3984375 208.56354522705078 193.219482421875 208.56354522705078
192.4870147705078 147.61614990234375 211.0420265197754 147.61614990234375 211.0420265197754 205.1353874206543 192.4870147705078 205.1353874206543
191.1686553955078 150.02047729492188 208.7323760986328 150.02047729492188 208.7323760986328 206.0031852722168 191.1686553955078 206.0031852722168
190.48866271972656 149.54776000976562 207.16941261291504 149.54776000976562 207.16941261291504 205.3098258972168 190.48866271972656 205.3098258972168
189.59544372558594 148.66075134277344 205.94091796875 148.66075134277344 205.94091796875 204.87298202514648 189.59544372558594 204.87298202514648
190.48410034179688 149.14230346679688 205.77617835998535 149.14230346679688 205.77617835998535 204.8127212524414 190.48410034179688 204.8127212524414
190.5876922607422 150.0964813232422 205.7851734161377 150.0964813232422 205.7851734161377 206.9160919189453 190.5876922607422 206.9160919189453
190.6837921142578 148.6649932861328 205.80497455596924 148.6649932861328 205.80497455596924 205.29479598999023 190.6837921142578 205.29479598999023
191.30545043945312 146.68734741210938 206.19934272766113 146.68734741210938 206.19934272766113 203.29541778564453 191.30545043945312 203.29541778564453
191.4662322998047 148.82652282714844 206.659930229187 148.82652282714844 206.659930229187 205.52902603149414 191.4662322998047 205.52902603149414
191.42344665527344 147.9038543701172 206.08395957946777 147.9038543701172 206.08395957946777 205.0659637451172 191.42344665527344 205.0659637451172
192.11936950683594 147.02609252929688 206.6502046585083 147.02609252929688 206.6502046585083 202.0136604309082 192.11936950683594 202.0136604309082
192.88307189941406 147.54025268554688 207.02855491638184 147.54025268554688 207.02855491638184 202.78220748901367 192.88307189941406 202.78220748901367
194.06625366210938 147.4647674560547 208.34714221954346 147.4647674560547 208.34714221954346 202.9091339111328 194.06625366210938 202.9091339111328
194.12660217285156 147.89039611816406 208.30750465393066 147.89039611816406 208.30750465393066 203.7997703552246 194.12660217285156 203.7997703552246
194.29837036132812 146.71961975097656 208.8431568145752 146.71961975097656 208.8431568145752 203.67765045166016 194.29837036132812 203.67765045166016
194.1066436767578 146.57640075683594 208.52426433563232 146.57640075683594 208.52426433563232 202.86844635009766 194.1066436767578 202.86844635009766
194.92279052734375 146.52281188964844 209.33672332763672 146.52281188964844 209.33672332763672 205.07270050048828 194.92279052734375 205.07270050048828
194.70584106445312 146.31253051757812 209.13764762878418 146.31253051757812 209.13764762878418 206.8825912475586 194.70584106445312 206.8825912475586
195.4717559814453 146.6633758544922 210.04693412780762 146.6633758544922 210.04693412780762 206.96752166748047 195.4717559814453 206.96752166748047
194.84910583496094 146.62847900390625 209.66545867919922 146.62847900390625 209.66545867919922 206.83495330810547 194.84910583496094 206.83495330810547
195.04356384277344 144.18031311035156 209.24112224578857 144.18031311035156 209.24112224578857 206.80432891845703 195.04356384277344 206.80432891845703
195.72235107421875 146.01223754882812 210.32287788391113 146.01223754882812 210.32287788391113 208.8619613647461 195.72235107421875 208.8619613647461
196.13571166992188 144.60678100585938 210.44176769256592 144.60678100585938 210.44176769256592 207.78512573242188 196.13571166992188 207.78512573242188
196.46600341796875 143.6941680908203 209.99934577941895 143.6941680908203 209.99934577941895 205.83148574829102 196.46600341796875 205.83148574829102
197.73312377929688 146.38876342773438 211.81936073303223 146.38876342773438 211.81936073303223 207.49970626831055 197.73312377929688 207.49970626831055
197.8424072265625 145.85337829589844 211.7269868850708 145.85337829589844 211.7269868850708 204.84186172485352 197.8424072265625 204.84186172485352
200.04415893554688 152.4439697265625 214.50492668151855 152.4439697265625 214.50492668151855 209.97777557373047 200.04415893554688 209.97777557373047
195.42222595214844 150.4253692626953 212.57075881958008 150.4253692626953 212.57075881958008 212.42388534545898 195.42222595214844 212.42388534545898
198.35348510742188 152.7795867919922 212.8899097442627 152.7795867919922 212.8899097442627 208.76739120483398 198.35348510742188 208.76739120483398
196.74496459960938 151.53965759277344 211.8677806854248 151.53965759277344 211.8677806854248 206.49046325683594 196.74496459960938 206.49046325683594
193.27392578125 149.14706420898438 209.69461631774902 149.14706420898438 209.69461631774902 203.70104217529297 193.27392578125 203.70104217529297
192.46910095214844 146.71920776367188 208.94699478149414 146.71920776367188 208.94699478149414 203.56460571289062 192.46910095214844 203.56460571289062
192.11276245117188 147.3743438720703 208.82313919067383 147.3743438720703 208.82313919067383 202.51955795288086 192.11276245117188 202.51955795288086
192.56375122070312 147.98129272460938 209.1203556060791 147.98129272460938 209.1203556060791 204.80526733398438 192.56375122070312 204.80526733398438
192.2935791015625 147.19821166992188 209.31574058532715 147.19821166992188 209.31574058532715 204.9810676574707 192.2935791015625 204.9810676574707
191.94485473632812 147.23635864257812 209.18596649169922 147.23635864257812 209.18596649169922 206.47283935546875 191.94485473632812 206.47283935546875
192.3719940185547 148.17051696777344 209.95931434631348 148.17051696777344 209.95931434631348 207.3962059020996 192.3719940185547 207.3962059020996
193.09420776367188 150.572998046875 210.765625 150.572998046875 210.765625 209.0052490234375 193.09420776367188 209.0052490234375
190.3695831298828 149.3220977783203 208.3278465270996 149.3220977783203 208.3278465270996 207.01475524902344 190.3695831298828 207.01475524902344
191.40335083007812 148.74172973632812 210.0632209777832 148.74172973632812 210.0632209777832 207.77164459228516 191.40335083007812 207.77164459228516
191.71173095703125 149.42127990722656 211.20964813232422 149.42127990722656 211.20964813232422 208.7107696533203 191.71173095703125 208.7107696533203
192.95272827148438 149.81582641601562 213.68824768066406 149.81582641601562 213.68824768066406 211.77131271362305 192.95272827148438 211.77131271362305
194.00244140625 150.65350341796875 214.76861190795898 150.65350341796875 214.76861190795898 212.6628646850586 194.00244140625 212.6628646850586
193.2428741455078 147.37002563476562 215.3334617614746 147.37002563476562 215.3334617614746 211.51315307617188 193.2428741455078 211.51315307617188
193.4591522216797 148.7199249267578 215.33665084838867 148.7199249267578 215.33665084838867 213.676025390625 193.4591522216797 213.676025390625
193.5030517578125 150.29087829589844 215.0173454284668 150.29087829589844 215.0173454284668 214.2937240600586 193.5030517578125 214.2937240600586
193.51437377929688 148.7203369140625 215.43719673156738 148.7203369140625 215.43719673156738 212.3714828491211 193.51437377929688 212.3714828491211
193.31483459472656 149.79940795898438 214.31078720092773 149.79940795898438 214.31078720092773 213.88414001464844 193.31483459472656 213.88414001464844
191.7655792236328 148.70181274414062 213.31656646728516 148.70181274414062 213.31656646728516 211.33875274658203 191.7655792236328 211.33875274658203
193.15428161621094 148.02224731445312 215.0094223022461 148.02224731445312 215.0094223022461 214.03883361816406 193.15428161621094 214.03883361816406
192.38829040527344 148.1302490234375 213.94091033935547 148.1302490234375 213.94091033935547 212.95254516601562 192.38829040527344 212.95254516601562
193.2019500732422 148.18411254882812 214.37680435180664 148.18411254882812 214.37680435180664 213.35899353027344 193.2019500732422 213.35899353027344
193.530029296875 147.5608673095703 214.93201065063477 147.5608673095703 214.93201065063477 213.84268188476562 193.530029296875 213.84268188476562
193.95008850097656 147.05001831054688 214.44265174865723 147.05001831054688 214.44265174865723 212.98676300048828 193.95008850097656 212.98676300048828
194.6270751953125 144.97048950195312 215.16687774658203 144.97048950195312 215.16687774658203 213.4986114501953 194.6270751953125 213.4986114501953
195.93484497070312 146.12071228027344 215.45213317871094 146.12071228027344 215.45213317871094 214.08120727539062 195.93484497070312 214.08120727539062
196.8630828857422 144.5920867919922 215.92009925842285 144.5920867919922 215.92009925842285 211.91863250732422 196.8630828857422 211.91863250732422
198.60301208496094 143.1725616455078 217.3058795928955 143.1725616455078 217.3058795928955 212.05975341796875 198.60301208496094 212.05975341796875
199.06704711914062 143.26596069335938 218.0283031463623 143.26596069335938 218.0283031463623 212.69219970703125 199.06704711914062 212.69219970703125
199.91934204101562 143.20252990722656 218.91127967834473 143.20252990722656 218.91127967834473 213.55274963378906 199.91934204101562 213.55274963378906
200.8051300048828 144.31640625 218.77215766906738 144.31640625 218.77215766906738 213.68931579589844 200.8051300048828 213.68931579589844
201.14950561523438 142.29208374023438 220.12663078308105 142.29208374023438 220.12663078308105 213.4400177001953 201.14950561523438 213.4400177001953
200.8172149658203 142.4540252685547 219.50115203857422 142.4540252685547 219.50115203857422 210.29580688476562 200.8172149658203 210.29580688476562
201.85971069335938 143.51864624023438 220.6155948638916 143.51864624023438 220.6155948638916 210.9196319580078 201.85971069335938 210.9196319580078
201.66087341308594 143.91273498535156 220.92439079284668 143.91273498535156 220.92439079284668 211.46112060546875 201.66087341308594 211.46112060546875
203.502197265625 144.610595703125 221.85834312438965 144.610595703125 221.85834312438965 212.4965057373047 203.502197265625 212.4965057373047
203.2071533203125 142.0546112060547 222.25240516662598 142.0546112060547 222.25240516662598 212.32827758789062 203.2071533203125 212.32827758789062
203.92868041992188 141.63717651367188 223.23906326293945 141.63717651367188 223.23906326293945 214.2390594482422 203.92868041992188 214.2390594482422
203.7716064453125 143.2601776123047 222.76279258728027 143.2601776123047 222.76279258728027 214.53285217285156 203.7716064453125 214.53285217285156
203.7353515625 140.3145751953125 223.51382446289062 140.3145751953125 223.51382446289062 216.00030517578125 203.7353515625 216.00030517578125
202.3232879638672 141.67141723632812 221.79356002807617 141.67141723632812 221.79356002807617 212.93377685546875 202.3232879638672 212.93377685546875
200.97518920898438 140.89346313476562 220.32783126831055 140.89346313476562 220.32783126831055 212.7780303955078 200.97518920898438 212.7780303955078
200.91932678222656 138.97598266601562 220.5135154724121 138.97598266601562 220.5135154724121 213.53250122070312 200.91932678222656 213.53250122070312
199.6352996826172 139.96890258789062 220.20773696899414 139.96890258789062 220.20773696899414 214.65328979492188 199.6352996826172 214.65328979492188
200.33712768554688 140.73834228515625 220.44383239746094 140.73834228515625 220.44383239746094 214.27043914794922 200.33712768554688 214.27043914794922
200.03646850585938 140.23069763183594 219.46582984924316 140.23069763183594 219.46582984924316 213.77981567382812 200.03646850585938 213.77981567382812
199.0113525390625 140.2618408203125 218.9351634979248 140.2618408203125 218.9351634979248 212.1231231689453 199.0113525390625 212.1231231689453
198.97589111328125 141.6739501953125 219.0352725982666 141.6739501953125 219.0352725982666 213.4290771484375 198.97589111328125 213.4290771484375
197.8804931640625 142.1358184814453 217.5098648071289 142.1358184814453 217.5098648071289 214.47818756103516 197.8804931640625 214.47818756103516
198.3024444580078 143.3299102783203 217.42391204833984 143.3299102783203 217.42391204833984 214.78351593017578 198.3024444580078 214.78351593017578
196.5746612548828 144.17909240722656 215.71884155273438 144.17909240722656 215.71884155273438 213.93195343017578 196.5746612548828 213.93195343017578
194.5579071044922 142.44216918945312 213.32149505615234 142.44216918945312 213.32149505615234 212.29566955566406 194.5579071044922 212.29566955566406
192.1663818359375 143.12301635742188 212.00322341918945 143.12301635742188 212.00322341918945 213.64679718017578 192.1663818359375 213.64679718017578
190.27676391601562 143.5267333984375 209.1632595062256 143.5267333984375 209.1632595062256 210.974609375 190.27676391601562 210.974609375
188.92230224609375 143.67129516601562 208.21774864196777 143.67129516601562 208.21774864196777 213.36554718017578 188.92230224609375 213.36554718017578
188.2357940673828 143.98629760742188 207.96508407592773 143.98629760742188 207.96508407592773 213.84194946289062 188.2357940673828 213.84194946289062
186.92857360839844 145.0548095703125 205.8999900817871 145.0548095703125 205.8999900817871 213.1607894897461 186.92857360839844 213.1607894897461
186.27047729492188 143.73464965820312 205.79406547546387 143.73464965820312 205.79406547546387 213.41670989990234 186.27047729492188 213.41670989990234
185.88772583007812 142.76051330566406 206.18783569335938 142.76051330566406 206.18783569335938 212.1414566040039 185.88772583007812 212.1414566040039
185.18443298339844 142.5160369873047 205.07287979125977 142.5160369873047 205.07287979125977 210.11734008789062 185.18443298339844 210.11734008789062
184.51803588867188 142.89724731445312 205.1209602355957 142.89724731445312 205.1209602355957 210.3235626220703 184.51803588867188 210.3235626220703
182.820556640625 143.9663848876953 201.7738494873047 143.9663848876953 201.7738494873047 209.69139862060547 182.820556640625 209.69139862060547
183.54969787597656 137.76817321777344 205.5940284729004 137.76817321777344 205.5940284729004 217.46688079833984 183.54969787597656 217.46688079833984
182.58212280273438 143.66238403320312 202.11407089233398 143.66238403320312 202.11407089233398 211.54417419433594 182.58212280273438 211.54417419433594
180.5286102294922 140.98565673828125 199.51457595825195 140.98565673828125 199.51457595825195 208.63190460205078 180.5286102294922 208.63190460205078
180.29249572753906 141.2401885986328 199.40589904785156 141.2401885986328 199.40589904785156 209.5217514038086 180.29249572753906 209.5217514038086
181.33615112304688 144.90562438964844 199.9845142364502 144.90562438964844 199.9845142364502 210.85662078857422 181.33615112304688 210.85662078857422
181.24832153320312 144.54449462890625 199.7689151763916 144.54449462890625 199.7689151763916 212.6985092163086 181.24832153320312 212.6985092163086
181.99061584472656 144.92572021484375 201.75796127319336 144.92572021484375 201.75796127319336 213.36341857910156 181.99061584472656 213.36341857910156
181.119384765625 140.89102172851562 200.49043083190918 140.89102172851562 200.49043083190918 209.37191772460938 181.119384765625 209.37191772460938
181.41229248046875 142.57748413085938 200.966947555542 142.57748413085938 200.966947555542 209.28746795654297 181.41229248046875 209.28746795654297
182.0310821533203 143.8970489501953 201.36362266540527 143.8970489501953 201.36362266540527 212.128662109375 182.0310821533203 212.128662109375
182.494384765625 145.02188110351562 200.89895248413086 145.02188110351562 200.89895248413086 211.10782623291016 182.494384765625 211.10782623291016
182.31430053710938 142.81378173828125 201.85161209106445 142.81378173828125 201.85161209106445 210.29692840576172 182.31430053710938 210.29692840576172
183.76133728027344 145.86827087402344 203.62275314331055 145.86827087402344 203.62275314331055 213.73238372802734 183.76133728027344 213.73238372802734
182.4930877685547 143.9735107421875 202.48203468322754 143.9735107421875 202.48203468322754 212.49240112304688 182.4930877685547 212.49240112304688
185.40927124023438 144.9583740234375 204.4464569091797 144.9583740234375 204.4464569091797 213.60267639160156 185.40927124023438 213.60267639160156
184.9973602294922 144.1089324951172 204.8800811767578 144.1089324951172 204.8800811767578 212.73248291015625 184.9973602294922 212.73248291015625
185.80946350097656 143.52467346191406 206.22255325317383 143.52467346191406 206.22255325317383 213.39852905273438 185.80946350097656 213.39852905273438
186.31231689453125 142.22586059570312 207.4558506011963 142.22586059570312 207.4558506011963 214.09868621826172 186.31231689453125 214.09868621826172
186.53280639648438 143.64987182617188 206.83184242248535 143.64987182617188 206.83184242248535 212.85292053222656 186.53280639648438 212.85292053222656
187.06753540039062 144.43380737304688 208.44012069702148 144.43380737304688 208.44012069702148 213.93763732910156 187.06753540039062 213.93763732910156
187.02247619628906 142.51303100585938 207.5403594970703 142.51303100585938 207.5403594970703 211.17092895507812 187.02247619628906 211.17092895507812
189.5053253173828 139.7570343017578 211.57243728637695 139.7570343017578 211.57243728637695 212.57754516601562 189.5053253173828 212.57754516601562
190.48532104492188 142.0842742919922 211.39856910705566 142.0842742919922 211.39856910705566 213.80856323242188 190.48532104492188 213.80856323242188
191.6465606689453 140.3793487548828 212.2461051940918 140.3793487548828 212.2461051940918 212.95726013183594 191.6465606689453 212.95726013183594
193.3008270263672 139.50831604003906 214.43813705444336 139.50831604003906 214.43813705444336 214.69544982910156 193.3008270263672 214.69544982910156
193.64242553710938 140.8376007080078 212.730073928833 140.8376007080078 212.730073928833 211.9043960571289 193.64242553710938 211.9043960571289
194.7197723388672 143.23880004882812 213.67971801757812 143.23880004882812 213.67971801757812 214.13111877441406 194.7197723388672 214.13111877441406
195.07870483398438 144.08883666992188 213.57693481445312 144.08883666992188 213.57693481445312 212.24295043945312 195.07870483398438 212.24295043945312
192.74868774414062 141.01876831054688 212.18330001831055 141.01876831054688 212.18330001831055 207.27239990234375 192.74868774414062 207.27239990234375
189.58810424804688 139.65884399414062 208.83897972106934 139.65884399414062 208.83897972106934 203.72406768798828 189.58810424804688 203.72406768798828
203.12057495117188 141.64842224121094 221.55116653442383 141.64842224121094 221.55116653442383 213.26792907714844 203.12057495117188 213.26792907714844
199.05917358398438 142.0072021484375 216.8445816040039 142.0072021484375 216.8445816040039 213.0666046142578 199.05917358398438 213.0666046142578
203.27679443359375 137.84207153320312 222.32130813598633 137.84207153320312 222.32130813598633 210.56668090820312 203.27679443359375 210.56668090820312
205.623291015625 139.58145141601562 224.84428024291992 139.58145141601562 224.84428024291992 212.96002960205078 205.623291015625 212.96002960205078
198.98837280273438 143.6343231201172 217.04429626464844 143.6343231201172 217.04429626464844 210.10208892822266 198.98837280273438 210.10208892822266
197.93228149414062 144.5240020751953 216.59293746948242 144.5240020751953 216.59293746948242 210.70450592041016 197.93228149414062 210.70450592041016
196.08984375 142.03762817382812 214.8698329925537 142.03762817382812 214.8698329925537 208.4462432861328 196.08984375 208.4462432861328
198.08802795410156 144.753173828125 216.56498336791992 144.753173828125 216.56498336791992 212.03749084472656 198.08802795410156 212.03749084472656
199.28265380859375 142.5214385986328 218.5151710510254 142.5214385986328 218.5151710510254 211.5904541015625 199.28265380859375 211.5904541015625
200.59091186523438 141.42965698242188 219.8304214477539 141.42965698242188 219.8304214477539 211.16736602783203 200.59091186523438 211.16736602783203
199.0113067626953 141.19741821289062 217.54998397827148 141.19741821289062 217.54998397827148 211.43477630615234 199.0113067626953 211.43477630615234
200.27651977539062 140.92123413085938 218.35194206237793 140.92123413085938 218.35194206237793 212.63675689697266 200.27651977539062 212.63675689697266
199.15000915527344 139.04603576660156 217.85478973388672 139.04603576660156 217.85478973388672 213.29755401611328 199.15000915527344 213.29755401611328
198.9908447265625 139.89854431152344 217.47830772399902 139.89854431152344 217.47830772399902 211.3262939453125 198.9908447265625 211.3262939453125
199.15782165527344 138.08547973632812 218.48251724243164 138.08547973632812 218.48251724243164 211.01990509033203 199.15782165527344 211.01990509033203
201.41099548339844 141.5660400390625 219.73522186279297 141.5660400390625 219.73522186279297 214.41136169433594 201.41099548339844 214.41136169433594
201.6349334716797 139.63827514648438 220.15992164611816 139.63827514648438 220.15992164611816 212.6861572265625 201.6349334716797 212.6861572265625
203.29840087890625 139.54531860351562 221.44791793823242 139.54531860351562 221.44791793823242 214.97561645507812 203.29840087890625 214.97561645507812
204.68319702148438 138.94496154785156 222.4760284423828 138.94496154785156 222.4760284423828 214.48558807373047 204.68319702148438 214.48558807373047
205.74716186523438 140.27151489257812 223.11276626586914 140.27151489257812 223.11276626586914 213.8802719116211 205.74716186523438 213.8802719116211
206.9068145751953 142.54617309570312 223.9502830505371 142.54617309570312 223.9502830505371 215.39991760253906 206.9068145751953 215.39991760253906
206.95217895507812 142.2841796875 224.45546913146973 142.2841796875 224.45546913146973 213.71507263183594 206.95217895507812 213.71507263183594
206.6063690185547 142.31956481933594 224.32819175720215 142.31956481933594 224.32819175720215 213.47684478759766 206.6063690185547 213.47684478759766
204.62789916992188 141.38780212402344 223.1722469329834 141.38780212402344 223.1722469329834 214.30390167236328 204.62789916992188 214.30390167236328
203.5530242919922 142.15878295898438 222.14300346374512 142.15878295898438 222.14300346374512 216.01283264160156 203.5530242919922 216.01283264160156
201.18341064453125 144.7074432373047 219.24763679504395 144.7074432373047 219.24763679504395 213.23553466796875 201.18341064453125 213.23553466796875
198.85604858398438 141.70065307617188 218.24834823608398 141.70065307617188 218.24834823608398 213.54702758789062 198.85604858398438 213.54702758789062
196.9840087890625 141.0460968017578 215.54607009887695 141.0460968017578 215.54607009887695 215.23318481445312 196.9840087890625 215.23318481445312
194.83724975585938 142.11849975585938 212.8001365661621 142.11849975585938 212.8001365661621 215.63351440429688 194.83724975585938 215.63351440429688
192.64779663085938 141.941650390625 211.07705307006836 141.941650390625 211.07705307006836 213.70178985595703 192.64779663085938 213.70178985595703
190.75296020507812 142.99937438964844 208.7612361907959 142.99937438964844 208.7612361907959 213.50999450683594 190.75296020507812 213.50999450683594
188.6807403564453 141.9425811767578 205.68798446655273 141.9425811767578 205.68798446655273 210.80741119384766 188.6807403564453 210.80741119384766
186.53343200683594 141.32577514648438 204.6661148071289 141.32577514648438 204.6661148071289 211.33440399169922 186.53343200683594 211.33440399169922
184.1496124267578 140.8448944091797 202.39551162719727 140.8448944091797 202.39551162719727 208.3701171875 184.1496124267578 208.3701171875
182.00485229492188 142.88812255859375 200.18699645996094 142.88812255859375 200.18699645996094 210.31080627441406 182.00485229492188 210.31080627441406
180.27871704101562 139.79751586914062 198.8235378265381 139.79751586914062 198.8235378265381 209.4506378173828 180.27871704101562 209.4506378173828
180.5143280029297 139.80795288085938 200.12193489074707 139.80795288085938 200.12193489074707 211.13128662109375 180.5143280029297 211.13128662109375
176.30499267578125 138.71066284179688 195.94826316833496 138.71066284179688 195.94826316833496 208.70367431640625 176.30499267578125 208.70367431640625
182.0437774658203 141.4097137451172 201.11431312561035 141.4097137451172 201.11431312561035 207.81346893310547 182.0437774658203 207.81346893310547
184.51364135742188 143.86753845214844 205.53547286987305 143.86753845214844 205.53547286987305 213.7261962890625 184.51364135742188 213.7261962890625
183.27938842773438 144.4498748779297 204.81233406066895 144.4498748779297 204.81233406066895 212.2796401977539 183.27938842773438 212.2796401977539
181.8252410888672 145.46707153320312 202.66733741760254 145.46707153320312 202.66733741760254 212.8998565673828 181.8252410888672 212.8998565673828
181.10374450683594 140.89462280273438 202.08382606506348 140.89462280273438 202.08382606506348 208.99491119384766 181.10374450683594 208.99491119384766
182.02175903320312 143.2868194580078 202.38889503479004 143.2868194580078 202.38889503479004 209.62670135498047 182.02175903320312 209.62670135498047
181.11114501953125 138.87631225585938 201.33732223510742 138.87631225585938 201.33732223510742 206.5624237060547 181.11114501953125 206.5624237060547
182.13433837890625 143.5305938720703 203.3061866760254 143.5305938720703 203.3061866760254 211.5327377319336 182.13433837890625 211.5327377319336
182.48660278320312 142.51637268066406 203.19512557983398 142.51637268066406 203.19512557983398 210.9219970703125 182.48660278320312 210.9219970703125
181.26422119140625 142.6906280517578 202.7668857574463 142.6906280517578 202.7668857574463 211.81521606445312 181.26422119140625 211.81521606445312
181.88778686523438 141.62120056152344 203.35710525512695 141.62120056152344 203.35710525512695 209.549560546875 181.88778686523438 209.549560546875
180.8365478515625 139.1241912841797 202.40135383605957 139.1241912841797 202.40135383605957 209.61470794677734 180.8365478515625 209.61470794677734
182.10995483398438 139.94630432128906 203.0523796081543 139.94630432128906 203.0523796081543 209.34146118164062 182.10995483398438 209.34146118164062
181.5677947998047 141.4309539794922 203.40736389160156 141.4309539794922 203.40736389160156 210.99468994140625 181.5677947998047 210.99468994140625
182.58444213867188 141.37716674804688 204.32519912719727 141.37716674804688 204.32519912719727 212.54649353027344 182.58444213867188 212.54649353027344
182.47000122070312 143.3734130859375 204.4526824951172 143.3734130859375 204.4526824951172 211.80714416503906 182.47000122070312 211.80714416503906
182.22116088867188 141.9979705810547 203.78470420837402 141.9979705810547 203.78470420837402 211.40335083007812 182.22116088867188 211.40335083007812
181.7880401611328 141.66378784179688 203.06622695922852 141.66378784179688 203.06622695922852 210.92101287841797 181.7880401611328 210.92101287841797
182.07089233398438 141.273193359375 203.36994552612305 141.273193359375 203.36994552612305 211.02022552490234 182.07089233398438 211.02022552490234
181.52200317382812 141.7085723876953 203.4813690185547 141.7085723876953 203.4813690185547 211.26744842529297 181.52200317382812 211.26744842529297
181.7372589111328 141.5184783935547 203.44591522216797 141.5184783935547 203.44591522216797 212.83386993408203 181.7372589111328 212.83386993408203
182.2823028564453 140.8141632080078 204.78339004516602 140.8141632080078 204.78339004516602 212.1261444091797 182.2823028564453 212.1261444091797
183.0001983642578 142.7763214111328 205.6584129333496 142.7763214111328 205.6584129333496 213.96184539794922 183.0001983642578 213.96184539794922
182.0220184326172 144.55111694335938 203.0076560974121 144.55111694335938 203.0076560974121 213.59102630615234 182.0220184326172 213.59102630615234
181.46957397460938 143.11647033691406 203.90824508666992 143.11647033691406 203.90824508666992 213.62530517578125 181.46957397460938 213.62530517578125
188.97189331054688 142.07925415039062 214.5132179260254 142.07925415039062 214.5132179260254 215.8944549560547 188.97189331054688 215.8944549560547
196.26364135742188 141.76132202148438 220.902494430542 141.76132202148438 220.902494430542 211.89088439941406 196.26364135742188 211.89088439941406
203.10305786132812 142.58432006835938 226.7471218109131 142.58432006835938 226.7471218109131 213.18504333496094 203.10305786132812 213.18504333496094
212.4250030517578 141.1199188232422 236.98437881469727 141.1199188232422 236.98437881469727 212.22711181640625 212.4250030517578 212.22711181640625
217.23538208007812 138.3994903564453 241.66086769104004 138.3994903564453 241.66086769104004 208.64352416992188 217.23538208007812 208.64352416992188
224.94076538085938 142.59548950195312 249.14172554016113 142.59548950195312 249.14172554016113 212.58741760253906 224.94076538085938 212.58741760253906
234.35726928710938 142.7862548828125 258.6578617095947 142.7862548828125 258.6578617095947 211.23883056640625 234.35726928710938 211.23883056640625
243.76132202148438 142.74610900878906 268.5013942718506 142.74610900878906 268.5013942718506 212.62039184570312 243.76132202148438 212.62039184570312
248.3883056640625 138.443115234375 272.9565906524658 138.443115234375 272.9565906524658 208.9224090576172 248.3883056640625 208.9224090576172
255.0420684814453 139.5535125732422 279.57991218566895 139.5535125732422 279.57991218566895 209.6459197998047 255.0420684814453 209.6459197998047
261.4338073730469 140.13925170898438 285.4408359527588 140.13925170898438 285.4408359527588 208.64492797851562 261.4338073730469 208.64492797851562
268.50567626953125 140.93711853027344 292.5926322937012 140.93711853027344 292.5926322937012 211.30670166015625 268.50567626953125 211.30670166015625
278.6525573730469 142.25926208496094 303.23104667663574 142.25926208496094 303.23104667663574 211.82955932617188 278.6525573730469 211.82955932617188
283.28253173828125 137.44444274902344 306.97038650512695 137.44444274902344 306.97038650512695 207.84066009521484 283.28253173828125 207.84066009521484
294.86322021484375 142.701416015625 320.20851135253906 142.701416015625 320.20851135253906 215.24090576171875 294.86322021484375 215.24090576171875
303.5843811035156 139.13955688476562 328.6115951538086 139.13955688476562 328.6115951538086 211.67703247070312 303.5843811035156 211.67703247070312
310.009765625 138.20404052734375 335.6621208190918 138.20404052734375 335.6621208190918 208.9842071533203 310.009765625 208.9842071533203
315.90362548828125 135.13589477539062 341.531925201416 135.13589477539062 341.531925201416 211.49757385253906 315.90362548828125 211.49757385253906
323.4288635253906 138.4878387451172 347.86442947387695 138.4878387451172 347.86442947387695 210.8087158203125 323.4288635253906 210.8087158203125
329.5321044921875 140.01510620117188 355.0344352722168 140.01510620117188 355.0344352722168 213.46703338623047 329.5321044921875 213.46703338623047
340.55548095703125 138.83975219726562 365.65104484558105 138.83975219726562 365.65104484558105 212.17050170898438 340.55548095703125 212.17050170898438
351.6365966796875 137.24752807617188 376.4010066986084 137.24752807617188 376.4010066986084 210.59950256347656 351.6365966796875 210.59950256347656
360.16314697265625 137.0711212158203 385.059268951416 137.0711212158203 385.059268951416 207.85482788085938 360.16314697265625 207.85482788085938
370.84814453125 138.02676391601562 396.26984786987305 138.02676391601562 396.26984786987305 212.18223571777344 370.84814453125 212.18223571777344
375.4371032714844 137.570556640625 400.84761238098145 137.570556640625 400.84761238098145 210.61553192138672 375.4371032714844 210.61553192138672
382.903564453125 137.92628479003906 408.04039573669434 137.92628479003906 408.04039573669434 211.91835021972656 382.903564453125 211.91835021972656
390.65283203125 136.15444946289062 416.3702335357666 136.15444946289062 416.3702335357666 210.5176239013672 390.65283203125 210.5176239013672
396.31256103515625 133.8084716796875 421.5132827758789 133.8084716796875 421.5132827758789 205.09867095947266 396.31256103515625 205.09867095947266
406.27313232421875 135.49801635742188 431.16504096984863 135.49801635742188 431.16504096984863 210.52508544921875 406.27313232421875 210.52508544921875
414.0298767089844 137.2514190673828 439.46015548706055 137.2514190673828 439.46015548706055 212.06143188476562 414.0298767089844 212.06143188476562
419.88201904296875 136.67645263671875 444.74828910827637 136.67645263671875 444.74828910827637 209.41019439697266 419.88201904296875 209.41019439697266
427.8154296875 137.20980834960938 453.89247703552246 137.20980834960938 453.89247703552246 211.2165298461914 427.8154296875 211.2165298461914
434.9951171875 137.7952423095703 460.24807929992676 137.7952423095703 460.24807929992676 211.7474136352539 434.9951171875 211.7474136352539
440.0086364746094 137.24295043945312 465.1092834472656 137.24295043945312 465.1092834472656 209.0820083618164 440.0086364746094 209.0820083618164
449.11444091796875 137.50511169433594 474.63740730285645 137.50511169433594 474.63740730285645 210.9535675048828 449.11444091796875 210.9535675048828
462.73828125 136.23890686035156 488.51240158081055 136.23890686035156 488.51240158081055 212.20172119140625 462.73828125 212.20172119140625
466.75567626953125 132.9923858642578 491.87413024902344 132.9923858642578 491.87413024902344 205.976318359375 466.75567626953125 205.976318359375
480.58642578125 137.10470581054688 507.2947540283203 137.10470581054688 507.2947540283203 212.64085388183594 480.58642578125 212.64085388183594
486.0419921875 135.0965576171875 511.1842346191406 135.0965576171875 511.1842346191406 208.45623016357422 486.0419921875 208.45623016357422
492.4422912597656 137.12506103515625 517.496166229248 137.12506103515625 517.496166229248 210.79661560058594 492.4422912597656 210.79661560058594
500.8541564941406 135.2214813232422 525.6853313446045 135.2214813232422 525.6853313446045 207.3792953491211 500.8541564941406 207.3792953491211
506.91668701171875 137.75027465820312 531.7511291503906 137.75027465820312 531.7511291503906 209.0425262451172 506.91668701171875 209.0425262451172
519.1305541992188 134.43380737304688 544.5130271911621 134.43380737304688 544.5130271911621 209.61758422851562 519.1305541992188 209.61758422851562
527.8432006835938 134.80165100097656 555.5908813476562 134.80165100097656 555.5908813476562 213.27737426757812 527.8432006835938 213.27737426757812
536.3589477539062 134.84288024902344 562.6651802062988 134.84288024902344 562.6651802062988 212.20581817626953 536.3589477539062 212.20581817626953
542.0255126953125 132.37100219726562 569.2868747711182 132.37100219726562 569.2868747711182 209.15503692626953 542.0255126953125 209.15503692626953
547.880615234375 133.5191192626953 574.4426174163818 133.5191192626953 574.4426174163818 213.2934341430664 547.880615234375 213.2934341430664
559.7230834960938 131.8837432861328 587.6241035461426 131.8837432861328 587.6241035461426 212.31910705566406 559.7230834960938 212.31910705566406
563.9556884765625 130.11737060546875 590.7212333679199 130.11737060546875 590.7212333679199 207.38565063476562 563.9556884765625 207.38565063476562
576.6329956054688 133.56417846679688 603.9146022796631 133.56417846679688 603.9146022796631 215.0418701171875 576.6329956054688 215.0418701171875
580.4150390625 129.89231872558594 607.0842247009277 129.89231872558594 607.0842247009277 207.41217041015625 580.4150390625 207.41217041015625
589.8175048828125 130.86334228515625 616.4930725097656 130.86334228515625 616.4930725097656 209.87964630126953 589.8175048828125 209.87964630126953
598.8936767578125 130.52517700195312 625.0939025878906 130.52517700195312 625.0939025878906 209.48731994628906 598.8936767578125 209.48731994628906
609.2000732421875 128.1186065673828 633.11865234375 128.1186065673828 633.11865234375 212.53203582763672 609.2000732421875 212.53203582763672
609.1060180664062 118.3892822265625 635.8801364898682 118.3892822265625 635.8801364898682 215.1878662109375 609.1060180664062 215.1878662109375
606.9100341796875 119.07989501953125 633.4909820556641 119.07989501953125 633.4909820556641 215.18009185791016 606.9100341796875 215.18009185791016
609.1251220703125 105.48465728759766 636.0786800384521 105.48465728759766 636.0786800384521 202.93199157714844 609.1251220703125 202.93199157714844
588.6981201171875 118.4241943359375 616.1316337585449 118.4241943359375 616.1316337585449 217.60675048828125 588.6981201171875 217.60675048828125
538.5640869140625 131.4374542236328 565.9366111755371 131.4374542236328 565.9366111755371 230.3995132446289 538.5640869140625 230.3995132446289
544.0128173828125 137.96160888671875 571.0045776367188 137.96160888671875 571.0045776367188 235.5470733642578 544.0128173828125 235.5470733642578
532.0699462890625 131.84432983398438 559.0629844665527 131.84432983398438 559.0629844665527 229.4344253540039 532.0699462890625 229.4344253540039
521.05810546875 136.1220703125 548.0993595123291 136.1220703125 548.0993595123291 233.88648223876953 521.05810546875 233.88648223876953
521.315673828125 135.22979736328125 548.7779655456543 135.22979736328125 548.7779655456543 234.51641845703125 521.315673828125 234.51641845703125
495.88262939453125 133.6279296875 523.7168979644775 133.6279296875 523.7168979644775 234.2593994140625 495.88262939453125 234.2593994140625
414.5906677246094 120.36198425292969 442.08545303344727 120.36198425292969 442.08545303344727 219.7660903930664 414.5906677246094 219.7660903930664
349.4853820800781 99.82909393310547 377.077672958374 99.82909393310547 377.077672958374 199.58572387695312 349.4853820800781 199.58572387695312
357.4178466796875 93.88441467285156 378.83020210266113 93.88441467285156 378.83020210266113 171.69686889648438 357.4178466796875 171.69686889648438
359.50408935546875 90.8932113647461 379.286808013916 90.8932113647461 379.286808013916 168.12140655517578 359.50408935546875 168.12140655517578
363.63543701171875 89.91983795166016 384.1169013977051 89.91983795166016 384.1169013977051 163.43047332763672 363.63543701171875 163.43047332763672
365.62249755859375 86.85612487792969 386.68813705444336 86.85612487792969 386.68813705444336 162.07707977294922 365.62249755859375 162.07707977294922
372.1759948730469 88.282958984375 392.9801540374756 88.282958984375 392.9801540374756 162.7604217529297 372.1759948730469 162.7604217529297
376.31524658203125 88.40387725830078 397.203161239624 88.40387725830078 397.203161239624 162.3272933959961 376.31524658203125 162.3272933959961
380.19183349609375 88.93417358398438 401.5171699523926 88.93417358398438 401.5171699523926 161.92247009277344 380.19183349609375 161.92247009277344
383.02105712890625 85.72560119628906 402.45840072631836 85.72560119628906 402.45840072631836 158.00177001953125 383.02105712890625 158.00177001953125
386.32598876953125 87.59576416015625 407.3661689758301 87.59576416015625 407.3661689758301 161.97654724121094 386.32598876953125 161.97654724121094
389.46246337890625 85.07630157470703 410.2969455718994 85.07630157470703 410.2969455718994 161.1149673461914 389.46246337890625 161.1149673461914
392.9970703125 86.57383728027344 414.5931091308594 86.57383728027344 414.5931091308594 164.7413558959961 392.9970703125 164.7413558959961
397.6026611328125 86.63787841796875 417.6851348876953 86.63787841796875 417.6851348876953 160.29010009765625 397.6026611328125 160.29010009765625
400.49798583984375 86.15910339355469 419.5646209716797 86.15910339355469 419.5646209716797 157.80573272705078 400.49798583984375 157.80573272705078
405.56817626953125 86.62345123291016 426.18594551086426 86.62345123291016 426.18594551086426 155.17041778564453 405.56817626953125 155.17041778564453
409.2039794921875 86.80387878417969 431.4433879852295 86.80387878417969 431.4433879852295 156.28323364257812 409.2039794921875 156.28323364257812
412.7884826660156 81.84246063232422 433.81338119506836 81.84246063232422 433.81338119506836 149.99077606201172 412.7884826660156 149.99077606201172
411.0965881347656 73.44844055175781 436.5537452697754 73.44844055175781 436.5537452697754 165.48573303222656 411.0965881347656 165.48573303222656
418.44415283203125 81.43558502197266 440.349401473999 81.43558502197266 440.349401473999 152.66107177734375 418.44415283203125 152.66107177734375
422.74822998046875 78.35400390625 442.65393447875977 78.35400390625 442.65393447875977 147.75364685058594 422.74822998046875 147.75364685058594
427.0166015625 81.28227233886719 447.70749855041504 81.28227233886719 447.70749855041504 149.34930419921875 427.0166015625 149.34930419921875
427.253662109375 68.5589599609375 453.0037269592285 68.5589599609375 453.0037269592285 161.65520477294922 427.253662109375 161.65520477294922
434.98846435546875 69.01396179199219 460.71906089782715 69.01396179199219 460.71906089782715 162.03982543945312 434.98846435546875 162.03982543945312
436.79718017578125 67.43089294433594 462.4161071777344 67.43089294433594 462.4161071777344 160.05303192138672 436.79718017578125 160.05303192138672
439.4837341308594 65.12043762207031 465.29160499572754 65.12043762207031 465.29160499572754 158.42566680908203 439.4837341308594 158.42566680908203
442.2230529785156 66.40396881103516 468.1212100982666 66.40396881103516 468.1212100982666 160.0356216430664 442.2230529785156 160.0356216430664
447.9435119628906 75.55762481689453 470.1658592224121 75.55762481689453 470.1658592224121 145.38318634033203 447.9435119628906 145.38318634033203
449.6011657714844 74.88597106933594 471.451940536499 74.88597106933594 471.451940536499 144.7913055419922 449.6011657714844 144.7913055419922
451.830322265625 71.61393737792969 474.2041320800781 71.61393737792969 474.2041320800781 143.17660522460938 451.830322265625 143.17660522460938
456.82489013671875 73.07476043701172 478.970890045166 73.07476043701172 478.970890045166 142.11512756347656 456.82489013671875 142.11512756347656
461.89105224609375 71.70542907714844 484.0955390930176 71.70542907714844 484.0955390930176 142.57571411132812 461.89105224609375 142.57571411132812
464.39544677734375 73.05976867675781 486.51640701293945 73.05976867675781 486.51640701293945 143.9205322265625 464.39544677734375 143.9205322265625
465.2709045410156 70.9289779663086 487.69019508361816 70.9289779663086 487.69019508361816 142.7227783203125 465.2709045410156 142.7227783203125
469.38250732421875 72.3141098022461 490.6471652984619 72.3141098022461 490.6471652984619 142.68304443359375 469.38250732421875 142.68304443359375
474.78643798828125 71.77761840820312 496.4356117248535 71.77761840820312 496.4356117248535 143.7978515625 474.78643798828125 143.7978515625
477.8409118652344 68.27377319335938 500.29895782470703 68.27377319335938 500.29895782470703 136.63253021240234 477.8409118652344 136.63253021240234
