541.0 336.0 577.0 336.0 577.0 404.0 541.0 404.0
539.6077880859375 331.67364501953125 573.8064079284668 331.67364501953125 573.8064079284668 403.2163848876953 539.6077880859375 403.2163848876953
537.6320190429688 329.27734375 571.3087272644043 329.27734375 571.3087272644043 399.85814666748047 537.6320190429688 399.85814666748047
536.2933349609375 323.07086181640625 569.409782409668 323.07086181640625 569.409782409668 399.35955810546875 536.2933349609375 399.35955810546875
531.4244995117188 320.8067321777344 567.677490234375 320.8067321777344 567.677490234375 389.2845916748047 531.4244995117188 389.2845916748047
531.4656982421875 317.6416931152344 564.0355453491211 317.6416931152344 564.0355453491211 386.9800262451172 531.4656982421875 386.9800262451172
529.4437866210938 314.65997314453125 562.5017471313477 314.65997314453125 562.5017471313477 385.51810455322266 529.4437866210938 385.51810455322266
526.6597290039062 310.73321533203125 560.2311935424805 310.73321533203125 560.2311935424805 385.2669677734375 526.6597290039062 385.2669677734375
524.8465576171875 307.8424377441406 559.0012626647949 307.8424377441406 559.0012626647949 380.29683685302734 524.8465576171875 380.29683685302734
522.3571166992188 304.061279296875 556.433521270752 304.061279296875 556.433521270752 376.9336166381836 522.3571166992188 376.9336166381836
519.9032592773438 302.0126953125 554.6957778930664 302.0126953125 554.6957778930664 374.2702331542969 519.9032592773438 374.2702331542969
517.9983520507812 298.0608825683594 553.0730819702148 298.0608825683594 553.0730819702148 372.50093841552734 517.9983520507812 372.50093841552734
516.2952880859375 295.9413146972656 550.7234268188477 295.9413146972656 550.7234268188477 367.87162017822266 516.2952880859375 367.87162017822266
514.2858276367188 291.4320068359375 548.1408920288086 291.4320068359375 548.1408920288086 364.05787658691406 514.2858276367188 364.05787658691406
511.90374755859375 288.794677734375 546.2878379821777 288.794677734375 546.2878379821777 361.3231964111328 511.90374755859375 361.3231964111328
509.765380859375 284.5948181152344 544.7760238647461 284.5948181152344 544.7760238647461 356.89063262939453 509.765380859375 356.89063262939453
507.6578063964844 279.6786193847656 541.8184776306152 279.6786193847656 541.8184776306152 354.08631134033203 507.6578063964844 354.08631134033203
507.4306640625 275.2738342285156 539.0278625488281 275.2738342285156 539.0278625488281 351.9424591064453 507.4306640625 351.9424591064453
503.5965270996094 272.8291015625 536.4684104919434 272.8291015625 536.4684104919434 344.4592590332031 503.5965270996094 344.4592590332031
502.03857421875 270.66998291015625 535.2306098937988 270.66998291015625 535.2306098937988 342.5042419433594 502.03857421875 342.5042419433594
500.1958923339844 269.63372802734375 533.3396949768066 269.63372802734375 533.3396949768066 339.0152053833008 500.1958923339844 339.0152053833008
498.4969177246094 265.06658935546875 531.4067001342773 265.06658935546875 531.4067001342773 337.7829055786133 498.4969177246094 337.7829055786133
495.02325439453125 260.1445007324219 528.5355644226074 260.1445007324219 528.5355644226074 333.37293243408203 495.02325439453125 333.37293243408203
492.9803161621094 258.7148132324219 526.641429901123 258.7148132324219 526.641429901123 331.2041702270508 492.9803161621094 331.2041702270508
492.131103515625 254.12338256835938 524.2474555969238 254.12338256835938 524.2474555969238 326.7983627319336 492.131103515625 326.7983627319336
488.7401428222656 248.46578979492188 521.7286415100098 248.46578979492188 521.7286415100098 320.8680877685547 488.7401428222656 320.8680877685547
485.9330139160156 246.87429809570312 520.7176246643066 246.87429809570312 520.7176246643066 314.79209899902344 485.9330139160156 314.79209899902344
485.03265380859375 243.77389526367188 518.9767265319824 243.77389526367188 518.9767265319824 314.5898742675781 485.03265380859375 314.5898742675781
483.37628173828125 240.3268585205078 516.2112503051758 240.3268585205078 516.2112503051758 310.4635009765625 483.37628173828125 310.4635009765625
482.2481384277344 236.54458618164062 515.4112319946289 236.54458618164062 515.4112319946289 310.32550048828125 482.2481384277344 310.32550048828125
480.3099670410156 235.09616088867188 513.8133811950684 235.09616088867188 513.8133811950684 305.36206817626953 480.3099670410156 305.36206817626953
477.496337890625 229.4397430419922 511.3788948059082 229.4397430419922 511.3788948059082 301.9083251953125 477.496337890625 301.9083251953125
475.8453063964844 227.2373809814453 508.6348762512207 227.2373809814453 508.6348762512207 297.45233154296875 475.8453063964844 297.45233154296875
472.54425048828125 221.3897705078125 505.9547576904297 221.3897705078125 505.9547576904297 295.2587661743164 472.54425048828125 295.2587661743164
472.1568908691406 216.8470458984375 505.3350524902344 216.8470458984375 505.3350524902344 292.3694839477539 472.1568908691406 292.3694839477539
469.96484375 212.20947265625 503.3648681640625 212.20947265625 503.3648681640625 289.87232971191406 469.96484375 289.87232971191406
468.58978271484375 208.0299835205078 500.2470245361328 208.0299835205078 500.2470245361328 283.5294723510742 468.58978271484375 283.5294723510742
466.6969299316406 205.5495147705078 498.7392387390137 205.5495147705078 498.7392387390137 281.2202453613281 466.6969299316406 281.2202453613281
464.7169494628906 203.57815551757812 497.4574890136719 203.57815551757812 497.4574890136719 275.7642517089844 464.7169494628906 275.7642517089844
460.91351318359375 201.5935516357422 494.4837875366211 201.5935516357422 494.4837875366211 273.12133026123047 460.91351318359375 273.12133026123047
458.57257080078125 199.25173950195312 492.26005935668945 199.25173950195312 492.26005935668945 268.8953399658203 458.57257080078125 268.8953399658203
455.82147216796875 194.52081298828125 488.8675765991211 194.52081298828125 488.8675765991211 265.32508850097656 455.82147216796875 265.32508850097656
453.94830322265625 192.2241973876953 488.0409965515137 192.2241973876953 488.0409965515137 263.5077819824219 453.94830322265625 263.5077819824219
452.3868103027344 187.8031005859375 486.8611526489258 187.8031005859375 486.8611526489258 261.62772369384766 452.3868103027344 261.62772369384766
449.3592224121094 180.10508728027344 483.4134292602539 180.10508728027344 483.4134292602539 254.30774688720703 449.3592224121094 254.30774688720703
447.2066345214844 178.17916870117188 481.6149368286133 178.17916870117188 481.6149368286133 253.26866912841797 447.2066345214844 253.26866912841797
446.22442626953125 178.87364196777344 480.6758003234863 178.87364196777344 480.6758003234863 251.66226196289062 446.22442626953125 251.66226196289062
443.4873962402344 181.39862060546875 478.7390441894531 181.39862060546875 478.7390441894531 254.17137145996094 443.4873962402344 254.17137145996094
443.51654052734375 181.99215698242188 477.6197395324707 181.99215698242188 477.6197395324707 253.2624969482422 443.51654052734375 253.2624969482422
441.7247619628906 182.71554565429688 476.47278213500977 182.71554565429688 476.47278213500977 253.52638244628906 441.7247619628906 253.52638244628906
438.83477783203125 183.37843322753906 473.79964447021484 183.37843322753906 473.79964447021484 253.75662231445312 438.83477783203125 253.75662231445312
437.25616455078125 181.14627075195312 472.86138916015625 181.14627075195312 472.86138916015625 252.46397399902344 437.25616455078125 252.46397399902344
433.822998046875 182.7532501220703 469.28160858154297 182.7532501220703 469.28160858154297 255.38272857666016 433.822998046875 255.38272857666016
433.3160095214844 180.15701293945312 468.2804756164551 180.15701293945312 468.2804756164551 254.91578674316406 433.3160095214844 254.91578674316406
428.81512451171875 181.23696899414062 463.5118408203125 181.23696899414062 463.5118408203125 256.7803649902344 428.81512451171875 256.7803649902344
428.4495544433594 180.04306030273438 463.0047073364258 180.04306030273438 463.0047073364258 252.3889617919922 428.4495544433594 252.3889617919922
427.68878173828125 180.94558715820312 461.1906051635742 180.94558715820312 461.1906051635742 251.6286392211914 427.68878173828125 251.6286392211914
422.6812438964844 182.64996337890625 459.23970794677734 182.64996337890625 459.23970794677734 253.32733917236328 422.6812438964844 253.32733917236328
421.04693603515625 183.84657287597656 457.2763252258301 183.84657287597656 457.2763252258301 252.64266204833984 421.04693603515625 252.64266204833984
417.03997802734375 184.01113891601562 456.3511657714844 184.01113891601562 456.3511657714844 254.80921936035156 417.03997802734375 254.80921936035156
413.01544189453125 182.14016723632812 452.84704208374023 182.14016723632812 452.84704208374023 255.59246063232422 413.01544189453125 255.59246063232422
411.89801025390625 181.23818969726562 450.86248779296875 181.23818969726562 450.86248779296875 258.0468444824219 411.89801025390625 258.0468444824219
409.8023376464844 181.86032104492188 449.6479797363281 181.86032104492188 449.6479797363281 257.14112091064453 409.8023376464844 257.14112091064453
407.8392028808594 181.0242156982422 447.69575119018555 181.0242156982422 447.69575119018555 255.36908721923828 407.8392028808594 255.36908721923828
405.748779296875 181.51547241210938 445.569091796875 181.51547241210938 445.569091796875 257.33668518066406 405.748779296875 257.33668518066406
403.9576721191406 183.30813598632812 443.9667434692383 183.30813598632812 443.9667434692383 259.51129150390625 403.9576721191406 259.51129150390625
401.5587158203125 183.2361297607422 441.32361602783203 183.2361297607422 441.32361602783203 261.79278564453125 401.5587158203125 261.79278564453125
401.63519287109375 185.5477294921875 440.5622444152832 185.5477294921875 440.5622444152832 261.91515350341797 401.63519287109375 261.91515350341797
398.74334716796875 187.22683715820312 438.6333999633789 187.22683715820312 438.6333999633789 263.3465270996094 398.74334716796875 263.3465270996094
396.3766174316406 181.41831970214844 435.6732063293457 181.41831970214844 435.6732063293457 257.4285125732422 396.3766174316406 257.4285125732422
393.3404846191406 173.42823791503906 433.1774253845215 173.42823791503906 433.1774253845215 253.9014434814453 393.3404846191406 253.9014434814453
390.6620178222656 170.41798400878906 431.4148483276367 170.41798400878906 431.4148483276367 253.61266326904297 390.6620178222656 253.61266326904297
412.99334716796875 170.74478149414062 450.84732818603516 170.74478149414062 450.84732818603516 245.26832580566406 412.99334716796875 245.26832580566406
419.332275390625 167.11190795898438 455.5660095214844 167.11190795898438 455.5660095214844 240.90308380126953 419.332275390625 240.90308380126953
408.9837646484375 164.6402130126953 447.6345863342285 164.6402130126953 447.6345863342285 239.07247161865234 408.9837646484375 239.07247161865234
413.36993408203125 161.97711181640625 451.2714958190918 161.97711181640625 451.2714958190918 233.1205062866211 413.36993408203125 233.1205062866211
411.69635009765625 162.8208770751953 449.62759017944336 162.8208770751953 449.62759017944336 234.7930450439453 411.69635009765625 234.7930450439453
416.03387451171875 161.35198974609375 454.476261138916 161.35198974609375 454.476261138916 233.96539306640625 416.03387451171875 233.96539306640625
405.55548095703125 159.9981231689453 446.72246170043945 159.9981231689453 446.72246170043945 231.40686798095703 405.55548095703125 231.40686798095703
408.21002197265625 159.06515502929688 447.04650497436523 159.06515502929688 447.04650497436523 232.5379867553711 408.21002197265625 232.5379867553711
408.66668701171875 160.11721801757812 447.36082458496094 160.11721801757812 447.36082458496094 231.96892547607422 408.66668701171875 231.96892547607422
403.3631286621094 159.2578582763672 444.2572708129883 159.2578582763672 444.2572708129883 234.88247680664062 403.3631286621094 234.88247680664062
402.5506591796875 160.10214233398438 442.7590637207031 160.10214233398438 442.7590637207031 236.62268829345703 402.5506591796875 236.62268829345703
399.82586669921875 161.7987823486328 441.33606719970703 161.7987823486328 441.33606719970703 238.3512191772461 399.82586669921875 238.3512191772461
399.72406005859375 162.4395294189453 441.12490463256836 162.4395294189453 441.12490463256836 238.4837417602539 399.72406005859375 238.4837417602539
396.2289123535156 161.6653289794922 437.74578857421875 161.6653289794922 437.74578857421875 238.51461791992188 396.2289123535156 238.51461791992188
398.95147705078125 167.4939727783203 434.82047271728516 167.4939727783203 434.82047271728516 235.24652099609375 398.95147705078125 235.24652099609375
394.3412170410156 160.4993133544922 435.4932174682617 160.4993133544922 435.4932174682617 237.0854721069336 394.3412170410156 237.0854721069336
394.0894470214844 161.7164764404297 434.9018211364746 161.7164764404297 434.9018211364746 238.25404357910156 394.0894470214844 238.25404357910156
387.87127685546875 160.81092834472656 433.8774528503418 160.81092834472656 433.8774528503418 238.18310546875 387.87127685546875 238.18310546875
378.00567626953125 156.0957489013672 423.70946884155273 156.0957489013672 423.70946884155273 234.3308334350586 378.00567626953125 234.3308334350586
378.85955810546875 160.78341674804688 416.58534240722656 160.78341674804688 416.58534240722656 232.043212890625 378.85955810546875 232.043212890625
374.18341064453125 163.43075561523438 420.0973587036133 163.43075561523438 420.0973587036133 233.3372344970703 374.18341064453125 233.3372344970703
365.74365234375 164.0785369873047 411.33458709716797 164.0785369873047 411.33458709716797 232.95709991455078 365.74365234375 232.95709991455078
348.92889404296875 158.88438415527344 397.24506759643555 158.88438415527344 397.24506759643555 235.25055694580078 348.92889404296875 235.25055694580078
340.78814697265625 157.81509399414062 388.48860931396484 157.81509399414062 388.48860931396484 232.4551010131836 340.78814697265625 232.4551010131836
334.958740234375 156.29490661621094 383.2361030578613 156.29490661621094 383.2361030578613 233.1860580444336 334.958740234375 233.1860580444336
335.28033447265625 159.34048461914062 373.83631896972656 159.34048461914062 373.83631896972656 232.16844940185547 335.28033447265625 232.16844940185547
333.9713439941406 164.35882568359375 380.3674850463867 164.35882568359375 380.3674850463867 230.8026885986328 333.9713439941406 230.8026885986328
328.9528503417969 164.44107055664062 375.64981842041016 164.44107055664062 375.64981842041016 231.04497528076172 328.9528503417969 231.04497528076172
321.46893310546875 165.5709991455078 367.11149978637695 165.5709991455078 367.11149978637695 232.5603790283203 321.46893310546875 232.5603790283203
316.78875732421875 164.92678833007812 364.0712890625 164.92678833007812 364.0712890625 233.18343353271484 316.78875732421875 233.18343353271484
311.4532775878906 166.26708984375 358.08667755126953 166.26708984375 358.08667755126953 234.04893493652344 311.4532775878906 234.04893493652344
305.4871826171875 167.2096405029297 351.1332778930664 167.2096405029297 351.1332778930664 232.83734130859375 305.4871826171875 232.83734130859375
306.67254638671875 166.1884002685547 351.65614318847656 166.1884002685547 351.65614318847656 231.456298828125 306.67254638671875 231.456298828125
306.1095275878906 164.11544799804688 349.3694763183594 164.11544799804688 349.3694763183594 229.2406768798828 306.1095275878906 229.2406768798828
307.3638610839844 166.1193389892578 351.0687675476074 166.1193389892578 351.0687675476074 230.522705078125 307.3638610839844 230.522705078125
306.9745788574219 166.6139373779297 351.1517906188965 166.6139373779297 351.1517906188965 233.35317993164062 306.9745788574219 233.35317993164062
307.81768798828125 166.54031372070312 350.76330947875977 166.54031372070312 350.76330947875977 230.83494567871094 307.81768798828125 230.83494567871094
308.4280090332031 167.5274658203125 350.59519958496094 167.5274658203125 350.59519958496094 229.64127731323242 308.4280090332031 229.64127731323242
307.4238586425781 167.9073944091797 349.6807174682617 167.9073944091797 349.6807174682617 230.66563415527344 307.4238586425781 230.66563415527344
306.61370849609375 166.2266845703125 348.5091323852539 166.2266845703125 348.5091323852539 230.4348373413086 306.61370849609375 230.4348373413086
305.56378173828125 166.6818084716797 348.2457847595215 166.6818084716797 348.2457847595215 232.4666748046875 305.56378173828125 232.4666748046875
305.442626953125 166.78916931152344 349.12652587890625 166.78916931152344 349.12652587890625 233.03636169433594 305.442626953125 233.03636169433594
305.69781494140625 167.0328826904297 348.89525604248047 167.0328826904297 348.89525604248047 232.40744018554688 305.69781494140625 232.40744018554688
307.23248291015625 166.4918975830078 349.6275062561035 166.4918975830078 349.6275062561035 230.49765014648438 307.23248291015625 230.49765014648438
306.5914001464844 166.5743865966797 349.13655853271484 166.5743865966797 349.13655853271484 230.9132308959961 306.5914001464844 230.9132308959961
305.6646423339844 164.7764129638672 347.42766189575195 164.7764129638672 347.42766189575195 230.9959716796875 305.6646423339844 230.9959716796875
304.46759033203125 164.83824157714844 348.2167167663574 164.83824157714844 348.2167167663574 233.238525390625 304.46759033203125 233.238525390625
306.8754577636719 165.42227172851562 349.3983039855957 165.42227172851562 349.3983039855957 229.9345245361328 306.8754577636719 229.9345245361328
304.2630920410156 165.8785400390625 347.5119857788086 165.8785400390625 347.5119857788086 233.5184555053711 304.2630920410156 233.5184555053711
305.269775390625 165.09146118164062 347.90472412109375 165.09146118164062 347.90472412109375 231.60472106933594 305.269775390625 231.60472106933594
304.10443115234375 164.9762420654297 347.28461837768555 164.9762420654297 347.28461837768555 233.2165756225586 304.10443115234375 233.2165756225586
303.91864013671875 164.75790405273438 346.79610443115234 164.75790405273438 346.79610443115234 232.29126739501953 303.91864013671875 232.29126739501953
303.5340881347656 163.4375762939453 346.4211959838867 163.4375762939453 346.4211959838867 232.16685485839844 303.5340881347656 232.16685485839844
304.07952880859375 163.49057006835938 346.9723777770996 163.49057006835938 346.9723777770996 231.40585327148438 304.07952880859375 231.40585327148438
303.4574890136719 163.7154083251953 347.25399017333984 163.7154083251953 347.25399017333984 233.1570816040039 303.4574890136719 233.1570816040039
303.1064147949219 164.98175048828125 347.1777648925781 164.98175048828125 347.1777648925781 234.559814453125 303.1064147949219 234.559814453125
304.04217529296875 164.32557678222656 347.5591049194336 164.32557678222656 347.5591049194336 233.6661834716797 304.04217529296875 233.6661834716797
304.88641357421875 165.20864868164062 347.2369155883789 165.20864868164062 347.2369155883789 232.08480834960938 304.88641357421875 232.08480834960938
305.41021728515625 163.69859313964844 348.0576286315918 163.69859313964844 348.0576286315918 230.10092163085938 305.41021728515625 230.10092163085938
306.46209716796875 166.6328582763672 350.48892974853516 166.6328582763672 350.48892974853516 233.7826385498047 306.46209716796875 233.7826385498047
305.1863708496094 164.31414794921875 348.9822082519531 164.31414794921875 348.9822082519531 231.3688735961914 305.1863708496094 231.3688735961914
306.28521728515625 165.42416381835938 350.69469451904297 165.42416381835938 350.69469451904297 233.63999938964844 306.28521728515625 233.63999938964844
305.99969482421875 166.1039581298828 350.4066352844238 166.1039581298828 350.4066352844238 233.71136474609375 305.99969482421875 233.71136474609375
304.8974914550781 163.00425720214844 350.11148834228516 163.00425720214844 350.11148834228516 232.51630401611328 304.8974914550781 232.51630401611328
304.192626953125 163.00347900390625 349.4981460571289 163.00347900390625 349.4981460571289 233.85455322265625 304.192626953125 233.85455322265625
303.90631103515625 162.39407348632812 349.2171401977539 162.39407348632812 349.2171401977539 233.60401916503906 303.90631103515625 233.60401916503906
305.56402587890625 163.7916259765625 350.9676742553711 163.7916259765625 350.9676742553711 233.15162658691406 305.56402587890625 233.15162658691406
303.5556335449219 163.1645965576172 349.77921295166016 163.1645965576172 349.77921295166016 236.57510375976562 303.5556335449219 236.57510375976562
303.4306640625 162.52920532226562 349.4482231140137 162.52920532226562 349.4482231140137 236.6225128173828 303.4306640625 236.6225128173828
302.3656921386719 161.87451171875 348.54322814941406 161.87451171875 348.54322814941406 237.88502502441406 302.3656921386719 237.88502502441406
302.31146240234375 162.44271850585938 348.2550926208496 162.44271850585938 348.2550926208496 237.55687713623047 302.31146240234375 237.55687713623047
301.64532470703125 162.5579071044922 348.62028884887695 162.5579071044922 348.62028884887695 239.05648040771484 301.64532470703125 239.05648040771484
301.5235900878906 161.5681610107422 348.5034484863281 161.5681610107422 348.5034484863281 238.86617279052734 301.5235900878906 238.86617279052734
303.97381591796875 163.98583984375 350.06728744506836 163.98583984375 350.06728744506836 237.1466522216797 303.97381591796875 237.1466522216797
302.6602478027344 163.08413696289062 349.4247817993164 163.08413696289062 349.4247817993164 237.7848358154297 302.6602478027344 237.7848358154297
302.2957458496094 163.31185913085938 348.9501266479492 163.31185913085938 348.9501266479492 238.2715072631836 302.2957458496094 238.2715072631836
302.9933776855469 163.408935546875 348.68883514404297 163.408935546875 348.68883514404297 237.16424560546875 302.9933776855469 237.16424560546875
302.37518310546875 163.18199157714844 349.05075454711914 163.18199157714844 349.05075454711914 237.35106658935547 302.37518310546875 237.35106658935547
304.22308349609375 163.65524291992188 350.3980407714844 163.65524291992188 350.3980407714844 235.70476531982422 304.22308349609375 235.70476531982422
303.43060302734375 163.2674102783203 350.8647651672363 163.2674102783203 350.8647651672363 238.92244720458984 303.43060302734375 238.92244720458984
302.696044921875 162.98568725585938 350.1707534790039 162.98568725585938 350.1707534790039 239.86394500732422 302.696044921875 239.86394500732422
303.11541748046875 160.5074462890625 350.36034393310547 160.5074462890625 350.36034393310547 235.3261947631836 303.11541748046875 235.3261947631836
303.3738708496094 163.08697509765625 350.73516845703125 163.08697509765625 350.73516845703125 238.92051696777344 303.3738708496094 238.92051696777344
303.0030212402344 162.27809143066406 354.33760833740234 162.27809143066406 354.33760833740234 241.03314208984375 303.0030212402344 241.03314208984375
308.35540771484375 162.44187927246094 358.2805404663086 162.44187927246094 358.2805404663086 238.11579132080078 308.35540771484375 238.11579132080078
317.72662353515625 162.45425415039062 367.3274459838867 162.45425415039062 367.3274459838867 235.8863754272461 317.72662353515625 235.8863754272461
322.3710021972656 162.77108764648438 373.9134407043457 162.77108764648438 373.9134407043457 237.10565185546875 322.3710021972656 237.10565185546875
330.92327880859375 162.6819610595703 381.130859375 162.6819610595703 381.130859375 236.97618865966797 330.92327880859375 236.97618865966797
339.020263671875 164.0720977783203 388.4975357055664 164.0720977783203 388.4975357055664 237.30280303955078 339.020263671875 237.30280303955078
346.427734375 163.97390747070312 396.6846237182617 163.97390747070312 396.6846237182617 237.22460174560547 346.427734375 237.22460174560547
354.6642761230469 162.61758422851562 404.1250343322754 162.61758422851562 404.1250343322754 236.46949005126953 354.6642761230469 236.46949005126953
355.23870849609375 161.4034881591797 406.6499824523926 161.4034881591797 406.6499824523926 239.21844482421875 355.23870849609375 239.21844482421875
363.7892761230469 162.8075408935547 411.61712646484375 162.8075408935547 411.61712646484375 234.32843780517578 363.7892761230469 234.32843780517578
370.7601013183594 162.87779235839844 421.11964416503906 162.87779235839844 421.11964416503906 235.793701171875 370.7601013183594 235.793701171875
374.07110595703125 162.50726318359375 423.67404556274414 162.50726318359375 423.67404556274414 235.92262268066406 374.07110595703125 235.92262268066406
384.41986083984375 163.59353637695312 434.40160369873047 163.59353637695312 434.40160369873047 235.70093536376953 384.41986083984375 235.70093536376953
387.4020080566406 162.38037109375 437.7553901672363 162.38037109375 437.7553901672363 236.7035675048828 387.4020080566406 236.7035675048828
392.6956481933594 162.64047241210938 443.5944137573242 162.64047241210938 443.5944137573242 237.7024688720703 392.6956481933594 237.7024688720703
400.5957946777344 163.2151336669922 451.1162452697754 163.2151336669922 451.1162452697754 238.92794799804688 400.5957946777344 238.92794799804688
404.0882263183594 160.90859985351562 456.0018424987793 160.90859985351562 456.0018424987793 237.35060119628906 404.0882263183594 237.35060119628906
411.80889892578125 162.59901428222656 460.16856384277344 162.59901428222656 460.16856384277344 232.95680236816406 411.80889892578125 232.95680236816406
416.37066650390625 161.90286254882812 467.8642997741699 161.90286254882812 467.8642997741699 237.6001434326172 416.37066650390625 237.6001434326172
424.30987548828125 162.4251251220703 474.46141815185547 162.4251251220703 474.46141815185547 233.80746459960938 424.30987548828125 233.80746459960938
429.275146484375 161.50631713867188 479.3184127807617 161.50631713867188 479.3184127807617 234.82283782958984 429.275146484375 234.82283782958984
435.749267578125 162.3752899169922 486.1742057800293 162.3752899169922 486.1742057800293 235.76204681396484 435.749267578125 235.76204681396484
441.31365966796875 161.81863403320312 491.89401626586914 161.81863403320312 491.89401626586914 234.8185806274414 441.31365966796875 234.8185806274414
443.6337890625 161.07447814941406 494.7025451660156 161.07447814941406 494.7025451660156 235.701904296875 443.6337890625 235.701904296875
454.0338439941406 159.74981689453125 505.29691314697266 159.74981689453125 505.29691314697266 233.3794708251953 454.0338439941406 233.3794708251953
458.68878173828125 160.1210174560547 509.3832321166992 160.1210174560547 509.3832321166992 234.4635467529297 458.68878173828125 234.4635467529297
465.77423095703125 159.93495178222656 517.421558380127 159.93495178222656 517.421558380127 235.3821258544922 465.77423095703125 235.3821258544922
471.289306640625 161.4950714111328 521.7446670532227 161.4950714111328 521.7446670532227 235.26626586914062 471.289306640625 235.26626586914062
474.27056884765625 159.81358337402344 526.076831817627 159.81358337402344 526.076831817627 236.88095092773438 474.27056884765625 236.88095092773438
482.3614196777344 160.3325653076172 534.6339416503906 160.3325653076172 534.6339416503906 236.69373321533203 482.3614196777344 236.69373321533203
485.8450622558594 160.71926879882812 534.7614059448242 160.71926879882812 534.7614059448242 231.9428482055664 485.8450622558594 231.9428482055664
484.4248962402344 162.06460571289062 533.2801284790039 162.06460571289062 533.2801284790039 234.84140014648438 484.4248962402344 234.84140014648438
483.6768493652344 161.18751525878906 532.2542114257812 161.18751525878906 532.2542114257812 234.23088836669922 483.6768493652344 234.23088836669922
483.66021728515625 160.60984802246094 532.6622314453125 160.60984802246094 532.6622314453125 235.00804901123047 483.66021728515625 235.00804901123047
485.5730895996094 160.1914825439453 534.0160331726074 160.1914825439453 534.0160331726074 233.24923706054688 485.5730895996094 233.24923706054688
484.44830322265625 160.52151489257812 533.4554481506348 160.52151489257812 533.4554481506348 235.28492736816406 484.44830322265625 235.28492736816406
483.3485412597656 159.6483917236328 532.3714981079102 159.6483917236328 532.3714981079102 235.5026397705078 483.3485412597656 235.5026397705078
483.759765625 159.51930236816406 532.9522323608398 159.51930236816406 532.9522323608398 233.27288055419922 483.759765625 233.27288055419922
483.38409423828125 159.41744995117188 532.0336418151855 159.41744995117188 532.0336418151855 233.8589630126953 483.38409423828125 233.8589630126953
483.93023681640625 159.5259246826172 535.7644538879395 159.5259246826172 535.7644538879395 236.15203857421875 483.93023681640625 236.15203857421875
488.1004943847656 159.87762451171875 540.5896911621094 159.87762451171875 540.5896911621094 237.5460968017578 488.1004943847656 237.5460968017578
491.38104248046875 159.2591552734375 544.4896469116211 159.2591552734375 544.4896469116211 235.19405364990234 491.38104248046875 235.19405364990234
497.90594482421875 157.7140350341797 551.5878372192383 157.7140350341797 551.5878372192383 238.6750946044922 497.90594482421875 238.6750946044922
504.3878479003906 159.29312133789062 556.4724731445312 159.29312133789062 556.4724731445312 235.86923217773438 504.3878479003906 235.86923217773438
512.5872802734375 158.66650390625 565.9476432800293 158.66650390625 565.9476432800293 237.25647735595703 512.5872802734375 237.25647735595703
517.0919189453125 159.7024383544922 569.0816040039062 159.7024383544922 569.0816040039062 236.4581069946289 517.0919189453125 236.4581069946289
521.7498779296875 159.08615112304688 574.8102111816406 159.08615112304688 574.8102111816406 236.66004943847656 521.7498779296875 236.66004943847656
527.3206176757812 159.82305908203125 578.8938064575195 159.82305908203125 578.8938064575195 234.94398498535156 527.3206176757812 234.94398498535156
535.2586669921875 159.30728149414062 588.8276252746582 159.30728149414062 588.8276252746582 236.01036834716797 535.2586669921875 236.01036834716797
541.2261352539062 160.28341674804688 593.5640983581543 160.28341674804688 593.5640983581543 236.15635681152344 541.2261352539062 236.15635681152344
542.2876586914062 159.1661834716797 591.4680824279785 159.1661834716797 591.4680824279785 234.10806274414062 542.2876586914062 234.10806274414062
542.5256958007812 161.2301025390625 591.8685836791992 161.2301025390625 591.8685836791992 238.44068145751953 542.5256958007812 238.44068145751953
542.8009643554688 159.5489044189453 592.5598564147949 159.5489044189453 592.5598564147949 235.3856964111328 542.8009643554688 235.3856964111328
543.1197509765625 159.94668579101562 592.5241622924805 159.94668579101562 592.5241622924805 233.82717895507812 543.1197509765625 233.82717895507812
542.8560180664062 160.28541564941406 592.1207580566406 160.28541564941406 592.1207580566406 235.50630950927734 542.8560180664062 235.50630950927734
542.2985229492188 157.89913940429688 593.6936645507812 157.89913940429688 593.6936645507812 234.75318145751953 542.2985229492188 234.75318145751953
549.60498046875 160.02627563476562 600.1593704223633 160.02627563476562 600.1593704223633 235.51172637939453 549.60498046875 235.51172637939453
554.565185546875 159.19483947753906 606.6876525878906 159.19483947753906 606.6876525878906 236.50534057617188 554.565185546875 236.50534057617188
559.4520263671875 157.541259765625 613.3438949584961 157.541259765625 613.3438949584961 236.88048553466797 559.4520263671875 236.88048553466797
563.87548828125 158.4449005126953 617.1441459655762 158.4449005126953 617.1441459655762 236.14376068115234 563.87548828125 236.14376068115234
573.0955200195312 159.86056518554688 625.1748428344727 159.86056518554688 625.1748428344727 237.1635284423828 573.0955200195312 237.1635284423828
575.0108642578125 158.00686645507812 626.9859733581543 158.00686645507812 626.9859733581543 236.5010528564453 575.0108642578125 236.5010528564453
581.21435546875 156.88140869140625 633.885009765625 156.88140869140625 633.885009765625 238.34469604492188 581.21435546875 238.34469604492188
590.6876831054688 154.75994873046875 641.1822395324707 154.75994873046875 641.1822395324707 241.0971450805664 590.6876831054688 241.0971450805664
595.4153442382812 153.2439727783203 641.9422836303711 153.2439727783203 641.9422836303711 239.46170043945312 595.4153442382812 239.46170043945312
604.4332275390625 154.03749084472656 648.0237350463867 154.03749084472656 648.0237350463867 236.3751449584961 604.4332275390625 236.3751449584961
604.0150146484375 156.08999633789062 647.0935935974121 156.08999633789062 647.0935935974121 237.46067810058594 604.0150146484375 237.46067810058594
600.5145874023438 151.1003875732422 643.2820816040039 151.1003875732422 643.2820816040039 231.88345336914062 600.5145874023438 231.88345336914062
606.6663208007812 159.12294006347656 648.799861907959 159.12294006347656 648.799861907959 238.7085418701172 606.6663208007812 238.7085418701172
606.63525390625 156.79542541503906 648.1741371154785 156.79542541503906 648.1741371154785 235.25778198242188 606.63525390625 235.25778198242188
605.5743408203125 156.7845458984375 646.6955795288086 156.7845458984375 646.6955795288086 234.45802307128906 605.5743408203125 234.45802307128906
606.31982421875 153.08160400390625 647.7962532043457 153.08160400390625 647.7962532043457 231.42599487304688 606.31982421875 231.42599487304688
603.212890625 151.60482788085938 645.5015449523926 151.60482788085938 645.5015449523926 231.4834213256836 603.212890625 231.4834213256836
604.10791015625 157.3654022216797 646.9492073059082 157.3654022216797 646.9492073059082 238.28787231445312 604.10791015625 238.28787231445312
588.3944091796875 171.34475708007812 631.0697250366211 171.34475708007812 631.0697250366211 251.9537124633789 588.3944091796875 251.9537124633789
551.3827514648438 185.70559692382812 594.5579452514648 185.70559692382812 594.5579452514648 267.25877380371094 551.3827514648438 267.25877380371094
498.28643798828125 228.8367462158203 541.4772796630859 228.8367462158203 541.4772796630859 310.4194793701172 498.28643798828125 310.4194793701172
482.7989196777344 216.46517944335938 526.4252510070801 216.46517944335938 526.4252510070801 298.87049865722656 482.7989196777344 298.87049865722656
490.9921875 219.80642700195312 534.3179626464844 219.80642700195312 534.3179626464844 301.64402770996094 490.9921875 301.64402770996094
498.3492126464844 214.92874145507812 542.3035354614258 214.92874145507812 542.3035354614258 297.95359802246094 498.3492126464844 297.95359802246094
496.7861328125 220.9390106201172 540.3015975952148 220.9390106201172 540.3015975952148 303.1349182128906 496.7861328125 303.1349182128906
497.066650390625 215.9550018310547 540.9014472961426 215.9550018310547 540.9014472961426 298.75408935546875 497.066650390625 298.75408935546875
498.6856384277344 223.4573211669922 541.6452407836914 223.4573211669922 541.6452407836914 304.603271484375 498.6856384277344 304.603271484375
500.2452087402344 214.2499542236328 543.2817459106445 214.2499542236328 543.2817459106445 295.54122161865234 500.2452087402344 295.54122161865234
496.98883056640625 220.7887725830078 539.7981872558594 220.7887725830078 539.7981872558594 301.65091705322266 496.98883056640625 301.65091705322266
493.9976501464844 215.65658569335938 536.5968627929688 215.65658569335938 536.5968627929688 296.1217956542969 493.9976501464844 296.1217956542969
496.71429443359375 223.3340301513672 538.9903793334961 223.3340301513672 538.9903793334961 303.1888885498047 496.71429443359375 303.1888885498047
489.7540588378906 225.1179656982422 532.0356483459473 225.1179656982422 532.0356483459473 304.9832229614258 489.7540588378906 304.9832229614258
492.482666015625 218.2608642578125 534.5139999389648 218.2608642578125 534.5139999389648 297.6534194946289 492.482666015625 297.6534194946289
489.056884765625 224.6472930908203 530.580265045166 224.6472930908203 530.580265045166 303.0803756713867 489.056884765625 303.0803756713867
486.95098876953125 225.04714965820312 528.3884963989258 225.04714965820312 528.3884963989258 303.3180236816406 486.95098876953125 303.3180236816406
492.32318115234375 225.3180389404297 533.9818077087402 225.3180389404297 533.9818077087402 304.00658416748047 492.32318115234375 304.00658416748047
478.0943298339844 230.228759765625 520.3282127380371 230.228759765625 520.3282127380371 310.00389099121094 478.0943298339844 310.00389099121094
483.06298828125 230.54013061523438 524.9131469726562 230.54013061523438 524.9131469726562 309.59044647216797 483.06298828125 309.59044647216797
487.8895568847656 230.9942169189453 529.6404914855957 230.9942169189453 529.6404914855957 309.85711669921875 487.8895568847656 309.85711669921875
467.5904235839844 234.24758911132812 509.68598556518555 234.24758911132812 509.68598556518555 313.7614517211914 467.5904235839844 313.7614517211914
447.9322204589844 238.043701171875 489.89953231811523 238.043701171875 489.89953231811523 317.31531524658203 447.9322204589844 317.31531524658203
456.1551818847656 233.38027954101562 498.34618759155273 233.38027954101562 498.34618759155273 313.0744171142578 456.1551818847656 313.0744171142578
482.62432861328125 230.254150390625 524.9097671508789 230.254150390625 524.9097671508789 310.1266632080078 482.62432861328125 310.1266632080078
488.5641174316406 233.65286254882812 530.6621932983398 233.65286254882812 530.6621932983398 313.1714782714844 488.5641174316406 313.1714782714844
486.98992919921875 234.57470703125 529.9003524780273 234.57470703125 529.9003524780273 315.6277542114258 486.98992919921875 315.6277542114258
482.89202880859375 220.92855834960938 526.6709213256836 220.92855834960938 526.6709213256836 303.6220474243164 482.89202880859375 303.6220474243164
487.96502685546875 227.3542022705078 531.9873580932617 227.3542022705078 531.9873580932617 310.5075149536133 487.96502685546875 310.5075149536133
486.99371337890625 218.6957244873047 530.8420677185059 218.6957244873047 530.8420677185059 301.5204086303711 486.99371337890625 301.5204086303711
482.66278076171875 222.98361206054688 527.014965057373 222.98361206054688 527.014965057373 306.7599792480469 482.66278076171875 306.7599792480469
480.4560546875 223.64645385742188 524.9713096618652 223.64645385742188 524.9713096618652 307.73085021972656 480.4560546875 307.73085021972656
479.1424255371094 223.2296600341797 523.3128509521484 223.2296600341797 523.3128509521484 306.6627197265625 479.1424255371094 306.6627197265625
479.4356384277344 218.4332733154297 523.7809143066406 218.4332733154297 523.7809143066406 302.1966018676758 479.4356384277344 302.1966018676758
468.9371032714844 226.24044799804688 513.2026176452637 226.24044799804688 513.2026176452637 309.8531188964844 468.9371032714844 309.8531188964844
490.6731872558594 227.7579345703125 534.9268608093262 227.7579345703125 534.9268608093262 311.3482437133789 490.6731872558594 311.3482437133789
480.14300537109375 221.4304656982422 524.3820419311523 221.4304656982422 524.3820419311523 304.9931335449219 480.14300537109375 304.9931335449219
483.94287109375 201.00148010253906 527.7097396850586 201.00148010253906 527.7097396850586 283.6722717285156 483.94287109375 283.6722717285156
487.08935546875 217.60232543945312 531.7773246765137 217.60232543945312 531.7773246765137 302.0129852294922 487.08935546875 302.0129852294922
471.49615478515625 224.98812866210938 515.5535583496094 224.98812866210938 515.5535583496094 308.2077178955078 471.49615478515625 308.2077178955078
450.3180236816406 241.7102508544922 495.3557891845703 241.7102508544922 495.3557891845703 326.7816390991211 450.3180236816406 326.7816390991211
476.2687072753906 228.5745086669922 522.1788368225098 228.5745086669922 522.1788368225098 315.29368591308594 476.2687072753906 315.29368591308594
470.26617431640625 234.20925903320312 516.916675567627 234.20925903320312 516.916675567627 322.32691192626953 470.26617431640625 322.32691192626953
487.8330078125 218.8734893798828 535.0115585327148 218.8734893798828 535.0115585327148 307.9885711669922 487.8330078125 307.9885711669922
480.2802734375 213.3196258544922 527.4975967407227 213.3196258544922 527.4975967407227 302.5079345703125 480.2802734375 302.5079345703125
486.22802734375 218.6671905517578 533.5168991088867 218.6671905517578 533.5168991088867 307.9906463623047 486.22802734375 307.9906463623047
485.8981018066406 215.8257293701172 533.6234893798828 215.8257293701172 533.6234893798828 305.97371673583984 485.8981018066406 305.97371673583984
491.6053771972656 216.1980743408203 539.6501655578613 216.1980743408203 539.6501655578613 306.9493713378906 491.6053771972656 306.9493713378906
495.09112548828125 217.11557006835938 543.160327911377 217.11557006835938 543.160327911377 307.91297912597656 495.09112548828125 307.91297912597656
491.92584228515625 216.0475311279297 539.6672897338867 216.0475311279297 539.6672897338867 306.225830078125 491.92584228515625 306.225830078125
491.21368408203125 215.80014038085938 539.2318229675293 215.80014038085938 539.2318229675293 306.5010757446289 491.21368408203125 306.5010757446289
493.8839416503906 214.27352905273438 541.0873680114746 214.27352905273438 541.0873680114746 303.43556213378906 493.8839416503906 303.43556213378906
488.45477294921875 217.32669067382812 535.2582778930664 217.32669067382812 535.2582778930664 305.73331451416016 488.45477294921875 305.73331451416016
490.9083557128906 218.34628295898438 538.4194564819336 218.34628295898438 538.4194564819336 308.08946228027344 490.9083557128906 308.08946228027344
463.05450439453125 226.93582153320312 511.07804107666016 226.93582153320312 511.07804107666016 317.6469268798828 463.05450439453125 317.6469268798828
476.98046875 226.9811248779297 525.1342391967773 226.9811248779297 525.1342391967773 317.938232421875 476.98046875 317.938232421875
480.2383728027344 233.4882354736328 529.2357864379883 233.4882354736328 529.2357864379883 326.0388946533203 480.2383728027344 326.0388946533203
493.065673828125 204.28244018554688 542.1917381286621 204.28244018554688 542.1917381286621 297.0761032104492 493.065673828125 297.0761032104492
494.6514587402344 222.6231689453125 544.5204200744629 222.6231689453125 544.5204200744629 316.82008361816406 494.6514587402344 316.82008361816406
493.14208984375 223.658935546875 543.4266815185547 223.658935546875 543.4266815185547 318.64093017578125 493.14208984375 318.64093017578125
495.954833984375 235.09365844726562 546.7112503051758 235.09365844726562 546.7112503051758 330.9668731689453 495.954833984375 330.9668731689453
492.7146911621094 225.1543426513672 542.7491073608398 225.1543426513672 542.7491073608398 319.6637725830078 492.7146911621094 319.6637725830078
492.29571533203125 225.95272827148438 543.6807670593262 225.95272827148438 543.6807670593262 323.01336669921875 492.29571533203125 323.01336669921875
495.025390625 222.8858642578125 547.4642753601074 222.8858642578125 547.4642753601074 321.93707275390625 495.025390625 321.93707275390625
496.181640625 232.31332397460938 548.0412788391113 232.31332397460938 548.0412788391113 330.27040100097656 496.181640625 330.27040100097656
488.3628845214844 223.72213745117188 540.4508972167969 223.72213745117188 540.4508972167969 322.11058807373047 488.3628845214844 322.11058807373047
492.85430908203125 228.3575439453125 545.2164535522461 228.3575439453125 545.2164535522461 327.26380157470703 492.85430908203125 327.26380157470703
474.8724670410156 229.87451171875 527.3919792175293 229.87451171875 527.3919792175293 329.07801818847656 474.8724670410156 329.07801818847656
489.799560546875 220.9747772216797 542.8664474487305 220.9747772216797 542.8664474487305 321.21221923828125 489.799560546875 321.21221923828125
492.82965087890625 225.9444580078125 545.8105583190918 225.9444580078125 545.8105583190918 326.01949310302734 492.82965087890625 326.01949310302734
479.45782470703125 242.71652221679688 531.3643264770508 242.71652221679688 531.3643264770508 340.7621307373047 479.45782470703125 340.7621307373047
494.80108642578125 223.8037872314453 546.7423629760742 223.8037872314453 546.7423629760742 321.91507720947266 494.80108642578125 321.91507720947266
492.4122619628906 223.24581909179688 545.014274597168 223.24581909179688 545.014274597168 322.60516357421875 492.4122619628906 322.60516357421875
498.469970703125 236.87759399414062 550.4287185668945 236.87759399414062 550.4287185668945 335.0218811035156 498.469970703125 335.0218811035156
491.46942138671875 236.2078399658203 543.3053512573242 236.2078399658203 543.3053512573242 334.1201400756836 491.46942138671875 334.1201400756836
493.31854248046875 236.84457397460938 546.0118789672852 236.84457397460938 546.0118789672852 336.3764190673828 493.31854248046875 336.3764190673828
492.3660583496094 235.02587890625 546.100658416748 235.02587890625 546.100658416748 336.52455139160156 492.3660583496094 336.52455139160156
480.53948974609375 242.79296875 534.338207244873 242.79296875 534.338207244873 344.41275787353516 480.53948974609375 344.41275787353516
493.4208984375 240.69064331054688 546.5684280395508 240.69064331054688 546.5684280395508 341.0804138183594 493.4208984375 341.0804138183594
479.1561584472656 246.04940795898438 532.3278388977051 246.04940795898438 532.3278388977051 346.4847869873047 479.1561584472656 346.4847869873047
461.87823486328125 239.0811309814453 514.6341133117676 239.0811309814453 514.6341133117676 338.7311096191406 461.87823486328125 338.7311096191406
474.5809631347656 248.654052734375 526.7391662597656 248.654052734375 526.7391662597656 347.1750946044922 474.5809631347656 347.1750946044922
479.10235595703125 239.0060272216797 530.657642364502 239.0060272216797 530.657642364502 336.3882293701172 479.10235595703125 336.3882293701172
476.71124267578125 241.30947875976562 528.26904296875 241.30947875976562 528.26904296875 338.69642639160156 476.71124267578125 338.69642639160156
493.88275146484375 241.15731811523438 545.0953254699707 241.15731811523438 545.0953254699707 337.89217376708984 493.88275146484375 337.89217376708984
519.0387573242188 245.58389282226562 569.6099967956543 245.58389282226562 569.6099967956543 341.1073455810547 519.0387573242188 341.1073455810547
492.39556884765625 243.7848358154297 543.5202102661133 243.7848358154297 543.5202102661133 340.35359954833984 492.39556884765625 340.35359954833984
512.8268432617188 237.160400390625 564.0147132873535 237.160400390625 564.0147132873535 333.8486022949219 512.8268432617188 333.8486022949219
465.7013244628906 242.1864013671875 516.5661849975586 242.1864013671875 516.5661849975586 338.26446533203125 465.7013244628906 338.26446533203125
500.5829162597656 239.4639129638672 552.7367248535156 239.4639129638672 552.7367248535156 337.9766540527344 500.5829162597656 337.9766540527344
502.05706787109375 238.97073364257812 555.3990859985352 238.97073364257812 555.3990859985352 339.7278594970703 502.05706787109375 339.7278594970703
488.1622619628906 241.3856201171875 540.6235580444336 241.3856201171875 540.6235580444336 340.47916412353516 488.1622619628906 340.47916412353516
462.59991455078125 245.27413940429688 515.08447265625 245.27413940429688 515.08447265625 344.41162109375 462.59991455078125 344.41162109375
499.8712463378906 240.9911651611328 553.053783416748 240.9911651611328 553.053783416748 341.4470520019531 499.8712463378906 341.4470520019531
473.4925842285156 243.4665985107422 527.1913566589355 243.4665985107422 527.1913566589355 344.8976058959961 473.4925842285156 344.8976058959961
476.3002014160156 227.33041381835938 530.700798034668 227.33041381835938 530.700798034668 330.0870895385742 476.3002014160156 330.0870895385742
472.63916015625 252.6337432861328 526.9050407409668 252.6337432861328 526.9050407409668 355.1359558105469 472.63916015625 355.1359558105469
448.4864196777344 256.04095458984375 503.37274169921875 256.04095458984375 503.37274169921875 359.7151107788086 448.4864196777344 359.7151107788086
438.61279296875 248.5972442626953 493.02534103393555 248.5972442626953 493.02534103393555 351.3764953613281 438.61279296875 351.3764953613281
490.720458984375 216.15966796875 545.0626220703125 216.15966796875 545.0626220703125 318.8059844970703 490.720458984375 318.8059844970703
