67.0 133.0 86.0 133.0 86.0 167.0 67.0 167.0
67.52519226074219 132.34994506835938 86.1976203918457 132.34994506835938 86.1976203918457 162.8402805328369 67.52519226074219 162.8402805328369
68.3449478149414 131.0594024658203 87.85354804992676 131.0594024658203 87.85354804992676 165.95744705200195 68.3449478149414 165.95744705200195
70.03792572021484 131.6050567626953 90.26574897766113 131.6050567626953 90.26574897766113 167.6715316772461 70.03792572021484 167.6715316772461
70.29072570800781 133.1882781982422 90.25272369384766 133.1882781982422 90.25272369384766 167.12435913085938 70.29072570800781 167.12435913085938
71.0723648071289 132.23587036132812 90.96143531799316 132.23587036132812 90.96143531799316 168.32118606567383 71.0723648071289 168.32118606567383
71.20874786376953 133.1865234375 91.21957588195801 133.1865234375 91.21957588195801 168.61421585083008 71.20874786376953 168.61421585083008
71.41515350341797 131.65396118164062 92.17138862609863 131.65396118164062 92.17138862609863 167.96532440185547 71.41515350341797 167.96532440185547
74.1346664428711 131.32496643066406 93.81479072570801 131.32496643066406 93.81479072570801 166.54203033447266 74.1346664428711 166.54203033447266
75.81495666503906 132.0885467529297 96.1303596496582 132.0885467529297 96.1303596496582 171.79401016235352 75.81495666503906 171.79401016235352
75.9212875366211 132.83717346191406 96.36556816101074 132.83717346191406 96.36556816101074 171.84086227416992 75.9212875366211 171.84086227416992
75.59815979003906 133.07717895507812 96.77822875976562 133.07717895507812 96.77822875976562 171.53677368164062 75.59815979003906 171.53677368164062
77.05609893798828 132.0978546142578 98.18985366821289 132.0978546142578 98.18985366821289 170.77583694458008 77.05609893798828 170.77583694458008
79.65152740478516 131.11756896972656 99.97082901000977 131.11756896972656 99.97082901000977 170.64695358276367 79.65152740478516 170.64695358276367
81.65809631347656 132.9050750732422 101.21401405334473 132.9050750732422 101.21401405334473 171.62086868286133 81.65809631347656 171.62086868286133
84.89319610595703 131.48037719726562 103.58702659606934 131.48037719726562 103.58702659606934 169.26774215698242 84.89319610595703 169.26774215698242
85.77701568603516 131.51870727539062 104.82821273803711 131.51870727539062 104.82821273803711 169.51520156860352 85.77701568603516 169.51520156860352
87.77417755126953 134.14080810546875 107.13292694091797 134.14080810546875 107.13292694091797 168.92015075683594 87.77417755126953 168.92015075683594
89.3150863647461 135.3743438720703 109.29946708679199 135.3743438720703 109.29946708679199 169.47811126708984 89.3150863647461 169.47811126708984
89.19622802734375 136.04885864257812 111.10965538024902 136.04885864257812 111.10965538024902 169.13924407958984 89.19622802734375 169.13924407958984
92.40156555175781 136.07284545898438 114.0439510345459 136.07284545898438 114.0439510345459 167.70818519592285 92.40156555175781 167.70818519592285
96.99002838134766 135.40451049804688 115.80030822753906 135.40451049804688 115.80030822753906 167.87438583374023 96.99002838134766 167.87438583374023
96.97187805175781 135.45486450195312 117.40956687927246 135.45486450195312 117.40956687927246 168.37317657470703 96.97187805175781 168.37317657470703
98.77168273925781 136.22830200195312 118.03789710998535 136.22830200195312 118.03789710998535 169.34251022338867 98.77168273925781 169.34251022338867
101.14633178710938 137.6219024658203 120.3122501373291 137.6219024658203 120.3122501373291 170.2028694152832 101.14633178710938 170.2028694152832
103.58219909667969 135.526123046875 121.68746948242188 135.526123046875 121.68746948242188 169.77435684204102 103.58219909667969 169.77435684204102
102.7872543334961 136.64389038085938 121.6418285369873 136.64389038085938 121.6418285369873 168.5787353515625 102.7872543334961 168.5787353515625
102.78653717041016 136.26988220214844 121.37878036499023 136.26988220214844 121.37878036499023 168.78618621826172 102.78653717041016 168.78618621826172
102.07841491699219 137.41281127929688 119.77074813842773 137.41281127929688 119.77074813842773 171.38823699951172 102.07841491699219 171.38823699951172
99.8561019897461 137.90158081054688 118.7227954864502 137.90158081054688 118.7227954864502 171.69196701049805 99.8561019897461 171.69196701049805
103.89768981933594 135.07870483398438 122.24915504455566 135.07870483398438 122.24915504455566 166.66386795043945 103.89768981933594 166.66386795043945
102.60212707519531 134.83120727539062 121.24395751953125 134.83120727539062 121.24395751953125 169.31433486938477 102.60212707519531 169.31433486938477
102.60566711425781 135.00885009765625 122.4862117767334 135.00885009765625 122.4862117767334 170.58456420898438 102.60566711425781 170.58456420898438
113.35929107666016 138.55072021484375 132.08803176879883 138.55072021484375 132.08803176879883 172.72079849243164 113.35929107666016 172.72079849243164
116.0850601196289 138.4530792236328 134.1105785369873 138.4530792236328 134.1105785369873 171.24677276611328 116.0850601196289 171.24677276611328
117.44376373291016 139.08609008789062 135.62600326538086 139.08609008789062 135.62600326538086 173.36111068725586 117.44376373291016 173.36111068725586
116.86710357666016 136.27993774414062 136.82130241394043 136.27993774414062 136.82130241394043 173.47383880615234 116.86710357666016 173.47383880615234
117.44063568115234 138.0531005859375 136.47912788391113 138.0531005859375 136.47912788391113 173.52656936645508 117.44063568115234 173.52656936645508
121.23653411865234 136.8520050048828 139.80263137817383 136.8520050048828 139.80263137817383 170.99637603759766 121.23653411865234 170.99637603759766
121.85310363769531 138.82542419433594 141.88943672180176 138.82542419433594 141.88943672180176 170.91644668579102 121.85310363769531 170.91644668579102
123.19050598144531 138.2248077392578 143.03769302368164 138.2248077392578 143.03769302368164 170.58717346191406 123.19050598144531 170.58717346191406
124.55110168457031 137.79116821289062 143.55401802062988 137.79116821289062 143.55401802062988 173.34635162353516 124.55110168457031 173.34635162353516
125.6750259399414 139.72756958007812 144.54307746887207 139.72756958007812 144.54307746887207 173.320556640625 125.6750259399414 173.320556640625
128.41574096679688 140.52969360351562 147.66938591003418 140.52969360351562 147.66938591003418 172.8097915649414 128.41574096679688 172.8097915649414
131.1145782470703 138.8843536376953 151.30037879943848 138.8843536376953 151.30037879943848 168.6742649078369 131.1145782470703 168.6742649078369
134.14962768554688 139.3546142578125 153.5116958618164 139.3546142578125 153.5116958618164 172.1116180419922 134.14962768554688 172.1116180419922
136.7346954345703 140.22927856445312 155.4266815185547 140.22927856445312 155.4266815185547 172.54942321777344 136.7346954345703 172.54942321777344
137.72567749023438 139.89312744140625 156.24975967407227 139.89312744140625 156.24975967407227 174.3216209411621 137.72567749023438 174.3216209411621
138.62655639648438 141.44705200195312 157.77861213684082 141.44705200195312 157.77861213684082 174.18417358398438 138.62655639648438 174.18417358398438
140.38699340820312 139.91293334960938 159.24907875061035 139.91293334960938 159.24907875061035 172.70758056640625 140.38699340820312 172.70758056640625
140.81710815429688 140.14756774902344 159.5820655822754 140.14756774902344 159.5820655822754 172.9673080444336 140.81710815429688 172.9673080444336
142.96432495117188 140.43832397460938 162.9435272216797 140.43832397460938 162.9435272216797 173.40406036376953 142.96432495117188 173.40406036376953
146.103759765625 141.25747680664062 165.6282730102539 141.25747680664062 165.6282730102539 172.72178649902344 146.103759765625 172.72178649902344
146.94712829589844 140.02183532714844 166.05948448181152 140.02183532714844 166.05948448181152 175.15573501586914 146.94712829589844 175.15573501586914
148.93368530273438 141.69778442382812 168.0472297668457 141.69778442382812 168.0472297668457 174.13552856445312 148.93368530273438 174.13552856445312
149.7383575439453 142.70091247558594 169.6774387359619 142.70091247558594 169.6774387359619 178.2236099243164 149.7383575439453 178.2236099243164
152.90447998046875 142.42581176757812 171.52994918823242 142.42581176757812 171.52994918823242 176.4888687133789 152.90447998046875 176.4888687133789
152.77101135253906 142.44554138183594 172.44256210327148 142.44554138183594 172.44256210327148 176.3219871520996 152.77101135253906 176.3219871520996
152.96649169921875 141.6617889404297 172.87428855895996 141.6617889404297 172.87428855895996 176.56345748901367 152.96649169921875 176.56345748901367
155.47286987304688 142.17391967773438 174.5159854888916 142.17391967773438 174.5159854888916 177.21566009521484 155.47286987304688 177.21566009521484
156.74778747558594 140.35934448242188 175.46627616882324 140.35934448242188 175.46627616882324 174.89578247070312 156.74778747558594 174.89578247070312
157.46546936035156 141.50201416015625 176.57232284545898 141.50201416015625 176.57232284545898 175.94379425048828 157.46546936035156 175.94379425048828
157.65902709960938 140.6251983642578 176.92480850219727 140.6251983642578 176.92480850219727 174.98245239257812 157.65902709960938 174.98245239257812
158.74783325195312 140.94754028320312 178.31610870361328 140.94754028320312 178.31610870361328 173.66033172607422 158.74783325195312 173.66033172607422
158.43247985839844 141.0621795654297 178.4452362060547 141.0621795654297 178.4452362060547 175.38347625732422 158.43247985839844 175.38347625732422
159.79739379882812 142.67080688476562 178.81569290161133 142.67080688476562 178.81569290161133 175.03934860229492 159.79739379882812 175.03934860229492
160.79583740234375 143.62612915039062 180.59881973266602 143.62612915039062 180.59881973266602 174.52262496948242 160.79583740234375 174.52262496948242
160.48760986328125 142.1263885498047 180.63814544677734 142.1263885498047 180.63814544677734 173.64101600646973 160.48760986328125 173.64101600646973
160.88963317871094 143.16696166992188 180.56879806518555 143.16696166992188 180.56879806518555 174.27321815490723 160.88963317871094 174.27321815490723
160.99649047851562 143.0502166748047 180.73597526550293 143.0502166748047 180.73597526550293 171.4794044494629 160.99649047851562 171.4794044494629
164.33047485351562 141.4860076904297 183.4056224822998 141.4860076904297 183.4056224822998 171.62428283691406 164.33047485351562 171.62428283691406
167.4224090576172 141.48672485351562 186.73044204711914 141.48672485351562 186.73044204711914 171.63668251037598 167.4224090576172 171.63668251037598
168.6453399658203 142.50497436523438 188.42763710021973 142.50497436523438 188.42763710021973 172.50754356384277 168.6453399658203 172.50754356384277
170.07388305664062 142.25875854492188 189.0144443511963 142.25875854492188 189.0144443511963 173.2199649810791 170.07388305664062 173.2199649810791
172.1759490966797 143.3861846923828 192.4970302581787 143.3861846923828 192.4970302581787 174.9976863861084 172.1759490966797 174.9976863861084
172.85284423828125 144.71054077148438 195.4348907470703 144.71054077148438 195.4348907470703 177.34320831298828 172.85284423828125 177.34320831298828
174.7564697265625 144.38406372070312 194.49310493469238 144.38406372070312 194.49310493469238 176.01008987426758 174.7564697265625 176.01008987426758
176.2843475341797 142.72921752929688 197.08478355407715 142.72921752929688 197.08478355407715 174.79682159423828 176.2843475341797 174.79682159423828
178.1107635498047 144.3936767578125 199.15159606933594 144.3936767578125 199.15159606933594 175.30123329162598 178.1107635498047 175.30123329162598
178.1763458251953 145.1475372314453 199.39441108703613 145.1475372314453 199.39441108703613 176.33566665649414 178.1763458251953 176.33566665649414
180.49560546875 144.06198120117188 201.977876663208 144.06198120117188 201.977876663208 175.1819553375244 180.49560546875 175.1819553375244
181.45135498046875 146.2150115966797 203.43176651000977 146.2150115966797 203.43176651000977 178.22820281982422 181.45135498046875 178.22820281982422
183.90586853027344 145.50595092773438 205.49843215942383 145.50595092773438 205.49843215942383 177.56594467163086 183.90586853027344 177.56594467163086
186.0731964111328 145.1041259765625 207.85364532470703 145.1041259765625 207.85364532470703 177.62615585327148 186.0731964111328 177.62615585327148
187.8309783935547 144.71945190429688 208.84415817260742 144.71945190429688 208.84415817260742 178.0247688293457 187.8309783935547 178.0247688293457
184.3874053955078 145.5770721435547 207.32926559448242 145.5770721435547 207.32926559448242 180.6351661682129 184.3874053955078 180.6351661682129
186.7846221923828 145.46170043945312 209.7622776031494 145.46170043945312 209.7622776031494 180.20403289794922 186.7846221923828 180.20403289794922
187.25204467773438 146.30789184570312 211.4779930114746 146.30789184570312 211.4779930114746 181.6545181274414 187.25204467773438 181.6545181274414
189.25851440429688 145.03057861328125 214.38442611694336 145.03057861328125 214.38442611694336 180.8644142150879 189.25851440429688 180.8644142150879
189.25079345703125 146.1051025390625 215.70475387573242 146.1051025390625 215.70475387573242 180.79499435424805 189.25079345703125 180.79499435424805
193.18983459472656 141.8694610595703 217.46603775024414 141.8694610595703 217.46603775024414 185.3111114501953 193.18983459472656 185.3111114501953
191.1233673095703 144.817138671875 218.8550567626953 144.817138671875 218.8550567626953 179.86182403564453 191.1233673095703 179.86182403564453
193.33932495117188 142.27066040039062 217.37685775756836 142.27066040039062 217.37685775756836 185.28521728515625 193.33932495117188 185.28521728515625
192.2607421875 144.3568572998047 220.5491428375244 144.3568572998047 220.5491428375244 179.55052947998047 192.2607421875 179.55052947998047
191.79183959960938 144.36087036132812 220.24453735351562 144.36087036132812 220.24453735351562 179.48517608642578 191.79183959960938 179.48517608642578
192.7099609375 144.97882080078125 218.92067527770996 144.97882080078125 218.92067527770996 178.71178436279297 192.7099609375 178.71178436279297
196.1372528076172 143.5155487060547 217.51773834228516 143.5155487060547 217.51773834228516 180.07589721679688 196.1372528076172 180.07589721679688
197.3270263671875 142.62289428710938 220.0633659362793 142.62289428710938 220.0633659362793 184.79119873046875 197.3270263671875 184.79119873046875
195.1822509765625 142.96214294433594 218.47345733642578 142.96214294433594 218.47345733642578 184.2791519165039 195.1822509765625 184.2791519165039
197.35031127929688 143.99868774414062 221.51548385620117 143.99868774414062 221.51548385620117 186.30183029174805 197.35031127929688 186.30183029174805
199.38638305664062 147.45201110839844 221.13142776489258 147.45201110839844 221.13142776489258 188.10888290405273 199.38638305664062 188.10888290405273
199.04959106445312 147.72479248046875 221.39960479736328 147.72479248046875 221.39960479736328 187.03375244140625 199.04959106445312 187.03375244140625
199.5191650390625 148.7134552001953 221.8732032775879 148.7134552001953 221.8732032775879 187.18603134155273 199.5191650390625 187.18603134155273
201.6920623779297 148.4750518798828 223.38570022583008 148.4750518798828 223.38570022583008 186.85968780517578 201.6920623779297 186.85968780517578
200.98843383789062 150.71636962890625 223.64657592773438 150.71636962890625 223.64657592773438 188.38582229614258 200.98843383789062 188.38582229614258
205.1577911376953 147.603271484375 227.1168975830078 147.603271484375 227.1168975830078 185.89308166503906 205.1577911376953 185.89308166503906
207.9009246826172 149.14627075195312 230.6034278869629 149.14627075195312 230.6034278869629 186.6756935119629 207.9009246826172 186.6756935119629
208.8360595703125 147.60693359375 232.31241416931152 147.60693359375 232.31241416931152 188.02783584594727 208.8360595703125 188.02783584594727
210.01174926757812 147.9806365966797 232.83078002929688 147.9806365966797 232.83078002929688 189.57092666625977 210.01174926757812 189.57092666625977
211.26040649414062 148.4259490966797 235.68417167663574 148.4259490966797 235.68417167663574 190.16875457763672 211.26040649414062 190.16875457763672
211.1686248779297 149.442138671875 236.56064987182617 149.442138671875 236.56064987182617 189.2750358581543 211.1686248779297 189.2750358581543
213.29052734375 148.11001586914062 236.54704475402832 148.11001586914062 236.54704475402832 187.4033432006836 213.29052734375 187.4033432006836
214.9340362548828 149.8454132080078 238.7525291442871 149.8454132080078 238.7525291442871 188.6603546142578 214.9340362548828 188.6603546142578
216.61801147460938 151.06777954101562 239.73097610473633 151.06777954101562 239.73097610473633 189.72794723510742 216.61801147460938 189.72794723510742
217.2867889404297 150.7987060546875 241.59928512573242 150.7987060546875 241.59928512573242 190.93668746948242 217.2867889404297 190.93668746948242
217.41665649414062 152.61090087890625 243.36173629760742 152.61090087890625 243.36173629760742 192.13151931762695 217.41665649414062 192.13151931762695
218.737548828125 151.2158966064453 242.3997402191162 151.2158966064453 242.3997402191162 192.30572891235352 218.737548828125 192.30572891235352
219.6392364501953 151.4139862060547 243.03997421264648 151.4139862060547 243.03997421264648 193.29558181762695 219.6392364501953 193.29558181762695
223.1728973388672 151.99453735351562 246.25441932678223 151.99453735351562 246.25441932678223 190.4193878173828 223.1728973388672 190.4193878173828
222.67343139648438 151.93238830566406 248.3633270263672 151.93238830566406 248.3633270263672 191.24210357666016 222.67343139648438 191.24210357666016
224.330322265625 152.94215393066406 249.98333168029785 152.94215393066406 249.98333168029785 191.56346893310547 224.330322265625 191.56346893310547
227.1140594482422 151.4606475830078 252.5314064025879 151.4606475830078 252.5314064025879 191.98480987548828 227.1140594482422 191.98480987548828
227.2589569091797 151.1529541015625 253.1851806640625 151.1529541015625 253.1851806640625 195.89118194580078 227.2589569091797 195.89118194580078
229.0496063232422 153.30259704589844 253.9788932800293 153.30259704589844 253.9788932800293 195.1653060913086 229.0496063232422 195.1653060913086
230.03530883789062 153.43226623535156 255.24164962768555 153.43226623535156 255.24164962768555 195.4118194580078 230.03530883789062 195.4118194580078
231.2964630126953 152.6255340576172 255.01805114746094 152.6255340576172 255.01805114746094 194.45618438720703 231.2964630126953 194.45618438720703
231.4267120361328 152.2972412109375 257.23838233947754 152.2972412109375 257.23838233947754 193.08527755737305 231.4267120361328 193.08527755737305
235.30270385742188 155.14614868164062 260.5509719848633 155.14614868164062 260.5509719848633 195.1891632080078 235.30270385742188 195.1891632080078
234.44375610351562 154.34925842285156 261.07801818847656 154.34925842285156 261.07801818847656 196.27405548095703 234.44375610351562 196.27405548095703
235.33401489257812 155.17796325683594 260.6958351135254 155.17796325683594 260.6958351135254 197.11028289794922 235.33401489257812 197.11028289794922
235.748291015625 155.70611572265625 261.73686599731445 155.70611572265625 261.73686599731445 198.4511947631836 235.748291015625 198.4511947631836
237.02978515625 155.21383666992188 263.4808464050293 155.21383666992188 263.4808464050293 199.36444854736328 237.02978515625 199.36444854736328
238.4208984375 155.15914916992188 264.9612979888916 155.15914916992188 264.9612979888916 196.71685028076172 238.4208984375 196.71685028076172
240.51708984375 154.69784545898438 267.5082302093506 154.69784545898438 267.5082302093506 198.06676864624023 240.51708984375 198.06676864624023
242.0137939453125 155.3951416015625 269.008731842041 155.3951416015625 269.008731842041 194.9635353088379 242.0137939453125 194.9635353088379
245.4761505126953 156.22842407226562 271.17542457580566 156.22842407226562 271.17542457580566 197.33234405517578 245.4761505126953 197.33234405517578
247.4483184814453 155.32553100585938 274.4908046722412 155.32553100585938 274.4908046722412 197.76083374023438 247.4483184814453 197.76083374023438
248.7870330810547 156.21749877929688 276.4578456878662 156.21749877929688 276.4578456878662 199.39925384521484 248.7870330810547 199.39925384521484
249.63528442382812 159.02769470214844 275.7666721343994 159.02769470214844 275.7666721343994 200.30076599121094 249.63528442382812 200.30076599121094
250.137451171875 158.799072265625 277.65131759643555 158.799072265625 277.65131759643555 201.60066986083984 250.137451171875 201.60066986083984
251.6833953857422 157.2404327392578 279.744930267334 157.2404327392578 279.744930267334 201.37725448608398 251.6833953857422 201.37725448608398
251.9653778076172 157.24493408203125 281.4788875579834 157.24493408203125 281.4788875579834 202.76386260986328 251.9653778076172 202.76386260986328
255.79037475585938 158.41079711914062 283.12164878845215 158.41079711914062 283.12164878845215 202.9681167602539 255.79037475585938 202.9681167602539
256.74224853515625 157.41250610351562 283.4521179199219 157.41250610351562 283.4521179199219 204.28366088867188 256.74224853515625 204.28366088867188
259.59478759765625 157.7523651123047 285.88618087768555 157.7523651123047 285.88618087768555 202.56176376342773 259.59478759765625 202.56176376342773
261.1595153808594 158.5671844482422 286.6929187774658 158.5671844482422 286.6929187774658 204.91547012329102 261.1595153808594 204.91547012329102
261.67706298828125 156.8317108154297 287.564208984375 156.8317108154297 287.564208984375 204.0266876220703 261.67706298828125 204.0266876220703
262.4609680175781 155.8422393798828 288.0836181640625 155.8422393798828 288.0836181640625 205.19196701049805 262.4609680175781 205.19196701049805
262.79681396484375 157.2363739013672 289.3508243560791 157.2363739013672 289.3508243560791 206.71373748779297 262.79681396484375 206.71373748779297
263.27325439453125 159.3506317138672 289.1077175140381 159.3506317138672 289.1077175140381 208.70361328125 263.27325439453125 208.70361328125
264.8109436035156 158.5573272705078 290.92103576660156 158.5573272705078 290.92103576660156 208.75623321533203 264.8109436035156 208.75623321533203
268.5019836425781 154.94851684570312 294.4807949066162 154.94851684570312 294.4807949066162 210.76263427734375 268.5019836425781 210.76263427734375
270.3799743652344 155.3716278076172 297.4902648925781 155.3716278076172 297.4902648925781 209.10389709472656 270.3799743652344 209.10389709472656
273.6720275878906 157.32662963867188 300.1340847015381 157.32662963867188 300.1340847015381 209.4389419555664 273.6720275878906 209.4389419555664
272.8548583984375 158.237060546875 299.4224491119385 158.237060546875 299.4224491119385 207.6269645690918 272.8548583984375 207.6269645690918
273.78021240234375 156.07669067382812 303.3129997253418 156.07669067382812 303.3129997253418 208.9249153137207 273.78021240234375 208.9249153137207
275.09356689453125 155.586181640625 301.76445960998535 155.586181640625 301.76445960998535 210.08434295654297 275.09356689453125 210.08434295654297
276.3857116699219 157.87538146972656 303.1646919250488 157.87538146972656 303.1646919250488 210.31091690063477 276.3857116699219 210.31091690063477
279.1180114746094 159.3001251220703 304.4676761627197 159.3001251220703 304.4676761627197 210.85453033447266 279.1180114746094 210.85453033447266
280.01922607421875 158.25782775878906 306.7664604187012 158.25782775878906 306.7664604187012 211.35327529907227 280.01922607421875 211.35327529907227
281.96014404296875 158.08480834960938 311.7772617340088 158.08480834960938 311.7772617340088 211.44184112548828 281.96014404296875 211.44184112548828
283.6268005371094 159.399169921875 313.4486427307129 159.399169921875 313.4486427307129 212.76465606689453 283.6268005371094 212.76465606689453
284.92755126953125 162.09695434570312 312.80884170532227 162.09695434570312 312.80884170532227 217.50651168823242 284.92755126953125 217.50651168823242
289.58258056640625 178.73605346679688 317.3802299499512 178.73605346679688 317.3802299499512 233.79130172729492 289.58258056640625 233.79130172729492
305.29901123046875 161.2302703857422 329.71362686157227 161.2302703857422 329.71362686157227 213.78613662719727 305.29901123046875 213.78613662719727
306.14703369140625 161.2568817138672 330.71715927124023 161.2568817138672 330.71715927124023 211.6874008178711 306.14703369140625 211.6874008178711
309.29730224609375 162.52975463867188 333.9868793487549 162.52975463867188 333.9868793487549 214.15225982666016 309.29730224609375 214.15225982666016
311.55426025390625 164.0349578857422 336.32495498657227 164.0349578857422 336.32495498657227 214.98394775390625 311.55426025390625 214.98394775390625
312.7768249511719 165.7505340576172 337.16913986206055 165.7505340576172 337.16913986206055 216.21765518188477 312.7768249511719 216.21765518188477
315.1512756347656 162.9684295654297 341.0202388763428 162.9684295654297 341.0202388763428 211.8850860595703 315.1512756347656 211.8850860595703
320.60943603515625 165.39028930664062 347.1798496246338 165.39028930664062 347.1798496246338 216.66631317138672 320.60943603515625 216.66631317138672
321.570068359375 167.0740509033203 348.7305564880371 167.0740509033203 348.7305564880371 217.67519760131836 321.570068359375 217.67519760131836
322.06732177734375 165.92396545410156 351.1192741394043 165.92396545410156 351.1192741394043 218.65779876708984 322.06732177734375 218.65779876708984
324.9169921875 166.71524047851562 352.84038734436035 166.71524047851562 352.84038734436035 220.32086181640625 324.9169921875 220.32086181640625
328.1954040527344 166.90475463867188 355.1722221374512 166.90475463867188 355.1722221374512 221.98834228515625 328.1954040527344 221.98834228515625
329.0477600097656 165.7959442138672 357.2465019226074 165.7959442138672 357.2465019226074 220.58877182006836 329.0477600097656 220.58877182006836
332.0994567871094 165.87066650390625 359.9771480560303 165.87066650390625 359.9771480560303 217.31200408935547 332.0994567871094 217.31200408935547
333.7349853515625 167.6547393798828 362.19238662719727 167.6547393798828 362.19238662719727 222.3811264038086 333.7349853515625 222.3811264038086
336.3039245605469 166.8516082763672 365.3970375061035 166.8516082763672 365.3970375061035 221.38476943969727 336.3039245605469 221.38476943969727
338.24981689453125 167.1442108154297 365.8099727630615 167.1442108154297 365.8099727630615 222.98904037475586 338.24981689453125 222.98904037475586
340.32177734375 164.2356414794922 369.8167839050293 164.2356414794922 369.8167839050293 221.0910873413086 340.32177734375 221.0910873413086
339.64630126953125 165.95834350585938 368.8613929748535 165.95834350585938 368.8613929748535 222.50757598876953 339.64630126953125 222.50757598876953
341.49456787109375 167.33168029785156 371.1264705657959 167.33168029785156 371.1264705657959 224.51315689086914 341.49456787109375 224.51315689086914
341.80084228515625 167.298828125 372.36909103393555 167.298828125 372.36909103393555 225.9007568359375 341.80084228515625 225.9007568359375
345.0323486328125 164.22787475585938 375.6153202056885 164.22787475585938 375.6153202056885 223.20513916015625 345.0323486328125 223.20513916015625
345.8543395996094 166.8568878173828 375.8441581726074 166.8568878173828 375.8441581726074 226.27710723876953 345.8543395996094 226.27710723876953
350.1361999511719 167.43081665039062 380.9667110443115 167.43081665039062 380.9667110443115 226.58025360107422 350.1361999511719 226.58025360107422
349.7922058105469 166.7830352783203 381.6711673736572 166.7830352783203 381.6711673736572 224.20547103881836 349.7922058105469 224.20547103881836
358.40960693359375 168.2130584716797 390.03782653808594 168.2130584716797 390.03782653808594 228.0894012451172 358.40960693359375 228.0894012451172
361.0066833496094 170.9668731689453 392.1665916442871 170.9668731689453 392.1665916442871 227.26588439941406 361.0066833496094 227.26588439941406
364.40179443359375 172.01681518554688 396.1043758392334 172.01681518554688 396.1043758392334 228.5975341796875 364.40179443359375 228.5975341796875
365.73736572265625 171.04611206054688 397.5586757659912 171.04611206054688 397.5586757659912 227.1801986694336 365.73736572265625 227.1801986694336
368.0730895996094 172.52499389648438 399.56440353393555 172.52499389648438 399.56440353393555 230.03533172607422 368.0730895996094 230.03533172607422
368.25390625 172.05384826660156 399.42457008361816 172.05384826660156 399.42457008361816 227.95842742919922 368.25390625 227.95842742919922
369.4693908691406 173.8469696044922 401.26670265197754 173.8469696044922 401.26670265197754 231.59680938720703 369.4693908691406 231.59680938720703
370.6194763183594 176.24900817871094 402.9427261352539 176.24900817871094 402.9427261352539 232.89737701416016 370.6194763183594 232.89737701416016
372.15118408203125 173.85147094726562 405.07172775268555 173.85147094726562 405.07172775268555 232.99518966674805 372.15118408203125 232.99518966674805
373.36126708984375 172.7323455810547 406.5831642150879 172.7323455810547 406.5831642150879 233.54345321655273 373.36126708984375 233.54345321655273
381.8680725097656 174.1576690673828 412.32351303100586 174.1576690673828 412.32351303100586 232.9580841064453 381.8680725097656 232.9580841064453
383.74090576171875 174.50570678710938 414.5008659362793 174.50570678710938 414.5008659362793 232.3658218383789 383.74090576171875 232.3658218383789
384.1852111816406 176.80154418945312 415.46380043029785 176.80154418945312 415.46380043029785 234.28307342529297 384.1852111816406 234.28307342529297
386.423583984375 176.0239715576172 417.3830223083496 176.0239715576172 417.3830223083496 231.33116149902344 386.423583984375 231.33116149902344
387.9585876464844 176.63052368164062 417.9813041687012 176.63052368164062 417.9813041687012 233.38724517822266 387.9585876464844 233.38724517822266
388.58233642578125 178.09548950195312 420.287784576416 178.09548950195312 420.287784576416 233.13007354736328 388.58233642578125 233.13007354736328
390.57818603515625 175.12033081054688 423.5525436401367 175.12033081054688 423.5525436401367 229.65821075439453 390.57818603515625 229.65821075439453
399.4451599121094 182.1380157470703 429.26308250427246 182.1380157470703 429.26308250427246 236.50436782836914 399.4451599121094 236.50436782836914
400.8385925292969 179.62905883789062 432.5796356201172 179.62905883789062 432.5796356201172 235.25394821166992 400.8385925292969 235.25394821166992
401.236083984375 179.92501831054688 433.122034072876 179.92501831054688 433.122034072876 237.31946563720703 401.236083984375 237.31946563720703
404.6669921875 182.2375946044922 434.8363456726074 182.2375946044922 434.8363456726074 238.78594589233398 404.6669921875 238.78594589233398
407.3729553222656 180.8880615234375 439.0341281890869 180.8880615234375 439.0341281890869 236.23239135742188 407.3729553222656 236.23239135742188
407.4594421386719 180.1251983642578 439.6036911010742 180.1251983642578 439.6036911010742 240.3877944946289 407.4594421386719 240.3877944946289
411.89459228515625 180.21849060058594 443.7403450012207 180.21849060058594 443.7403450012207 240.4284210205078 411.89459228515625 240.4284210205078
415.60369873046875 180.1668701171875 449.0309638977051 180.1668701171875 449.0309638977051 240.89361572265625 415.60369873046875 240.89361572265625
416.90936279296875 178.77578735351562 451.3051567077637 178.77578735351562 451.3051567077637 240.50891876220703 416.90936279296875 240.50891876220703
420.01690673828125 182.55612182617188 453.1712646484375 182.55612182617188 453.1712646484375 245.15032196044922 420.01690673828125 245.15032196044922
422.1302795410156 183.1043243408203 456.8525810241699 183.1043243408203 456.8525810241699 242.0010643005371 422.1302795410156 242.0010643005371
428.2275390625 183.70498657226562 461.9062385559082 183.70498657226562 461.9062385559082 242.22542572021484 428.2275390625 242.22542572021484
431.31817626953125 184.54954528808594 464.14295196533203 184.54954528808594 464.14295196533203 244.5823097229004 431.31817626953125 244.5823097229004
435.14141845703125 182.14468383789062 468.7580680847168 182.14468383789062 468.7580680847168 242.42793655395508 435.14141845703125 242.42793655395508
437.98101806640625 183.57301330566406 470.65026092529297 183.57301330566406 470.65026092529297 243.97596740722656 437.98101806640625 243.97596740722656
439.96209716796875 183.41690063476562 471.2061309814453 183.41690063476562 471.2061309814453 244.81291961669922 439.96209716796875 244.81291961669922
441.61968994140625 182.71731567382812 472.543025970459 182.71731567382812 472.543025970459 244.41960525512695 441.61968994140625 244.41960525512695
443.1763610839844 180.97601318359375 474.6743221282959 180.97601318359375 474.6743221282959 244.49454498291016 443.1763610839844 244.49454498291016
444.78155517578125 181.36996459960938 476.7584686279297 181.36996459960938 476.7584686279297 241.62895584106445 444.78155517578125 241.62895584106445
448.46990966796875 186.7925262451172 479.76079750061035 186.7925262451172 479.76079750061035 245.24624252319336 448.46990966796875 245.24624252319336
451.44970703125 186.09774780273438 484.05231857299805 186.09774780273438 484.05231857299805 244.19679641723633 451.44970703125 244.19679641723633
456.5628356933594 190.14248657226562 487.0907745361328 190.14248657226562 487.0907745361328 248.4352912902832 456.5628356933594 248.4352912902832
460.85394287109375 190.86563110351562 491.4967384338379 190.86563110351562 491.4967384338379 251.86715698242188 460.85394287109375 251.86715698242188
462.58203125 189.8434600830078 493.7262725830078 189.8434600830078 493.7262725830078 250.25646209716797 462.58203125 250.25646209716797
464.7649841308594 190.73330688476562 497.0973358154297 190.73330688476562 497.0973358154297 253.95946502685547 464.7649841308594 253.95946502685547
467.242431640625 189.02151489257812 499.69792556762695 189.02151489257812 499.69792556762695 251.5001335144043 467.242431640625 251.5001335144043
471.5595703125 190.22659301757812 502.4703178405762 190.22659301757812 502.4703178405762 251.33212280273438 471.5595703125 251.33212280273438
473.92999267578125 189.10873413085938 504.8198661804199 189.10873413085938 504.8198661804199 250.54364013671875 473.92999267578125 250.54364013671875
477.37255859375 191.41610717773438 507.81633377075195 191.41610717773438 507.81633377075195 250.2940444946289 477.37255859375 250.2940444946289
482.27783203125 194.3837890625 513.5501003265381 194.3837890625 513.5501003265381 256.4704818725586 482.27783203125 256.4704818725586
485.54486083984375 196.4215087890625 516.6625556945801 196.4215087890625 516.6625556945801 256.91124725341797 485.54486083984375 256.91124725341797
489.30224609375 196.23602294921875 521.1083335876465 196.23602294921875 521.1083335876465 255.68358612060547 489.30224609375 255.68358612060547
492.4749450683594 196.1765899658203 524.2140960693359 196.1765899658203 524.2140960693359 256.7046356201172 492.4749450683594 256.7046356201172
492.2523498535156 196.9351043701172 524.6322631835938 196.9351043701172 524.6322631835938 256.71033096313477 492.2523498535156 256.71033096313477
496.438232421875 199.13507080078125 527.6180171966553 199.13507080078125 527.6180171966553 256.7000846862793 496.438232421875 256.7000846862793
498.00244140625 194.94354248046875 530.9218826293945 194.94354248046875 530.9218826293945 258.3330383300781 498.00244140625 258.3330383300781
516.5054321289062 202.45851135253906 548.2037963867188 202.45851135253906 548.2037963867188 262.96007537841797 516.5054321289062 262.96007537841797
518.4984130859375 201.52865600585938 551.1740989685059 201.52865600585938 551.1740989685059 264.3323974609375 518.4984130859375 264.3323974609375
519.3866577148438 201.4300994873047 553.0225448608398 201.4300994873047 553.0225448608398 264.9423294067383 519.3866577148438 264.9423294067383
524.4931640625 203.31129455566406 558.3138656616211 203.31129455566406 558.3138656616211 264.9164695739746 524.4931640625 264.9164695739746
531.0725708007812 206.29446411132812 563.3729019165039 206.29446411132812 563.3729019165039 268.5266647338867 531.0725708007812 268.5266647338867
533.173095703125 204.11727905273438 566.2342720031738 204.11727905273438 566.2342720031738 267.74287033081055 533.173095703125 267.74287033081055
534.98095703125 206.1716766357422 566.3564491271973 206.1716766357422 566.3564491271973 269.13491439819336 534.98095703125 269.13491439819336
535.8865966796875 206.8533172607422 567.7018737792969 206.8533172607422 567.7018737792969 269.61888122558594 535.8865966796875 269.61888122558594
538.0919799804688 208.2119903564453 569.669864654541 208.2119903564453 569.669864654541 267.5191078186035 538.0919799804688 267.5191078186035
537.9304809570312 206.9922637939453 570.5071029663086 206.9922637939453 570.5071029663086 268.1159019470215 537.9304809570312 268.1159019470215
538.9929809570312 209.37936401367188 571.7512359619141 209.37936401367188 571.7512359619141 270.42755126953125 538.9929809570312 270.42755126953125
540.8920288085938 208.2532501220703 574.6869926452637 208.2532501220703 574.6869926452637 271.28890228271484 540.8920288085938 271.28890228271484
545.3109741210938 207.39627075195312 581.4636535644531 207.39627075195312 581.4636535644531 266.25390625 545.3109741210938 266.25390625
549.4177856445312 208.6964874267578 584.1549606323242 208.6964874267578 584.1549606323242 268.37076568603516 549.4177856445312 268.37076568603516
555.8662109375 212.2861328125 590.7178230285645 212.2861328125 590.7178230285645 270.074951171875 555.8662109375 270.074951171875
558.2430419921875 212.11642456054688 593.2478713989258 212.11642456054688 593.2478713989258 271.53694915771484 558.2430419921875 271.53694915771484
561.2263793945312 212.2725067138672 595.3279800415039 212.2725067138672 595.3279800415039 273.77053451538086 561.2263793945312 273.77053451538086
563.78271484375 212.69204711914062 598.3377876281738 212.69204711914062 598.3377876281738 274.5438537597656 563.78271484375 274.5438537597656
566.2052001953125 211.4789581298828 600.8354148864746 211.4789581298828 600.8354148864746 275.9241027832031 566.2052001953125 275.9241027832031
568.8823852539062 213.2046661376953 604.003303527832 213.2046661376953 604.003303527832 275.57948303222656 568.8823852539062 275.57948303222656
574.5888671875 212.65689086914062 610.6650009155273 212.65689086914062 610.6650009155273 274.8978157043457 574.5888671875 274.8978157043457
579.7625732421875 211.83218383789062 615.0802574157715 211.83218383789062 615.0802574157715 275.38651275634766 579.7625732421875 275.38651275634766
583.9406127929688 213.84326171875 619.8176155090332 213.84326171875 619.8176155090332 278.38736724853516 583.9406127929688 278.38736724853516
587.5299682617188 214.75454711914062 624.4407577514648 214.75454711914062 624.4407577514648 281.8730773925781 587.5299682617188 281.8730773925781
