281.0 76.0 291.0 76.0 291.0 106.0 281.0 106.0
276.94927978515625 75.99534606933594 287.0292844772339 75.99534606933594 287.0292844772339 105.98559188842773 276.94927978515625 105.98559188842773
275.7039489746094 75.13362121582031 285.9307985305786 75.13362121582031 285.9307985305786 105.55732727050781 275.7039489746094 105.55732727050781
275.811767578125 75.00971221923828 285.2542715072632 75.00971221923828 285.2542715072632 106.12854194641113 275.811767578125 106.12854194641113
275.5390625 75.12151336669922 284.8608150482178 75.12151336669922 284.8608150482178 108.87431716918945 275.5390625 108.87431716918945
275.2952880859375 74.71436309814453 284.94713020324707 74.71436309814453 284.94713020324707 108.39828109741211 275.2952880859375 108.39828109741211
273.9195861816406 76.67037200927734 283.9310350418091 76.67037200927734 283.9310350418091 105.63982772827148 273.9195861816406 105.63982772827148
273.8863220214844 76.63688659667969 283.44234466552734 76.63688659667969 283.44234466552734 107.1003475189209 273.8863220214844 107.1003475189209
272.3854064941406 76.06153869628906 283.03035163879395 76.06153869628906 283.03035163879395 107.55802917480469 272.3854064941406 107.55802917480469
271.5882263183594 76.67682647705078 281.85944843292236 76.67682647705078 281.85944843292236 108.77518081665039 271.5882263183594 108.77518081665039
271.7157897949219 75.57823944091797 282.39105796813965 75.57823944091797 282.39105796813965 108.26190948486328 271.7157897949219 108.26190948486328
270.89508056640625 75.8480453491211 280.2085552215576 75.8480453491211 280.2085552215576 108.56193542480469 270.89508056640625 108.56193542480469
271.1271057128906 76.56990814208984 279.7446298599243 76.56990814208984 279.7446298599243 108.38603019714355 271.1271057128906 108.38603019714355
270.04034423828125 76.41236114501953 278.9425287246704 76.41236114501953 278.9425287246704 107.71077346801758 270.04034423828125 107.71077346801758
269.36138916015625 76.83538818359375 278.7536573410034 76.83538818359375 278.7536573410034 111.23511505126953 269.36138916015625 111.23511505126953
268.31842041015625 78.93487548828125 277.9797887802124 78.93487548828125 277.9797887802124 108.58472061157227 268.31842041015625 108.58472061157227
267.8780212402344 77.81389617919922 277.01172161102295 77.81389617919922 277.01172161102295 108.40353775024414 267.8780212402344 108.40353775024414
267.45904541015625 76.68122863769531 276.4558963775635 76.68122863769531 276.4558963775635 108.494384765625 267.45904541015625 108.494384765625
266.9244689941406 75.17208862304688 276.89040184020996 75.17208862304688 276.89040184020996 109.2598762512207 266.9244689941406 109.2598762512207
266.8753967285156 77.43475341796875 275.6090393066406 77.43475341796875 275.6090393066406 108.44581985473633 266.8753967285156 108.44581985473633
266.43707275390625 76.9148178100586 275.3556594848633 76.9148178100586 275.3556594848633 109.3172492980957 266.43707275390625 109.3172492980957
266.607421875 76.70048522949219 275.56684398651123 76.70048522949219 275.56684398651123 108.09733581542969 266.607421875 108.09733581542969
266.992431640625 74.7392807006836 275.92387199401855 74.7392807006836 275.92387199401855 108.48350524902344 266.992431640625 108.48350524902344
265.28204345703125 76.9305419921875 274.38214206695557 76.9305419921875 274.38214206695557 110.29077911376953 265.28204345703125 110.29077911376953
264.3842468261719 78.30302429199219 274.1610507965088 78.30302429199219 274.1610507965088 110.08185386657715 264.3842468261719 110.08185386657715
263.8871154785156 78.19862365722656 273.8371238708496 78.19862365722656 273.8371238708496 109.41154098510742 263.8871154785156 109.41154098510742
263.34234619140625 77.93888854980469 274.16160774230957 77.93888854980469 274.16160774230957 109.51106262207031 263.34234619140625 109.51106262207031
263.1365661621094 77.2812728881836 273.52486419677734 77.2812728881836 273.52486419677734 108.68421745300293 263.1365661621094 108.68421745300293
263.3376770019531 76.53520202636719 272.4960708618164 76.53520202636719 272.4960708618164 109.49414443969727 263.3376770019531 109.49414443969727
262.6585693359375 76.60557556152344 271.5964822769165 76.60557556152344 271.5964822769165 109.81084442138672 262.6585693359375 109.81084442138672
262.1022033691406 77.5190200805664 270.99671459198 77.5190200805664 270.99671459198 110.23855972290039 262.1022033691406 110.23855972290039
262.31585693359375 79.44801330566406 271.0229539871216 79.44801330566406 271.0229539871216 111.06949424743652 262.31585693359375 111.06949424743652
260.54217529296875 77.86669158935547 269.83657455444336 77.86669158935547 269.83657455444336 110.78792572021484 260.54217529296875 110.78792572021484
260.23236083984375 78.63909912109375 269.8813142776489 78.63909912109375 269.8813142776489 110.48884963989258 260.23236083984375 110.48884963989258
259.3688049316406 77.56688690185547 268.65283393859863 77.56688690185547 268.65283393859863 110.49386596679688 259.3688049316406 110.49386596679688
259.41363525390625 78.15380859375 268.40395164489746 78.15380859375 268.40395164489746 110.39983749389648 259.41363525390625 110.39983749389648
259.3175964355469 78.48542785644531 268.728235244751 78.48542785644531 268.728235244751 109.48685073852539 259.3175964355469 109.48685073852539
258.9498291015625 78.17561340332031 267.8644313812256 78.17561340332031 267.8644313812256 110.68722152709961 258.9498291015625 110.68722152709961
258.4382019042969 77.53123474121094 267.6507406234741 77.53123474121094 267.6507406234741 110.94515228271484 258.4382019042969 110.94515228271484
257.9519958496094 78.12053680419922 267.3003282546997 78.12053680419922 267.3003282546997 110.13096618652344 257.9519958496094 110.13096618652344
257.18988037109375 77.86544036865234 267.18286323547363 77.86544036865234 267.18286323547363 109.9383316040039 257.18988037109375 109.9383316040039
256.79791259765625 79.11094665527344 266.70213508605957 79.11094665527344 266.70213508605957 111.5614242553711 256.79791259765625 111.5614242553711
255.8315887451172 78.06687927246094 265.95816707611084 78.06687927246094 265.95816707611084 110.9621353149414 255.8315887451172 110.9621353149414
255.1157684326172 78.58426666259766 264.86557483673096 78.58426666259766 264.86557483673096 111.2658462524414 255.1157684326172 111.2658462524414
254.8019561767578 77.82489776611328 265.16032314300537 77.82489776611328 265.16032314300537 111.61451721191406 254.8019561767578 111.61451721191406
253.6163330078125 77.56256866455078 262.8693447113037 77.56256866455078 262.8693447113037 111.89693069458008 253.6163330078125 111.89693069458008
253.49978637695312 78.42253112792969 262.5884380340576 78.42253112792969 262.5884380340576 111.61590957641602 253.49978637695312 111.61590957641602
252.2263946533203 78.3749771118164 262.1276321411133 78.3749771118164 262.1276321411133 109.29958724975586 252.2263946533203 109.29958724975586
251.3884735107422 79.4352798461914 260.6448554992676 79.4352798461914 260.6448554992676 112.75590515136719 251.3884735107422 112.75590515136719
250.62161254882812 78.88229370117188 260.3227825164795 78.88229370117188 260.3227825164795 112.45097351074219 250.62161254882812 112.45097351074219
249.25253295898438 78.53910827636719 258.68545627593994 78.53910827636719 258.68545627593994 109.95620155334473 249.25253295898438 109.95620155334473
248.8740234375 79.07252502441406 258.690318107605 79.07252502441406 258.690318107605 111.90292739868164 248.8740234375 111.90292739868164
249.2299041748047 79.01451873779297 258.84714126586914 79.01451873779297 258.84714126586914 111.75788879394531 249.2299041748047 111.75788879394531
248.8016815185547 80.19976806640625 257.5871295928955 80.19976806640625 257.5871295928955 112.54895401000977 248.8016815185547 112.54895401000977
248.7872772216797 79.23854064941406 257.4220161437988 79.23854064941406 257.4220161437988 110.05713844299316 248.7872772216797 110.05713844299316
247.6796112060547 80.38138580322266 256.7747049331665 80.38138580322266 256.7747049331665 111.26971244812012 247.6796112060547 111.26971244812012
247.4111785888672 81.00428009033203 255.97458839416504 81.00428009033203 255.97458839416504 111.74084091186523 247.4111785888672 111.74084091186523
245.39111328125 79.97239685058594 255.0678195953369 79.97239685058594 255.0678195953369 111.89568138122559 245.39111328125 111.89568138122559
244.97555541992188 79.62586975097656 254.83039093017578 79.62586975097656 254.83039093017578 112.47958374023438 244.97555541992188 112.47958374023438
243.16067504882812 78.97502899169922 253.55024528503418 78.97502899169922 253.55024528503418 112.21148681640625 243.16067504882812 112.21148681640625
242.4753875732422 78.07451629638672 253.15438747406006 78.07451629638672 253.15438747406006 112.41580581665039 242.4753875732422 112.41580581665039
242.1722412109375 77.73341369628906 251.6388168334961 77.73341369628906 251.6388168334961 112.09265518188477 242.1722412109375 112.09265518188477
240.5011749267578 79.71717834472656 249.50542640686035 79.71717834472656 249.50542640686035 111.67341613769531 240.5011749267578 111.67341613769531
238.8625946044922 80.15056610107422 248.40029048919678 80.15056610107422 248.40029048919678 113.34807586669922 238.8625946044922 113.34807586669922
238.48025512695312 80.03426361083984 247.56704902648926 80.03426361083984 247.56704902648926 113.93222045898438 238.48025512695312 113.93222045898438
236.6845245361328 79.7165756225586 246.1023235321045 79.7165756225586 246.1023235321045 114.33722305297852 236.6845245361328 114.33722305297852
235.93539428710938 79.89793395996094 245.54199504852295 79.89793395996094 245.54199504852295 112.74968719482422 235.93539428710938 112.74968719482422
235.7261199951172 79.14828491210938 245.1971025466919 79.14828491210938 245.1971025466919 115.24725341796875 235.7261199951172 115.24725341796875
235.5871124267578 79.10262298583984 245.03406810760498 79.10262298583984 245.03406810760498 114.85414505004883 235.5871124267578 114.85414505004883
234.86508178710938 79.15180969238281 244.60271644592285 79.15180969238281 244.60271644592285 113.89192962646484 234.86508178710938 113.89192962646484
234.86148071289062 80.0299301147461 243.98813438415527 80.0299301147461 243.98813438415527 112.95359802246094 234.86148071289062 112.95359802246094
234.3473663330078 80.68247985839844 244.19573879241943 80.68247985839844 244.19573879241943 112.93001556396484 234.3473663330078 112.93001556396484
233.5016632080078 82.09693908691406 242.67810535430908 82.09693908691406 242.67810535430908 113.42509460449219 233.5016632080078 113.42509460449219
232.33432006835938 80.39990234375 242.13645935058594 80.39990234375 242.13645935058594 113.16717910766602 232.33432006835938 113.16717910766602
230.71774291992188 79.8774642944336 240.71471214294434 79.8774642944336 240.71471214294434 114.47809219360352 230.71774291992188 114.47809219360352
229.7415008544922 79.92045593261719 241.16871452331543 79.92045593261719 241.16871452331543 113.5055923461914 229.7415008544922 113.5055923461914
228.1413116455078 79.31642150878906 238.53719806671143 79.31642150878906 238.53719806671143 113.7275619506836 228.1413116455078 113.7275619506836
228.15322875976562 79.64613342285156 238.24498653411865 79.64613342285156 238.24498653411865 112.18526458740234 228.15322875976562 112.18526458740234
226.7842254638672 79.26212310791016 236.7220220565796 79.26212310791016 236.7220220565796 113.01461791992188 226.7842254638672 113.01461791992188
225.7156219482422 80.18684387207031 235.095139503479 80.18684387207031 235.095139503479 114.30937576293945 225.7156219482422 114.30937576293945
224.84664916992188 81.17237854003906 234.78136730194092 81.17237854003906 234.78136730194092 114.89733123779297 224.84664916992188 114.89733123779297
224.1964874267578 80.25263977050781 233.5985107421875 80.25263977050781 233.5985107421875 114.79154968261719 224.1964874267578 114.79154968261719
222.7893829345703 81.92420959472656 232.97664165496826 81.92420959472656 232.97664165496826 115.46857452392578 222.7893829345703 115.46857452392578
221.2233428955078 81.73890686035156 232.24767303466797 81.73890686035156 232.24767303466797 114.57731628417969 221.2233428955078 114.57731628417969
221.7452392578125 82.0202407836914 231.86487293243408 82.0202407836914 231.86487293243408 116.10041046142578 221.7452392578125 116.10041046142578
221.19784545898438 80.80702209472656 231.4995403289795 80.80702209472656 231.4995403289795 114.92102432250977 221.19784545898438 114.92102432250977
221.0174102783203 80.30648040771484 230.4989652633667 80.30648040771484 230.4989652633667 114.69708633422852 221.0174102783203 114.69708633422852
219.63632202148438 81.34513854980469 229.63542652130127 81.34513854980469 229.63542652130127 115.09426879882812 219.63632202148438 115.09426879882812
219.00296020507812 80.03567504882812 228.925687789917 80.03567504882812 228.925687789917 115.81431579589844 219.00296020507812 115.81431579589844
218.5194091796875 80.70660400390625 228.3561553955078 80.70660400390625 228.3561553955078 115.43154907226562 218.5194091796875 115.43154907226562
216.84109497070312 83.06614685058594 226.4397668838501 83.06614685058594 226.4397668838501 116.31722259521484 216.84109497070312 116.31722259521484
216.64028930664062 83.21894836425781 227.1540126800537 83.21894836425781 227.1540126800537 117.047119140625 216.64028930664062 117.047119140625
213.84921264648438 82.23551940917969 224.8278169631958 82.23551940917969 224.8278169631958 115.30001068115234 213.84921264648438 115.30001068115234
214.1100616455078 81.63279724121094 223.73290538787842 81.63279724121094 223.73290538787842 117.4986343383789 214.1100616455078 117.4986343383789
212.8427276611328 81.86650085449219 221.79097175598145 81.86650085449219 221.79097175598145 116.31236267089844 212.8427276611328 116.31236267089844
211.2891845703125 81.19380187988281 220.97498893737793 81.19380187988281 220.97498893737793 116.10592651367188 211.2891845703125 116.10592651367188
210.2779083251953 81.6312026977539 220.48259258270264 81.6312026977539 220.48259258270264 118.51685333251953 210.2779083251953 118.51685333251953
209.1716766357422 81.53965759277344 219.35638236999512 81.53965759277344 219.35638236999512 118.88629531860352 209.1716766357422 118.88629531860352
207.4645233154297 81.44664764404297 217.81855964660645 81.44664764404297 217.81855964660645 116.00988006591797 207.4645233154297 116.00988006591797
207.42861938476562 82.54049682617188 217.61201667785645 82.54049682617188 217.61201667785645 117.7779312133789 207.42861938476562 117.7779312133789
206.98464965820312 83.06452941894531 217.626859664917 83.06452941894531 217.626859664917 117.53592681884766 206.98464965820312 117.53592681884766
206.71176147460938 83.4997787475586 216.67619228363037 83.4997787475586 216.67619228363037 118.388916015625 206.71176147460938 118.388916015625
206.5447235107422 80.19924926757812 217.3079252243042 80.19924926757812 217.3079252243042 118.23666381835938 206.5447235107422 118.23666381835938
206.4587860107422 81.3688735961914 216.02376079559326 81.3688735961914 216.02376079559326 116.96951293945312 206.4587860107422 116.96951293945312
204.79605102539062 82.6856460571289 215.47116661071777 82.6856460571289 215.47116661071777 116.54092788696289 204.79605102539062 116.54092788696289
203.598388671875 82.3802719116211 213.78195667266846 82.3802719116211 213.78195667266846 116.88260650634766 203.598388671875 116.88260650634766
202.64303588867188 84.52531433105469 213.31720733642578 84.52531433105469 213.31720733642578 119.2996597290039 202.64303588867188 119.2996597290039
201.9707489013672 85.74522399902344 212.02051830291748 85.74522399902344 212.02051830291748 119.17637634277344 201.9707489013672 119.17637634277344
201.2791748046875 84.82258605957031 211.81749153137207 84.82258605957031 211.81749153137207 118.05374526977539 201.2791748046875 118.05374526977539
199.56231689453125 82.71650695800781 209.60739707946777 82.71650695800781 209.60739707946777 115.1530532836914 199.56231689453125 115.1530532836914
199.0240936279297 81.3079833984375 208.87408924102783 81.3079833984375 208.87408924102783 116.70874786376953 199.0240936279297 116.70874786376953
199.03369140625 82.28860473632812 208.35562992095947 82.28860473632812 208.35562992095947 117.86911010742188 199.03369140625 117.86911010742188
197.9414825439453 82.27613830566406 207.77494049072266 82.27613830566406 207.77494049072266 117.9961051940918 197.9414825439453 117.9961051940918
195.90834045410156 84.7739486694336 206.02012062072754 84.7739486694336 206.02012062072754 120.3194580078125 195.90834045410156 120.3194580078125
194.59451293945312 84.83819580078125 204.71965312957764 84.83819580078125 204.71965312957764 118.90973281860352 194.59451293945312 118.90973281860352
194.0478973388672 83.34492492675781 204.28637218475342 83.34492492675781 204.28637218475342 118.54820251464844 194.0478973388672 118.54820251464844
193.51724243164062 83.54548645019531 202.8320722579956 83.54548645019531 202.8320722579956 118.01366806030273 193.51724243164062 118.01366806030273
191.99322509765625 84.62281799316406 202.37483978271484 84.62281799316406 202.37483978271484 119.66082000732422 191.99322509765625 119.66082000732422
191.161865234375 83.03700256347656 201.31245613098145 83.03700256347656 201.31245613098145 118.56284713745117 191.161865234375 118.56284713745117
191.460205078125 82.68582916259766 201.12958812713623 82.68582916259766 201.12958812713623 118.06177520751953 191.460205078125 118.06177520751953
191.0900421142578 83.80155944824219 200.50964260101318 83.80155944824219 200.50964260101318 118.74545288085938 191.0900421142578 118.74545288085938
190.31968688964844 83.95274353027344 200.0268964767456 83.95274353027344 200.0268964767456 119.08327865600586 190.31968688964844 119.08327865600586
188.58865356445312 85.936279296875 198.5231990814209 85.936279296875 198.5231990814209 119.85047149658203 188.58865356445312 119.85047149658203
187.29183959960938 86.98436737060547 196.8344783782959 86.98436737060547 196.8344783782959 120.70683288574219 187.29183959960938 120.70683288574219
186.16839599609375 86.7202377319336 196.2484951019287 86.7202377319336 196.2484951019287 122.47858810424805 186.16839599609375 122.47858810424805
185.30189514160156 85.05095672607422 196.96171855926514 85.05095672607422 196.96171855926514 120.81137466430664 185.30189514160156 120.81137466430664
186.3168487548828 85.80311584472656 195.43528747558594 85.80311584472656 195.43528747558594 121.41951751708984 186.3168487548828 121.41951751708984
185.76161193847656 86.0664291381836 196.05941772460938 86.0664291381836 196.05941772460938 120.85546875 185.76161193847656 120.85546875
182.93836975097656 84.7386245727539 195.39713287353516 84.7386245727539 195.39713287353516 119.9499397277832 182.93836975097656 119.9499397277832
183.6879119873047 84.10470581054688 196.2307996749878 84.10470581054688 196.2307996749878 119.55377960205078 183.6879119873047 119.55377960205078
185.3551483154297 85.50761413574219 195.52892971038818 85.50761413574219 195.52892971038818 122.1588363647461 185.3551483154297 122.1588363647461
183.71630859375 84.20018005371094 193.5818042755127 84.20018005371094 193.5818042755127 120.01420974731445 183.71630859375 120.01420974731445
180.12445068359375 85.00064849853516 190.4913206100464 85.00064849853516 190.4913206100464 123.67645263671875 180.12445068359375 123.67645263671875
177.7122802734375 81.842041015625 187.8698444366455 81.842041015625 187.8698444366455 120.21036529541016 177.7122802734375 120.21036529541016
178.11090087890625 82.00894927978516 188.34574699401855 82.00894927978516 188.34574699401855 120.52831268310547 178.11090087890625 120.52831268310547
177.35394287109375 85.06768798828125 187.323579788208 85.06768798828125 187.323579788208 122.1684799194336 177.35394287109375 122.1684799194336
176.54476928710938 86.26344299316406 187.0346565246582 86.26344299316406 187.0346565246582 126.4639663696289 176.54476928710938 126.4639663696289
176.2897491455078 86.62690734863281 186.174409866333 86.62690734863281 186.174409866333 126.2359504699707 176.2897491455078 126.2359504699707
174.49679565429688 88.51856994628906 185.19034385681152 88.51856994628906 185.19034385681152 126.31710433959961 174.49679565429688 126.31710433959961
173.0681915283203 87.08390045166016 183.18165683746338 87.08390045166016 183.18165683746338 124.50633239746094 173.0681915283203 124.50633239746094
172.34210205078125 87.05291748046875 182.31777000427246 87.05291748046875 182.31777000427246 121.5175552368164 172.34210205078125 121.5175552368164
171.53421020507812 87.3865737915039 181.0168161392212 87.3865737915039 181.0168161392212 124.3282470703125 171.53421020507812 124.3282470703125
170.46484375 89.97370910644531 180.65603160858154 89.97370910644531 180.65603160858154 124.63470840454102 170.46484375 124.63470840454102
169.5083465576172 87.85975646972656 180.47698497772217 87.85975646972656 180.47698497772217 123.93888092041016 169.5083465576172 123.93888092041016
168.8015899658203 90.42483520507812 179.2365207672119 90.42483520507812 179.2365207672119 125.16781997680664 168.8015899658203 125.16781997680664
166.78041076660156 89.65913391113281 178.2424077987671 89.65913391113281 178.2424077987671 122.87005996704102 166.78041076660156 122.87005996704102
166.05113220214844 88.58076477050781 177.01251029968262 88.58076477050781 177.01251029968262 123.91671371459961 166.05113220214844 123.91671371459961
166.2909698486328 88.81785583496094 176.63524341583252 88.81785583496094 176.63524341583252 125.2221794128418 166.2909698486328 125.2221794128418
165.80892944335938 88.01518249511719 175.5636224746704 88.01518249511719 175.5636224746704 125.13898468017578 165.80892944335938 125.13898468017578
165.2688751220703 88.30741882324219 175.5676212310791 88.30741882324219 175.5676212310791 122.27640914916992 165.2688751220703 122.27640914916992
164.70091247558594 87.68583679199219 175.10830402374268 87.68583679199219 175.10830402374268 124.67227172851562 164.70091247558594 124.67227172851562
164.54017639160156 90.83106994628906 174.17711734771729 90.83106994628906 174.17711734771729 125.81637191772461 164.54017639160156 125.81637191772461
164.02993774414062 91.2220687866211 174.2618227005005 91.2220687866211 174.2618227005005 125.07161712646484 164.02993774414062 125.07161712646484
161.59495544433594 91.80482482910156 171.93734169006348 91.80482482910156 171.93734169006348 126.21675109863281 161.59495544433594 126.21675109863281
161.26437377929688 89.87838745117188 171.85655975341797 89.87838745117188 171.85655975341797 125.2878646850586 161.26437377929688 125.2878646850586
158.92617797851562 89.40088653564453 170.13244438171387 89.40088653564453 170.13244438171387 124.2807846069336 158.92617797851562 124.2807846069336
158.73492431640625 88.73884582519531 169.78885078430176 88.73884582519531 169.78885078430176 126.16943740844727 158.73492431640625 126.16943740844727
159.13243103027344 89.43675231933594 169.3045196533203 89.43675231933594 169.3045196533203 125.04708099365234 159.13243103027344 125.04708099365234
157.47813415527344 88.80924224853516 168.30432605743408 88.80924224853516 168.30432605743408 124.20747756958008 157.47813415527344 124.20747756958008
154.90664672851562 90.60774230957031 166.0887098312378 90.60774230957031 166.0887098312378 125.85865783691406 154.90664672851562 125.85865783691406
154.02493286132812 90.125 166.21795082092285 90.125 166.21795082092285 125.1487045288086 154.02493286132812 125.1487045288086
153.383544921875 88.85224151611328 166.03213024139404 88.85224151611328 166.03213024139404 124.97853469848633 153.383544921875 124.97853469848633
152.88523864746094 89.56602478027344 165.32962226867676 89.56602478027344 165.32962226867676 126.1095962524414 152.88523864746094 126.1095962524414
153.00592041015625 89.21516418457031 166.01163482666016 89.21516418457031 166.01163482666016 125.0003890991211 153.00592041015625 125.0003890991211
149.64181518554688 88.79318237304688 162.2771167755127 88.79318237304688 162.2771167755127 123.79680252075195 149.64181518554688 123.79680252075195
151.62399291992188 90.87602996826172 163.89736557006836 90.87602996826172 163.89736557006836 128.51482009887695 151.62399291992188 128.51482009887695
149.98385620117188 89.42350006103516 162.77415370941162 89.42350006103516 162.77415370941162 127.92578506469727 149.98385620117188 127.92578506469727
148.41383361816406 90.96177673339844 160.935133934021 90.96177673339844 160.935133934021 125.80431365966797 148.41383361816406 125.80431365966797
147.84197998046875 90.63427734375 160.36577796936035 90.63427734375 160.36577796936035 125.28847122192383 147.84197998046875 125.28847122192383
147.927734375 90.87550354003906 160.37806606292725 90.87550354003906 160.37806606292725 124.20575332641602 147.927734375 124.20575332641602
146.790283203125 89.20223236083984 158.89208984375 89.20223236083984 158.89208984375 121.37057113647461 146.790283203125 121.37057113647461
146.33956909179688 90.43561553955078 159.72912883758545 90.43561553955078 159.72912883758545 123.400634765625 146.33956909179688 123.400634765625
145.5437469482422 90.285888671875 158.45195484161377 90.285888671875 158.45195484161377 122.86603546142578 145.5437469482422 122.86603546142578
145.4000244140625 91.25946044921875 157.8490400314331 91.25946044921875 157.8490400314331 122.26955795288086 145.4000244140625 122.26955795288086
144.01449584960938 91.2374496459961 156.5830135345459 91.2374496459961 156.5830135345459 122.64616775512695 144.01449584960938 122.64616775512695
143.8296661376953 91.7072982788086 156.35549354553223 91.7072982788086 156.35549354553223 122.8137321472168 143.8296661376953 122.8137321472168
142.32058715820312 90.95404815673828 156.51949787139893 90.95404815673828 156.51949787139893 123.27583694458008 142.32058715820312 123.27583694458008
144.5162811279297 91.59668731689453 157.36523723602295 91.59668731689453 157.36523723602295 123.87870407104492 144.5162811279297 123.87870407104492
142.4752197265625 91.68944549560547 155.5163860321045 91.68944549560547 155.5163860321045 122.6102466583252 142.4752197265625 122.6102466583252
143.04483032226562 92.1476821899414 155.18807220458984 92.1476821899414 155.18807220458984 123.14609146118164 143.04483032226562 123.14609146118164
140.73556518554688 92.6830825805664 153.58153247833252 92.6830825805664 153.58153247833252 125.24415588378906 140.73556518554688 125.24415588378906
141.8500518798828 93.35833740234375 155.0549602508545 93.35833740234375 155.0549602508545 126.3877067565918 141.8500518798828 126.3877067565918
142.23106384277344 93.85438537597656 155.56635093688965 93.85438537597656 155.56635093688965 128.38590240478516 142.23106384277344 128.38590240478516
140.40882873535156 93.64229583740234 153.12470817565918 93.64229583740234 153.12470817565918 125.54747772216797 140.40882873535156 125.54747772216797
138.53317260742188 92.45948791503906 151.694317817688 92.45948791503906 151.694317817688 123.27101707458496 138.53317260742188 123.27101707458496
136.02232360839844 93.61286926269531 149.78898334503174 93.61286926269531 149.78898334503174 123.82652282714844 136.02232360839844 123.82652282714844
136.99008178710938 92.23982238769531 150.3645725250244 92.23982238769531 150.3645725250244 122.88089942932129 136.99008178710938 122.88089942932129
136.1387176513672 91.04137420654297 149.27523517608643 91.04137420654297 149.27523517608643 121.72555160522461 136.1387176513672 121.72555160522461
134.54214477539062 92.62507629394531 148.4359302520752 92.62507629394531 148.4359302520752 125.24027252197266 134.54214477539062 125.24027252197266
133.86712646484375 94.03385925292969 146.19130516052246 94.03385925292969 146.19130516052246 125.67197227478027 133.86712646484375 125.67197227478027
134.83505249023438 92.30317687988281 147.45973014831543 92.30317687988281 147.45973014831543 123.28828811645508 134.83505249023438 123.28828811645508
135.83352661132812 94.26579284667969 148.94677543640137 94.26579284667969 148.94677543640137 125.67571449279785 135.83352661132812 125.67571449279785
133.17819213867188 94.5074691772461 146.11118030548096 94.5074691772461 146.11118030548096 127.83450698852539 133.17819213867188 127.83450698852539
133.39871215820312 94.51194763183594 146.42090606689453 94.51194763183594 146.42090606689453 127.99946212768555 133.39871215820312 127.99946212768555
133.23062133789062 96.23377990722656 145.86773872375488 96.23377990722656 145.86773872375488 127.69603538513184 133.23062133789062 127.69603538513184
135.94985961914062 95.18404388427734 148.7783784866333 95.18404388427734 148.7783784866333 125.38388442993164 135.94985961914062 125.38388442993164
133.8352813720703 94.53233337402344 146.11398124694824 94.53233337402344 146.11398124694824 124.80221176147461 133.8352813720703 124.80221176147461
132.4960174560547 95.12681579589844 144.68356323242188 95.12681579589844 144.68356323242188 127.1471939086914 132.4960174560547 127.1471939086914
132.51605224609375 96.97827911376953 145.11009788513184 96.97827911376953 145.11009788513184 128.1353645324707 132.51605224609375 128.1353645324707
132.10623168945312 96.7061538696289 145.12340545654297 96.7061538696289 145.12340545654297 128.72271728515625 132.10623168945312 128.72271728515625
130.24591064453125 98.61997985839844 144.03089427947998 98.61997985839844 144.03089427947998 132.27113342285156 130.24591064453125 132.27113342285156
130.09573364257812 95.55839538574219 143.48313331604004 95.55839538574219 143.48313331604004 128.4228286743164 130.09573364257812 128.4228286743164
131.15084838867188 97.49642181396484 144.80765056610107 97.49642181396484 144.80765056610107 129.8942985534668 131.15084838867188 129.8942985534668
130.09860229492188 95.88684844970703 143.81362915039062 95.88684844970703 143.81362915039062 127.69651985168457 130.09860229492188 127.69651985168457
129.0407257080078 95.45185089111328 142.34528923034668 95.45185089111328 142.34528923034668 129.32498168945312 129.0407257080078 129.32498168945312
130.22964477539062 96.9488525390625 143.3965244293213 96.9488525390625 143.3965244293213 128.30936813354492 130.22964477539062 128.30936813354492
127.95298767089844 98.3960189819336 141.22839069366455 98.3960189819336 141.22839069366455 131.1442413330078 127.95298767089844 131.1442413330078
128.99581909179688 98.25682067871094 142.0032730102539 98.25682067871094 142.0032730102539 129.90006637573242 128.99581909179688 129.90006637573242
129.177978515625 96.7139892578125 142.63279151916504 96.7139892578125 142.63279151916504 130.01468658447266 129.177978515625 130.01468658447266
128.58108520507812 96.71273803710938 141.69530963897705 96.71273803710938 141.69530963897705 129.47757720947266 128.58108520507812 129.47757720947266
127.87052154541016 96.97537994384766 140.85391998291016 96.97537994384766 140.85391998291016 129.49906158447266 127.87052154541016 129.49906158447266
126.86490631103516 97.07389831542969 139.16811180114746 97.07389831542969 139.16811180114746 130.10040664672852 126.86490631103516 130.10040664672852
126.80213928222656 98.91595458984375 140.33771991729736 98.91595458984375 140.33771991729736 131.70958709716797 126.80213928222656 131.70958709716797
126.0245361328125 98.70287322998047 139.38146018981934 98.70287322998047 139.38146018981934 132.09463119506836 126.0245361328125 132.09463119506836
126.67545318603516 98.35960388183594 140.3956174850464 98.35960388183594 140.3956174850464 131.13026428222656 126.67545318603516 131.13026428222656
124.72216796875 99.60803985595703 138.29496574401855 99.60803985595703 138.29496574401855 134.21902465820312 124.72216796875 134.21902465820312
125.8279037475586 99.18971252441406 139.22659873962402 99.18971252441406 139.22659873962402 132.87973403930664 125.8279037475586 132.87973403930664
125.89994049072266 100.11517333984375 139.72500896453857 100.11517333984375 139.72500896453857 132.43573379516602 125.89994049072266 132.43573379516602
124.64408111572266 99.90950012207031 137.93669414520264 99.90950012207031 137.93669414520264 133.38915252685547 124.64408111572266 133.38915252685547
124.89625549316406 99.26506042480469 138.62962532043457 99.26506042480469 138.62962532043457 132.09532165527344 124.89625549316406 132.09532165527344
124.33358001708984 99.34274291992188 136.70974922180176 99.34274291992188 136.70974922180176 132.33566284179688 124.33358001708984 132.33566284179688
125.0395736694336 98.90179443359375 137.82462310791016 98.90179443359375 137.82462310791016 131.7276840209961 125.0395736694336 131.7276840209961
123.90162658691406 98.68113708496094 136.6525173187256 98.68113708496094 136.6525173187256 133.17723846435547 123.90162658691406 133.17723846435547
121.9986343383789 100.77172088623047 135.87107276916504 100.77172088623047 135.87107276916504 134.16544723510742 121.9986343383789 134.16544723510742
120.7325439453125 102.3838119506836 135.05170726776123 102.3838119506836 135.05170726776123 137.63087844848633 120.7325439453125 137.63087844848633
121.1142578125 101.12039947509766 135.20578575134277 101.12039947509766 135.20578575134277 134.70293807983398 121.1142578125 134.70293807983398
121.64375305175781 102.53755187988281 136.0890712738037 102.53755187988281 136.0890712738037 138.60968399047852 121.64375305175781 138.60968399047852
119.4228744506836 100.21971130371094 133.64290809631348 100.21971130371094 133.64290809631348 134.72737884521484 119.4228744506836 134.72737884521484
118.77009582519531 100.83256530761719 132.9769287109375 100.83256530761719 132.9769287109375 137.06724548339844 118.77009582519531 137.06724548339844
119.74165344238281 100.44298553466797 133.3518238067627 100.44298553466797 133.3518238067627 135.3425064086914 119.74165344238281 135.3425064086914
119.91707611083984 100.6644287109375 133.52446746826172 100.6644287109375 133.52446746826172 136.45623397827148 119.91707611083984 136.45623397827148
119.447265625 101.9072265625 133.51261711120605 101.9072265625 133.51261711120605 137.95308685302734 119.447265625 137.95308685302734
118.74295806884766 100.77168273925781 131.94024848937988 100.77168273925781 131.94024848937988 136.8531036376953 118.74295806884766 136.8531036376953
117.99430084228516 100.70674133300781 131.15660858154297 100.70674133300781 131.15660858154297 135.310791015625 117.99430084228516 135.310791015625
118.47575378417969 101.29781341552734 131.04719638824463 101.29781341552734 131.04719638824463 135.55496215820312 118.47575378417969 135.55496215820312
117.33183288574219 100.98530578613281 130.48407173156738 100.98530578613281 130.48407173156738 135.50660705566406 117.33183288574219 135.50660705566406
116.6458969116211 101.2846908569336 130.6749038696289 101.2846908569336 130.6749038696289 135.65471649169922 116.6458969116211 135.65471649169922
116.58380126953125 102.13703155517578 130.0903959274292 102.13703155517578 130.0903959274292 134.9789047241211 116.58380126953125 134.9789047241211
115.38433837890625 102.14170837402344 128.9450855255127 102.14170837402344 128.9450855255127 135.53330993652344 115.38433837890625 135.53330993652344
114.46391296386719 101.103759765625 128.13915061950684 101.103759765625 128.13915061950684 136.6646957397461 114.46391296386719 136.6646957397461
114.60203552246094 101.920654296875 128.0641632080078 101.920654296875 128.0641632080078 134.45250701904297 114.60203552246094 134.45250701904297
114.27840423583984 101.82479858398438 128.1679973602295 101.82479858398438 128.1679973602295 135.30322265625 114.27840423583984 135.30322265625
113.27095031738281 102.0201187133789 126.39393043518066 102.0201187133789 126.39393043518066 137.66181564331055 113.27095031738281 137.66181564331055
114.900146484375 104.3420181274414 128.81134796142578 104.3420181274414 128.81134796142578 137.0404052734375 114.900146484375 137.0404052734375
112.53697204589844 104.48872375488281 126.04935646057129 104.48872375488281 126.04935646057129 139.15639877319336 112.53697204589844 139.15639877319336
112.61898040771484 105.0602035522461 126.63145446777344 105.0602035522461 126.63145446777344 139.77116775512695 112.61898040771484 139.77116775512695
112.5570297241211 105.07447814941406 127.21940612792969 105.07447814941406 127.21940612792969 140.2652130126953 112.5570297241211 140.2652130126953
111.89632415771484 104.27577209472656 125.7565975189209 104.27577209472656 125.7565975189209 139.3303451538086 111.89632415771484 139.3303451538086
112.22332763671875 105.53568267822266 126.80859565734863 105.53568267822266 126.80859565734863 139.48085021972656 112.22332763671875 139.48085021972656
112.14022064208984 101.95619201660156 124.80111885070801 101.95619201660156 124.80111885070801 137.4095230102539 112.14022064208984 137.4095230102539
111.43019104003906 103.47657775878906 124.67031288146973 103.47657775878906 124.67031288146973 137.79347229003906 111.43019104003906 137.79347229003906
112.73152923583984 104.35213470458984 125.6958589553833 104.35213470458984 125.6958589553833 138.8485870361328 112.73152923583984 138.8485870361328
111.4241714477539 104.1817398071289 124.47407341003418 104.1817398071289 124.47407341003418 138.7060317993164 111.4241714477539 138.7060317993164
110.00975036621094 105.46784973144531 124.84886932373047 105.46784973144531 124.84886932373047 138.13300323486328 110.00975036621094 138.13300323486328
109.35345458984375 103.12943267822266 123.6134386062622 103.12943267822266 123.6134386062622 138.85221481323242 109.35345458984375 138.85221481323242
109.28117370605469 103.66172790527344 123.35995769500732 103.66172790527344 123.35995769500732 137.74306869506836 109.28117370605469 137.74306869506836
108.97724914550781 104.31656646728516 123.48226928710938 104.31656646728516 123.48226928710938 139.11609268188477 108.97724914550781 139.11609268188477
107.877685546875 104.0115966796875 122.05086040496826 104.0115966796875 122.05086040496826 141.4574966430664 107.877685546875 141.4574966430664
108.3651123046875 106.0472412109375 122.94532585144043 106.0472412109375 122.94532585144043 140.84526443481445 108.3651123046875 140.84526443481445
107.93214416503906 103.64058685302734 122.0710391998291 103.64058685302734 122.0710391998291 138.66893768310547 107.93214416503906 138.66893768310547
108.65848541259766 105.32392883300781 123.13725280761719 105.32392883300781 123.13725280761719 139.49468231201172 108.65848541259766 139.49468231201172
107.95452880859375 105.05841064453125 121.95643901824951 105.05841064453125 121.95643901824951 140.91519165039062 107.95452880859375 140.91519165039062
108.7076416015625 104.6464614868164 123.23170185089111 104.6464614868164 123.23170185089111 140.5407257080078 108.7076416015625 140.5407257080078
107.09366607666016 104.63460540771484 120.81955432891846 104.63460540771484 120.81955432891846 138.72588729858398 107.09366607666016 138.72588729858398
107.45030212402344 105.0044174194336 122.26241302490234 105.0044174194336 122.26241302490234 140.12217330932617 107.45030212402344 140.12217330932617
107.48184967041016 105.3067855834961 122.41261863708496 105.3067855834961 122.41261863708496 139.89640426635742 107.48184967041016 139.89640426635742
105.2572250366211 106.30120849609375 120.4161548614502 106.30120849609375 120.4161548614502 141.25226974487305 105.2572250366211 141.25226974487305
103.9791488647461 107.46356201171875 119.96256446838379 107.46356201171875 119.96256446838379 142.48674774169922 103.9791488647461 142.48674774169922
104.00052642822266 106.2749252319336 119.4314317703247 106.2749252319336 119.4314317703247 141.92733001708984 104.00052642822266 141.92733001708984
105.140380859375 106.0613021850586 120.33821868896484 106.0613021850586 120.33821868896484 140.37508010864258 105.140380859375 140.37508010864258
105.27153015136719 106.53926086425781 119.76193237304688 106.53926086425781 119.76193237304688 140.76856994628906 105.27153015136719 140.76856994628906
104.23311614990234 107.47926330566406 119.1189775466919 107.47926330566406 119.1189775466919 141.6835479736328 104.23311614990234 141.6835479736328
103.62200927734375 107.75545501708984 118.74059867858887 107.75545501708984 118.74059867858887 141.8426513671875 103.62200927734375 141.8426513671875
102.54618835449219 107.92740631103516 118.09124183654785 107.92740631103516 118.09124183654785 141.3144874572754 102.54618835449219 141.3144874572754
102.55415344238281 107.4343032836914 117.55662250518799 107.4343032836914 117.55662250518799 141.22944259643555 102.55415344238281 141.22944259643555
103.2883071899414 107.7254867553711 117.53471565246582 107.7254867553711 117.53471565246582 140.84632110595703 103.2883071899414 140.84632110595703
100.41792297363281 106.83419036865234 114.47825145721436 106.83419036865234 114.47825145721436 141.8872947692871 100.41792297363281 141.8872947692871
99.79174041748047 108.82682800292969 113.8182020187378 108.82682800292969 113.8182020187378 141.0291748046875 99.79174041748047 141.0291748046875
99.51716613769531 108.85646057128906 114.05626201629639 108.85646057128906 114.05626201629639 143.16703033447266 99.51716613769531 143.16703033447266
98.33568572998047 110.3957748413086 112.99128913879395 110.3957748413086 112.99128913879395 144.19056701660156 98.33568572998047 144.19056701660156
96.38361358642578 108.89756774902344 112.54593658447266 108.89756774902344 112.54593658447266 144.34896850585938 96.38361358642578 144.34896850585938
96.84823608398438 110.06317138671875 110.91537475585938 110.06317138671875 110.91537475585938 144.20809173583984 96.84823608398438 144.20809173583984
97.10493469238281 111.12418365478516 110.67809867858887 111.12418365478516 110.67809867858887 146.18663024902344 97.10493469238281 146.18663024902344
97.19881439208984 109.90596771240234 110.46300983428955 109.90596771240234 110.46300983428955 143.80147552490234 97.19881439208984 143.80147552490234
93.69068145751953 109.4847183227539 108.22375297546387 109.4847183227539 108.22375297546387 146.3496322631836 93.69068145751953 146.3496322631836
94.13154602050781 109.26228332519531 107.62266540527344 109.26228332519531 107.62266540527344 144.69635772705078 94.13154602050781 144.69635772705078
93.25886535644531 109.07881927490234 106.55683326721191 109.07881927490234 106.55683326721191 144.71088790893555 93.25886535644531 144.71088790893555
92.74522399902344 110.70314025878906 104.93657875061035 110.70314025878906 104.93657875061035 145.0464096069336 92.74522399902344 145.0464096069336
92.48635864257812 110.74174499511719 106.19222831726074 110.74174499511719 106.19222831726074 146.15943145751953 92.48635864257812 146.15943145751953
90.70988464355469 109.8087387084961 105.65343952178955 109.8087387084961 105.65343952178955 146.63572311401367 90.70988464355469 146.63572311401367
89.81047058105469 113.4822006225586 104.36065864562988 113.4822006225586 104.36065864562988 149.16045379638672 89.81047058105469 149.16045379638672
89.59990692138672 113.16943359375 102.34685707092285 113.16943359375 102.34685707092285 146.76855850219727 89.59990692138672 146.76855850219727
88.51510620117188 113.7720718383789 101.73475933074951 113.7720718383789 101.73475933074951 148.19985961914062 88.51510620117188 148.19985961914062
87.01014709472656 110.75752258300781 100.84532928466797 110.75752258300781 100.84532928466797 145.71008682250977 87.01014709472656 145.71008682250977
85.60997009277344 113.13929748535156 101.37641334533691 113.13929748535156 101.37641334533691 151.12023162841797 85.60997009277344 151.12023162841797
85.89884948730469 112.3816146850586 101.3731279373169 112.3816146850586 101.3731279373169 149.57452392578125 85.89884948730469 149.57452392578125
84.32569885253906 112.08302307128906 99.17366027832031 112.08302307128906 99.17366027832031 147.8149070739746 84.32569885253906 147.8149070739746
85.27962493896484 111.20661926269531 99.55144786834717 111.20661926269531 99.55144786834717 148.00500869750977 85.27962493896484 148.00500869750977
84.60563659667969 112.36479187011719 99.03681945800781 112.36479187011719 99.03681945800781 150.30484771728516 84.60563659667969 150.30484771728516
83.67988586425781 113.73506164550781 97.22256278991699 113.73506164550781 97.22256278991699 151.03868865966797 83.67988586425781 151.03868865966797
83.13954162597656 115.59393310546875 96.38985919952393 115.59393310546875 96.38985919952393 152.18262481689453 83.13954162597656 152.18262481689453
80.87079620361328 115.35316467285156 93.14072895050049 115.35316467285156 93.14072895050049 152.80371475219727 80.87079620361328 152.80371475219727
79.5343246459961 114.30714416503906 93.03554725646973 114.30714416503906 93.03554725646973 151.11864471435547 79.5343246459961 151.11864471435547
79.32147979736328 114.81351470947266 91.26529502868652 114.81351470947266 91.26529502868652 153.18669891357422 79.32147979736328 153.18669891357422
78.32046508789062 114.175048828125 89.49418640136719 114.175048828125 89.49418640136719 152.29827117919922 78.32046508789062 152.29827117919922
77.97685241699219 115.57559967041016 89.0792179107666 115.57559967041016 89.0792179107666 151.01471710205078 77.97685241699219 151.01471710205078
78.30269622802734 115.29573059082031 89.61369037628174 115.29573059082031 89.61369037628174 151.26739120483398 78.30269622802734 151.26739120483398
76.65968322753906 113.37850189208984 88.94338130950928 113.37850189208984 88.94338130950928 149.38013458251953 76.65968322753906 149.38013458251953
76.25558471679688 113.70577239990234 87.86023330688477 113.70577239990234 87.86023330688477 150.42057037353516 76.25558471679688 150.42057037353516
75.88037109375 116.43583679199219 86.95946788787842 116.43583679199219 86.95946788787842 151.93589401245117 75.88037109375 151.93589401245117
74.32190704345703 116.88133239746094 86.40145301818848 116.88133239746094 86.40145301818848 153.2136344909668 74.32190704345703 153.2136344909668
72.59564971923828 115.8408203125 84.8773832321167 115.8408203125 84.8773832321167 153.11696243286133 72.59564971923828 153.11696243286133
69.50276184082031 115.57379150390625 80.52872276306152 115.57379150390625 80.52872276306152 154.5944709777832 69.50276184082031 154.5944709777832
66.3453598022461 117.4902114868164 76.87211894989014 117.4902114868164 76.87211894989014 155.53830337524414 66.3453598022461 155.53830337524414
64.54244232177734 116.1534194946289 75.08921909332275 116.1534194946289 75.08921909332275 157.7977294921875 64.54244232177734 157.7977294921875
63.199134826660156 115.70389556884766 73.92524528503418 115.70389556884766 73.92524528503418 156.00901412963867 63.199134826660156 156.00901412963867
62.941368103027344 115.2876968383789 74.17923545837402 115.2876968383789 74.17923545837402 155.61551666259766 62.941368103027344 155.61551666259766
62.802467346191406 114.48619079589844 74.43712329864502 114.48619079589844 74.43712329864502 155.16888046264648 62.802467346191406 155.16888046264648
61.90849685668945 116.7673110961914 73.0863094329834 116.7673110961914 73.0863094329834 156.1674041748047 61.90849685668945 156.1674041748047
62.205352783203125 116.71002197265625 72.96960639953613 116.71002197265625 72.96960639953613 155.45642852783203 62.205352783203125 155.45642852783203
61.422691345214844 117.86308288574219 72.16496658325195 117.86308288574219 72.16496658325195 156.57495498657227 61.422691345214844 156.57495498657227
60.7081184387207 116.87577819824219 72.2088508605957 116.87577819824219 72.2088508605957 156.86687469482422 60.7081184387207 156.86687469482422
59.97780227661133 116.40666198730469 71.47418403625488 116.40666198730469 71.47418403625488 154.4586944580078 59.97780227661133 154.4586944580078
58.6419563293457 114.13093566894531 70.03593349456787 114.13093566894531 70.03593349456787 155.61169815063477 58.6419563293457 155.61169815063477
58.15728759765625 114.63475036621094 68.72847557067871 114.63475036621094 68.72847557067871 158.1655731201172 58.15728759765625 158.1655731201172
57.2702751159668 117.36783599853516 67.8535623550415 117.36783599853516 67.8535623550415 157.2010040283203 57.2702751159668 157.2010040283203
56.87621307373047 119.5726547241211 67.36733531951904 119.5726547241211 67.36733531951904 158.84681701660156 56.87621307373047 158.84681701660156
56.18269729614258 118.5583267211914 67.28448009490967 118.5583267211914 67.28448009490967 158.1456756591797 56.18269729614258 158.1456756591797
56.1906852722168 120.79144287109375 65.76410579681396 120.79144287109375 65.76410579681396 160.05340957641602 56.1906852722168 160.05340957641602
55.80039596557617 119.24503326416016 66.4375581741333 119.24503326416016 66.4375581741333 158.28397369384766 55.80039596557617 158.28397369384766
55.6020393371582 118.42578125 66.51007080078125 118.42578125 66.51007080078125 157.0539207458496 55.6020393371582 157.0539207458496
55.614707946777344 118.3304214477539 66.23574542999268 118.3304214477539 66.23574542999268 157.39983749389648 55.614707946777344 157.39983749389648
55.1862678527832 120.35652160644531 65.95977401733398 120.35652160644531 65.95977401733398 159.02452087402344 55.1862678527832 159.02452087402344
54.5881462097168 118.3612060546875 65.76083087921143 118.3612060546875 65.76083087921143 157.99061965942383 54.5881462097168 157.99061965942383
54.5218391418457 120.52549743652344 65.7484941482544 120.52549743652344 65.7484941482544 159.4935646057129 54.5218391418457 159.4935646057129
54.319313049316406 120.85774230957031 65.43147468566895 120.85774230957031 65.43147468566895 158.84075164794922 54.319313049316406 158.84075164794922
53.26757049560547 120.7281494140625 64.50093364715576 120.7281494140625 64.50093364715576 158.16050720214844 53.26757049560547 158.16050720214844
53.19709396362305 119.89688873291016 64.12663650512695 119.89688873291016 64.12663650512695 160.90814208984375 53.19709396362305 160.90814208984375
52.7713508605957 120.27949523925781 63.56804084777832 120.27949523925781 63.56804084777832 160.1712760925293 52.7713508605957 160.1712760925293
52.417137145996094 118.31327056884766 62.578003883361816 118.31327056884766 62.578003883361816 159.9935417175293 52.417137145996094 159.9935417175293
51.02392578125 117.73020935058594 61.335214614868164 117.73020935058594 61.335214614868164 159.9471664428711 51.02392578125 159.9471664428711
51.685142517089844 119.63978576660156 61.979891777038574 119.63978576660156 61.979891777038574 160.73732376098633 51.685142517089844 160.73732376098633
51.5819091796875 121.0509262084961 61.90468978881836 121.0509262084961 61.90468978881836 158.5939598083496 51.5819091796875 158.5939598083496
51.362709045410156 119.1092300415039 62.94296073913574 119.1092300415039 62.94296073913574 159.61053466796875 51.362709045410156 159.61053466796875
50.26598358154297 120.50547790527344 60.421650886535645 120.50547790527344 60.421650886535645 160.62260818481445 50.26598358154297 160.62260818481445
50.29338455200195 120.29808044433594 61.08313846588135 120.29808044433594 61.08313846588135 159.2899398803711 50.29338455200195 159.2899398803711
49.90557861328125 119.08293151855469 60.45847797393799 119.08293151855469 60.45847797393799 157.38275146484375 49.90557861328125 157.38275146484375
50.30439758300781 119.77862548828125 61.5978364944458 119.77862548828125 61.5978364944458 158.17805099487305 50.30439758300781 158.17805099487305
49.940834045410156 121.3095932006836 60.83950328826904 121.3095932006836 60.83950328826904 159.54667282104492 49.940834045410156 159.54667282104492
49.68537139892578 122.7633056640625 60.33465576171875 122.7633056640625 60.33465576171875 159.55779647827148 49.68537139892578 159.55779647827148
49.739437103271484 122.0108871459961 60.81181716918945 122.0108871459961 60.81181716918945 160.33961486816406 49.739437103271484 160.33961486816406
49.757781982421875 122.0393295288086 60.571072578430176 122.0393295288086 60.571072578430176 159.99818420410156 49.757781982421875 159.99818420410156
49.37819290161133 121.94810485839844 60.62797927856445 121.94810485839844 60.62797927856445 159.52649688720703 49.37819290161133 159.52649688720703
49.500972747802734 119.87257385253906 60.844478607177734 119.87257385253906 60.844478607177734 159.3772850036621 49.500972747802734 159.3772850036621
49.500144958496094 119.32540130615234 59.77073860168457 119.32540130615234 59.77073860168457 159.7342071533203 49.500144958496094 159.7342071533203
49.17442321777344 120.98526763916016 59.63648223876953 120.98526763916016 59.63648223876953 160.7828254699707 49.17442321777344 160.7828254699707
49.19070816040039 122.33647155761719 59.90494728088379 122.33647155761719 59.90494728088379 162.33054733276367 49.19070816040039 162.33054733276367
49.41643524169922 122.72642517089844 60.0029182434082 122.72642517089844 60.0029182434082 161.35276412963867 49.41643524169922 161.35276412963867
49.7509765625 121.226806640625 60.769758224487305 121.226806640625 60.769758224487305 160.78367233276367 49.7509765625 160.78367233276367
49.52378463745117 120.42057800292969 60.538068771362305 120.42057800292969 60.538068771362305 161.6922149658203 49.52378463745117 161.6922149658203
50.33104705810547 120.69844055175781 61.314998626708984 120.69844055175781 61.314998626708984 160.57002639770508 50.33104705810547 160.57002639770508
50.15687561035156 120.27598571777344 60.65205383300781 120.27598571777344 60.65205383300781 162.1546173095703 50.15687561035156 162.1546173095703
50.423458099365234 120.23796081542969 61.43528938293457 120.23796081542969 61.43528938293457 162.44768524169922 50.423458099365234 162.44768524169922
49.516517639160156 121.68736267089844 59.80439281463623 121.68736267089844 59.80439281463623 161.54544067382812 49.516517639160156 161.54544067382812
48.996219635009766 120.29856872558594 59.4334077835083 120.29856872558594 59.4334077835083 163.3161964416504 48.996219635009766 163.3161964416504
49.09627151489258 122.35728454589844 59.77606010437012 122.35728454589844 59.77606010437012 163.05711364746094 49.09627151489258 163.05711364746094
49.117347717285156 123.68763732910156 59.852553367614746 123.68763732910156 59.852553367614746 164.4538917541504 49.117347717285156 164.4538917541504
49.082664489746094 121.82341003417969 60.0243034362793 121.82341003417969 60.0243034362793 163.74047088623047 49.082664489746094 163.74047088623047
49.2901496887207 121.65641021728516 60.32925319671631 121.65641021728516 60.32925319671631 162.4099884033203 49.2901496887207 162.4099884033203
48.73390579223633 123.33148193359375 59.734737396240234 123.33148193359375 59.734737396240234 163.4654769897461 48.73390579223633 163.4654769897461
49.027793884277344 123.327392578125 60.552106857299805 123.327392578125 60.552106857299805 164.92134857177734 49.027793884277344 164.92134857177734
47.938785552978516 124.2652587890625 59.361695289611816 124.2652587890625 59.361695289611816 164.75736236572266 47.938785552978516 164.75736236572266
47.358787536621094 124.92424011230469 58.94210243225098 124.92424011230469 58.94210243225098 164.6025848388672 47.358787536621094 164.6025848388672
47.345977783203125 124.04061126708984 58.36017036437988 124.04061126708984 58.36017036437988 165.30099487304688 47.345977783203125 165.30099487304688
46.851627349853516 122.81974029541016 58.055259704589844 122.81974029541016 58.055259704589844 164.82902908325195 46.851627349853516 164.82902908325195
46.70185089111328 122.8770980834961 57.44063663482666 122.8770980834961 57.44063663482666 165.03263473510742 46.70185089111328 165.03263473510742
46.1874885559082 122.7184066772461 57.007619857788086 122.7184066772461 57.007619857788086 163.94027709960938 46.1874885559082 163.94027709960938
45.827552795410156 122.30467224121094 56.88035583496094 122.30467224121094 56.88035583496094 163.55546951293945 45.827552795410156 163.55546951293945
45.378265380859375 125.61253356933594 56.20409965515137 125.61253356933594 56.20409965515137 166.2611541748047 45.378265380859375 166.2611541748047
44.77801513671875 125.71086120605469 55.83329963684082 125.71086120605469 55.83329963684082 167.78629684448242 44.77801513671875 167.78629684448242
44.505924224853516 124.11433410644531 55.57610893249512 124.11433410644531 55.57610893249512 167.51906967163086 44.505924224853516 167.51906967163086
44.18125534057617 124.62544250488281 55.27824401855469 124.62544250488281 55.27824401855469 168.48192977905273 44.18125534057617 168.48192977905273
44.1313591003418 124.10182189941406 55.052236557006836 124.10182189941406 55.052236557006836 167.74085998535156 44.1313591003418 167.74085998535156
43.798118591308594 124.87320709228516 54.40682029724121 124.87320709228516 54.40682029724121 166.4750518798828 43.798118591308594 166.4750518798828
44.10936737060547 125.41451263427734 55.47242736816406 125.41451263427734 55.47242736816406 168.4356803894043 44.10936737060547 168.4356803894043
44.22834014892578 126.04701232910156 55.634939193725586 126.04701232910156 55.634939193725586 168.9427719116211 44.22834014892578 168.9427719116211
43.3156852722168 126.29107666015625 54.66017246246338 126.29107666015625 54.66017246246338 170.00746536254883 43.3156852722168 170.00746536254883
43.418052673339844 125.94801330566406 54.77543926239014 125.94801330566406 54.77543926239014 170.38836669921875 43.418052673339844 170.38836669921875
43.936580657958984 126.26167297363281 55.30776023864746 126.26167297363281 55.30776023864746 171.4996681213379 43.936580657958984 171.4996681213379
44.055625915527344 127.42909240722656 55.08051681518555 127.42909240722656 55.08051681518555 171.08867263793945 44.055625915527344 171.08867263793945
44.02511978149414 126.60612487792969 55.01456260681152 126.60612487792969 55.01456260681152 170.49161911010742 44.02511978149414 170.49161911010742
42.15089797973633 125.48175048828125 53.509695053100586 125.48175048828125 53.509695053100586 171.0307960510254 42.15089797973633 171.0307960510254
42.859195709228516 126.1200942993164 53.860233306884766 126.1200942993164 53.860233306884766 169.8943748474121 42.859195709228516 169.8943748474121
41.41706848144531 126.30255126953125 52.319626808166504 126.30255126953125 52.319626808166504 172.73444366455078 41.41706848144531 172.73444366455078
42.31747055053711 123.8313980102539 53.43532466888428 123.8313980102539 53.43532466888428 171.20115280151367 42.31747055053711 171.20115280151367
41.123817443847656 126.52374267578125 51.816171646118164 126.52374267578125 51.816171646118164 169.84204864501953 41.123817443847656 169.84204864501953
41.077754974365234 125.58100891113281 52.40341854095459 125.58100891113281 52.40341854095459 171.68453979492188 41.077754974365234 171.68453979492188
41.457611083984375 126.94123840332031 51.82467746734619 126.94123840332031 51.82467746734619 173.36507415771484 41.457611083984375 173.36507415771484
40.49565887451172 126.05302429199219 51.73187446594238 126.05302429199219 51.73187446594238 171.97748565673828 40.49565887451172 171.97748565673828
41.078033447265625 127.34431457519531 52.32314682006836 127.34431457519531 52.32314682006836 171.47992324829102 41.078033447265625 171.47992324829102
40.41105270385742 128.50326538085938 51.92890453338623 128.50326538085938 51.92890453338623 171.86985397338867 40.41105270385742 171.86985397338867
40.33953094482422 129.600341796875 52.09103870391846 129.600341796875 52.09103870391846 172.19747161865234 40.33953094482422 172.19747161865234
40.216087341308594 128.92654418945312 51.72126388549805 128.92654418945312 51.72126388549805 173.65348052978516 40.216087341308594 173.65348052978516
40.29075241088867 129.63662719726562 51.58465385437012 129.63662719726562 51.58465385437012 174.11972045898438 40.29075241088867 174.11972045898438
39.22869110107422 128.60243225097656 51.59328269958496 128.60243225097656 51.59328269958496 172.87070846557617 39.22869110107422 172.87070846557617
39.45989227294922 126.8922119140625 50.89988899230957 126.8922119140625 50.89988899230957 172.3393898010254 39.45989227294922 172.3393898010254
39.63773727416992 127.20112609863281 50.93039131164551 127.20112609863281 50.93039131164551 173.95091247558594 39.63773727416992 173.95091247558594
40.570011138916016 127.86769104003906 51.588945388793945 127.86769104003906 51.588945388793945 175.35465240478516 40.570011138916016 175.35465240478516
38.70954513549805 126.4653091430664 50.69315528869629 126.4653091430664 50.69315528869629 172.39411163330078 38.70954513549805 172.39411163330078
37.11125183105469 128.46011352539062 48.82564163208008 128.46011352539062 48.82564163208008 173.5652847290039 37.11125183105469 173.5652847290039
36.556427001953125 130.5480194091797 48.327301025390625 130.5480194091797 48.327301025390625 174.05090713500977 36.556427001953125 174.05090713500977
36.140464782714844 130.65708923339844 47.760958671569824 130.65708923339844 47.760958671569824 176.1826629638672 36.140464782714844 176.1826629638672
35.70283889770508 130.1395263671875 47.34173011779785 130.1395263671875 47.34173011779785 177.42544555664062 35.70283889770508 177.42544555664062
35.748451232910156 130.7053985595703 47.311607360839844 130.7053985595703 47.311607360839844 176.53839874267578 35.748451232910156 176.53839874267578
36.1539421081543 131.58033752441406 47.3810338973999 131.58033752441406 47.3810338973999 174.52556228637695 36.1539421081543 174.52556228637695
35.05421447753906 132.051025390625 46.38204002380371 132.051025390625 46.38204002380371 176.04134368896484 35.05421447753906 176.04134368896484
34.42180633544922 132.24774169921875 45.9259614944458 132.24774169921875 45.9259614944458 177.67097091674805 34.42180633544922 177.67097091674805
34.48212432861328 133.63735961914062 45.91709232330322 133.63735961914062 45.91709232330322 178.03620529174805 34.48212432861328 178.03620529174805
33.829566955566406 130.37210083007812 45.730971336364746 130.37210083007812 45.730971336364746 176.45689392089844 33.829566955566406 176.45689392089844
33.88431930541992 132.6572265625 45.37228870391846 132.6572265625 45.37228870391846 176.9749526977539 33.88431930541992 176.9749526977539
34.09214782714844 132.49220275878906 45.29937553405762 132.49220275878906 45.29937553405762 177.16157150268555 34.09214782714844 177.16157150268555
33.34136199951172 131.90817260742188 45.15238857269287 131.90817260742188 45.15238857269287 176.86518096923828 33.34136199951172 176.86518096923828
32.573341369628906 135.0124053955078 43.876766204833984 135.0124053955078 43.876766204833984 178.64075469970703 32.573341369628906 178.64075469970703
30.468042373657227 133.28732299804688 42.22805690765381 133.28732299804688 42.22805690765381 176.94336700439453 30.468042373657227 176.94336700439453
31.218542098999023 133.5247802734375 42.86884689331055 133.5247802734375 42.86884689331055 175.5273323059082 31.218542098999023 175.5273323059082
30.807357788085938 135.2189178466797 41.55132484436035 135.2189178466797 41.55132484436035 179.9772186279297 30.807357788085938 179.9772186279297
31.12286376953125 136.71218872070312 42.724435806274414 136.71218872070312 42.724435806274414 179.87104034423828 31.12286376953125 179.87104034423828
29.3851318359375 136.31600952148438 41.369625091552734 136.31600952148438 41.369625091552734 179.1597557067871 29.3851318359375 179.1597557067871
29.499380111694336 136.00953674316406 41.42432403564453 136.00953674316406 41.42432403564453 180.51312637329102 29.499380111694336 180.51312637329102
29.01593589782715 135.79257202148438 40.81191349029541 135.79257202148438 40.81191349029541 181.19655227661133 29.01593589782715 181.19655227661133
29.22438621520996 136.61154174804688 40.96348857879639 136.61154174804688 40.96348857879639 180.38750076293945 29.22438621520996 180.38750076293945
29.87335777282715 135.78115844726562 41.21969413757324 135.78115844726562 41.21969413757324 180.481201171875 29.87335777282715 180.481201171875
28.562747955322266 137.1893768310547 40.2032585144043 137.1893768310547 40.2032585144043 182.45758438110352 28.562747955322266 182.45758438110352
27.912155151367188 138.1235809326172 39.8899507522583 138.1235809326172 39.8899507522583 180.1056671142578 27.912155151367188 180.1056671142578
26.992923736572266 137.0518035888672 38.36513137817383 137.0518035888672 38.36513137817383 183.48675537109375 26.992923736572266 183.48675537109375
27.56723976135254 138.88742065429688 39.29896068572998 138.88742065429688 39.29896068572998 181.3509979248047 27.56723976135254 181.3509979248047
26.974552154541016 138.6735382080078 38.540818214416504 138.6735382080078 38.540818214416504 183.44691848754883 26.974552154541016 183.44691848754883
26.866008758544922 139.58816528320312 38.604769706726074 139.58816528320312 38.604769706726074 181.9335708618164 26.866008758544922 181.9335708618164
26.511423110961914 138.13540649414062 37.91252899169922 138.13540649414062 37.91252899169922 181.12056350708008 26.511423110961914 181.12056350708008
26.499393463134766 139.59384155273438 38.18985080718994 139.59384155273438 38.18985080718994 181.7730598449707 26.499393463134766 181.7730598449707
25.622180938720703 140.95352172851562 37.59335994720459 140.95352172851562 37.59335994720459 184.01445770263672 25.622180938720703 184.01445770263672
25.710559844970703 141.53622436523438 38.32801914215088 141.53622436523438 38.32801914215088 182.95085525512695 25.710559844970703 182.95085525512695
25.22092056274414 140.54371643066406 37.790727615356445 140.54371643066406 37.790727615356445 184.8294219970703 25.22092056274414 184.8294219970703
25.175323486328125 141.5957489013672 37.71344566345215 141.5957489013672 37.71344566345215 183.49920654296875 25.175323486328125 183.49920654296875
25.004161834716797 142.4771270751953 36.28283500671387 142.4771270751953 36.28283500671387 183.45013809204102 25.004161834716797 183.45013809204102
24.45703125 141.93812561035156 36.14403820037842 141.93812561035156 36.14403820037842 185.3528060913086 24.45703125 185.3528060913086
24.193092346191406 140.70193481445312 35.339773178100586 140.70193481445312 35.339773178100586 186.19527435302734 24.193092346191406 186.19527435302734
24.1468448638916 144.009033203125 34.993191719055176 144.009033203125 34.993191719055176 186.3046760559082 24.1468448638916 186.3046760559082
23.105966567993164 142.38607788085938 34.99066638946533 142.38607788085938 34.99066638946533 186.46964645385742 23.105966567993164 186.46964645385742
24.21072769165039 143.219970703125 35.04837989807129 143.219970703125 35.04837989807129 187.30350494384766 24.21072769165039 187.30350494384766
22.743236541748047 142.28268432617188 34.041547775268555 142.28268432617188 34.041547775268555 185.66902923583984 22.743236541748047 185.66902923583984
22.301624298095703 142.9261016845703 34.297884941101074 142.9261016845703 34.297884941101074 188.39405822753906 22.301624298095703 188.39405822753906
22.469505310058594 144.15213012695312 34.45633506774902 144.15213012695312 34.45633506774902 188.30794525146484 22.469505310058594 188.30794525146484
22.31639862060547 144.196533203125 34.29473686218262 144.196533203125 34.29473686218262 188.20412826538086 22.31639862060547 188.20412826538086
21.769672393798828 144.02516174316406 33.06788444519043 144.02516174316406 33.06788444519043 189.84071350097656 21.769672393798828 189.84071350097656
20.707849502563477 143.442138671875 32.52431869506836 143.442138671875 32.52431869506836 189.7121124267578 20.707849502563477 189.7121124267578
21.166200637817383 145.55287170410156 33.06292152404785 145.55287170410156 33.06292152404785 190.83529663085938 21.166200637817383 190.83529663085938
20.80672836303711 146.77325439453125 32.3608455657959 146.77325439453125 32.3608455657959 190.98112106323242 20.80672836303711 190.98112106323242
20.044971466064453 148.03561401367188 31.372429847717285 148.03561401367188 31.372429847717285 191.71012115478516 20.044971466064453 191.71012115478516
20.484609603881836 146.93817138671875 31.943096160888672 146.93817138671875 31.943096160888672 192.33684539794922 20.484609603881836 192.33684539794922
19.61776351928711 146.56674194335938 31.321887969970703 146.56674194335938 31.321887969970703 190.49143600463867 19.61776351928711 190.49143600463867
19.416553497314453 146.4800262451172 31.391016006469727 146.4800262451172 31.391016006469727 191.00532150268555 19.416553497314453 191.00532150268555
19.65313720703125 146.68978881835938 31.87269878387451 146.68978881835938 31.87269878387451 192.03128814697266 19.65313720703125 192.03128814697266
20.140090942382812 147.53916931152344 32.109530448913574 147.53916931152344 32.109530448913574 192.91553115844727 20.140090942382812 192.91553115844727
19.630205154418945 147.19859313964844 32.07101535797119 147.19859313964844 32.07101535797119 192.72012329101562 19.630205154418945 192.72012329101562
20.2189884185791 150.2717742919922 31.62132167816162 150.2717742919922 31.62132167816162 195.73273086547852 20.2189884185791 195.73273086547852
20.20350456237793 150.8497772216797 31.877208709716797 150.8497772216797 31.877208709716797 195.55241775512695 20.20350456237793 195.55241775512695
20.542802810668945 147.94760131835938 32.277225494384766 147.94760131835938 32.277225494384766 192.58085250854492 20.542802810668945 192.58085250854492
20.004131317138672 147.07449340820312 32.50296974182129 147.07449340820312 32.50296974182129 193.27233123779297 20.004131317138672 193.27233123779297
20.878917694091797 150.0159912109375 32.28049182891846 150.0159912109375 32.28049182891846 193.99653244018555 20.878917694091797 193.99653244018555
19.990825653076172 148.654052734375 32.32229042053223 148.654052734375 32.32229042053223 193.94783782958984 19.990825653076172 193.94783782958984
20.595603942871094 149.64334106445312 33.421244621276855 149.64334106445312 33.421244621276855 194.62105178833008 20.595603942871094 194.62105178833008
20.627429962158203 150.708740234375 33.12863254547119 150.708740234375 33.12863254547119 196.17101287841797 20.627429962158203 196.17101287841797
20.25361442565918 151.6670379638672 32.75504493713379 151.6670379638672 32.75504493713379 196.07291412353516 20.25361442565918 196.07291412353516
20.335304260253906 151.67422485351562 32.23580551147461 151.67422485351562 32.23580551147461 197.90094375610352 20.335304260253906 197.90094375610352
20.02250862121582 152.88052368164062 32.135562896728516 152.88052368164062 32.135562896728516 197.94022369384766 20.02250862121582 197.94022369384766
20.09177017211914 153.6216278076172 32.70087814331055 153.6216278076172 32.70087814331055 198.7819366455078 20.09177017211914 198.7819366455078
19.645641326904297 153.76956176757812 32.50769901275635 153.76956176757812 32.50769901275635 198.90747833251953 19.645641326904297 198.90747833251953
18.799213409423828 152.93423461914062 31.15501308441162 152.93423461914062 31.15501308441162 198.5053596496582 18.799213409423828 198.5053596496582
16.940385818481445 155.39328002929688 28.764418601989746 155.39328002929688 28.764418601989746 203.4154281616211 16.940385818481445 203.4154281616211
17.25479507446289 156.09539794921875 29.68640899658203 156.09539794921875 29.68640899658203 200.94239044189453 17.25479507446289 200.94239044189453
15.126558303833008 156.86520385742188 28.075023651123047 156.86520385742188 28.075023651123047 202.17760467529297 15.126558303833008 202.17760467529297
14.854884147644043 158.70199584960938 27.751614570617676 158.70199584960938 27.751614570617676 202.22383880615234 14.854884147644043 202.22383880615234
13.952654838562012 158.0034637451172 27.214404106140137 158.0034637451172 27.214404106140137 202.23023223876953 13.952654838562012 202.23023223876953
13.497795104980469 157.86251831054688 26.879804611206055 157.86251831054688 26.879804611206055 203.1793441772461 13.497795104980469 203.1793441772461
13.26342487335205 158.67539978027344 26.22233009338379 158.67539978027344 26.22233009338379 203.1966781616211 13.26342487335205 203.1966781616211
12.846552848815918 157.41305541992188 25.65377902984619 157.41305541992188 25.65377902984619 204.03480911254883 12.846552848815918 204.03480911254883
11.724675178527832 155.74032592773438 24.022953987121582 155.74032592773438 24.022953987121582 201.9208221435547 11.724675178527832 201.9208221435547
8.147340774536133 159.94320678710938 20.79982280731201 159.94320678710938 20.79982280731201 208.30722045898438 8.147340774536133 208.30722045898438
7.798160552978516 160.88711547851562 19.819156646728516 160.88711547851562 19.819156646728516 205.6641387939453 7.798160552978516 205.6641387939453
6.638909339904785 160.27413940429688 19.818942070007324 160.27413940429688 19.818942070007324 206.89839935302734 6.638909339904785 206.89839935302734
5.898843765258789 162.3243408203125 18.93621253967285 162.3243408203125 18.93621253967285 209.67068099975586 5.898843765258789 209.67068099975586
