410.0 243.0 492.0 243.0 492.0 287.0 410.0 287.0
414.37896728515625 242.4434051513672 495.37489318847656 242.4434051513672 495.37489318847656 288.9257049560547 414.37896728515625 288.9257049560547
419.40850830078125 242.26577758789062 501.4217987060547 242.26577758789062 501.4217987060547 289.57867431640625 419.40850830078125 289.57867431640625
422.8914489746094 241.294921875 507.7254409790039 241.294921875 507.7254409790039 288.81081771850586 422.8914489746094 288.81081771850586
427.2813415527344 240.95639038085938 514.1701126098633 240.95639038085938 514.1701126098633 291.2204284667969 427.2813415527344 291.2204284667969
432.05743408203125 242.4212646484375 519.0983352661133 242.4212646484375 519.0983352661133 291.6823043823242 432.05743408203125 291.6823043823242
435.142578125 242.3739013671875 523.2153472900391 242.3739013671875 523.2153472900391 292.1972122192383 435.142578125 292.1972122192383
439.5845642089844 244.1740264892578 529.602668762207 244.1740264892578 529.602668762207 292.31794357299805 439.5845642089844 292.31794357299805
444.64288330078125 242.59378051757812 535.9304428100586 242.59378051757812 535.9304428100586 292.33712005615234 444.64288330078125 292.33712005615234
448.61041259765625 243.1193389892578 540.9186248779297 243.1193389892578 540.9186248779297 292.01660919189453 448.61041259765625 292.01660919189453
453.43280029296875 241.299560546875 543.1112060546875 241.299560546875 543.1112060546875 290.873291015625 453.43280029296875 290.873291015625
459.8753967285156 238.0841827392578 550.2899627685547 238.0841827392578 550.2899627685547 287.9057502746582 459.8753967285156 287.9057502746582
463.7115783691406 237.8079833984375 551.0361480712891 237.8079833984375 551.0361480712891 286.90921783447266 463.7115783691406 286.90921783447266
465.85906982421875 236.1436309814453 555.7520294189453 236.1436309814453 555.7520294189453 285.6133155822754 465.85906982421875 285.6133155822754
470.4598693847656 234.72607421875 561.1511993408203 234.72607421875 561.1511993408203 283.2984313964844 470.4598693847656 283.2984313964844
471.53594970703125 237.4443817138672 563.1407623291016 237.4443817138672 563.1407623291016 284.99305725097656 471.53594970703125 284.99305725097656
481.0721740722656 236.1885986328125 572.3049163818359 236.1885986328125 572.3049163818359 286.37488555908203 481.0721740722656 286.37488555908203
486.6985778808594 236.66836547851562 577.6493530273438 236.66836547851562 577.6493530273438 286.80602645874023 486.6985778808594 286.80602645874023
493.9716796875 235.8915252685547 585.4660186767578 235.8915252685547 585.4660186767578 288.431339263916 493.9716796875 288.431339263916
497.0160217285156 235.36514282226562 588.3087463378906 235.36514282226562 588.3087463378906 288.0369453430176 497.0160217285156 288.0369453430176
502.5213928222656 235.4325408935547 594.693473815918 235.4325408935547 594.693473815918 285.24834060668945 502.5213928222656 285.24834060668945
509.4073791503906 233.08242797851562 596.822639465332 233.08242797851562 596.822639465332 284.08110427856445 509.4073791503906 284.08110427856445
508.93133544921875 234.6484375 600.4844818115234 234.6484375 600.4844818115234 283.2539367675781 508.93133544921875 283.2539367675781
475.2567443847656 232.16806030273438 568.1300201416016 232.16806030273438 568.1300201416016 282.0025100708008 475.2567443847656 282.0025100708008
502.0907287597656 248.3010711669922 594.0758819580078 248.3010711669922 594.0758819580078 297.65896224975586 502.0907287597656 297.65896224975586
530.4992065429688 271.2933654785156 621.6492156982422 271.2933654785156 621.6492156982422 320.20313262939453 530.4992065429688 320.20313262939453
532.6331787109375 264.29534912109375 623.2954254150391 264.29534912109375 623.2954254150391 312.94338607788086 532.6331787109375 312.94338607788086
528.7874755859375 268.0597839355469 618.0065536499023 268.0597839355469 618.0065536499023 315.9334373474121 528.7874755859375 315.9334373474121
547.0591430664062 252.482666015625 634.9441223144531 252.482666015625 634.9441223144531 299.64046478271484 547.0591430664062 299.64046478271484
544.5693359375 195.3250732421875 630.5958404541016 195.3250732421875 630.5958404541016 241.4856414794922 544.5693359375 241.4856414794922
538.77392578125 181.7714080810547 624.2235260009766 181.7714080810547 624.2235260009766 227.62242126464844 538.77392578125 227.62242126464844
521.3129272460938 176.26828002929688 607.095100402832 176.26828002929688 607.095100402832 222.2977409362793 521.3129272460938 222.2977409362793
515.351318359375 193.6188201904297 601.6192169189453 193.6188201904297 601.6192169189453 239.9089126586914 515.351318359375 239.9089126586914
481.22052001953125 213.07449340820312 567.6354522705078 213.07449340820312 567.6354522705078 259.4434814453125 481.22052001953125 259.4434814453125
434.42572021484375 238.3449249267578 520.9868087768555 238.3449249267578 520.9868087768555 285.0085334777832 434.42572021484375 285.0085334777832
437.35302734375 238.30618286132812 525.5682601928711 238.30618286132812 525.5682601928711 284.2442054748535 437.35302734375 284.2442054748535
441.50439453125 238.0990447998047 528.8053436279297 238.0990447998047 528.8053436279297 282.37288665771484 441.50439453125 282.37288665771484
450.83770751953125 238.44552612304688 534.7293930053711 238.44552612304688 534.7293930053711 281.2546806335449 450.83770751953125 281.2546806335449
453.0545959472656 236.0962371826172 537.1450653076172 236.0962371826172 537.1450653076172 278.38782119750977 453.0545959472656 278.38782119750977
424.75604248046875 236.89102172851562 509.70792388916016 236.89102172851562 509.70792388916016 282.47496032714844 424.75604248046875 282.47496032714844
408.4902648925781 234.44448852539062 495.08949279785156 234.44448852539062 495.08949279785156 280.9123725891113 408.4902648925781 280.9123725891113
413.069580078125 224.2898712158203 499.67655181884766 224.2898712158203 499.67655181884766 270.7619094848633 413.069580078125 270.7619094848633
427.8941955566406 207.1369171142578 513.697509765625 207.1369171142578 513.697509765625 253.1777229309082 427.8941955566406 253.1777229309082
412.19427490234375 185.6826629638672 497.2120819091797 185.6826629638672 497.2120819091797 231.3019790649414 412.19427490234375 231.3019790649414
398.59423828125 195.60671997070312 482.9761276245117 195.60671997070312 482.9761276245117 240.88481521606445 398.59423828125 240.88481521606445
372.3894958496094 213.44522094726562 456.5174560546875 213.44522094726562 456.5174560546875 258.5870590209961 372.3894958496094 258.5870590209961
357.78900146484375 232.40023803710938 440.2720718383789 232.40023803710938 440.2720718383789 271.01363372802734 357.78900146484375 271.01363372802734
363.3544006347656 232.7649383544922 445.11598205566406 232.7649383544922 445.11598205566406 270.0122261047363 363.3544006347656 270.0122261047363
369.9366455078125 233.8881378173828 451.9035110473633 233.8881378173828 451.9035110473633 272.17130279541016 369.9366455078125 272.17130279541016
373.5794982910156 236.52755737304688 456.81036376953125 236.52755737304688 456.81036376953125 272.06592178344727 373.5794982910156 272.06592178344727
373.97991943359375 233.7510528564453 459.34632873535156 233.7510528564453 459.34632873535156 269.6526985168457 373.97991943359375 269.6526985168457
383.0191345214844 236.1732940673828 467.89698028564453 236.1732940673828 467.89698028564453 271.8477363586426 383.0191345214844 271.8477363586426
360.92877197265625 237.810791015625 449.13123321533203 237.810791015625 449.13123321533203 275.8789176940918 360.92877197265625 275.8789176940918
337.2785949707031 243.9319610595703 418.0421447753906 243.9319610595703 418.0421447753906 287.2685089111328 337.2785949707031 287.2685089111328
296.18524169921875 237.54248046875 384.5150604248047 237.54248046875 384.5150604248047 278.3442726135254 296.18524169921875 278.3442726135254
297.7755432128906 236.15731811523438 382.8517608642578 236.15731811523438 382.8517608642578 273.20266342163086 297.7755432128906 273.20266342163086
301.3813171386719 233.80899047851562 384.60059356689453 233.80899047851562 384.60059356689453 270.6348075866699 301.3813171386719 270.6348075866699
306.2580871582031 231.41043090820312 390.2721939086914 231.41043090820312 390.2721939086914 269.2081069946289 306.2580871582031 269.2081069946289
306.7574462890625 230.8864288330078 391.2592315673828 230.8864288330078 391.2592315673828 269.17847442626953 306.7574462890625 269.17847442626953
312.97515869140625 229.50686645507812 396.9436340332031 229.50686645507812 396.9436340332031 269.10773849487305 312.97515869140625 269.10773849487305
316.42132568359375 231.11166381835938 397.69984436035156 231.11166381835938 397.69984436035156 269.1628189086914 316.42132568359375 269.1628189086914
317.371826171875 232.1916961669922 401.41666412353516 232.1916961669922 401.41666412353516 269.2236671447754 317.371826171875 269.2236671447754
320.7815246582031 232.6510009765625 401.6385040283203 232.6510009765625 401.6385040283203 269.98493576049805 320.7815246582031 269.98493576049805
324.59088134765625 233.5519561767578 407.218017578125 233.5519561767578 407.218017578125 271.63915252685547 324.59088134765625 271.63915252685547
323.29510498046875 232.7290496826172 408.9490509033203 232.7290496826172 408.9490509033203 272.22791290283203 323.29510498046875 272.22791290283203
327.77081298828125 232.4438018798828 409.70594787597656 232.4438018798828 409.70594787597656 270.68745040893555 327.77081298828125 270.68745040893555
331.7983703613281 232.5228729248047 410.71997833251953 232.5228729248047 410.71997833251953 271.1925964355469 331.7983703613281 271.1925964355469
333.97454833984375 232.8229522705078 414.9897003173828 232.8229522705078 414.9897003173828 271.76988983154297 333.97454833984375 271.76988983154297
339.9553527832031 234.4442901611328 415.63391876220703 234.4442901611328 415.63391876220703 272.13622283935547 339.9553527832031 272.13622283935547
342.9391174316406 233.6146697998047 418.8872833251953 233.6146697998047 418.8872833251953 271.2102508544922 342.9391174316406 271.2102508544922
340.8988342285156 230.591552734375 417.4208297729492 230.591552734375 417.4208297729492 268.60197830200195 340.8988342285156 268.60197830200195
345.2254333496094 228.4678497314453 420.9602737426758 228.4678497314453 420.9602737426758 266.1059150695801 345.2254333496094 266.1059150695801
350.63226318359375 226.78262329101562 424.95230865478516 226.78262329101562 424.95230865478516 263.4469528198242 350.63226318359375 263.4469528198242
349.6617126464844 224.48184204101562 422.9001007080078 224.48184204101562 422.9001007080078 261.2874946594238 349.6617126464844 261.2874946594238
356.46221923828125 220.6167449951172 434.64231872558594 220.6167449951172 434.64231872558594 260.33679580688477 356.46221923828125 260.33679580688477
364.68170166015625 218.54190063476562 443.95082092285156 218.54190063476562 443.95082092285156 259.50858306884766 364.68170166015625 259.50858306884766
368.900146484375 216.5907440185547 445.9074249267578 216.5907440185547 445.9074249267578 260.05978775024414 368.900146484375 260.05978775024414
367.6874084472656 215.0574188232422 444.89269256591797 215.0574188232422 444.89269256591797 258.40260314941406 367.6874084472656 258.40260314941406
372.31011962890625 216.12008666992188 446.60799407958984 216.12008666992188 446.60799407958984 259.924747467041 372.31011962890625 259.924747467041
370.9715881347656 215.51132202148438 446.89232635498047 215.51132202148438 446.89232635498047 258.9328308105469 370.9715881347656 258.9328308105469
373.4422302246094 213.4261932373047 447.8361129760742 213.4261932373047 447.8361129760742 256.3166694641113 373.4422302246094 256.3166694641113
373.80035400390625 213.5190887451172 448.6048355102539 213.5190887451172 448.6048355102539 257.86878204345703 373.80035400390625 257.86878204345703
372.8152160644531 215.27505493164062 447.4838409423828 215.27505493164062 447.4838409423828 256.5265350341797 372.8152160644531 256.5265350341797
375.5909729003906 215.44039916992188 450.92615509033203 215.44039916992188 450.92615509033203 256.7886962890625 375.5909729003906 256.7886962890625
373.20318603515625 214.99807739257812 449.84752655029297 214.99807739257812 449.84752655029297 255.86967086791992 373.20318603515625 255.86967086791992
373.26580810546875 214.1831817626953 449.20220947265625 214.1831817626953 449.20220947265625 254.3773956298828 373.26580810546875 254.3773956298828
371.08990478515625 211.3404083251953 448.1532211303711 211.3404083251953 448.1532211303711 252.28036880493164 371.08990478515625 252.28036880493164
370.1256103515625 209.02371215820312 446.84828186035156 209.02371215820312 446.84828186035156 248.4136619567871 370.1256103515625 248.4136619567871
368.3797302246094 207.49270629882812 446.3188781738281 207.49270629882812 446.3188781738281 246.27489471435547 368.3797302246094 246.27489471435547
368.22479248046875 205.3385467529297 443.8985824584961 205.3385467529297 443.8985824584961 243.96010971069336 368.22479248046875 243.96010971069336
363.9241027832031 207.410888671875 440.9236526489258 207.410888671875 440.9236526489258 244.0683479309082 363.9241027832031 244.0683479309082
364.2125549316406 206.55322265625 442.01914978027344 206.55322265625 442.01914978027344 243.55339431762695 364.2125549316406 243.55339431762695
363.5944519042969 206.7782745361328 440.64307403564453 206.7782745361328 440.64307403564453 243.1668357849121 363.5944519042969 243.1668357849121
363.6551208496094 207.3167724609375 439.0345993041992 207.3167724609375 439.0345993041992 241.99370574951172 363.6551208496094 241.99370574951172
361.52777099609375 205.13839721679688 439.71546173095703 205.13839721679688 439.71546173095703 241.27674102783203 361.52777099609375 241.27674102783203
360.6331481933594 204.8553009033203 436.35145568847656 204.8553009033203 436.35145568847656 240.98089599609375 360.6331481933594 240.98089599609375
359.56683349609375 204.5851287841797 437.0025634765625 204.5851287841797 437.0025634765625 240.92830657958984 359.56683349609375 240.92830657958984
362.2911682128906 202.9581298828125 438.35437774658203 202.9581298828125 438.35437774658203 240.7935562133789 362.2911682128906 240.7935562133789
360.49871826171875 205.81814575195312 438.6147918701172 205.81814575195312 438.6147918701172 242.00400924682617 360.49871826171875 242.00400924682617
359.8772888183594 205.86172485351562 436.25171661376953 205.86172485351562 436.25171661376953 242.46448135375977 359.8772888183594 242.46448135375977
359.00689697265625 205.208984375 436.3595428466797 205.208984375 436.3595428466797 242.2186050415039 359.00689697265625 242.2186050415039
359.86761474609375 205.25033569335938 437.56153869628906 205.25033569335938 437.56153869628906 241.18878555297852 359.86761474609375 241.18878555297852
360.78704833984375 203.33607482910156 439.069580078125 203.33607482910156 439.069580078125 240.97386169433594 360.78704833984375 240.97386169433594
361.6145935058594 204.06753540039062 437.2108917236328 204.06753540039062 437.2108917236328 239.61059951782227 361.6145935058594 239.61059951782227
360.020751953125 202.23240661621094 436.50499725341797 202.23240661621094 436.50499725341797 237.0639190673828 360.020751953125 237.0639190673828
361.3190002441406 200.99725341796875 435.45843505859375 200.99725341796875 435.45843505859375 235.4405288696289 361.3190002441406 235.4405288696289
359.87554931640625 200.2003173828125 433.2361297607422 200.2003173828125 433.2361297607422 233.3095359802246 359.87554931640625 233.3095359802246
360.63555908203125 199.27891540527344 431.17767333984375 199.27891540527344 431.17767333984375 232.19927215576172 360.63555908203125 232.19927215576172
361.6170349121094 200.43402099609375 432.40293884277344 200.43402099609375 432.40293884277344 232.86338806152344 361.6170349121094 232.86338806152344
359.2369079589844 199.66000366210938 432.2688293457031 199.66000366210938 432.2688293457031 232.54383087158203 359.2369079589844 232.54383087158203
356.51971435546875 199.0403289794922 428.05362701416016 199.0403289794922 428.05362701416016 232.39219665527344 356.51971435546875 232.39219665527344
357.42401123046875 199.2206268310547 428.5456314086914 199.2206268310547 428.5456314086914 231.47951889038086 357.42401123046875 231.47951889038086
356.16888427734375 199.32057189941406 426.0288848876953 199.32057189941406 426.0288848876953 230.93761253356934 356.16888427734375 230.93761253356934
356.18084716796875 197.76358032226562 428.0900650024414 197.76358032226562 428.0900650024414 231.36441802978516 356.18084716796875 231.36441802978516
358.35089111328125 193.52212524414062 431.5860595703125 193.52212524414062 431.5860595703125 227.8366928100586 358.35089111328125 227.8366928100586
355.84906005859375 189.90280151367188 427.04908752441406 189.90280151367188 427.04908752441406 228.10773086547852 355.84906005859375 228.10773086547852
360.5601806640625 191.00746154785156 431.95482635498047 191.00746154785156 431.95482635498047 228.06389617919922 360.5601806640625 228.06389617919922
361.2728576660156 189.88870239257812 432.8755111694336 189.88870239257812 432.8755111694336 225.6422119140625 361.2728576660156 225.6422119140625
356.8450622558594 190.2056121826172 427.81702423095703 190.2056121826172 427.81702423095703 225.70429229736328 356.8450622558594 225.70429229736328
362.16961669921875 191.94369506835938 432.7813186645508 191.94369506835938 432.7813186645508 227.11345672607422 362.16961669921875 227.11345672607422
360.0964660644531 189.35287475585938 430.9180450439453 189.35287475585938 430.9180450439453 224.4679183959961 360.0964660644531 224.4679183959961
363.4944763183594 186.7705078125 433.8489074707031 186.7705078125 433.8489074707031 223.53630828857422 363.4944763183594 223.53630828857422
361.7828674316406 188.10928344726562 430.9471893310547 188.10928344726562 430.9471893310547 222.45358276367188 361.7828674316406 222.45358276367188
365.2235107421875 189.7528839111328 434.30564880371094 189.7528839111328 434.30564880371094 224.8270721435547 365.2235107421875 224.8270721435547
361.9502258300781 188.80726623535156 431.7934265136719 188.80726623535156 431.7934265136719 226.39330291748047 361.9502258300781 226.39330291748047
359.38079833984375 189.83627319335938 430.76910400390625 189.83627319335938 430.76910400390625 226.82696533203125 359.38079833984375 226.82696533203125
362.36322021484375 188.9442596435547 433.0138702392578 188.9442596435547 433.0138702392578 225.3774070739746 362.36322021484375 225.3774070739746
358.9490051269531 188.3386688232422 430.4817810058594 188.3386688232422 430.4817810058594 224.52910232543945 358.9490051269531 224.52910232543945
359.6355895996094 190.90261840820312 428.8694152832031 190.90261840820312 428.8694152832031 225.81710052490234 359.6355895996094 225.81710052490234
357.294677734375 185.8788299560547 429.8629608154297 185.8788299560547 429.8629608154297 222.7320785522461 357.294677734375 222.7320785522461
357.9951171875 181.4403839111328 429.67625427246094 181.4403839111328 429.67625427246094 219.35091400146484 357.9951171875 219.35091400146484
357.72015380859375 178.96499633789062 432.15576171875 178.96499633789062 432.15576171875 218.18138122558594 357.72015380859375 218.18138122558594
364.0792236328125 183.1708526611328 432.50538635253906 183.1708526611328 432.50538635253906 220.65375518798828 364.0792236328125 220.65375518798828
363.32537841796875 180.5848388671875 431.2992935180664 180.5848388671875 431.2992935180664 218.5972671508789 363.32537841796875 218.5972671508789
364.1454162597656 181.06504821777344 432.5221633911133 181.06504821777344 432.5221633911133 218.18443298339844 364.1454162597656 218.18443298339844
364.60772705078125 179.3610076904297 436.43253326416016 179.3610076904297 436.43253326416016 216.96021270751953 364.60772705078125 216.96021270751953
367.7785949707031 178.2149658203125 435.26544189453125 178.2149658203125 435.26544189453125 215.67142868041992 367.7785949707031 215.67142868041992
368.51275634765625 177.62777709960938 435.96107482910156 177.62777709960938 435.96107482910156 214.05883026123047 368.51275634765625 214.05883026123047
367.80389404296875 177.7568817138672 434.6266784667969 177.7568817138672 434.6266784667969 212.27368927001953 367.80389404296875 212.27368927001953
366.55841064453125 179.21856689453125 435.05127716064453 179.21856689453125 435.05127716064453 214.326416015625 366.55841064453125 214.326416015625
369.85662841796875 178.63601684570312 435.5506057739258 178.63601684570312 435.5506057739258 213.72954559326172 369.85662841796875 213.72954559326172
362.98809814453125 177.75003051757812 430.5536117553711 177.75003051757812 430.5536117553711 214.66518020629883 362.98809814453125 214.66518020629883
366.8965148925781 177.99844360351562 434.8859100341797 177.99844360351562 434.8859100341797 216.7609748840332 366.8965148925781 216.7609748840332
367.04901123046875 179.0365447998047 433.8427200317383 179.0365447998047 433.8427200317383 216.68115615844727 367.04901123046875 216.68115615844727
367.2381896972656 178.25656127929688 433.04576110839844 178.25656127929688 433.04576110839844 215.00687408447266 367.2381896972656 215.00687408447266
368.461669921875 178.34950256347656 433.5934600830078 178.34950256347656 433.5934600830078 213.8471221923828 368.461669921875 213.8471221923828
368.09259033203125 175.6040802001953 437.7748565673828 175.6040802001953 437.7748565673828 211.00859451293945 368.09259033203125 211.00859451293945
369.00592041015625 173.9368896484375 438.8236770629883 173.9368896484375 438.8236770629883 210.15968704223633 369.00592041015625 210.15968704223633
369.3505859375 174.01495361328125 440.55084228515625 174.01495361328125 440.55084228515625 209.4958839416504 369.3505859375 209.4958839416504
368.1389465332031 173.76437377929688 437.1791305541992 173.76437377929688 437.1791305541992 210.68377685546875 368.1389465332031 210.68377685546875
367.74554443359375 171.45556640625 437.2601776123047 171.45556640625 437.2601776123047 209.2592544555664 367.74554443359375 209.2592544555664
371.56219482421875 170.20040893554688 439.0942840576172 170.20040893554688 439.0942840576172 208.48380661010742 371.56219482421875 208.48380661010742
368.9661865234375 167.97518920898438 437.5833206176758 167.97518920898438 437.5833206176758 206.1892318725586 368.9661865234375 206.1892318725586
369.6735534667969 163.767822265625 440.0109405517578 163.767822265625 440.0109405517578 201.73305130004883 369.6735534667969 201.73305130004883
370.11236572265625 161.98031616210938 440.68518829345703 161.98031616210938 440.68518829345703 200.28952026367188 370.11236572265625 200.28952026367188
369.49420166015625 158.54989624023438 438.9823760986328 158.54989624023438 438.9823760986328 195.81261444091797 369.49420166015625 195.81261444091797
370.04266357421875 159.73880004882812 437.8023223876953 159.73880004882812 437.8023223876953 197.73273468017578 370.04266357421875 197.73273468017578
368.6111145019531 158.3263702392578 438.15223693847656 158.3263702392578 438.15223693847656 195.89016342163086 368.6111145019531 195.89016342163086
370.28076171875 156.7201690673828 440.7732849121094 156.7201690673828 440.7732849121094 194.56111907958984 370.28076171875 194.56111907958984
368.3337097167969 156.8232879638672 437.72711181640625 156.8232879638672 437.72711181640625 192.3754005432129 368.3337097167969 192.3754005432129
368.827880859375 157.32455444335938 435.91941833496094 157.32455444335938 435.91941833496094 193.06458282470703 368.827880859375 193.06458282470703
367.549560546875 153.68609619140625 436.8236389160156 153.68609619140625 436.8236389160156 190.7618637084961 367.549560546875 190.7618637084961
365.09747314453125 147.47654724121094 436.1407241821289 147.47654724121094 436.1407241821289 187.33244705200195 365.09747314453125 187.33244705200195
367.80645751953125 148.9942626953125 439.0152359008789 148.9942626953125 439.0152359008789 186.0554656982422 367.80645751953125 186.0554656982422
366.6019287109375 149.06410217285156 435.02349853515625 149.06410217285156 435.02349853515625 185.8846549987793 366.6019287109375 185.8846549987793
367.28955078125 146.9621124267578 437.12882232666016 146.9621124267578 437.12882232666016 184.9549446105957 367.28955078125 184.9549446105957
369.706298828125 148.4629669189453 437.21605682373047 148.4629669189453 437.21605682373047 185.90048217773438 369.706298828125 185.90048217773438
367.49560546875 145.93405151367188 436.28880310058594 145.93405151367188 436.28880310058594 184.08919143676758 367.49560546875 184.08919143676758
367.58905029296875 147.15814208984375 437.35484313964844 147.15814208984375 437.35484313964844 183.88665008544922 367.58905029296875 183.88665008544922
366.517822265625 141.76510620117188 437.08827209472656 141.76510620117188 437.08827209472656 180.79752349853516 366.517822265625 180.79752349853516
366.5055236816406 142.49290466308594 435.8538131713867 142.49290466308594 435.8538131713867 180.22986602783203 366.5055236816406 180.22986602783203
364.9193420410156 140.5056610107422 435.0882873535156 140.5056610107422 435.0882873535156 177.21894454956055 364.9193420410156 177.21894454956055
363.85589599609375 140.49148559570312 435.35997009277344 140.49148559570312 435.35997009277344 178.07488632202148 363.85589599609375 178.07488632202148
361.02423095703125 137.751708984375 431.16150665283203 137.751708984375 431.16150665283203 175.92480087280273 361.02423095703125 175.92480087280273
359.4345397949219 138.6490020751953 428.0419464111328 138.6490020751953 428.0419464111328 177.1406364440918 359.4345397949219 177.1406364440918
358.8887939453125 138.9547576904297 429.01566314697266 138.9547576904297 429.01566314697266 178.66079330444336 358.8887939453125 178.66079330444336
360.8636169433594 136.74856567382812 431.6199188232422 136.74856567382812 431.6199188232422 175.88854217529297 360.8636169433594 175.88854217529297
359.13909912109375 135.4924774169922 429.494384765625 135.4924774169922 429.494384765625 173.37374114990234 359.13909912109375 173.37374114990234
356.0232849121094 131.96353149414062 427.74220275878906 131.96353149414062 427.74220275878906 170.91883087158203 356.0232849121094 170.91883087158203
354.8042907714844 130.99856567382812 426.4328155517578 130.99856567382812 426.4328155517578 169.71714401245117 354.8042907714844 169.71714401245117
352.2829895019531 128.20614624023438 424.9911346435547 128.20614624023438 424.9911346435547 168.11125564575195 352.2829895019531 168.11125564575195
353.73394775390625 128.22543334960938 424.0287322998047 128.22543334960938 424.0287322998047 168.64213943481445 353.73394775390625 168.64213943481445
354.625244140625 128.40396118164062 426.1435546875 128.40396118164062 426.1435546875 168.512939453125 354.625244140625 168.512939453125
354.96112060546875 129.06887817382812 426.0504379272461 129.06887817382812 426.0504379272461 169.03809356689453 354.96112060546875 169.03809356689453
354.3109130859375 126.6826400756836 428.37674713134766 126.6826400756836 428.37674713134766 167.7327995300293 354.3109130859375 167.7327995300293
351.387451171875 125.7965087890625 426.68121337890625 125.7965087890625 426.68121337890625 167.91489791870117 351.387451171875 167.91489791870117
353.8536376953125 125.64082336425781 426.5673828125 125.64082336425781 426.5673828125 166.35225677490234 353.8536376953125 166.35225677490234
353.412841796875 120.23209381103516 430.2352294921875 120.23209381103516 430.2352294921875 163.4596824645996 353.412841796875 163.4596824645996
354.0973815917969 119.05049133300781 430.88082122802734 119.05049133300781 430.88082122802734 161.61553573608398 354.0973815917969 161.61553573608398
354.46112060546875 118.0119400024414 430.61268615722656 118.0119400024414 430.61268615722656 161.26239776611328 354.46112060546875 161.26239776611328
352.2584533691406 116.510986328125 431.20423889160156 116.510986328125 431.20423889160156 160.28162384033203 352.2584533691406 160.28162384033203
353.70843505859375 119.51231384277344 429.9650192260742 119.51231384277344 429.9650192260742 161.68033981323242 353.70843505859375 161.68033981323242
349.96429443359375 119.76454162597656 427.0335235595703 119.76454162597656 427.0335235595703 162.81912994384766 349.96429443359375 162.81912994384766
350.0865478515625 117.9380111694336 427.90550231933594 117.9380111694336 427.90550231933594 160.3308219909668 350.0865478515625 160.3308219909668
350.86871337890625 115.32242584228516 430.65909576416016 115.32242584228516 430.65909576416016 159.5979881286621 350.86871337890625 159.5979881286621
350.9670715332031 113.2456283569336 430.0972442626953 113.2456283569336 430.0972442626953 156.88131713867188 350.9670715332031 156.88131713867188
348.75872802734375 113.2421875 427.37374114990234 113.2421875 427.37374114990234 157.15961456298828 348.75872802734375 157.15961456298828
346.8367004394531 109.8265380859375 428.0962371826172 109.8265380859375 428.0962371826172 153.48928833007812 346.8367004394531 153.48928833007812
350.8780212402344 109.19209289550781 430.23828125 109.19209289550781 430.23828125 153.4621353149414 350.8780212402344 153.4621353149414
350.3951721191406 105.365478515625 432.77394104003906 105.365478515625 432.77394104003906 151.70226669311523 350.3951721191406 151.70226669311523
351.8772888183594 103.73136901855469 435.013671875 103.73136901855469 435.013671875 149.62079620361328 351.8772888183594 149.62079620361328
354.19140625 105.5669937133789 434.43243408203125 105.5669937133789 434.43243408203125 149.54958724975586 354.19140625 149.54958724975586
356.30548095703125 105.35887145996094 435.88951873779297 105.35887145996094 435.88951873779297 149.63890838623047 356.30548095703125 149.63890838623047
359.0428771972656 103.98836517333984 438.34037017822266 103.98836517333984 438.34037017822266 147.07382583618164 359.0428771972656 147.07382583618164
358.23272705078125 97.14419555664062 439.02955627441406 97.14419555664062 439.02955627441406 141.0942153930664 358.23272705078125 141.0942153930664
359.4857482910156 98.47688293457031 437.07240295410156 98.47688293457031 437.07240295410156 139.8167610168457 359.4857482910156 139.8167610168457
363.0542297363281 95.3409423828125 434.8131866455078 95.3409423828125 434.8131866455078 134.27174377441406 363.0542297363281 134.27174377441406
359.43511962890625 93.95539093017578 435.6346130371094 93.95539093017578 435.6346130371094 131.96018981933594 359.43511962890625 131.96018981933594
360.16851806640625 90.20257568359375 437.9836120605469 90.20257568359375 437.9836120605469 128.3692970275879 360.16851806640625 128.3692970275879
357.23199462890625 90.44279479980469 435.27369689941406 90.44279479980469 435.27369689941406 127.22486114501953 357.23199462890625 127.22486114501953
358.186767578125 89.04783630371094 436.48990631103516 89.04783630371094 436.48990631103516 125.91663360595703 358.186767578125 125.91663360595703
355.2158508300781 88.05049133300781 436.41517639160156 88.05049133300781 436.41517639160156 124.70061492919922 355.2158508300781 124.70061492919922
355.9801330566406 84.41160583496094 437.20658111572266 84.41160583496094 437.20658111572266 122.29716110229492 355.9801330566406 122.29716110229492
349.75262451171875 84.16302490234375 433.85968017578125 84.16302490234375 433.85968017578125 120.77273559570312 349.75262451171875 120.77273559570312
358.1732482910156 84.27778625488281 433.1566848754883 84.27778625488281 433.1566848754883 118.77505111694336 358.1732482910156 118.77505111694336
355.82806396484375 83.61265563964844 435.14917755126953 83.61265563964844 435.14917755126953 119.16284942626953 355.82806396484375 119.16284942626953
350.9749450683594 85.3227310180664 432.3630142211914 85.3227310180664 432.3630142211914 119.13551712036133 350.9749450683594 119.13551712036133
356.4941101074219 84.2398681640625 435.7936096191406 84.2398681640625 435.7936096191406 118.83844757080078 356.4941101074219 118.83844757080078
362.9982604980469 84.5316162109375 439.0540466308594 84.5316162109375 439.0540466308594 118.59952545166016 362.9982604980469 118.59952545166016
363.70220947265625 83.15274810791016 440.2338180541992 83.15274810791016 440.2338180541992 117.92265319824219 363.70220947265625 117.92265319824219
363.24176025390625 83.60664367675781 440.5224838256836 83.60664367675781 440.5224838256836 117.57466888427734 363.24176025390625 117.57466888427734
362.3726501464844 85.81412506103516 439.86781311035156 85.81412506103516 439.86781311035156 119.45170593261719 362.3726501464844 119.45170593261719
371.57464599609375 83.9933853149414 445.4164581298828 83.9933853149414 445.4164581298828 117.74800872802734 371.57464599609375 117.74800872802734
369.6287841796875 85.47386169433594 441.31441497802734 85.47386169433594 441.31441497802734 117.40433692932129 369.6287841796875 117.40433692932129
374.29473876953125 84.50818634033203 443.82395935058594 84.50818634033203 443.82395935058594 116.98040008544922 374.29473876953125 116.98040008544922
376.44061279296875 82.97776794433594 446.1251907348633 82.97776794433594 446.1251907348633 115.70328521728516 376.44061279296875 115.70328521728516
373.30657958984375 82.2207260131836 444.05572509765625 82.2207260131836 444.05572509765625 114.65383911132812 373.30657958984375 114.65383911132812
373.4879455566406 79.95780944824219 444.5310516357422 79.95780944824219 444.5310516357422 113.1296615600586 373.4879455566406 113.1296615600586
373.45751953125 80.9295654296875 444.69273376464844 80.9295654296875 444.69273376464844 113.45031356811523 373.45751953125 113.45031356811523
375.02044677734375 81.26985931396484 445.1694107055664 81.26985931396484 445.1694107055664 114.7420883178711 375.02044677734375 114.7420883178711
375.1216125488281 82.29493713378906 446.15672302246094 82.29493713378906 446.15672302246094 116.16060256958008 375.1216125488281 116.16060256958008
374.8005065917969 81.54212951660156 445.61695861816406 81.54212951660156 445.61695861816406 114.1705551147461 374.8005065917969 114.1705551147461
376.59637451171875 81.76899719238281 445.42120361328125 81.76899719238281 445.42120361328125 114.05905151367188 376.59637451171875 114.05905151367188
376.47650146484375 77.23497009277344 445.1310729980469 77.23497009277344 445.1310729980469 110.62976837158203 376.47650146484375 110.62976837158203
378.16058349609375 73.61644744873047 446.9876937866211 73.61644744873047 446.9876937866211 107.8701171875 378.16058349609375 107.8701171875
379.0992431640625 73.5352783203125 447.1976547241211 73.5352783203125 447.1976547241211 108.05839920043945 379.0992431640625 108.05839920043945
379.07025146484375 73.92875671386719 446.13194274902344 73.92875671386719 446.13194274902344 107.45696640014648 379.07025146484375 107.45696640014648
382.8895568847656 74.3455581665039 448.97696685791016 74.3455581665039 448.97696685791016 108.40122985839844 382.8895568847656 108.40122985839844
383.60418701171875 74.23281860351562 448.19081115722656 74.23281860351562 448.19081115722656 106.74933624267578 383.60418701171875 106.74933624267578
388.10736083984375 76.7840805053711 450.0343208312988 76.7840805053711 450.0343208312988 108.66079521179199 388.10736083984375 108.66079521179199
389.540283203125 78.77777099609375 452.1611518859863 78.77777099609375 452.1611518859863 110.41941261291504 389.540283203125 110.41941261291504
391.9955139160156 79.74522399902344 454.24800872802734 79.74522399902344 454.24800872802734 111.47982788085938 391.9955139160156 111.47982788085938
393.796875 80.19346618652344 455.8515625 80.19346618652344 455.8515625 111.9891414642334 393.796875 111.9891414642334
397.2481384277344 80.32456970214844 458.9525947570801 80.32456970214844 458.9525947570801 113.88240051269531 397.2481384277344 113.88240051269531
399.94390869140625 78.0049057006836 460.4012031555176 78.0049057006836 460.4012031555176 112.032958984375 399.94390869140625 112.032958984375
402.76568603515625 77.78602600097656 461.2218246459961 77.78602600097656 461.2218246459961 111.96167755126953 402.76568603515625 111.96167755126953
404.10540771484375 75.27149200439453 463.7166557312012 75.27149200439453 463.7166557312012 110.27928161621094 404.10540771484375 110.27928161621094
404.76007080078125 75.57904052734375 463.6825866699219 75.57904052734375 463.6825866699219 110.05620193481445 404.76007080078125 110.05620193481445
410.48675537109375 77.82160949707031 466.922119140625 77.82160949707031 466.922119140625 111.44744110107422 410.48675537109375 111.44744110107422
413.77362060546875 79.29341888427734 470.2143669128418 79.29341888427734 470.2143669128418 113.28692626953125 413.77362060546875 113.28692626953125
415.8411560058594 79.04060363769531 473.60269927978516 79.04060363769531 473.60269927978516 113.4641342163086 415.8411560058594 113.4641342163086
409.5408935546875 76.8667221069336 469.2313041687012 76.8667221069336 469.2313041687012 111.73093795776367 409.5408935546875 111.73093795776367
414.901123046875 77.07889556884766 473.6999320983887 77.07889556884766 473.6999320983887 111.69550323486328 414.901123046875 111.69550323486328
411.14508056640625 74.64513397216797 470.0080986022949 74.64513397216797 470.0080986022949 109.153076171875 411.14508056640625 109.153076171875
417.58282470703125 73.09639739990234 474.57820892333984 73.09639739990234 474.57820892333984 107.61931228637695 417.58282470703125 107.61931228637695
414.9789123535156 68.95445251464844 482.0682830810547 68.95445251464844 482.0682830810547 104.9537353515625 414.9789123535156 104.9537353515625
420.0342712402344 70.43544006347656 477.4240951538086 70.43544006347656 477.4240951538086 105.6899642944336 420.0342712402344 105.6899642944336
422.68524169921875 71.08988189697266 479.7983932495117 71.08988189697266 479.7983932495117 105.26605224609375 422.68524169921875 105.26605224609375
418.580078125 69.89286804199219 479.6938781738281 69.89286804199219 479.6938781738281 105.14333724975586 418.580078125 105.14333724975586
426.47796630859375 68.28593444824219 482.52404022216797 68.28593444824219 482.52404022216797 103.86556243896484 426.47796630859375 103.86556243896484
425.97735595703125 67.15211486816406 484.80113983154297 67.15211486816406 484.80113983154297 104.0877685546875 425.97735595703125 104.0877685546875
425.9837341308594 66.34551239013672 485.5723876953125 66.34551239013672 485.5723876953125 102.82648468017578 425.9837341308594 102.82648468017578
431.32391357421875 62.00315475463867 489.7479667663574 62.00315475463867 489.7479667663574 98.74787902832031 431.32391357421875 98.74787902832031
426.53277587890625 59.52070236206055 485.8126754760742 59.52070236206055 485.8126754760742 97.49101638793945 426.53277587890625 97.49101638793945
423.822265625 56.582847595214844 488.97682189941406 56.582847595214844 488.97682189941406 94.7698974609375 423.822265625 94.7698974609375
430.06036376953125 55.398223876953125 490.32202911376953 55.398223876953125 490.32202911376953 92.54424285888672 430.06036376953125 92.54424285888672
429.40478515625 55.12139892578125 493.70697021484375 55.12139892578125 493.70697021484375 92.78412246704102 429.40478515625 92.78412246704102
428.2124938964844 53.7783203125 493.2385940551758 53.7783203125 493.2385940551758 92.63533782958984 428.2124938964844 92.63533782958984
427.09967041015625 54.71193313598633 491.9125747680664 54.71193313598633 491.9125747680664 92.95644760131836 427.09967041015625 92.95644760131836
431.36962890625 56.228172302246094 495.7061309814453 56.228172302246094 495.7061309814453 94.73030090332031 431.36962890625 94.73030090332031
434.5560607910156 55.818641662597656 498.5228462219238 55.818641662597656 498.5228462219238 94.1432876586914 434.5560607910156 94.1432876586914
428.31158447265625 53.4865837097168 492.82484436035156 53.4865837097168 492.82484436035156 91.3432731628418 428.31158447265625 91.3432731628418
432.5811462402344 52.4980354309082 497.0507049560547 52.4980354309082 497.0507049560547 91.01526260375977 432.5811462402344 91.01526260375977
430.90155029296875 51.063438415527344 495.47935485839844 51.063438415527344 495.47935485839844 89.07548522949219 430.90155029296875 89.07548522949219
429.91400146484375 50.43610382080078 494.11788177490234 50.43610382080078 494.11788177490234 87.48355484008789 429.91400146484375 87.48355484008789
431.8404235839844 49.94341278076172 494.54731369018555 49.94341278076172 494.54731369018555 86.25972747802734 431.8404235839844 86.25972747802734
429.511474609375 50.192649841308594 491.9765319824219 50.192649841308594 491.9765319824219 85.91033935546875 429.511474609375 85.91033935546875
433.93212890625 49.01825714111328 495.3375358581543 49.01825714111328 495.3375358581543 85.06146621704102 433.93212890625 85.06146621704102
433.4319763183594 47.63582229614258 496.6346969604492 47.63582229614258 496.6346969604492 85.2253532409668 433.4319763183594 85.2253532409668
426.60748291015625 48.88187789916992 492.9681167602539 48.88187789916992 492.9681167602539 85.43227005004883 426.60748291015625 85.43227005004883
434.4971618652344 48.42063903808594 496.07274627685547 48.42063903808594 496.07274627685547 84.60255813598633 434.4971618652344 84.60255813598633
434.49688720703125 46.816951751708984 496.0777816772461 46.816951751708984 496.0777816772461 83.37371063232422 434.49688720703125 83.37371063232422
434.808837890625 45.0139274597168 496.1419448852539 45.0139274597168 496.1419448852539 80.82456588745117 434.808837890625 80.82456588745117
435.853271484375 45.015296936035156 496.65400314331055 45.015296936035156 496.65400314331055 80.0488052368164 435.853271484375 80.0488052368164
434.1822814941406 43.77068328857422 496.1082954406738 43.77068328857422 496.1082954406738 79.94498062133789 434.1822814941406 79.94498062133789
436.79425048828125 45.714839935302734 496.0402145385742 45.714839935302734 496.0402145385742 79.90194320678711 436.79425048828125 79.90194320678711
434.91796875 45.36808395385742 495.0121955871582 45.36808395385742 495.0121955871582 80.94282150268555 434.91796875 80.94282150268555
431.4205627441406 46.09880447387695 493.5955390930176 46.09880447387695 493.5955390930176 82.84617233276367 431.4205627441406 82.84617233276367
432.07470703125 46.82903289794922 491.32976150512695 46.82903289794922 491.32976150512695 83.18437576293945 432.07470703125 83.18437576293945
433.59930419921875 46.85512161254883 492.94123458862305 46.85512161254883 492.94123458862305 83.67875671386719 433.59930419921875 83.67875671386719
433.2974548339844 47.210426330566406 492.41998291015625 47.210426330566406 492.41998291015625 82.6523323059082 433.2974548339844 82.6523323059082
434.91485595703125 43.89635467529297 494.19832611083984 43.89635467529297 494.19832611083984 80.71245956420898 434.91485595703125 80.71245956420898
435.1041564941406 42.56291198730469 494.45873260498047 42.56291198730469 494.45873260498047 80.10013580322266 435.1041564941406 80.10013580322266
434.0283203125 43.75962448120117 494.0219841003418 43.75962448120117 494.0219841003418 80.69589614868164 434.0283203125 80.69589614868164
432.1310119628906 43.57352828979492 493.9146842956543 43.57352828979492 493.9146842956543 80.6590347290039 432.1310119628906 80.6590347290039
435.4037170410156 42.96173095703125 494.9669990539551 42.96173095703125 494.9669990539551 79.63367080688477 435.4037170410156 79.63367080688477
433.5772399902344 43.51946258544922 494.9258918762207 43.51946258544922 494.9258918762207 80.72309875488281 433.5772399902344 80.72309875488281
434.9710388183594 42.55159378051758 495.0685501098633 42.55159378051758 495.0685501098633 79.19206619262695 434.9710388183594 79.19206619262695
438.3055725097656 40.59763717651367 499.3330993652344 40.59763717651367 499.3330993652344 78.45956802368164 438.3055725097656 78.45956802368164
436.15545654296875 40.9921760559082 499.0809326171875 40.9921760559082 499.0809326171875 80.36075210571289 436.15545654296875 80.36075210571289
441.5074157714844 36.316650390625 506.1452102661133 36.316650390625 506.1452102661133 75.84480667114258 441.5074157714844 75.84480667114258
437.91455078125 34.979530334472656 502.76200103759766 34.979530334472656 502.76200103759766 75.21322250366211 437.91455078125 75.21322250366211
439.7640075683594 33.07760238647461 504.2996292114258 33.07760238647461 504.2996292114258 74.07025146484375 439.7640075683594 74.07025146484375
438.375 33.13648986816406 504.52625274658203 33.13648986816406 504.52625274658203 74.20784759521484 438.375 74.20784759521484
439.13873291015625 34.182621002197266 507.9344711303711 34.182621002197266 507.9344711303711 76.41709899902344 439.13873291015625 76.41709899902344
441.74749755859375 33.12025833129883 508.58168029785156 33.12025833129883 508.58168029785156 75.72225952148438 441.74749755859375 75.72225952148438
441.36358642578125 32.90542221069336 508.40565490722656 32.90542221069336 508.40565490722656 74.73323440551758 441.36358642578125 74.73323440551758
436.220703125 28.661876678466797 506.3645248413086 28.661876678466797 506.3645248413086 72.27224731445312 436.220703125 72.27224731445312
441.0884704589844 28.919885635375977 507.86883544921875 28.919885635375977 507.86883544921875 73.2083911895752 441.0884704589844 73.2083911895752
439.55078125 26.077566146850586 507.8430480957031 26.077566146850586 507.8430480957031 70.30916404724121 439.55078125 70.30916404724121
443.52545166015625 25.49228286743164 509.5209732055664 25.49228286743164 509.5209732055664 67.04151916503906 443.52545166015625 67.04151916503906
439.27008056640625 24.785037994384766 505.38792419433594 24.785037994384766 505.38792419433594 67.16989135742188 439.27008056640625 67.16989135742188
442.9916076660156 21.690624237060547 511.5111541748047 21.690624237060547 511.5111541748047 65.97113418579102 442.9916076660156 65.97113418579102
441.129638671875 24.692554473876953 508.6211853027344 24.692554473876953 508.6211853027344 68.49188995361328 441.129638671875 68.49188995361328
443.325927734375 26.186914443969727 510.5531768798828 26.186914443969727 510.5531768798828 68.3841724395752 443.325927734375 68.3841724395752
445.59747314453125 25.00404930114746 512.1281814575195 25.00404930114746 512.1281814575195 66.63807487487793 445.59747314453125 66.63807487487793
448.5052185058594 20.926172256469727 519.0979080200195 20.926172256469727 519.0979080200195 65.24640083312988 448.5052185058594 65.24640083312988
447.5455627441406 20.296907424926758 515.7966156005859 20.296907424926758 515.7966156005859 64.1633129119873 447.5455627441406 64.1633129119873
449.1101989746094 17.951248168945312 516.0600051879883 17.951248168945312 516.0600051879883 61.24827575683594 449.1101989746094 61.24827575683594
451.3287048339844 14.069007873535156 519.0084762573242 14.069007873535156 519.0084762573242 57.984130859375 451.3287048339844 57.984130859375
454.46661376953125 15.628189086914062 522.4099655151367 15.628189086914062 522.4099655151367 57.64238739013672 454.46661376953125 57.64238739013672
456.44610595703125 12.803967475891113 525.7762222290039 12.803967475891113 525.7762222290039 56.06748676300049 456.44610595703125 56.06748676300049
452.3490295410156 13.855295181274414 521.0272903442383 13.855295181274414 521.0272903442383 57.259164810180664 452.3490295410156 57.259164810180664
454.00048828125 11.80384349822998 525.0873794555664 11.80384349822998 525.0873794555664 56.32301616668701 454.00048828125 56.32301616668701
451.31768798828125 11.699714660644531 523.1678237915039 11.699714660644531 523.1678237915039 57.03965759277344 451.31768798828125 57.03965759277344
454.460693359375 10.531506538391113 522.8697357177734 10.531506538391113 522.8697357177734 55.45067310333252 454.460693359375 55.45067310333252
458.32830810546875 8.034934997558594 527.0768890380859 8.034934997558594 527.0768890380859 52.65693283081055 458.32830810546875 52.65693283081055
456.45318603515625 6.239384174346924 524.7169342041016 6.239384174346924 524.7169342041016 49.37058687210083 456.45318603515625 49.37058687210083
457.0625915527344 6.547937870025635 526.5079193115234 6.547937870025635 526.5079193115234 48.24127435684204 457.0625915527344 48.24127435684204
455.89862060546875 5.7136149406433105 524.8002014160156 5.7136149406433105 524.8002014160156 48.10636854171753 455.89862060546875 48.10636854171753
455.17486572265625 5.428928852081299 525.6498260498047 5.428928852081299 525.6498260498047 48.75213289260864 455.17486572265625 48.75213289260864
463.265625 6.623108863830566 530.0281143188477 6.623108863830566 530.0281143188477 47.79539966583252 463.265625 47.79539966583252
465.29541015625 3.3632779121398926 534.4811859130859 3.3632779121398926 534.4811859130859 44.81295442581177 465.29541015625 44.81295442581177
468.10284423828125 3.8445143699645996 535.9543609619141 3.8445143699645996 535.9543609619141 46.15714406967163 468.10284423828125 46.15714406967163
465.9541015625 2.098358154296875 533.3139038085938 2.098358154296875 533.3139038085938 43.387516021728516 465.9541015625 43.387516021728516
464.787353515625 2.851947069168091 533.9023361206055 2.851947069168091 533.9023361206055 45.22900319099426 464.787353515625 45.22900319099426
466.06463623046875 2.070500135421753 534.6285400390625 2.070500135421753 534.6285400390625 44.42491602897644 466.06463623046875 44.42491602897644
