11.0 224.0 27.0 224.0 27.0 265.0 11.0 265.0
12.8919095993042 216.7816925048828 29.094977378845215 216.7816925048828 29.094977378845215 258.30205154418945 12.8919095993042 258.30205154418945
23.33768081665039 212.46041870117188 39.42096519470215 212.46041870117188 39.42096519470215 253.67383575439453 23.33768081665039 253.67383575439453
21.45470428466797 202.8368377685547 37.44342517852783 202.8368377685547 37.44342517852783 243.80793380737305 21.45470428466797 243.80793380737305
20.56813621520996 216.0776824951172 36.96710777282715 216.0776824951172 36.96710777282715 258.1000518798828 20.56813621520996 258.1000518798828
23.247346878051758 236.23849487304688 40.06730079650879 236.23849487304688 40.06730079650879 279.33963775634766 23.247346878051758 279.33963775634766
21.614253997802734 254.16769409179688 36.997504234313965 254.16769409179688 36.997504234313965 302.8905258178711 21.614253997802734 302.8905258178711
25.486345291137695 259.3643798828125 39.773213386535645 259.3643798828125 39.773213386535645 310.6089859008789 25.486345291137695 310.6089859008789
24.098838806152344 253.9993133544922 41.764848709106445 253.9993133544922 41.764848709106445 299.2684745788574 24.098838806152344 299.2684745788574
26.46541976928711 253.57821655273438 41.487473487854004 253.57821655273438 41.487473487854004 306.80992889404297 26.46541976928711 306.80992889404297
26.16830062866211 254.93356323242188 40.452086448669434 254.93356323242188 40.452086448669434 305.32911682128906 26.16830062866211 305.32911682128906
26.753387451171875 256.0027770996094 40.42786884307861 256.0027770996094 40.42786884307861 310.2014846801758 26.753387451171875 310.2014846801758
26.038524627685547 256.66351318359375 40.17416477203369 256.66351318359375 40.17416477203369 308.7063217163086 26.038524627685547 308.7063217163086
26.127887725830078 251.1691131591797 40.92595100402832 251.1691131591797 40.92595100402832 305.6311492919922 26.127887725830078 305.6311492919922
25.76888084411621 257.5342102050781 40.22365188598633 257.5342102050781 40.22365188598633 310.41983795166016 25.76888084411621 310.41983795166016
24.80118179321289 256.6110534667969 40.078813552856445 256.6110534667969 40.078813552856445 310.0643730163574 24.80118179321289 310.0643730163574
23.932323455810547 252.2642059326172 40.222646713256836 252.2642059326172 40.222646713256836 307.71204376220703 23.932323455810547 307.71204376220703
23.7780704498291 257.4698791503906 39.436920166015625 257.4698791503906 39.436920166015625 309.0150947570801 23.7780704498291 309.0150947570801
25.6123104095459 256.43560791015625 40.484004974365234 256.43560791015625 40.484004974365234 310.32117462158203 25.6123104095459 310.32117462158203
26.014423370361328 254.00753784179688 41.0355920791626 254.00753784179688 41.0355920791626 310.59856033325195 26.014423370361328 310.59856033325195
25.585050582885742 250.1068572998047 41.41529369354248 250.1068572998047 41.41529369354248 305.4458885192871 25.585050582885742 305.4458885192871
25.37942886352539 253.3771514892578 41.263800621032715 253.3771514892578 41.263800621032715 307.7903709411621 25.37942886352539 307.7903709411621
25.85711097717285 254.15966796875 40.20685577392578 254.15966796875 40.20685577392578 307.86175537109375 25.85711097717285 307.86175537109375
28.839405059814453 256.3409118652344 48.04656791687012 256.3409118652344 48.04656791687012 305.5592727661133 28.839405059814453 305.5592727661133
31.088098526000977 251.1179656982422 50.57074165344238 251.1179656982422 50.57074165344238 301.04224395751953 31.088098526000977 301.04224395751953
10.477920532226562 251.72518920898438 29.70265769958496 251.72518920898438 29.70265769958496 300.9885787963867 10.477920532226562 300.9885787963867
19.42499542236328 228.6139678955078 38.67480278015137 228.6139678955078 38.67480278015137 277.9415969848633 19.42499542236328 277.9415969848633
20.44935417175293 222.1517333984375 39.34419631958008 222.1517333984375 39.34419631958008 270.5697708129883 20.44935417175293 270.5697708129883
22.582191467285156 225.7575225830078 41.70180130004883 225.7575225830078 41.70180130004883 274.751522064209 22.582191467285156 274.751522064209
20.27326011657715 224.7864227294922 39.65852737426758 224.7864227294922 39.65852737426758 274.4611625671387 20.27326011657715 274.4611625671387
28.617050170898438 222.8136444091797 47.73324966430664 222.8136444091797 47.73324966430664 271.79890060424805 28.617050170898438 271.79890060424805
22.773746490478516 224.9378662109375 42.08430480957031 224.9378662109375 42.08430480957031 274.4211616516113 22.773746490478516 274.4211616516113
21.47138023376465 212.32034301757812 40.817338943481445 212.32034301757812 40.817338943481445 261.8943519592285 21.47138023376465 261.8943519592285
21.734346389770508 225.53897094726562 41.42422294616699 225.53897094726562 41.42422294616699 275.99427032470703 21.734346389770508 275.99427032470703
21.637060165405273 224.7411346435547 41.24479866027832 224.7411346435547 41.24479866027832 274.98595428466797 21.637060165405273 274.98595428466797
19.976154327392578 228.9850616455078 39.67340278625488 228.9850616455078 39.67340278625488 279.4592514038086 19.976154327392578 279.4592514038086
19.66526222229004 229.1387481689453 38.921417236328125 229.1387481689453 38.921417236328125 278.4826431274414 19.66526222229004 278.4826431274414
23.535181045532227 224.1628875732422 42.364126205444336 224.1628875732422 42.364126205444336 272.4120635986328 23.535181045532227 272.4120635986328
22.453214645385742 222.3020477294922 41.65475845336914 222.3020477294922 41.65475845336914 271.5060043334961 22.453214645385742 271.5060043334961
22.125001907348633 222.73828125 41.45367240905762 222.73828125 41.45367240905762 272.2680015563965 22.125001907348633 272.2680015563965
24.585912704467773 227.7410888671875 43.583696365356445 227.7410888671875 43.583696365356445 276.42291259765625 24.585912704467773 276.42291259765625
22.12483787536621 225.93942260742188 41.21869087219238 225.93942260742188 41.21869087219238 274.86742401123047 22.12483787536621 274.86742401123047
32.823822021484375 209.1531219482422 51.941518783569336 209.1531219482422 51.941518783569336 258.14222717285156 32.823822021484375 258.14222717285156
46.97471237182617 203.04379272460938 66.13210105895996 203.04379272460938 66.13210105895996 252.13460540771484 46.97471237182617 252.13460540771484
51.948402404785156 186.5399627685547 71.28807067871094 186.5399627685547 71.28807067871094 236.09786987304688 51.948402404785156 236.09786987304688
36.67726135253906 153.66683959960938 56.269996643066406 153.66683959960938 56.269996643066406 203.87322998046875 36.67726135253906 203.87322998046875
74.52352142333984 136.93528747558594 94.29765701293945 136.93528747558594 94.29765701293945 187.60651397705078 74.52352142333984 187.60651397705078
86.97921752929688 138.5794677734375 106.64731979370117 138.5794677734375 106.64731979370117 188.9789810180664 86.97921752929688 188.9789810180664
84.85482788085938 128.29296875 104.49783897399902 128.29296875 104.49783897399902 178.6281852722168 84.85482788085938 178.6281852722168
78.31246948242188 141.1192169189453 98.03584480285645 141.1192169189453 98.03584480285645 191.66036224365234 78.31246948242188 191.66036224365234
77.42941284179688 150.01461791992188 97.51028060913086 150.01461791992188 97.51028060913086 201.47184371948242 77.42941284179688 201.47184371948242
76.61287689208984 135.29769897460938 96.91374588012695 135.29769897460938 96.91374588012695 187.31867218017578 76.61287689208984 187.31867218017578
81.87194061279297 126.1611328125 101.85895729064941 126.1611328125 101.85895729064941 177.37786102294922 81.87194061279297 177.37786102294922
86.04649353027344 128.5969696044922 106.03993606567383 128.5969696044922 106.03993606567383 179.83016204833984 86.04649353027344 179.83016204833984
77.0868911743164 130.00357055664062 97.11930847167969 130.00357055664062 97.11930847167969 181.33663940429688 77.0868911743164 181.33663940429688
76.08543395996094 128.7510528564453 96.23736381530762 128.7510528564453 96.23736381530762 180.39037704467773 76.08543395996094 180.39037704467773
75.5457992553711 127.56927490234375 95.38398933410645 127.56927490234375 95.38398933410645 178.4046401977539 75.5457992553711 178.4046401977539
60.913352966308594 123.52140808105469 80.51448822021484 123.52140808105469 80.51448822021484 173.74932098388672 60.913352966308594 173.74932098388672
64.25188446044922 132.711181640625 83.57277870178223 132.711181640625 83.57277870178223 182.22097396850586 64.25188446044922 182.22097396850586
67.52644348144531 136.18197631835938 86.50774574279785 136.18197631835938 86.50774574279785 184.8215675354004 67.52644348144531 184.8215675354004
66.04618835449219 129.68350219726562 85.16571998596191 129.68350219726562 85.16571998596191 178.67730331420898 66.04618835449219 178.67730331420898
68.20970153808594 140.32275390625 87.1904125213623 140.32275390625 87.1904125213623 188.96083450317383 68.20970153808594 188.96083450317383
69.32769012451172 140.99166870117188 88.03181266784668 140.99166870117188 88.03181266784668 188.92099380493164 69.32769012451172 188.92099380493164
67.95976257324219 118.21266174316406 86.61551856994629 118.21266174316406 86.61551856994629 166.01805114746094 67.95976257324219 166.01805114746094
56.1321907043457 113.42100524902344 74.37611198425293 113.42100524902344 74.37611198425293 160.17107009887695 56.1321907043457 160.17107009887695
54.07935333251953 90.17927551269531 72.01884078979492 90.17927551269531 72.01884078979492 136.14922714233398 54.07935333251953 136.14922714233398
45.714813232421875 94.20536804199219 63.69470024108887 94.20536804199219 63.69470024108887 140.2788429260254 45.714813232421875 140.2788429260254
22.812814712524414 98.08277130126953 40.705142974853516 98.08277130126953 40.705142974853516 143.93186950683594 22.812814712524414 143.93186950683594
43.582374572753906 83.21696472167969 61.35736083984375 83.21696472167969 61.35736083984375 128.76537322998047 43.582374572753906 128.76537322998047
21.434972763061523 91.05998992919922 39.216434478759766 91.05998992919922 39.216434478759766 136.62499618530273 21.434972763061523 136.62499618530273
24.627294540405273 93.0216293334961 42.37509346008301 93.0216293334961 42.37509346008301 138.50037384033203 24.627294540405273 138.50037384033203
19.645919799804688 94.37060546875 37.25976753234863 94.37060546875 37.25976753234863 139.50609588623047 19.645919799804688 139.50609588623047
21.34494400024414 100.51960754394531 38.953670501708984 100.51960754394531 38.953670501708984 145.64197540283203 21.34494400024414 145.64197540283203
23.774639129638672 93.77113342285156 41.71622657775879 93.77113342285156 41.71622657775879 139.74645614624023 23.774639129638672 139.74645614624023
35.109046936035156 99.70025634765625 52.98697471618652 99.70025634765625 52.98697471618652 145.51245880126953 35.109046936035156 145.51245880126953
23.03973960876465 100.47157287597656 41.1249942779541 100.47157287597656 41.1249942779541 146.81505584716797 23.03973960876465 146.81505584716797
24.72464942932129 91.81307220458984 42.72855186462402 91.81307220458984 42.72855186462402 137.94808959960938 24.72464942932129 137.94808959960938
29.10878562927246 89.15715789794922 46.957223892211914 89.15715789794922 46.957223892211914 134.893798828125 29.10878562927246 134.893798828125
25.040075302124023 82.60009765625 42.76111030578613 82.60009765625 42.76111030578613 128.01026916503906 25.040075302124023 128.01026916503906
22.261173248291016 100.32316589355469 39.773996353149414 100.32316589355469 39.773996353149414 145.19979858398438 22.261173248291016 145.19979858398438
23.268131256103516 94.68303680419922 40.74261474609375 94.68303680419922 40.74261474609375 139.46142578125 23.268131256103516 139.46142578125
40.62288284301758 113.7812271118164 58.22188186645508 113.7812271118164 58.22188186645508 158.87869262695312 40.62288284301758 158.87869262695312
40.407867431640625 117.22471618652344 58.15908622741699 117.22471618652344 58.15908622741699 162.7122459411621 40.407867431640625 162.7122459411621
37.413475036621094 132.26278686523438 55.25897407531738 132.26278686523438 55.25897407531738 177.99191284179688 37.413475036621094 177.99191284179688
18.08834457397461 172.9959259033203 36.03212547302246 172.9959259033203 36.03212547302246 218.97689819335938 18.08834457397461 218.97689819335938
21.02213478088379 176.37826538085938 38.941776275634766 176.37826538085938 38.941776275634766 222.2973747253418 21.02213478088379 222.2973747253418
22.208160400390625 172.28509521484375 39.96156883239746 172.28509521484375 39.96156883239746 217.77823638916016 22.208160400390625 217.77823638916016
24.75905990600586 168.82540893554688 42.432350158691406 168.82540893554688 42.432350158691406 214.11325073242188 24.75905990600586 214.11325073242188
22.581438064575195 171.39572143554688 40.13359260559082 171.39572143554688 40.13359260559082 216.37314987182617 22.581438064575195 216.37314987182617
26.383930206298828 174.556396484375 44.05522346496582 174.556396484375 44.05522346496582 219.83911895751953 26.383930206298828 219.83911895751953
26.283523559570312 173.66036987304688 44.24907875061035 173.66036987304688 44.24907875061035 219.69713592529297 26.283523559570312 219.69713592529297
25.6226806640625 170.8212127685547 43.3387393951416 170.8212127685547 43.3387393951416 216.21864318847656 25.6226806640625 216.21864318847656
25.65338706970215 174.38211059570312 43.29680252075195 174.38211059570312 43.29680252075195 219.59339904785156 25.65338706970215 219.59339904785156
25.587621688842773 166.81234741210938 43.411142349243164 166.81234741210938 43.411142349243164 212.48514556884766 25.587621688842773 212.48514556884766
24.394775390625 168.38027954101562 42.24148750305176 168.38027954101562 42.24148750305176 214.1125030517578 24.394775390625 214.1125030517578
36.250091552734375 150.95513916015625 54.01067543029785 150.95513916015625 54.01067543029785 196.46665573120117 36.250091552734375 196.46665573120117
38.52553176879883 134.02792358398438 55.99143600463867 134.02792358398438 55.99143600463867 178.7843246459961 38.52553176879883 178.7843246459961
42.26222229003906 122.03768157958984 59.935726165771484 122.03768157958984 59.935726165771484 167.32605361938477 42.26222229003906 167.32605361938477
51.4770393371582 140.7119598388672 69.14235305786133 140.7119598388672 69.14235305786133 185.9793472290039 51.4770393371582 185.9793472290039
40.947608947753906 142.97164916992188 58.29797554016113 142.97164916992188 58.29797554016113 187.4319839477539 40.947608947753906 187.4319839477539
45.405086517333984 151.4287872314453 62.72259330749512 151.4287872314453 62.72259330749512 195.80491256713867 45.405086517333984 195.80491256713867
33.10853576660156 160.331787109375 50.51049613952637 160.331787109375 50.51049613952637 204.92432403564453 33.10853576660156 204.92432403564453
35.44520950317383 160.87680053710938 52.8171272277832 160.87680053710938 52.8171272277832 205.39235305786133 35.44520950317383 205.39235305786133
39.62870788574219 140.3786163330078 57.19625473022461 140.3786163330078 57.19625473022461 185.39546966552734 39.62870788574219 185.39546966552734
38.34556579589844 172.26254272460938 55.74922561645508 172.26254272460938 55.74922561645508 216.85943984985352 38.34556579589844 216.85943984985352
40.94187545776367 170.11080932617188 58.054054260253906 170.11080932617188 58.054054260253906 213.96078872680664 40.94187545776367 213.96078872680664
39.77782440185547 169.37242126464844 56.71726989746094 169.37242126464844 56.71726989746094 212.7797737121582 39.77782440185547 212.7797737121582
36.869834899902344 157.7869873046875 53.9718017578125 157.7869873046875 53.9718017578125 201.61080169677734 36.869834899902344 201.61080169677734
42.2044677734375 166.2570037841797 59.381229400634766 166.2570037841797 59.381229400634766 210.2724838256836 42.2044677734375 210.2724838256836
41.75311279296875 166.9036407470703 58.48389434814453 166.9036407470703 58.48389434814453 209.77629852294922 41.75311279296875 209.77629852294922
39.634368896484375 157.53387451171875 56.45234680175781 157.53387451171875 56.45234680175781 200.62996673583984 39.634368896484375 200.62996673583984
37.14408493041992 163.7902069091797 53.88279724121094 163.7902069091797 53.88279724121094 206.6831817626953 37.14408493041992 206.6831817626953
40.606956481933594 161.01119995117188 57.00092697143555 161.01119995117188 57.00092697143555 203.02077102661133 40.606956481933594 203.02077102661133
39.13747787475586 162.60992431640625 55.629268646240234 162.60992431640625 55.629268646240234 204.87015533447266 39.13747787475586 204.87015533447266
42.874595642089844 164.6893310546875 59.342369079589844 164.6893310546875 59.342369079589844 206.88801956176758 42.874595642089844 206.88801956176758
43.89909744262695 163.84593200683594 60.56858253479004 163.84593200683594 60.56858253479004 206.5615119934082 43.89909744262695 206.5615119934082
47.86809539794922 149.3182373046875 64.4714527130127 149.3182373046875 64.4714527130127 191.8643684387207 47.86809539794922 191.8643684387207
