120.0 153.0 150.0 153.0 150.0 231.0 120.0 231.0
118.7188720703125 153.00978088378906 148.09514808654785 153.00978088378906 148.09514808654785 227.9141845703125 118.7188720703125 227.9141845703125
117.78971099853516 153.4163360595703 147.08891105651855 153.4163360595703 147.08891105651855 230.0485610961914 117.78971099853516 230.0485610961914
117.38802337646484 153.9617156982422 145.589693069458 153.9617156982422 145.589693069458 231.99422454833984 117.38802337646484 231.99422454833984
116.75313568115234 154.3321533203125 143.72143745422363 154.3321533203125 143.72143745422363 229.01344299316406 116.75313568115234 229.01344299316406
111.87678527832031 151.50540161132812 142.15111923217773 151.50540161132812 142.15111923217773 230.2186508178711 111.87678527832031 230.2186508178711
115.6065444946289 154.40359497070312 142.40293502807617 154.40359497070312 142.40293502807617 229.59288787841797 115.6065444946289 229.59288787841797
115.60182189941406 154.20640563964844 141.28025436401367 154.20640563964844 141.28025436401367 227.07720184326172 115.60182189941406 227.07720184326172
115.0045394897461 154.56239318847656 141.45216751098633 154.56239318847656 141.45216751098633 227.4668731689453 115.0045394897461 227.4668731689453
115.24855041503906 153.34469604492188 142.29338455200195 153.34469604492188 142.29338455200195 229.75962829589844 115.24855041503906 229.75962829589844
112.13233947753906 152.468017578125 142.24236679077148 152.468017578125 142.24236679077148 230.75408935546875 112.13233947753906 230.75408935546875
114.72383880615234 156.0400848388672 140.6847038269043 156.0400848388672 140.6847038269043 225.23056030273438 114.72383880615234 225.23056030273438
115.08531188964844 155.63470458984375 140.90033340454102 155.63470458984375 140.90033340454102 225.4769744873047 115.08531188964844 225.4769744873047
114.7565689086914 156.06668090820312 140.36864471435547 156.06668090820312 140.36864471435547 224.25538635253906 114.7565689086914 224.25538635253906
115.38724517822266 153.9440460205078 142.343168258667 153.9440460205078 142.343168258667 226.4708023071289 115.38724517822266 226.4708023071289
115.31019592285156 153.56234741210938 141.9623203277588 153.56234741210938 141.9623203277588 226.55139923095703 115.31019592285156 226.55139923095703
115.557861328125 155.829345703125 142.43906593322754 155.829345703125 142.43906593322754 225.58656311035156 115.557861328125 225.58656311035156
115.64485168457031 155.87033081054688 142.46747970581055 155.87033081054688 142.46747970581055 225.79621124267578 115.64485168457031 225.79621124267578
114.79899597167969 156.37686157226562 140.45099258422852 156.37686157226562 140.45099258422852 225.98894500732422 114.79899597167969 225.98894500732422
115.41032409667969 154.8964385986328 142.0775966644287 154.8964385986328 142.0775966644287 229.01139068603516 115.41032409667969 229.01139068603516
115.0670394897461 154.40084838867188 141.31487655639648 154.40084838867188 141.31487655639648 226.39939880371094 115.0670394897461 226.39939880371094
115.55078125 155.40626525878906 143.10940170288086 155.40626525878906 143.10940170288086 227.0936279296875 115.55078125 227.0936279296875
115.8614730834961 155.24594116210938 143.1826400756836 155.24594116210938 143.1826400756836 227.3348846435547 115.8614730834961 227.3348846435547
115.51649475097656 154.4321746826172 142.63572120666504 154.4321746826172 142.63572120666504 225.1394271850586 115.51649475097656 225.1394271850586
115.61260986328125 154.80557250976562 143.95282363891602 154.80557250976562 143.95282363891602 228.66535186767578 115.61260986328125 228.66535186767578
115.45246887207031 154.53677368164062 143.8240623474121 154.53677368164062 143.8240623474121 226.736328125 115.45246887207031 226.736328125
116.17298889160156 153.9730224609375 145.07626914978027 153.9730224609375 145.07626914978027 229.16343688964844 116.17298889160156 229.16343688964844
116.4621353149414 153.95091247558594 145.13152694702148 153.95091247558594 145.13152694702148 227.71249389648438 116.4621353149414 227.71249389648438
115.35577392578125 153.2976837158203 143.14784622192383 153.2976837158203 143.14784622192383 226.73699188232422 115.35577392578125 226.73699188232422
114.56390380859375 153.10400390625 141.99924278259277 153.10400390625 141.99924278259277 227.64549255371094 114.56390380859375 227.64549255371094
115.80452728271484 154.6764678955078 144.406888961792 154.6764678955078 144.406888961792 229.11193084716797 115.80452728271484 229.11193084716797
115.2876968383789 154.41371154785156 143.5918960571289 154.41371154785156 143.5918960571289 226.64015197753906 115.2876968383789 226.64015197753906
115.29312896728516 152.98243713378906 142.72043991088867 152.98243713378906 142.72043991088867 225.83113861083984 115.29312896728516 225.83113861083984
115.3355712890625 154.65463256835938 143.398681640625 154.65463256835938 143.398681640625 227.7143096923828 115.3355712890625 227.7143096923828
115.80158996582031 153.6522216796875 144.81056594848633 153.6522216796875 144.81056594848633 227.54444885253906 115.80158996582031 227.54444885253906
115.44207763671875 155.9662628173828 143.4370174407959 155.9662628173828 143.4370174407959 225.7252426147461 115.44207763671875 225.7252426147461
115.4292221069336 155.29806518554688 143.26318550109863 155.29806518554688 143.26318550109863 227.0005645751953 115.4292221069336 227.0005645751953
115.2190170288086 154.98411560058594 143.98528671264648 154.98411560058594 143.98528671264648 229.69473266601562 115.2190170288086 229.69473266601562
115.0742416381836 154.24691772460938 142.37031745910645 154.24691772460938 142.37031745910645 226.8743133544922 115.0742416381836 226.8743133544922
115.38435363769531 152.64891052246094 143.33449363708496 152.64891052246094 143.33449363708496 226.45853424072266 115.38435363769531 226.45853424072266
115.66947937011719 154.8214111328125 144.19892501831055 154.8214111328125 144.19892501831055 228.076171875 115.66947937011719 228.076171875
115.27354431152344 156.2104034423828 142.8061637878418 156.2104034423828 142.8061637878418 227.0462417602539 115.27354431152344 227.0462417602539
115.69447326660156 155.2049102783203 143.1426486968994 155.2049102783203 143.1426486968994 227.50714111328125 115.69447326660156 227.50714111328125
115.93338775634766 154.13414001464844 143.63541984558105 154.13414001464844 143.63541984558105 229.77875518798828 115.93338775634766 229.77875518798828
115.6441650390625 152.98410034179688 143.42605209350586 152.98410034179688 143.42605209350586 228.35350036621094 115.6441650390625 228.35350036621094
114.65541076660156 154.19985961914062 142.9437770843506 154.19985961914062 142.9437770843506 228.4470977783203 114.65541076660156 228.4470977783203
114.69584655761719 154.3434600830078 141.97494888305664 154.3434600830078 141.97494888305664 227.22677612304688 114.69584655761719 227.22677612304688
115.7129898071289 153.73370361328125 143.59930801391602 153.73370361328125 143.59930801391602 229.47582244873047 115.7129898071289 229.47582244873047
114.841796875 154.57235717773438 141.22983741760254 154.57235717773438 141.22983741760254 224.59432983398438 114.841796875 224.59432983398438
115.01325988769531 154.5655517578125 142.6044158935547 154.5655517578125 142.6044158935547 227.83583068847656 115.01325988769531 227.83583068847656
115.03596496582031 155.72640991210938 142.24636840820312 155.72640991210938 142.24636840820312 225.36028289794922 115.03596496582031 225.36028289794922
115.44486236572266 154.5829315185547 142.43867111206055 154.5829315185547 142.43867111206055 226.07107543945312 115.44486236572266 226.07107543945312
115.28627014160156 153.50442504882812 142.54280471801758 153.50442504882812 142.54280471801758 224.53685760498047 115.28627014160156 224.53685760498047
115.07804107666016 154.09292602539062 142.06477737426758 154.09292602539062 142.06477737426758 225.84056854248047 115.07804107666016 225.84056854248047
115.18731689453125 153.79837036132812 141.67341995239258 153.79837036132812 141.67341995239258 227.1123504638672 115.18731689453125 227.1123504638672
115.4961166381836 154.79739379882812 142.24394035339355 154.79739379882812 142.24394035339355 227.1536102294922 115.4961166381836 227.1536102294922
115.33609771728516 155.42193603515625 142.8307876586914 155.42193603515625 142.8307876586914 226.00401306152344 115.33609771728516 226.00401306152344
114.91835021972656 154.26002502441406 142.78893089294434 154.26002502441406 142.78893089294434 228.02752685546875 114.91835021972656 228.02752685546875
115.2624282836914 153.90338134765625 143.13834953308105 153.90338134765625 143.13834953308105 226.11656188964844 115.2624282836914 226.11656188964844
114.73018646240234 153.5213623046875 141.86408233642578 153.5213623046875 141.86408233642578 228.03355407714844 114.73018646240234 228.03355407714844
114.42100524902344 153.0996551513672 140.65410804748535 153.0996551513672 140.65410804748535 227.92217254638672 114.42100524902344 227.92217254638672
115.4811019897461 154.47610473632812 142.69965934753418 154.47610473632812 142.69965934753418 230.30277252197266 115.4811019897461 230.30277252197266
115.02561950683594 154.31591796875 143.6475830078125 154.31591796875 143.6475830078125 228.99591064453125 115.02561950683594 228.99591064453125
115.3707275390625 152.42684936523438 143.74692153930664 152.42684936523438 143.74692153930664 229.64656829833984 115.3707275390625 229.64656829833984
115.2230224609375 151.8017120361328 144.38888931274414 151.8017120361328 144.38888931274414 229.88543701171875 115.2230224609375 229.88543701171875
116.03141021728516 152.39512634277344 145.7257251739502 152.39512634277344 145.7257251739502 231.34632110595703 116.03141021728516 231.34632110595703
116.80291748046875 152.94384765625 145.23188400268555 152.94384765625 145.23188400268555 229.52532958984375 116.80291748046875 229.52532958984375
118.04325866699219 150.89529418945312 147.1287841796875 150.89529418945312 147.1287841796875 230.35108947753906 118.04325866699219 230.35108947753906
118.49293518066406 150.15005493164062 147.89046669006348 150.15005493164062 147.89046669006348 230.52684783935547 118.49293518066406 230.52684783935547
118.48185729980469 153.73590087890625 146.5997772216797 153.73590087890625 146.5997772216797 228.26271057128906 118.48185729980469 228.26271057128906
118.7310562133789 152.22927856445312 147.83714485168457 152.22927856445312 147.83714485168457 229.77545928955078 118.7310562133789 229.77545928955078
117.14041900634766 151.5472412109375 145.0187759399414 151.5472412109375 145.0187759399414 229.1977767944336 117.14041900634766 229.1977767944336
117.0567855834961 153.1587371826172 144.4633445739746 153.1587371826172 144.4633445739746 226.3009033203125 117.0567855834961 226.3009033203125
117.60343170166016 151.04348754882812 146.8454475402832 151.04348754882812 146.8454475402832 228.4409408569336 117.60343170166016 228.4409408569336
115.2735595703125 153.16006469726562 142.11680030822754 153.16006469726562 142.11680030822754 226.89209747314453 115.2735595703125 226.89209747314453
116.43342590332031 153.9178466796875 144.0786590576172 153.9178466796875 144.0786590576172 229.33087158203125 116.43342590332031 229.33087158203125
114.73465728759766 152.4654083251953 142.41904830932617 152.4654083251953 142.41904830932617 227.4074478149414 114.73465728759766 227.4074478149414
115.98543548583984 153.15347290039062 143.7141342163086 153.15347290039062 143.7141342163086 227.7682647705078 115.98543548583984 227.7682647705078
114.93306732177734 155.2335968017578 142.65327262878418 155.2335968017578 142.65327262878418 227.53475189208984 114.93306732177734 227.53475189208984
115.98050689697266 154.11106872558594 144.11747550964355 154.11106872558594 144.11747550964355 226.9012908935547 115.98050689697266 226.9012908935547
116.09700012207031 155.0489044189453 144.7221221923828 155.0489044189453 144.7221221923828 227.2362518310547 116.09700012207031 227.2362518310547
115.28192138671875 154.0642852783203 143.37063026428223 154.0642852783203 143.37063026428223 228.4775390625 115.28192138671875 228.4775390625
115.2140121459961 154.6279296875 142.01638412475586 154.6279296875 142.01638412475586 227.2166976928711 115.2140121459961 227.2166976928711
115.29338073730469 154.9587860107422 143.38344764709473 154.9587860107422 143.38344764709473 226.20083618164062 115.29338073730469 226.20083618164062
115.1287841796875 155.48989868164062 141.8078269958496 155.48989868164062 141.8078269958496 226.9979705810547 115.1287841796875 226.9979705810547
115.63395690917969 154.3495635986328 142.35349464416504 154.3495635986328 142.35349464416504 226.7652587890625 115.63395690917969 226.7652587890625
113.7667236328125 152.74720764160156 140.17114639282227 152.74720764160156 140.17114639282227 225.17516326904297 113.7667236328125 225.17516326904297
115.2312240600586 154.15956115722656 142.06187057495117 154.15956115722656 142.06187057495117 225.89163970947266 115.2312240600586 225.89163970947266
114.811279296875 154.95217895507812 141.69150733947754 154.95217895507812 141.69150733947754 225.7407989501953 114.811279296875 225.7407989501953
115.68675231933594 155.3878631591797 141.9913272857666 155.3878631591797 141.9913272857666 227.3500747680664 115.68675231933594 227.3500747680664
115.48482513427734 154.0835418701172 142.45030975341797 154.0835418701172 142.45030975341797 227.2284698486328 115.48482513427734 227.2284698486328
115.38907623291016 155.55947875976562 142.34720039367676 155.55947875976562 142.34720039367676 226.24445343017578 115.38907623291016 226.24445343017578
115.3270034790039 155.36875915527344 141.88114166259766 155.36875915527344 141.88114166259766 223.7978744506836 115.3270034790039 223.7978744506836
115.78797912597656 156.0987091064453 142.94774436950684 156.0987091064453 142.94774436950684 225.19464111328125 115.78797912597656 225.19464111328125
114.9047622680664 154.34461975097656 141.67229843139648 154.34461975097656 141.67229843139648 226.49655151367188 114.9047622680664 226.49655151367188
114.9999008178711 154.47496032714844 141.71553421020508 154.47496032714844 141.71553421020508 226.87298583984375 114.9999008178711 226.87298583984375
115.35836029052734 155.65997314453125 141.4914836883545 155.65997314453125 141.4914836883545 224.67710876464844 115.35836029052734 224.67710876464844
115.36457824707031 154.25723266601562 142.1047019958496 154.25723266601562 142.1047019958496 227.3622817993164 115.36457824707031 227.3622817993164
114.8382339477539 155.71566772460938 141.90241241455078 155.71566772460938 141.90241241455078 226.18618774414062 114.8382339477539 226.18618774414062
115.78560638427734 154.22647094726562 144.5897560119629 154.22647094726562 144.5897560119629 229.01636505126953 115.78560638427734 229.01636505126953
115.1279525756836 155.42543029785156 142.31135368347168 155.42543029785156 142.31135368347168 228.91439819335938 115.1279525756836 228.91439819335938
115.66233825683594 154.1986846923828 143.39822006225586 154.1986846923828 143.39822006225586 226.26300811767578 115.66233825683594 226.26300811767578
115.7652587890625 153.9331512451172 143.09580039978027 153.9331512451172 143.09580039978027 228.44773864746094 115.7652587890625 228.44773864746094
115.43305969238281 155.42823791503906 141.68628883361816 155.42823791503906 141.68628883361816 224.71241760253906 115.43305969238281 224.71241760253906
114.68617248535156 154.75367736816406 141.61423873901367 154.75367736816406 141.61423873901367 228.15216064453125 114.68617248535156 228.15216064453125
115.3979721069336 154.8920135498047 142.86364555358887 154.8920135498047 142.86364555358887 226.56910705566406 115.3979721069336 226.56910705566406
115.26054382324219 154.28805541992188 142.46800804138184 154.28805541992188 142.46800804138184 227.8832244873047 115.26054382324219 227.8832244873047
115.8084716796875 156.32009887695312 143.73416137695312 156.32009887695312 143.73416137695312 226.26709747314453 115.8084716796875 226.26709747314453
115.481689453125 154.00250244140625 142.8490104675293 154.00250244140625 142.8490104675293 226.8113555908203 115.481689453125 226.8113555908203
115.16849517822266 154.9864044189453 143.7088966369629 154.9864044189453 143.7088966369629 227.08312225341797 115.16849517822266 227.08312225341797
115.69068908691406 155.4039764404297 143.28247451782227 155.4039764404297 143.28247451782227 225.380126953125 115.69068908691406 225.380126953125
115.6026382446289 154.47543334960938 142.29798126220703 154.47543334960938 142.29798126220703 226.6286849975586 115.6026382446289 226.6286849975586
115.821044921875 153.93093872070312 142.7412624359131 153.93093872070312 142.7412624359131 226.7731704711914 115.821044921875 226.7731704711914
115.29264068603516 153.99078369140625 143.21562385559082 153.99078369140625 143.21562385559082 227.66871643066406 115.29264068603516 227.66871643066406
115.8721923828125 155.55703735351562 142.86810684204102 155.55703735351562 142.86810684204102 225.6987762451172 115.8721923828125 225.6987762451172
115.1310806274414 154.9205322265625 142.94791412353516 154.9205322265625 142.94791412353516 225.94596099853516 115.1310806274414 225.94596099853516
113.5193099975586 153.36294555664062 141.21113204956055 153.36294555664062 141.21113204956055 226.69037628173828 113.5193099975586 226.69037628173828
115.19490051269531 154.18887329101562 144.03221130371094 154.18887329101562 144.03221130371094 228.3325424194336 115.19490051269531 228.3325424194336
114.73023986816406 154.23329162597656 142.40474891662598 154.23329162597656 142.40474891662598 227.68909454345703 114.73023986816406 227.68909454345703
115.33015441894531 154.29090881347656 143.5093536376953 154.29090881347656 143.5093536376953 227.4178695678711 115.33015441894531 227.4178695678711
115.4124984741211 154.54403686523438 144.30191230773926 154.54403686523438 144.30191230773926 228.7185516357422 115.4124984741211 228.7185516357422
115.0162353515625 154.0766143798828 143.68019104003906 154.0766143798828 143.68019104003906 227.72811126708984 115.0162353515625 227.72811126708984
115.49861145019531 155.5253448486328 142.92362022399902 155.5253448486328 142.92362022399902 228.91354370117188 115.49861145019531 228.91354370117188
115.5835189819336 154.4852294921875 143.97863006591797 154.4852294921875 143.97863006591797 229.54991149902344 115.5835189819336 229.54991149902344
115.6430892944336 152.36766052246094 143.65280532836914 152.36766052246094 143.65280532836914 227.51215362548828 115.6430892944336 227.51215362548828
115.67919921875 154.18141174316406 142.8395652770996 154.18141174316406 142.8395652770996 228.1410903930664 115.67919921875 228.1410903930664
115.30699157714844 154.2674102783203 143.5600929260254 154.2674102783203 143.5600929260254 228.1365966796875 115.30699157714844 228.1365966796875
115.5340347290039 155.0779571533203 142.69174575805664 155.0779571533203 142.69174575805664 226.8516387939453 115.5340347290039 226.8516387939453
114.60469818115234 153.83682250976562 142.89837455749512 153.83682250976562 142.89837455749512 227.1490936279297 114.60469818115234 227.1490936279297
114.35933685302734 154.68710327148438 143.0566291809082 154.68710327148438 143.0566291809082 228.29603576660156 114.35933685302734 228.29603576660156
114.9712142944336 152.8759307861328 143.3204174041748 152.8759307861328 143.3204174041748 228.14190673828125 114.9712142944336 228.14190673828125
115.69160461425781 155.7382049560547 144.46714401245117 155.7382049560547 144.46714401245117 229.65170288085938 115.69160461425781 229.65170288085938
114.9545669555664 152.77284240722656 143.07596588134766 152.77284240722656 143.07596588134766 228.26901245117188 114.9545669555664 228.26901245117188
116.0306625366211 152.7841033935547 146.3447151184082 152.7841033935547 146.3447151184082 228.00982666015625 116.0306625366211 228.00982666015625
115.59883117675781 153.89759826660156 143.8960781097412 153.89759826660156 143.8960781097412 227.92416381835938 115.59883117675781 227.92416381835938
115.3228988647461 153.43832397460938 143.97499465942383 153.43832397460938 143.97499465942383 229.62936401367188 115.3228988647461 229.62936401367188
114.08154296875 153.35403442382812 142.60976028442383 153.35403442382812 142.60976028442383 229.7365264892578 114.08154296875 229.7365264892578
115.17913818359375 151.21035766601562 143.0199031829834 151.21035766601562 143.0199031829834 228.42803192138672 115.17913818359375 228.42803192138672
114.2832260131836 152.25979614257812 143.07810592651367 152.25979614257812 143.07810592651367 227.15296936035156 114.2832260131836 227.15296936035156
115.5321273803711 154.3002166748047 145.12478828430176 154.3002166748047 145.12478828430176 230.50253295898438 115.5321273803711 230.50253295898438
114.63456726074219 153.40725708007812 143.0988826751709 153.40725708007812 143.0988826751709 228.21080780029297 114.63456726074219 228.21080780029297
113.9381103515625 153.22543334960938 142.5883388519287 153.22543334960938 142.5883388519287 228.03338623046875 113.9381103515625 228.03338623046875
114.7380599975586 154.74374389648438 143.77442741394043 154.74374389648438 143.77442741394043 227.81122589111328 114.7380599975586 227.81122589111328
115.45804595947266 155.10952758789062 144.20979690551758 155.10952758789062 144.20979690551758 227.35877990722656 115.45804595947266 227.35877990722656
115.22330474853516 153.83193969726562 144.49201583862305 153.83193969726562 144.49201583862305 228.4519805908203 115.22330474853516 228.4519805908203
115.07002258300781 153.264892578125 143.81785011291504 153.264892578125 143.81785011291504 227.01205444335938 115.07002258300781 227.01205444335938
115.49691009521484 152.8568115234375 144.9768238067627 152.8568115234375 144.9768238067627 229.7943115234375 115.49691009521484 229.7943115234375
115.19511413574219 152.44444274902344 144.19936561584473 152.44444274902344 144.19936561584473 228.83007049560547 115.19511413574219 228.83007049560547
114.75971984863281 153.87466430664062 143.8032627105713 153.87466430664062 143.8032627105713 228.41615295410156 114.75971984863281 228.41615295410156
113.81901550292969 153.16099548339844 142.68622970581055 153.16099548339844 142.68622970581055 228.12841796875 113.81901550292969 228.12841796875
113.3426742553711 154.35336303710938 144.92253494262695 154.35336303710938 144.92253494262695 228.81328582763672 113.3426742553711 228.81328582763672
112.522705078125 154.41372680664062 144.18983840942383 154.41372680664062 144.18983840942383 229.97406005859375 112.522705078125 229.97406005859375
113.54313659667969 153.54519653320312 144.6934108734131 153.54519653320312 144.6934108734131 226.8032455444336 113.54313659667969 226.8032455444336
112.6695327758789 152.510498046875 144.14136505126953 152.510498046875 144.14136505126953 226.61314392089844 112.6695327758789 226.61314392089844
113.4305648803711 153.7252655029297 145.8569793701172 153.7252655029297 145.8569793701172 230.25790405273438 113.4305648803711 230.25790405273438
114.23775482177734 152.5089874267578 145.92444038391113 152.5089874267578 145.92444038391113 229.6759262084961 114.23775482177734 229.6759262084961
115.15811920166016 154.32711791992188 146.1949291229248 154.32711791992188 146.1949291229248 228.56991577148438 115.15811920166016 228.56991577148438
115.9546127319336 153.63986206054688 142.96335983276367 153.63986206054688 142.96335983276367 225.7545623779297 115.9546127319336 225.7545623779297
115.88421630859375 152.0349884033203 143.44883346557617 152.0349884033203 143.44883346557617 227.79058074951172 115.88421630859375 227.79058074951172
116.14786529541016 151.7282257080078 143.22878646850586 151.7282257080078 143.22878646850586 225.92862701416016 116.14786529541016 225.92862701416016
113.58553314208984 152.9134979248047 140.5390338897705 152.9134979248047 140.5390338897705 226.99860382080078 113.58553314208984 226.99860382080078
115.7432861328125 154.93235778808594 143.02649879455566 154.93235778808594 143.02649879455566 227.95310974121094 115.7432861328125 227.95310974121094
114.03653717041016 153.75880432128906 141.8148365020752 153.75880432128906 141.8148365020752 227.55081176757812 114.03653717041016 227.55081176757812
113.9925765991211 152.6798553466797 142.29817962646484 152.6798553466797 142.29817962646484 230.0700912475586 113.9925765991211 230.0700912475586
113.90645599365234 150.34329223632812 142.14421844482422 150.34329223632812 142.14421844482422 227.9037322998047 113.90645599365234 227.9037322998047
113.06131744384766 152.72409057617188 141.6306266784668 152.72409057617188 141.6306266784668 227.60689544677734 113.06131744384766 227.60689544677734
114.11405944824219 153.1199493408203 143.51950454711914 153.1199493408203 143.51950454711914 228.7315444946289 114.11405944824219 228.7315444946289
115.12322998046875 152.17984008789062 143.0745792388916 152.17984008789062 143.0745792388916 229.13528442382812 115.12322998046875 229.13528442382812
114.22159576416016 152.74598693847656 142.34346389770508 152.74598693847656 142.34346389770508 228.57260131835938 114.22159576416016 228.57260131835938
114.289306640625 152.62442016601562 144.2493896484375 152.62442016601562 144.2493896484375 228.97888946533203 114.289306640625 228.97888946533203
113.40618896484375 152.53773498535156 142.4270362854004 152.53773498535156 142.4270362854004 229.63583374023438 113.40618896484375 229.63583374023438
115.02931213378906 151.82177734375 144.2216033935547 151.82177734375 144.2216033935547 230.9700469970703 115.02931213378906 230.9700469970703
115.0831298828125 153.732666015625 144.35214233398438 153.732666015625 144.35214233398438 232.0569305419922 115.0831298828125 232.0569305419922
114.40937805175781 153.02957153320312 144.23550415039062 153.02957153320312 144.23550415039062 230.2976837158203 114.40937805175781 230.2976837158203
114.3690185546875 152.83474731445312 142.9493522644043 152.83474731445312 142.9493522644043 228.71987915039062 114.3690185546875 228.71987915039062
115.7334976196289 151.3902587890625 145.29662322998047 151.3902587890625 145.29662322998047 232.21873474121094 115.7334976196289 232.21873474121094
115.25089263916016 154.52719116210938 144.06297492980957 154.52719116210938 144.06297492980957 227.7505340576172 115.25089263916016 227.7505340576172
115.1283950805664 152.6656036376953 144.49242973327637 152.6656036376953 144.49242973327637 231.28270721435547 115.1283950805664 231.28270721435547
113.05670166015625 151.8041534423828 142.00466537475586 151.8041534423828 142.00466537475586 229.5088348388672 113.05670166015625 229.5088348388672
114.0557861328125 150.30894470214844 143.61691856384277 150.30894470214844 143.61691856384277 229.7165985107422 114.0557861328125 229.7165985107422
114.4856948852539 153.2491912841797 145.02815055847168 153.2491912841797 145.02815055847168 231.21649169921875 114.4856948852539 231.21649169921875
114.2689208984375 152.0662078857422 144.02780532836914 152.0662078857422 144.02780532836914 227.8807830810547 114.2689208984375 227.8807830810547
114.6100082397461 151.63107299804688 144.46500968933105 151.63107299804688 144.46500968933105 227.56663513183594 114.6100082397461 227.56663513183594
114.70176696777344 153.13623046875 143.76087951660156 153.13623046875 143.76087951660156 228.1797866821289 114.70176696777344 228.1797866821289
115.511962890625 153.44847106933594 144.55819129943848 153.44847106933594 144.55819129943848 230.32286071777344 115.511962890625 230.32286071777344
113.7632827758789 151.77041625976562 143.1417121887207 151.77041625976562 143.1417121887207 229.47489166259766 113.7632827758789 229.47489166259766
113.33338928222656 151.96890258789062 142.87961769104004 151.96890258789062 142.87961769104004 230.1400909423828 113.33338928222656 230.1400909423828
114.24089050292969 151.01937866210938 143.59027481079102 151.01937866210938 143.59027481079102 230.59349822998047 114.24089050292969 230.59349822998047
115.2315444946289 151.6912841796875 144.74955558776855 151.6912841796875 144.74955558776855 230.35977935791016 115.2315444946289 230.35977935791016
114.08488464355469 151.1998748779297 143.62125205993652 151.1998748779297 143.62125205993652 229.68384552001953 114.08488464355469 229.68384552001953
114.43565368652344 152.9342498779297 143.80629920959473 152.9342498779297 143.80629920959473 228.6859359741211 114.43565368652344 228.6859359741211
114.98333740234375 153.56027221679688 144.15029525756836 153.56027221679688 144.15029525756836 230.00080108642578 114.98333740234375 230.00080108642578
114.4241943359375 150.68972778320312 143.82582664489746 150.68972778320312 143.82582664489746 227.98802947998047 114.4241943359375 227.98802947998047
115.58665466308594 152.60777282714844 145.3850212097168 152.60777282714844 145.3850212097168 229.78534698486328 115.58665466308594 229.78534698486328
115.18309020996094 153.81747436523438 143.9421329498291 153.81747436523438 143.9421329498291 230.7555160522461 115.18309020996094 230.7555160522461
114.41459655761719 154.61862182617188 142.93060684204102 154.61862182617188 142.93060684204102 227.11537170410156 114.41459655761719 227.11537170410156
114.08091735839844 151.6252899169922 142.19207382202148 151.6252899169922 142.19207382202148 228.87503814697266 114.08091735839844 228.87503814697266
113.75 152.77639770507812 141.8450164794922 152.77639770507812 141.8450164794922 228.1947021484375 113.75 228.1947021484375
115.30766296386719 153.5863494873047 143.19171714782715 153.5863494873047 143.19171714782715 228.54357147216797 115.30766296386719 228.54357147216797
114.5442886352539 153.5188751220703 143.09965324401855 153.5188751220703 143.09965324401855 228.27155303955078 114.5442886352539 228.27155303955078
114.07514953613281 152.95639038085938 142.18081283569336 152.95639038085938 142.18081283569336 228.72654724121094 114.07514953613281 228.72654724121094
115.34246826171875 151.8370361328125 143.21323585510254 151.8370361328125 143.21323585510254 228.11087036132812 115.34246826171875 228.11087036132812
115.16947937011719 152.05462646484375 144.4169216156006 152.05462646484375 144.4169216156006 229.3221893310547 115.16947937011719 229.3221893310547
116.20533752441406 154.03890991210938 144.4421329498291 154.03890991210938 144.4421329498291 229.12317657470703 116.20533752441406 229.12317657470703
115.43110656738281 154.51051330566406 143.99856567382812 154.51051330566406 143.99856567382812 228.0745391845703 115.43110656738281 228.0745391845703
114.70082092285156 152.40927124023438 143.57014083862305 152.40927124023438 143.57014083862305 230.56861877441406 114.70082092285156 230.56861877441406
115.08683013916016 153.05892944335938 143.81518745422363 153.05892944335938 143.81518745422363 229.06263732910156 115.08683013916016 229.06263732910156
115.86579895019531 154.32040405273438 143.84284019470215 154.32040405273438 143.84284019470215 229.19984436035156 115.86579895019531 229.19984436035156
115.72499084472656 153.8895721435547 145.52287673950195 153.8895721435547 145.52287673950195 229.5708465576172 115.72499084472656 229.5708465576172
114.5162582397461 153.24050903320312 143.7129020690918 153.24050903320312 143.7129020690918 228.98303985595703 114.5162582397461 228.98303985595703
115.6720199584961 153.8743133544922 143.7437572479248 153.8743133544922 143.7437572479248 229.35834503173828 115.6720199584961 229.35834503173828
113.75575256347656 152.3841552734375 142.00110816955566 152.3841552734375 142.00110816955566 228.1991729736328 113.75575256347656 228.1991729736328
114.95169830322266 154.07659912109375 142.7296257019043 154.07659912109375 142.7296257019043 228.04127502441406 114.95169830322266 228.04127502441406
114.52033996582031 154.28860473632812 142.31878089904785 154.28860473632812 142.31878089904785 226.88290405273438 114.52033996582031 226.88290405273438
113.8679428100586 154.3087921142578 141.25154495239258 154.3087921142578 141.25154495239258 226.18072509765625 113.8679428100586 226.18072509765625
114.35894775390625 153.78945922851562 142.5640811920166 153.78945922851562 142.5640811920166 227.12329864501953 114.35894775390625 227.12329864501953
115.22105407714844 153.66505432128906 142.6766242980957 153.66505432128906 142.6766242980957 225.34807586669922 115.22105407714844 225.34807586669922
114.8401107788086 153.59420776367188 143.0388298034668 153.59420776367188 143.0388298034668 228.86426544189453 114.8401107788086 228.86426544189453
115.3425064086914 154.72854614257812 144.13763236999512 154.72854614257812 144.13763236999512 227.43995666503906 115.3425064086914 227.43995666503906
114.9908447265625 154.69198608398438 143.0920925140381 154.69198608398438 143.0920925140381 228.51024627685547 114.9908447265625 228.51024627685547
113.72169494628906 153.14678955078125 142.16685485839844 153.14678955078125 142.16685485839844 227.2606658935547 113.72169494628906 227.2606658935547
115.13667297363281 153.3354034423828 142.7727451324463 153.3354034423828 142.7727451324463 229.00902557373047 115.13667297363281 229.00902557373047
114.7448959350586 153.166748046875 142.16057205200195 153.166748046875 142.16057205200195 226.24293518066406 114.7448959350586 226.24293518066406
114.5868911743164 152.9718017578125 141.75360870361328 152.9718017578125 141.75360870361328 226.67321014404297 114.5868911743164 226.67321014404297
115.60719299316406 154.1416778564453 142.9489860534668 154.1416778564453 142.9489860534668 227.86441040039062 115.60719299316406 227.86441040039062
115.1343994140625 155.23190307617188 141.39108657836914 155.23190307617188 141.39108657836914 224.92127990722656 115.1343994140625 224.92127990722656
114.65565490722656 154.12962341308594 141.7505702972412 154.12962341308594 141.7505702972412 227.36669921875 114.65565490722656 227.36669921875
114.98004150390625 156.12832641601562 141.16267776489258 156.12832641601562 141.16267776489258 226.49474334716797 114.98004150390625 226.49474334716797
114.66093444824219 154.96449279785156 141.80330848693848 154.96449279785156 141.80330848693848 226.94507598876953 114.66093444824219 226.94507598876953
115.21131896972656 153.4266815185547 141.72744369506836 153.4266815185547 141.72744369506836 225.3354721069336 115.21131896972656 225.3354721069336
114.86421966552734 156.36709594726562 142.1628131866455 156.36709594726562 142.1628131866455 225.29993438720703 114.86421966552734 225.29993438720703
115.54903411865234 155.5066680908203 143.96663093566895 155.5066680908203 143.96663093566895 226.57860565185547 115.54903411865234 226.57860565185547
114.63899993896484 152.7172393798828 142.01299858093262 152.7172393798828 142.01299858093262 228.17263793945312 114.63899993896484 228.17263793945312
114.87696838378906 155.2355499267578 141.9133358001709 155.2355499267578 141.9133358001709 224.97814178466797 114.87696838378906 224.97814178466797
115.38270568847656 153.21548461914062 142.1212615966797 153.21548461914062 142.1212615966797 225.7215347290039 115.38270568847656 225.7215347290039
114.49849700927734 154.59747314453125 142.23396110534668 154.59747314453125 142.23396110534668 226.2144546508789 114.49849700927734 226.2144546508789
115.49562072753906 153.0041046142578 143.26870346069336 153.0041046142578 143.26870346069336 228.68816375732422 115.49562072753906 228.68816375732422
114.6285171508789 155.3372039794922 141.3912582397461 155.3372039794922 141.3912582397461 225.9532699584961 114.6285171508789 225.9532699584961
114.2095718383789 154.39065551757812 141.64154815673828 154.39065551757812 141.64154815673828 226.35731506347656 114.2095718383789 226.35731506347656
114.57136535644531 153.83877563476562 142.48183250427246 153.83877563476562 142.48183250427246 227.07762908935547 114.57136535644531 227.07762908935547
115.26541900634766 154.59210205078125 143.70019340515137 154.59210205078125 143.70019340515137 228.98533630371094 115.26541900634766 228.98533630371094
115.556640625 155.2467041015625 143.4287986755371 155.2467041015625 143.4287986755371 227.4182357788086 115.556640625 227.4182357788086
114.46346282958984 153.15176391601562 141.46423721313477 153.15176391601562 141.46423721313477 227.79979705810547 114.46346282958984 227.79979705810547
114.76945495605469 153.57577514648438 142.17951011657715 153.57577514648438 142.17951011657715 226.89324188232422 114.76945495605469 226.89324188232422
114.4556884765625 156.11691284179688 142.97207260131836 156.11691284179688 142.97207260131836 226.7239227294922 114.4556884765625 226.7239227294922
114.1142807006836 155.06463623046875 141.47724151611328 155.06463623046875 141.47724151611328 227.3307342529297 114.1142807006836 227.3307342529297
113.8720474243164 154.97634887695312 140.2745532989502 154.97634887695312 140.2745532989502 227.09835815429688 113.8720474243164 227.09835815429688
115.0850830078125 151.01602172851562 142.58173751831055 151.01602172851562 142.58173751831055 227.65282440185547 115.0850830078125 227.65282440185547
115.06358337402344 155.67520141601562 143.01491737365723 155.67520141601562 143.01491737365723 225.9520034790039 115.06358337402344 225.9520034790039
115.50301361083984 154.5370635986328 142.84088897705078 154.5370635986328 142.84088897705078 226.51199340820312 115.50301361083984 226.51199340820312
113.6038589477539 155.24783325195312 140.36440658569336 155.24783325195312 140.36440658569336 225.8585662841797 113.6038589477539 225.8585662841797
116.3475570678711 153.40447998046875 143.7553939819336 153.40447998046875 143.7553939819336 227.65475463867188 116.3475570678711 227.65475463867188
115.26390075683594 154.80294799804688 142.95713806152344 154.80294799804688 142.95713806152344 227.06378936767578 115.26390075683594 227.06378936767578
114.99603271484375 154.94540405273438 141.51479721069336 154.94540405273438 141.51479721069336 226.79530334472656 114.99603271484375 226.79530334472656
114.82188415527344 153.4837646484375 142.25465965270996 153.4837646484375 142.25465965270996 226.47850036621094 114.82188415527344 226.47850036621094
113.8177719116211 153.03451538085938 141.05674362182617 153.03451538085938 141.05674362182617 226.04029846191406 113.8177719116211 226.04029846191406
114.954345703125 153.17007446289062 142.63401412963867 153.17007446289062 142.63401412963867 226.51152801513672 114.954345703125 226.51152801513672
113.2689437866211 153.5439453125 141.11979866027832 153.5439453125 141.11979866027832 225.4515151977539 113.2689437866211 225.4515151977539
114.70086669921875 154.1633758544922 143.40688514709473 154.1633758544922 143.40688514709473 227.1202392578125 114.70086669921875 227.1202392578125
114.7202377319336 154.7530517578125 142.6808910369873 154.7530517578125 142.6808910369873 229.16544342041016 114.7202377319336 229.16544342041016
113.44642639160156 152.55906677246094 141.06257247924805 152.55906677246094 141.06257247924805 226.55819702148438 113.44642639160156 226.55819702148438
114.41419982910156 152.7539520263672 142.4948844909668 152.7539520263672 142.4948844909668 226.80428314208984 114.41419982910156 226.80428314208984
115.83941650390625 154.44635009765625 143.21360397338867 154.44635009765625 143.21360397338867 227.58747100830078 115.83941650390625 227.58747100830078
114.28193664550781 154.13333129882812 142.0237636566162 154.13333129882812 142.0237636566162 228.17632293701172 114.28193664550781 228.17632293701172
114.9242935180664 155.6464385986328 142.36406707763672 155.6464385986328 142.36406707763672 227.2358627319336 114.9242935180664 227.2358627319336
113.5643310546875 153.23934936523438 140.72396850585938 153.23934936523438 140.72396850585938 226.3941879272461 113.5643310546875 226.3941879272461
113.6521224975586 151.8252410888672 141.07427215576172 151.8252410888672 141.07427215576172 227.20355987548828 113.6521224975586 227.20355987548828
114.39896392822266 153.18621826171875 141.879732131958 153.18621826171875 141.879732131958 227.33364868164062 114.39896392822266 227.33364868164062
115.17240905761719 154.37655639648438 143.38665390014648 154.37655639648438 143.38665390014648 226.95152282714844 115.17240905761719 226.95152282714844
113.22330474853516 153.03518676757812 141.24493789672852 153.03518676757812 141.24493789672852 227.87532806396484 113.22330474853516 227.87532806396484
115.2078857421875 154.05264282226562 143.63163375854492 154.05264282226562 143.63163375854492 228.3655242919922 115.2078857421875 228.3655242919922
114.52204895019531 155.17141723632812 143.18642807006836 155.17141723632812 143.18642807006836 226.99614715576172 114.52204895019531 226.99614715576172
115.35919189453125 154.02565002441406 144.37801551818848 154.02565002441406 144.37801551818848 228.69850158691406 115.35919189453125 228.69850158691406
114.72476959228516 153.69287109375 143.15629959106445 153.69287109375 143.15629959106445 227.83180236816406 114.72476959228516 227.83180236816406
114.97538757324219 152.8339385986328 142.89265823364258 152.8339385986328 142.89265823364258 227.61969757080078 114.97538757324219 227.61969757080078
115.08024597167969 153.8506317138672 142.85033798217773 153.8506317138672 142.85033798217773 227.59229278564453 115.08024597167969 227.59229278564453
114.9664535522461 154.82737731933594 142.59996795654297 154.82737731933594 142.59996795654297 226.65093994140625 114.9664535522461 226.65093994140625
115.63871002197266 152.92776489257812 143.42456817626953 152.92776489257812 143.42456817626953 228.81916046142578 115.63871002197266 228.81916046142578
114.34422302246094 153.9001007080078 142.73721885681152 153.9001007080078 142.73721885681152 226.8387222290039 114.34422302246094 226.8387222290039
114.6629638671875 152.58895874023438 143.0249080657959 152.58895874023438 143.0249080657959 227.6448516845703 114.6629638671875 227.6448516845703
115.53409576416016 153.94503784179688 142.49720001220703 153.94503784179688 142.49720001220703 227.05735778808594 115.53409576416016 227.05735778808594
115.59686279296875 154.8502197265625 143.8533115386963 154.8502197265625 143.8533115386963 226.03968048095703 115.59686279296875 226.03968048095703
116.66648864746094 154.3242950439453 146.38794326782227 154.3242950439453 146.38794326782227 230.44396209716797 116.66648864746094 230.44396209716797
112.25533294677734 152.42105102539062 140.4388542175293 152.42105102539062 140.4388542175293 229.17729949951172 112.25533294677734 229.17729949951172
115.54720306396484 154.07644653320312 143.57104682922363 154.07644653320312 143.57104682922363 227.85520935058594 115.54720306396484 227.85520935058594
114.6737289428711 152.4305419921875 142.52763557434082 152.4305419921875 142.52763557434082 228.46001434326172 114.6737289428711 228.46001434326172
113.7336196899414 153.02755737304688 142.25505828857422 153.02755737304688 142.25505828857422 228.64602661132812 113.7336196899414 228.64602661132812
112.94139099121094 152.63186645507812 141.58787536621094 152.63186645507812 141.58787536621094 227.82786560058594 112.94139099121094 227.82786560058594
116.12892150878906 152.16464233398438 145.27459335327148 152.16464233398438 145.27459335327148 229.42930603027344 116.12892150878906 229.42930603027344
115.32649993896484 154.37588500976562 144.72424697875977 154.37588500976562 144.72424697875977 229.29515075683594 115.32649993896484 229.29515075683594
113.57978820800781 151.1749725341797 142.75121116638184 151.1749725341797 142.75121116638184 229.63763427734375 113.57978820800781 229.63763427734375
114.35343170166016 150.57484436035156 144.0539894104004 150.57484436035156 144.0539894104004 230.21502685546875 114.35343170166016 230.21502685546875
114.67476654052734 151.87307739257812 143.79476737976074 151.87307739257812 143.79476737976074 228.29370880126953 114.67476654052734 228.29370880126953
114.98310852050781 154.5216522216797 143.5177345275879 154.5216522216797 143.5177345275879 228.9827117919922 114.98310852050781 228.9827117919922
115.292724609375 153.646728515625 143.8433837890625 153.646728515625 143.8433837890625 228.90896606445312 115.292724609375 228.90896606445312
115.27848052978516 153.04409790039062 143.1660270690918 153.04409790039062 143.1660270690918 226.9967498779297 115.27848052978516 226.9967498779297
114.6468276977539 154.4345245361328 142.6707878112793 154.4345245361328 142.6707878112793 227.77428436279297 114.6468276977539 227.77428436279297
115.2384262084961 152.69845581054688 143.04734992980957 152.69845581054688 143.04734992980957 229.56206512451172 115.2384262084961 229.56206512451172
114.54246520996094 154.32492065429688 142.7230339050293 154.32492065429688 142.7230339050293 228.8794403076172 114.54246520996094 228.8794403076172
115.1826400756836 155.84117126464844 143.29742050170898 155.84117126464844 143.29742050170898 228.1408920288086 115.1826400756836 228.1408920288086
115.3756103515625 153.293212890625 144.04067993164062 153.293212890625 144.04067993164062 229.29360961914062 115.3756103515625 229.29360961914062
113.68244934082031 153.97923278808594 140.90027236938477 153.97923278808594 140.90027236938477 228.23834228515625 113.68244934082031 228.23834228515625
113.8198013305664 153.30990600585938 141.74220657348633 153.30990600585938 141.74220657348633 226.98363494873047 113.8198013305664 226.98363494873047
114.13101959228516 153.8202362060547 141.56852340698242 153.8202362060547 141.56852340698242 227.93460083007812 114.13101959228516 227.93460083007812
112.96417236328125 152.99334716796875 140.2819366455078 152.99334716796875 140.2819366455078 225.60968780517578 112.96417236328125 225.60968780517578
115.06126403808594 152.20156860351562 143.63297080993652 152.20156860351562 143.63297080993652 228.06825256347656 115.06126403808594 228.06825256347656
113.8984603881836 152.9884796142578 141.3406639099121 152.9884796142578 141.3406639099121 226.9174575805664 113.8984603881836 226.9174575805664
114.36201477050781 155.54598999023438 141.4402618408203 155.54598999023438 141.4402618408203 225.7570343017578 114.36201477050781 225.7570343017578
114.65303802490234 154.19775390625 142.3834457397461 154.19775390625 142.3834457397461 227.73948669433594 114.65303802490234 227.73948669433594
114.26274108886719 152.8955078125 141.26416015625 152.8955078125 141.26416015625 226.6885223388672 114.26274108886719 226.6885223388672
114.57624816894531 153.86703491210938 141.71765518188477 153.86703491210938 141.71765518188477 226.96774291992188 114.57624816894531 226.96774291992188
115.74505615234375 153.3760986328125 144.46954917907715 153.3760986328125 144.46954917907715 227.53469848632812 115.74505615234375 227.53469848632812
115.17330169677734 152.28585815429688 142.62981796264648 152.28585815429688 142.62981796264648 229.83140563964844 115.17330169677734 229.83140563964844
113.81645202636719 153.5271453857422 142.61709594726562 153.5271453857422 142.61709594726562 228.92608642578125 113.81645202636719 228.92608642578125
113.6085433959961 150.10440063476562 142.81217193603516 150.10440063476562 142.81217193603516 227.8284149169922 113.6085433959961 227.8284149169922
113.81507873535156 152.71368408203125 142.68756675720215 152.71368408203125 142.68756675720215 228.35263061523438 113.81507873535156 228.35263061523438
114.53369140625 154.00711059570312 142.2992286682129 154.00711059570312 142.2992286682129 227.02609252929688 114.53369140625 227.02609252929688
114.7203598022461 153.71713256835938 142.99673652648926 153.71713256835938 142.99673652648926 226.9629898071289 114.7203598022461 226.9629898071289
111.73759460449219 152.09475708007812 139.92282485961914 152.09475708007812 139.92282485961914 225.93943786621094 111.73759460449219 225.93943786621094
113.0854721069336 152.5900421142578 141.73611640930176 152.5900421142578 141.73611640930176 228.98333740234375 113.0854721069336 228.98333740234375
113.70677185058594 153.28660583496094 142.8164119720459 153.28660583496094 142.8164119720459 229.9139862060547 113.70677185058594 229.9139862060547
114.73771667480469 151.92178344726562 143.5735321044922 151.92178344726562 143.5735321044922 228.5319366455078 114.73771667480469 228.5319366455078
114.34232330322266 152.95452880859375 142.73997116088867 152.95452880859375 142.73997116088867 228.20758056640625 114.34232330322266 228.20758056640625
114.8606185913086 152.94760131835938 143.5135383605957 152.94760131835938 143.5135383605957 227.90017700195312 114.8606185913086 227.90017700195312
114.3541488647461 153.34555053710938 142.89692878723145 153.34555053710938 142.89692878723145 228.4961395263672 114.3541488647461 228.4961395263672
113.32276916503906 151.37509155273438 141.46787071228027 151.37509155273438 141.46787071228027 230.29644012451172 113.32276916503906 230.29644012451172
114.6879653930664 152.220458984375 144.17828750610352 152.220458984375 144.17828750610352 229.08385467529297 114.6879653930664 229.08385467529297
114.45219421386719 151.99557495117188 142.7567539215088 151.99557495117188 142.7567539215088 229.7355194091797 114.45219421386719 229.7355194091797
113.60284423828125 152.4138641357422 142.43371200561523 152.4138641357422 142.43371200561523 227.07386779785156 113.60284423828125 227.07386779785156
113.7094955444336 152.91058349609375 142.1726245880127 152.91058349609375 142.1726245880127 227.42501068115234 113.7094955444336 227.42501068115234
114.6980972290039 152.74644470214844 142.26445770263672 152.74644470214844 142.26445770263672 227.75670623779297 114.6980972290039 227.75670623779297
114.25962829589844 152.156005859375 142.70901489257812 152.156005859375 142.70901489257812 228.00139617919922 114.25962829589844 228.00139617919922
115.56573486328125 152.36587524414062 144.03702926635742 152.36587524414062 144.03702926635742 227.83155822753906 115.56573486328125 227.83155822753906
111.92387390136719 152.26585388183594 140.83456802368164 152.26585388183594 140.83456802368164 226.68777465820312 111.92387390136719 226.68777465820312
113.8416748046875 152.039306640625 143.32949829101562 152.039306640625 143.32949829101562 229.8701171875 113.8416748046875 229.8701171875
113.41987609863281 150.59564208984375 141.84805870056152 150.59564208984375 141.84805870056152 227.25543975830078 113.41987609863281 227.25543975830078
114.4273452758789 153.7289276123047 143.76465225219727 153.7289276123047 143.76465225219727 228.87750244140625 114.4273452758789 228.87750244140625
114.2144546508789 151.59864807128906 143.11640739440918 151.59864807128906 143.11640739440918 228.55032348632812 114.2144546508789 228.55032348632812
112.90556335449219 151.2599639892578 141.79687881469727 151.2599639892578 141.79687881469727 228.41744995117188 112.90556335449219 228.41744995117188
114.62667083740234 152.9929656982422 143.06279373168945 152.9929656982422 143.06279373168945 229.39691162109375 114.62667083740234 229.39691162109375
113.88897705078125 153.15850830078125 142.88782119750977 153.15850830078125 142.88782119750977 229.8269271850586 113.88897705078125 229.8269271850586
115.1546401977539 152.99197387695312 143.70503044128418 152.99197387695312 143.70503044128418 228.46815490722656 115.1546401977539 228.46815490722656
114.18534088134766 152.53807067871094 143.1436939239502 152.53807067871094 143.1436939239502 228.1419677734375 114.18534088134766 228.1419677734375
114.91023254394531 154.17877197265625 143.18814659118652 154.17877197265625 143.18814659118652 227.57394409179688 114.91023254394531 227.57394409179688
113.94073486328125 154.1448974609375 141.66653060913086 154.1448974609375 141.66653060913086 229.0154571533203 113.94073486328125 229.0154571533203
114.55024719238281 154.3333740234375 142.21936988830566 154.3333740234375 142.21936988830566 227.2091827392578 114.55024719238281 227.2091827392578
112.9859390258789 152.28195190429688 139.93657112121582 152.28195190429688 139.93657112121582 224.6294403076172 112.9859390258789 224.6294403076172
113.24974060058594 155.03054809570312 140.38852310180664 155.03054809570312 140.38852310180664 225.42340087890625 113.24974060058594 225.42340087890625
114.31583404541016 153.68936157226562 141.80089950561523 153.68936157226562 141.80089950561523 228.02957153320312 114.31583404541016 228.02957153320312
113.93941497802734 153.8660430908203 140.4914722442627 153.8660430908203 140.4914722442627 227.44747924804688 113.93941497802734 227.44747924804688
114.75374603271484 152.59994506835938 141.60118865966797 152.59994506835938 141.60118865966797 226.36587524414062 114.75374603271484 226.36587524414062
112.9881591796875 153.12770080566406 139.53281593322754 153.12770080566406 139.53281593322754 225.45108032226562 112.9881591796875 225.45108032226562
114.7701187133789 153.41000366210938 141.54669380187988 153.41000366210938 141.54669380187988 225.0403823852539 114.7701187133789 225.0403823852539
114.78010559082031 154.09385681152344 141.45009803771973 154.09385681152344 141.45009803771973 226.87963104248047 114.78010559082031 226.87963104248047
114.3701400756836 153.5417938232422 141.66699981689453 153.5417938232422 141.66699981689453 226.23062133789062 114.3701400756836 226.23062133789062
115.36180114746094 154.28964233398438 142.5278434753418 154.28964233398438 142.5278434753418 227.6494598388672 115.36180114746094 227.6494598388672
114.62165832519531 154.92062377929688 141.69215774536133 154.92062377929688 141.69215774536133 226.13040924072266 114.62165832519531 226.13040924072266
113.69609069824219 153.53933715820312 140.60220336914062 153.53933715820312 140.60220336914062 227.32444763183594 113.69609069824219 227.32444763183594
114.5791244506836 154.58328247070312 141.480619430542 154.58328247070312 141.480619430542 227.3788070678711 114.5791244506836 227.3788070678711
113.6751937866211 153.28244018554688 141.11843490600586 153.28244018554688 141.11843490600586 226.1763153076172 113.6751937866211 226.1763153076172
115.2101058959961 154.01168823242188 142.16370010375977 154.01168823242188 142.16370010375977 228.17145538330078 115.2101058959961 228.17145538330078
113.39094543457031 152.92176818847656 141.2202968597412 152.92176818847656 141.2202968597412 227.4778060913086 113.39094543457031 227.4778060913086
114.8367919921875 152.99850463867188 143.99997329711914 152.99850463867188 143.99997329711914 228.65975952148438 114.8367919921875 228.65975952148438
113.95530700683594 154.9831085205078 141.16488647460938 154.9831085205078 141.16488647460938 226.17046356201172 113.95530700683594 226.17046356201172
114.60538482666016 151.56253051757812 141.41368865966797 151.56253051757812 141.41368865966797 226.60191345214844 114.60538482666016 226.60191345214844
114.274658203125 153.35360717773438 141.31021118164062 153.35360717773438 141.31021118164062 227.35387420654297 114.274658203125 227.35387420654297
113.5634765625 153.36175537109375 140.8175926208496 153.36175537109375 140.8175926208496 225.35545349121094 113.5634765625 225.35545349121094
114.90765380859375 154.03384399414062 142.05020141601562 154.03384399414062 142.05020141601562 227.66668701171875 114.90765380859375 227.66668701171875
114.55159759521484 151.7030487060547 141.79571914672852 151.7030487060547 141.79571914672852 225.48480224609375 114.55159759521484 225.48480224609375
114.14139556884766 151.43521118164062 142.4459056854248 151.43521118164062 142.4459056854248 226.68130493164062 114.14139556884766 226.68130493164062
115.0897445678711 153.55770874023438 142.799165725708 153.55770874023438 142.799165725708 227.94841766357422 115.0897445678711 227.94841766357422
113.50921630859375 153.70156860351562 141.2351188659668 153.70156860351562 141.2351188659668 228.4703826904297 113.50921630859375 228.4703826904297
114.37596130371094 152.55868530273438 142.4953098297119 152.55868530273438 142.4953098297119 227.61272430419922 114.37596130371094 227.61272430419922
114.23382568359375 152.86422729492188 141.70298194885254 152.86422729492188 141.70298194885254 227.26266479492188 114.23382568359375 227.26266479492188
114.41839599609375 152.7306365966797 142.77073097229004 152.7306365966797 142.77073097229004 228.09288024902344 114.41839599609375 228.09288024902344
112.74626159667969 152.0240020751953 140.4752902984619 152.0240020751953 140.4752902984619 229.0394744873047 112.74626159667969 229.0394744873047
113.38771057128906 152.6101531982422 140.31332969665527 152.6101531982422 140.31332969665527 225.9708251953125 113.38771057128906 225.9708251953125
114.099609375 150.41314697265625 141.66111373901367 150.41314697265625 141.66111373901367 225.6439666748047 114.099609375 225.6439666748047
115.6047592163086 153.7365264892578 142.65646171569824 153.7365264892578 142.65646171569824 228.17145538330078 115.6047592163086 228.17145538330078
114.63926696777344 154.3162841796875 141.83149337768555 154.3162841796875 141.83149337768555 226.58182525634766 114.63926696777344 226.58182525634766
114.13652038574219 153.76470947265625 141.84122848510742 153.76470947265625 141.84122848510742 226.87298583984375 114.13652038574219 226.87298583984375
114.79459381103516 155.15658569335938 142.29437637329102 155.15658569335938 142.29437637329102 226.18984985351562 114.79459381103516 226.18984985351562
113.29398345947266 153.58346557617188 140.837495803833 153.58346557617188 140.837495803833 228.1472625732422 113.29398345947266 228.1472625732422
113.38230895996094 153.04067993164062 141.91628074645996 153.04067993164062 141.91628074645996 226.7142791748047 113.38230895996094 226.7142791748047
112.83203125 153.08921813964844 140.49169921875 153.08921813964844 140.49169921875 226.92713165283203 112.83203125 226.92713165283203
113.99455261230469 153.2003173828125 141.49942016601562 153.2003173828125 141.49942016601562 227.58550262451172 113.99455261230469 227.58550262451172
113.52058410644531 151.8160858154297 141.14649391174316 151.8160858154297 141.14649391174316 228.7206039428711 113.52058410644531 228.7206039428711
112.9588394165039 154.28720092773438 140.68586921691895 154.28720092773438 140.68586921691895 228.2884979248047 112.9588394165039 228.2884979248047
112.29044342041016 151.35275268554688 140.7366008758545 151.35275268554688 140.7366008758545 228.8059539794922 112.29044342041016 228.8059539794922
112.40433502197266 150.4950408935547 141.222505569458 150.4950408935547 141.222505569458 226.97875213623047 112.40433502197266 226.97875213623047
112.1927261352539 152.85133361816406 140.5517921447754 152.85133361816406 140.5517921447754 227.22381591796875 112.1927261352539 227.22381591796875
112.69618225097656 151.69651794433594 140.9686985015869 151.69651794433594 140.9686985015869 228.26890563964844 112.69618225097656 228.26890563964844
111.66097259521484 151.5852813720703 140.29667472839355 151.5852813720703 140.29667472839355 227.5748519897461 111.66097259521484 227.5748519897461
112.52681732177734 152.0140380859375 139.6906852722168 152.0140380859375 139.6906852722168 227.9851303100586 112.52681732177734 227.9851303100586
113.01338958740234 153.08572387695312 141.5539264678955 153.08572387695312 141.5539264678955 228.01081085205078 113.01338958740234 228.01081085205078
114.1369857788086 152.17782592773438 141.91715240478516 152.17782592773438 141.91715240478516 226.36802673339844 114.1369857788086 226.36802673339844
111.99564361572266 153.53598022460938 139.78274726867676 153.53598022460938 139.78274726867676 228.26903533935547 111.99564361572266 228.26903533935547
112.65434265136719 151.17236328125 140.45142555236816 151.17236328125 140.45142555236816 226.5022201538086 112.65434265136719 226.5022201538086
114.055908203125 154.04971313476562 141.6006565093994 154.04971313476562 141.6006565093994 227.25550842285156 114.055908203125 227.25550842285156
113.24980163574219 152.1793670654297 141.8844108581543 152.1793670654297 141.8844108581543 228.07571411132812 113.24980163574219 228.07571411132812
112.28524017333984 150.3168487548828 140.48888778686523 150.3168487548828 140.48888778686523 228.08726501464844 112.28524017333984 228.08726501464844
112.46247863769531 152.65451049804688 140.59978103637695 152.65451049804688 140.59978103637695 225.67149353027344 112.46247863769531 225.67149353027344
113.0188217163086 151.45028686523438 143.07054328918457 151.45028686523438 143.07054328918457 230.28211975097656 113.0188217163086 230.28211975097656
112.01106262207031 151.8739471435547 140.82023239135742 151.8739471435547 140.82023239135742 228.91992950439453 112.01106262207031 228.91992950439453
113.2024917602539 152.70339965820312 142.34674263000488 152.70339965820312 142.34674263000488 227.5256576538086 113.2024917602539 227.5256576538086
112.82547760009766 152.7879180908203 141.38354110717773 152.7879180908203 141.38354110717773 230.06615447998047 112.82547760009766 230.06615447998047
113.64681243896484 151.8705596923828 141.5709400177002 151.8705596923828 141.5709400177002 226.9832763671875 113.64681243896484 226.9832763671875
112.6259536743164 152.86117553710938 141.44055938720703 152.86117553710938 141.44055938720703 228.87875366210938 112.6259536743164 228.87875366210938
114.2360610961914 152.95401000976562 141.87571907043457 152.95401000976562 141.87571907043457 229.38806915283203 114.2360610961914 229.38806915283203
111.1763687133789 151.60910034179688 139.60188484191895 151.60910034179688 139.60188484191895 228.32843017578125 111.1763687133789 228.32843017578125
112.97635650634766 150.3096160888672 141.67302703857422 150.3096160888672 141.67302703857422 229.10614776611328 112.97635650634766 229.10614776611328
111.78216552734375 149.80230712890625 141.40586853027344 149.80230712890625 141.40586853027344 229.77381134033203 111.78216552734375 229.77381134033203
112.72933197021484 152.1714630126953 142.17344856262207 152.1714630126953 142.17344856262207 228.95436096191406 112.72933197021484 228.95436096191406
112.65992736816406 150.67803955078125 142.42665100097656 150.67803955078125 142.42665100097656 228.68135833740234 112.65992736816406 228.68135833740234
112.3968276977539 149.88394165039062 141.9785041809082 149.88394165039062 141.9785041809082 229.33773803710938 112.3968276977539 229.33773803710938
112.24119567871094 153.5924835205078 140.38908767700195 153.5924835205078 140.38908767700195 226.17028045654297 112.24119567871094 226.17028045654297
110.8728256225586 151.28709411621094 140.48229789733887 151.28709411621094 140.48229789733887 228.0016326904297 110.8728256225586 228.0016326904297
112.07891845703125 152.1846923828125 140.66209983825684 152.1846923828125 140.66209983825684 228.22998046875 112.07891845703125 228.22998046875
113.99967193603516 151.74954223632812 141.89033126831055 151.74954223632812 141.89033126831055 227.13066864013672 113.99967193603516 227.13066864013672
