313.0 107.0 333.0 107.0 333.0 158.0 313.0 158.0
315.2510070800781 107.54276275634766 334.8693504333496 107.54276275634766 334.8693504333496 158.99698638916016 315.2510070800781 158.99698638916016
317.22052001953125 109.15977478027344 336.5198516845703 109.15977478027344 336.5198516845703 158.03007888793945 317.22052001953125 158.03007888793945
318.81500244140625 107.66184997558594 338.7944679260254 107.66184997558594 338.7944679260254 159.98094940185547 318.81500244140625 159.98094940185547
319.67779541015625 107.99894714355469 340.9433784484863 107.99894714355469 340.9433784484863 160.35253524780273 319.67779541015625 160.35253524780273
322.75311279296875 108.07856750488281 343.1612148284912 108.07856750488281 343.1612148284912 159.71349334716797 322.75311279296875 159.71349334716797
325.36627197265625 107.5884780883789 345.5509223937988 107.5884780883789 345.5509223937988 161.2232322692871 325.36627197265625 161.2232322692871
326.73321533203125 109.1231460571289 346.6119689941406 109.1231460571289 346.6119689941406 162.3223419189453 326.73321533203125 162.3223419189453
327.94873046875 110.46769714355469 348.2420463562012 110.46769714355469 348.2420463562012 160.87340545654297 327.94873046875 160.87340545654297
333.3644714355469 110.42817687988281 353.6476078033447 110.42817687988281 353.6476078033447 163.91860580444336 333.3644714355469 163.91860580444336
334.2809143066406 111.46771240234375 354.5664863586426 111.46771240234375 354.5664863586426 163.29755401611328 334.2809143066406 163.29755401611328
335.6077575683594 111.0171127319336 356.3167839050293 111.0171127319336 356.3167839050293 164.77314376831055 335.6077575683594 164.77314376831055
336.3122863769531 112.76564025878906 357.1777000427246 112.76564025878906 357.1777000427246 166.07226181030273 336.3122863769531 166.07226181030273
337.6184997558594 123.05096435546875 357.46132469177246 123.05096435546875 357.46132469177246 177.78229522705078 337.6184997558594 177.78229522705078
338.0685119628906 126.71527099609375 358.55891036987305 126.71527099609375 358.55891036987305 181.0788459777832 338.0685119628906 181.0788459777832
338.0159606933594 126.3166732788086 359.1792049407959 126.3166732788086 359.1792049407959 179.81230926513672 338.0159606933594 179.81230926513672
338.15313720703125 127.1747055053711 359.245325088501 127.1747055053711 359.245325088501 179.5435333251953 338.15313720703125 179.5435333251953
338.707763671875 126.8709945678711 359.5103244781494 126.8709945678711 359.5103244781494 180.9213409423828 338.707763671875 180.9213409423828
339.0789794921875 128.35845947265625 359.73511695861816 128.35845947265625 359.73511695861816 181.36356353759766 339.0789794921875 181.36356353759766
339.8252868652344 126.7785873413086 361.0345001220703 126.7785873413086 361.0345001220703 180.96321868896484 339.8252868652344 180.96321868896484
340.16357421875 127.424560546875 360.75610733032227 127.424560546875 360.75610733032227 180.87259674072266 340.16357421875 180.87259674072266
340.67742919921875 131.053955078125 360.96031951904297 131.053955078125 360.96031951904297 183.41622161865234 340.67742919921875 183.41622161865234
341.2899169921875 132.56509399414062 361.8104438781738 132.56509399414062 361.8104438781738 186.28668975830078 341.2899169921875 186.28668975830078
342.1417236328125 141.7581787109375 362.90168380737305 141.7581787109375 362.90168380737305 199.46258544921875 342.1417236328125 199.46258544921875
342.274658203125 145.46795654296875 364.6089401245117 145.46795654296875 364.6089401245117 200.49068450927734 342.274658203125 200.49068450927734
343.4117126464844 145.9871063232422 365.00919342041016 145.9871063232422 365.00919342041016 201.3528289794922 343.4117126464844 201.3528289794922
344.11260986328125 146.03781127929688 366.3489112854004 146.03781127929688 366.3489112854004 201.2807731628418 344.11260986328125 201.2807731628418
345.0329284667969 144.62277221679688 367.28109550476074 144.62277221679688 367.28109550476074 201.08047485351562 345.0329284667969 201.08047485351562
345.77227783203125 144.96238708496094 368.6098384857178 144.96238708496094 368.6098384857178 201.29541778564453 345.77227783203125 201.29541778564453
346.5125732421875 147.32229614257812 368.77354621887207 147.32229614257812 368.77354621887207 202.37675094604492 346.5125732421875 202.37675094604492
347.29638671875 147.4582977294922 369.0573425292969 147.4582977294922 369.0573425292969 203.7979278564453 347.29638671875 203.7979278564453
347.6785888671875 148.0048065185547 369.6400966644287 148.0048065185547 369.6400966644287 202.6503562927246 347.6785888671875 202.6503562927246
348.7750549316406 150.143310546875 370.6585922241211 150.143310546875 370.6585922241211 203.9320068359375 348.7750549316406 203.9320068359375
349.138671875 149.28317260742188 371.1056728363037 149.28317260742188 371.1056728363037 205.45657348632812 349.138671875 205.45657348632812
349.18011474609375 147.14234924316406 372.91973304748535 147.14234924316406 372.91973304748535 204.30858993530273 349.18011474609375 204.30858993530273
350.34234619140625 147.96286010742188 373.4275722503662 147.96286010742188 373.4275722503662 204.5272331237793 350.34234619140625 204.5272331237793
351.03619384765625 148.6173858642578 373.39812660217285 148.6173858642578 373.39812660217285 204.39910507202148 351.03619384765625 204.39910507202148
352.1128234863281 148.5108184814453 374.9542655944824 148.5108184814453 374.9542655944824 204.99259185791016 352.1128234863281 204.99259185791016
352.8897399902344 148.70309448242188 375.228178024292 148.70309448242188 375.228178024292 204.67349243164062 352.8897399902344 204.67349243164062
353.0986328125 149.0101776123047 376.0766716003418 149.0101776123047 376.0766716003418 205.7831802368164 353.0986328125 205.7831802368164
353.67120361328125 149.74105834960938 376.45359992980957 149.74105834960938 376.45359992980957 205.33416748046875 353.67120361328125 205.33416748046875
354.0386047363281 148.1181182861328 377.94398307800293 148.1181182861328 377.94398307800293 204.1612205505371 354.0386047363281 204.1612205505371
354.74407958984375 149.4508514404297 377.78736877441406 149.4508514404297 377.78736877441406 205.4942855834961 354.74407958984375 205.4942855834961
355.69732666015625 151.13418579101562 378.4579257965088 151.13418579101562 378.4579257965088 206.63282012939453 355.69732666015625 206.63282012939453
356.1266784667969 149.67459106445312 380.16476821899414 149.67459106445312 380.16476821899414 207.23881149291992 356.1266784667969 207.23881149291992
356.6374206542969 150.2060089111328 381.02040672302246 150.2060089111328 381.02040672302246 208.1891632080078 356.6374206542969 208.1891632080078
357.6332092285156 148.98910522460938 381.26594161987305 148.98910522460938 381.26594161987305 208.8029670715332 357.6332092285156 208.8029670715332
358.1673278808594 150.25845336914062 381.20005226135254 150.25845336914062 381.20005226135254 209.53544235229492 358.1673278808594 209.53544235229492
358.7301025390625 150.77243041992188 381.19753646850586 150.77243041992188 381.19753646850586 210.93014526367188 358.7301025390625 210.93014526367188
359.38922119140625 151.5094757080078 382.563663482666 151.5094757080078 382.563663482666 210.23785781860352 359.38922119140625 210.23785781860352
360.08795166015625 152.58847045898438 383.6701774597168 152.58847045898438 383.6701774597168 209.6937484741211 360.08795166015625 209.6937484741211
360.75921630859375 153.18844604492188 384.6578025817871 153.18844604492188 384.6578025817871 207.62973022460938 360.75921630859375 207.62973022460938
361.9309997558594 153.72738647460938 385.4454860687256 153.72738647460938 385.4454860687256 209.5671272277832 361.9309997558594 209.5671272277832
362.29132080078125 151.86752319335938 386.8396987915039 151.86752319335938 386.8396987915039 209.86591339111328 362.29132080078125 209.86591339111328
362.3391418457031 152.0782470703125 386.9363098144531 152.0782470703125 386.9363098144531 209.6829605102539 362.3391418457031 209.6829605102539
363.4966735839844 151.09921264648438 388.0845413208008 151.09921264648438 388.0845413208008 210.67949676513672 363.4966735839844 210.67949676513672
365.2456970214844 151.4701385498047 389.47698402404785 151.4701385498047 389.47698402404785 210.69855117797852 365.2456970214844 210.69855117797852
366.4674987792969 150.81387329101562 390.9050941467285 150.81387329101562 390.9050941467285 211.13385772705078 366.4674987792969 211.13385772705078
368.7546691894531 152.76620483398438 393.57168197631836 152.76620483398438 393.57168197631836 212.1724853515625 368.7546691894531 212.1724853515625
369.7928771972656 154.10694885253906 395.52015686035156 154.10694885253906 395.52015686035156 213.37020111083984 369.7928771972656 213.37020111083984
370.83087158203125 152.94772338867188 396.9150905609131 152.94772338867188 396.9150905609131 214.73892974853516 370.83087158203125 214.73892974853516
372.33111572265625 153.97958374023438 396.3834476470947 153.97958374023438 396.3834476470947 214.94013595581055 372.33111572265625 214.94013595581055
373.0362243652344 154.20077514648438 396.98919677734375 154.20077514648438 396.98919677734375 214.4627914428711 373.0362243652344 214.4627914428711
373.68756103515625 155.24822998046875 398.4778804779053 155.24822998046875 398.4778804779053 214.41063690185547 373.68756103515625 214.41063690185547
373.7794494628906 154.02256774902344 398.7623348236084 154.02256774902344 398.7623348236084 214.72691345214844 373.7794494628906 214.72691345214844
374.217041015625 154.0070037841797 399.9772548675537 154.0070037841797 399.9772548675537 217.00701141357422 374.217041015625 217.00701141357422
374.04412841796875 155.13143920898438 399.8226261138916 155.13143920898438 399.8226261138916 215.7460708618164 374.04412841796875 215.7460708618164
374.64080810546875 155.12789916992188 401.5487518310547 155.12789916992188 401.5487518310547 215.75906372070312 374.64080810546875 215.75906372070312
376.429931640625 156.53591918945312 402.25236892700195 156.53591918945312 402.25236892700195 216.30944061279297 376.429931640625 216.30944061279297
377.77691650390625 158.73219299316406 403.14348793029785 158.73219299316406 403.14348793029785 216.5923843383789 377.77691650390625 216.5923843383789
377.1669921875 157.4423065185547 403.36187744140625 157.4423065185547 403.36187744140625 218.3654441833496 377.1669921875 218.3654441833496
378.0415954589844 156.02072143554688 404.4979820251465 156.02072143554688 404.4979820251465 218.00779342651367 378.0415954589844 218.00779342651367
378.6040954589844 156.10635375976562 405.7984924316406 156.10635375976562 405.7984924316406 216.83794403076172 378.6040954589844 216.83794403076172
379.92608642578125 158.24668884277344 406.4406547546387 158.24668884277344 406.4406547546387 218.84551239013672 379.92608642578125 218.84551239013672
380.93206787109375 158.5177459716797 407.8161735534668 158.5177459716797 407.8161735534668 218.59496688842773 380.93206787109375 218.59496688842773
381.8992004394531 157.95535278320312 409.4602394104004 157.95535278320312 409.4602394104004 219.27667999267578 381.8992004394531 219.27667999267578
382.4219665527344 159.26580810546875 409.02949142456055 159.26580810546875 409.02949142456055 220.46483612060547 382.4219665527344 220.46483612060547
382.19110107421875 158.21633911132812 409.8800964355469 158.21633911132812 409.8800964355469 218.29891204833984 382.19110107421875 218.29891204833984
383.64300537109375 159.39059448242188 410.75315856933594 159.39059448242188 410.75315856933594 220.1943473815918 383.64300537109375 220.1943473815918
384.01263427734375 160.14181518554688 410.8920192718506 160.14181518554688 410.8920192718506 219.51871871948242 384.01263427734375 219.51871871948242
385.365234375 160.7765350341797 411.7165107727051 160.7765350341797 411.7165107727051 219.75633239746094 385.365234375 219.75633239746094
386.2601623535156 162.2043914794922 411.89409828186035 162.2043914794922 411.89409828186035 221.86241149902344 386.2601623535156 221.86241149902344
386.0500183105469 161.51870727539062 413.667688369751 161.51870727539062 413.667688369751 221.76715850830078 386.0500183105469 221.76715850830078
386.5768737792969 160.95840454101562 414.6604461669922 160.95840454101562 414.6604461669922 221.39365768432617 386.5768737792969 221.39365768432617
387.706298828125 160.22657775878906 414.95050621032715 160.22657775878906 414.95050621032715 223.2085304260254 387.706298828125 223.2085304260254
388.5621643066406 162.73074340820312 415.13078689575195 162.73074340820312 415.13078689575195 224.42877197265625 388.5621643066406 224.42877197265625
389.4242248535156 160.8962860107422 416.1027946472168 160.8962860107422 416.1027946472168 224.7666244506836 389.4242248535156 224.7666244506836
389.4095153808594 160.3358917236328 416.9923915863037 160.3358917236328 416.9923915863037 225.19728088378906 389.4095153808594 225.19728088378906
389.421875 162.3798370361328 417.18774032592773 162.3798370361328 417.18774032592773 226.70294189453125 389.421875 226.70294189453125
389.2025146484375 160.64505004882812 418.04501724243164 160.64505004882812 418.04501724243164 224.74585723876953 389.2025146484375 224.74585723876953
390.1888732910156 163.80715942382812 417.7053470611572 163.80715942382812 417.7053470611572 225.93137741088867 390.1888732910156 225.93137741088867
390.3127746582031 163.9033966064453 418.8199920654297 163.9033966064453 418.8199920654297 225.01349639892578 390.3127746582031 225.01349639892578
390.75616455078125 165.10110473632812 418.7470397949219 165.10110473632812 418.7470397949219 227.30398559570312 390.75616455078125 227.30398559570312
390.5483093261719 163.16226196289062 419.2461280822754 163.16226196289062 419.2461280822754 225.48628997802734 390.5483093261719 225.48628997802734
390.69757080078125 164.7333221435547 420.03431129455566 164.7333221435547 420.03431129455566 227.29082489013672 390.69757080078125 227.29082489013672
391.0206298828125 163.96957397460938 420.32839012145996 163.96957397460938 420.32839012145996 228.91036987304688 391.0206298828125 228.91036987304688
391.47247314453125 163.35751342773438 420.0777473449707 163.35751342773438 420.0777473449707 227.9982147216797 391.47247314453125 227.9982147216797
392.33795166015625 164.21408081054688 420.29021644592285 164.21408081054688 420.29021644592285 229.65322875976562 392.33795166015625 229.65322875976562
392.867431640625 164.6831817626953 420.7427558898926 164.6831817626953 420.7427558898926 230.10717010498047 392.867431640625 230.10717010498047
392.65521240234375 165.06216430664062 420.5105895996094 165.06216430664062 420.5105895996094 228.72396850585938 392.65521240234375 228.72396850585938
392.71331787109375 161.88162231445312 422.50628662109375 161.88162231445312 422.50628662109375 229.4398956298828 392.71331787109375 229.4398956298828
392.93450927734375 163.50094604492188 422.67499923706055 163.50094604492188 422.67499923706055 229.70829010009766 392.93450927734375 229.70829010009766
393.1853942871094 161.8659210205078 423.43154525756836 161.8659210205078 423.43154525756836 228.56295776367188 393.1853942871094 228.56295776367188
393.31256103515625 164.7047119140625 422.74110412597656 164.7047119140625 422.74110412597656 229.8730697631836 393.31256103515625 229.8730697631836
393.92962646484375 165.71841430664062 422.6815605163574 165.71841430664062 422.6815605163574 229.0833854675293 393.92962646484375 229.0833854675293
394.079833984375 163.0230255126953 424.40495681762695 163.0230255126953 424.40495681762695 229.7724151611328 394.079833984375 229.7724151611328
395.343505859375 162.6457977294922 426.3438377380371 162.6457977294922 426.3438377380371 230.98509216308594 395.343505859375 230.98509216308594
395.6230773925781 163.1524658203125 426.26667404174805 163.1524658203125 426.26667404174805 232.28697204589844 395.6230773925781 232.28697204589844
398.07073974609375 166.47097778320312 427.1938056945801 166.47097778320312 427.1938056945801 234.81639862060547 398.07073974609375 234.81639862060547
398.942138671875 167.376220703125 428.48333168029785 167.376220703125 428.48333168029785 235.5526885986328 398.942138671875 235.5526885986328
398.93145751953125 166.79193115234375 429.865514755249 166.79193115234375 429.865514755249 235.65070343017578 398.93145751953125 235.65070343017578
399.02532958984375 166.97451782226562 429.83786392211914 166.97451782226562 429.83786392211914 234.9753875732422 399.02532958984375 234.9753875732422
400.0223693847656 167.75125122070312 431.13739013671875 167.75125122070312 431.13739013671875 234.9779815673828 400.0223693847656 234.9779815673828
401.59112548828125 168.87205505371094 432.2955322265625 168.87205505371094 432.2955322265625 236.43917083740234 401.59112548828125 236.43917083740234
401.6965026855469 168.69485473632812 433.6112480163574 168.69485473632812 433.6112480163574 238.3692626953125 401.6965026855469 238.3692626953125
404.73541259765625 170.8733673095703 435.00133323669434 170.8733673095703 435.00133323669434 237.15166473388672 404.73541259765625 237.15166473388672
406.79168701171875 168.73643493652344 437.1891784667969 168.73643493652344 437.1891784667969 235.52163696289062 406.79168701171875 235.52163696289062
409.3700256347656 168.7902069091797 440.07984352111816 168.7902069091797 440.07984352111816 238.2509536743164 409.3700256347656 238.2509536743164
410.892822265625 168.261474609375 443.71927642822266 168.261474609375 443.71927642822266 236.23341369628906 410.892822265625 236.23341369628906
412.32275390625 170.96226501464844 443.4673156738281 170.96226501464844 443.4673156738281 240.0752716064453 412.32275390625 240.0752716064453
415.7693786621094 170.8046417236328 448.6026306152344 170.8046417236328 448.6026306152344 238.1825714111328 415.7693786621094 238.1825714111328
417.8428649902344 174.1174774169922 451.55701065063477 174.1174774169922 451.55701065063477 243.2559814453125 417.8428649902344 243.2559814453125
420.931396484375 167.97506713867188 453.63251876831055 167.97506713867188 453.63251876831055 235.97958374023438 420.931396484375 235.97958374023438
425.92987060546875 170.997314453125 457.8412113189697 170.997314453125 457.8412113189697 237.07992553710938 425.92987060546875 237.07992553710938
428.281982421875 173.62847900390625 461.7645950317383 173.62847900390625 461.7645950317383 240.3366470336914 428.281982421875 240.3366470336914
432.30316162109375 175.48672485351562 466.01090240478516 175.48672485351562 466.01090240478516 240.9260482788086 432.30316162109375 240.9260482788086
434.9542541503906 174.8915252685547 469.0682945251465 174.8915252685547 469.0682945251465 240.64351654052734 434.9542541503906 240.64351654052734
436.9585876464844 178.37771606445312 471.6955451965332 178.37771606445312 471.6955451965332 246.63126373291016 436.9585876464844 246.63126373291016
440.231689453125 176.87197875976562 474.9937553405762 176.87197875976562 474.9937553405762 246.2975311279297 440.231689453125 246.2975311279297
446.0252990722656 167.5841522216797 476.8328914642334 167.5841522216797 476.8328914642334 246.1435317993164 446.0252990722656 246.1435317993164
451.6329040527344 177.23849487304688 483.2643241882324 177.23849487304688 483.2643241882324 243.79033660888672 451.6329040527344 243.79033660888672
459.2333984375 178.58822631835938 490.1656303405762 178.58822631835938 490.1656303405762 244.61521911621094 459.2333984375 244.61521911621094
463.5137634277344 178.296142578125 494.9587821960449 178.296142578125 494.9587821960449 246.32331085205078 463.5137634277344 246.32331085205078
467.42138671875 177.7303466796875 498.7969093322754 177.7303466796875 498.7969093322754 245.8060531616211 467.42138671875 245.8060531616211
472.3968811035156 183.10653686523438 505.1955451965332 183.10653686523438 505.1955451965332 252.14303588867188 472.3968811035156 252.14303588867188
477.50048828125 182.14181518554688 511.1020202636719 182.14181518554688 511.1020202636719 253.14398956298828 477.50048828125 253.14398956298828
481.0770568847656 184.37191772460938 513.3323402404785 184.37191772460938 513.3323402404785 255.7170867919922 481.0770568847656 255.7170867919922
485.13409423828125 178.5769805908203 516.2496185302734 178.5769805908203 516.2496185302734 246.77171325683594 485.13409423828125 246.77171325683594
488.2461853027344 176.98336791992188 518.9740333557129 176.98336791992188 518.9740333557129 243.78424835205078 488.2461853027344 243.78424835205078
491.6212463378906 175.30178833007812 522.2958984375 175.30178833007812 522.2958984375 244.31278228759766 491.6212463378906 244.31278228759766
481.6067810058594 177.70880126953125 514.3192672729492 177.70880126953125 514.3192672729492 245.5582275390625 481.6067810058594 245.5582275390625
468.54302978515625 180.94577026367188 502.03528594970703 180.94577026367188 502.03528594970703 250.54317474365234 468.54302978515625 250.54317474365234
457.8927307128906 184.0257110595703 491.6259346008301 184.0257110595703 491.6259346008301 253.53091430664062 457.8927307128906 253.53091430664062
454.59979248046875 183.7238006591797 486.0753574371338 183.7238006591797 486.0753574371338 252.18824005126953 454.59979248046875 252.18824005126953
460.1673278808594 183.4758758544922 492.7494201660156 183.4758758544922 492.7494201660156 250.8263168334961 460.1673278808594 250.8263168334961
466.9060974121094 185.0443115234375 497.95561599731445 185.0443115234375 497.95561599731445 251.85906219482422 466.9060974121094 251.85906219482422
471.7879943847656 183.8125762939453 501.6479835510254 183.8125762939453 501.6479835510254 253.69345092773438 471.7879943847656 253.69345092773438
476.62310791015625 183.99380493164062 507.12365341186523 183.99380493164062 507.12365341186523 251.59873962402344 476.62310791015625 251.59873962402344
473.11712646484375 188.2179412841797 503.3961601257324 188.2179412841797 503.3961601257324 254.31517028808594 473.11712646484375 254.31517028808594
464.30767822265625 183.26235961914062 496.8602828979492 183.26235961914062 496.8602828979492 255.69912719726562 464.30767822265625 255.69912719726562
450.0784606933594 185.34915161132812 483.6846389770508 185.34915161132812 483.6846389770508 255.52031707763672 450.0784606933594 255.52031707763672
450.3402404785156 187.9236297607422 481.1484489440918 187.9236297607422 481.1484489440918 255.6873779296875 450.3402404785156 255.6873779296875
456.68719482421875 185.22372436523438 487.9125061035156 185.22372436523438 487.9125061035156 254.40827178955078 456.68719482421875 254.40827178955078
463.61199951171875 182.8660430908203 495.2351322174072 182.8660430908203 495.2351322174072 252.42373657226562 463.61199951171875 252.42373657226562
470.8514709472656 180.495361328125 500.8682804107666 180.495361328125 500.8682804107666 246.28892517089844 470.8514709472656 246.28892517089844
477.8672790527344 180.27053833007812 507.896520614624 180.27053833007812 507.896520614624 244.3792724609375 477.8672790527344 244.3792724609375
486.5357971191406 179.4323272705078 517.3357486724854 179.4323272705078 517.3357486724854 242.93960189819336 486.5357971191406 242.93960189819336
493.3253479003906 180.65185546875 521.9470157623291 180.65185546875 521.9470157623291 243.468505859375 493.3253479003906 243.468505859375
499.80035400390625 179.3612518310547 528.8094844818115 179.3612518310547 528.8094844818115 244.0973892211914 499.80035400390625 244.0973892211914
504.4600524902344 182.93751525878906 533.8079223632812 182.93751525878906 533.8079223632812 244.78529357910156 504.4600524902344 244.78529357910156
509.897705078125 184.00119018554688 540.3333930969238 184.00119018554688 540.3333930969238 245.27285766601562 509.897705078125 245.27285766601562
514.7927856445312 181.6956024169922 544.0989265441895 181.6956024169922 544.0989265441895 241.58556365966797 514.7927856445312 241.58556365966797
521.0196533203125 176.1549072265625 548.6627807617188 176.1549072265625 548.6627807617188 246.6448516845703 521.0196533203125 246.6448516845703
526.4657592773438 180.0166015625 556.6256065368652 180.0166015625 556.6256065368652 240.17194747924805 526.4657592773438 240.17194747924805
534.2867431640625 173.58087158203125 561.455358505249 173.58087158203125 561.455358505249 242.8608169555664 534.2867431640625 242.8608169555664
543.2630004882812 179.54550170898438 573.7614402770996 179.54550170898438 573.7614402770996 236.05217742919922 543.2630004882812 236.05217742919922
549.4461669921875 179.26947021484375 579.3111877441406 179.26947021484375 579.3111877441406 234.36133575439453 549.4461669921875 234.36133575439453
555.240478515625 179.5328369140625 584.5641288757324 179.5328369140625 584.5641288757324 234.9613037109375 555.240478515625 234.9613037109375
560.2713012695312 180.5128631591797 589.5645599365234 180.5128631591797 589.5645599365234 237.7619857788086 560.2713012695312 237.7619857788086
564.8616943359375 179.36410522460938 594.2867031097412 179.36410522460938 594.2867031097412 236.62898635864258 564.8616943359375 236.62898635864258
569.6763916015625 179.77243041992188 597.7815055847168 179.77243041992188 597.7815055847168 235.26982498168945 569.6763916015625 235.26982498168945
575.6303100585938 171.33563232421875 603.3948364257812 171.33563232421875 603.3948364257812 227.83933639526367 575.6303100585938 227.83933639526367
580.7821044921875 176.32461547851562 608.7656345367432 176.32461547851562 608.7656345367432 230.50879669189453 580.7821044921875 230.50879669189453
584.6031494140625 171.88186645507812 613.16575050354 171.88186645507812 613.16575050354 227.13002395629883 584.6031494140625 227.13002395629883
589.220947265625 172.93258666992188 617.3396549224854 172.93258666992188 617.3396549224854 228.36588668823242 589.220947265625 228.36588668823242
595.9982299804688 173.94375610351562 624.34645652771 173.94375610351562 624.34645652771 229.99776077270508 595.9982299804688 229.99776077270508
603.4598388671875 177.53506469726562 631.2695617675781 177.53506469726562 631.2695617675781 234.49452590942383 603.4598388671875 234.49452590942383
