258.0 181.0 281.0 181.0 281.0 236.0 258.0 236.0
258.160400390625 179.3112030029297 282.1677474975586 179.3112030029297 282.1677474975586 236.73350524902344 258.160400390625 236.73350524902344
258.79083251953125 180.34718322753906 282.4634532928467 180.34718322753906 282.4634532928467 238.23827743530273 258.79083251953125 238.23827743530273
259.47296142578125 181.6425323486328 282.44714736938477 181.6425323486328 282.44714736938477 238.58737564086914 259.47296142578125 238.58737564086914
260.3260803222656 181.80807495117188 283.4905376434326 181.80807495117188 283.4905376434326 238.2259750366211 260.3260803222656 238.2259750366211
260.34521484375 181.2506561279297 284.1479015350342 181.2506561279297 284.1479015350342 239.60479354858398 260.34521484375 239.60479354858398
260.36639404296875 181.39093017578125 284.2002773284912 181.39093017578125 284.2002773284912 239.0065803527832 260.36639404296875 239.0065803527832
260.5442810058594 182.05105590820312 284.4058094024658 182.05105590820312 284.4058094024658 239.22683715820312 260.5442810058594 239.22683715820312
260.74420166015625 180.560791015625 284.84934997558594 180.560791015625 284.84934997558594 239.11406707763672 260.74420166015625 239.11406707763672
260.77337646484375 182.29376220703125 284.7052116394043 182.29376220703125 284.7052116394043 239.80377960205078 260.77337646484375 239.80377960205078
260.3647766113281 182.10337829589844 284.8735885620117 182.10337829589844 284.8735885620117 239.71974182128906 260.3647766113281 239.71974182128906
261.52752685546875 181.65447998046875 286.016206741333 181.65447998046875 286.016206741333 239.41783905029297 261.52752685546875 239.41783905029297
261.6656188964844 182.49668884277344 285.7647132873535 182.49668884277344 285.7647132873535 239.14043807983398 261.6656188964844 239.14043807983398
261.9100646972656 182.1759796142578 285.9841823577881 182.1759796142578 285.9841823577881 239.11175918579102 261.9100646972656 239.11175918579102
263.0434875488281 182.6958770751953 287.20881271362305 182.6958770751953 287.20881271362305 238.87009048461914 263.0434875488281 238.87009048461914
263.197998046875 181.0836944580078 286.49405670166016 181.0836944580078 286.49405670166016 239.30083847045898 263.197998046875 239.30083847045898
262.71575927734375 181.1521453857422 287.48234939575195 181.1521453857422 287.48234939575195 239.30049896240234 262.71575927734375 239.30049896240234
264.4002380371094 182.1468505859375 288.4172019958496 182.1468505859375 288.4172019958496 238.98393630981445 264.4002380371094 238.98393630981445
263.7701416015625 180.88369750976562 288.39312171936035 180.88369750976562 288.39312171936035 240.08447265625 263.7701416015625 240.08447265625
264.47271728515625 179.3219757080078 288.79245948791504 179.3219757080078 288.79245948791504 240.81330108642578 264.47271728515625 240.81330108642578
264.8003234863281 180.40939331054688 289.46240615844727 180.40939331054688 289.46240615844727 240.45869064331055 264.8003234863281 240.45869064331055
265.431884765625 180.2010040283203 290.4697570800781 180.2010040283203 290.4697570800781 242.3237533569336 265.431884765625 242.3237533569336
266.09332275390625 178.99070739746094 291.3087272644043 178.99070739746094 291.3087272644043 241.47405242919922 266.09332275390625 241.47405242919922
265.977783203125 178.98049926757812 291.2020015716553 178.98049926757812 291.2020015716553 242.90758514404297 265.977783203125 242.90758514404297
266.4375915527344 180.0072784423828 292.46503829956055 180.0072784423828 292.46503829956055 243.82690048217773 266.4375915527344 243.82690048217773
267.0225830078125 177.98236083984375 292.19064712524414 177.98236083984375 292.19064712524414 245.2883071899414 267.0225830078125 245.2883071899414
266.99395751953125 178.23489379882812 293.0301704406738 178.23489379882812 293.0301704406738 244.57428741455078 266.99395751953125 244.57428741455078
265.6481018066406 178.6572265625 290.3758068084717 178.6572265625 290.3758068084717 237.7886848449707 265.6481018066406 237.7886848449707
240.24508666992188 179.15679931640625 264.6222839355469 179.15679931640625 264.6222839355469 237.4500846862793 240.24508666992188 237.4500846862793
246.3668975830078 177.63185119628906 271.1202278137207 177.63185119628906 271.1202278137207 236.82458114624023 246.3668975830078 236.82458114624023
239.10696411132812 183.2296905517578 263.3262996673584 183.2296905517578 263.3262996673584 241.14548110961914 239.10696411132812 241.14548110961914
244.8910369873047 180.82032775878906 274.5224208831787 180.82032775878906 274.5224208831787 236.84575653076172 244.8910369873047 236.84575653076172
242.87002563476562 180.5823974609375 273.4196834564209 180.5823974609375 273.4196834564209 240.5082893371582 242.87002563476562 240.5082893371582
244.76156616210938 182.6775360107422 271.4850254058838 182.6775360107422 271.4850254058838 244.10849380493164 244.76156616210938 244.10849380493164
246.0516815185547 182.4881591796875 273.6039581298828 182.4881591796875 273.6039581298828 244.43141555786133 246.0516815185547 244.43141555786133
244.10885620117188 184.28643798828125 273.1998043060303 184.28643798828125 273.1998043060303 244.5357437133789 244.10885620117188 244.5357437133789
246.1180877685547 186.26165771484375 275.94060707092285 186.26165771484375 275.94060707092285 244.12327194213867 246.1180877685547 244.12327194213867
242.6951141357422 186.3438720703125 267.5644111633301 186.3438720703125 267.5644111633301 245.81392288208008 242.6951141357422 245.81392288208008
244.18667602539062 179.6612548828125 272.5839443206787 179.6612548828125 272.5839443206787 242.65074920654297 244.18667602539062 242.65074920654297
248.66867065429688 179.75389099121094 277.46086502075195 179.75389099121094 277.46086502075195 244.5516357421875 248.66867065429688 244.5516357421875
247.21572875976562 176.24107360839844 275.8669624328613 176.24107360839844 275.8669624328613 244.2361068725586 247.21572875976562 244.2361068725586
250.9113311767578 178.7070770263672 278.8206539154053 178.7070770263672 278.8206539154053 247.0233154296875 250.9113311767578 247.0233154296875
252.1654815673828 174.2810821533203 278.76710510253906 174.2810821533203 278.76710510253906 245.29920959472656 252.1654815673828 245.29920959472656
252.4606170654297 169.7041473388672 277.8544292449951 169.7041473388672 277.8544292449951 240.63127899169922 252.4606170654297 240.63127899169922
252.2510528564453 175.7953643798828 277.6305294036865 175.7953643798828 277.6305294036865 243.84109497070312 252.2510528564453 243.84109497070312
252.85549926757812 181.08717346191406 277.6437587738037 181.08717346191406 277.6437587738037 245.47095489501953 252.85549926757812 245.47095489501953
253.9343719482422 184.64785766601562 277.9874267578125 184.64785766601562 277.9874267578125 245.92618560791016 253.9343719482422 245.92618560791016
253.6162567138672 187.85928344726562 279.69383239746094 187.85928344726562 279.69383239746094 247.73992919921875 253.6162567138672 247.73992919921875
253.77920532226562 186.78097534179688 280.37775802612305 186.78097534179688 280.37775802612305 246.380126953125 253.77920532226562 246.380126953125
254.49691772460938 171.8941192626953 281.6744899749756 171.8941192626953 281.6744899749756 238.35235595703125 254.49691772460938 238.35235595703125
253.9091033935547 174.9088592529297 279.7795925140381 174.9088592529297 279.7795925140381 245.07318115234375 253.9091033935547 245.07318115234375
254.7000732421875 175.3927459716797 281.27991104125977 175.3927459716797 281.27991104125977 242.5787353515625 254.7000732421875 242.5787353515625
254.2830047607422 175.9672393798828 280.4766540527344 175.9672393798828 280.4766540527344 244.86832427978516 254.2830047607422 244.86832427978516
255.04617309570312 175.14865112304688 281.43151473999023 175.14865112304688 281.43151473999023 245.97232818603516 255.04617309570312 245.97232818603516
255.5779571533203 176.7924346923828 282.3251247406006 176.7924346923828 282.3251247406006 245.45399475097656 255.5779571533203 245.45399475097656
255.1249237060547 176.853515625 282.20532608032227 176.853515625 282.20532608032227 245.8610076904297 255.1249237060547 245.8610076904297
256.01068115234375 175.8004608154297 282.8353462219238 175.8004608154297 282.8353462219238 243.9886245727539 256.01068115234375 243.9886245727539
255.5240020751953 177.52137756347656 282.8845634460449 177.52137756347656 282.8845634460449 242.9715347290039 255.5240020751953 242.9715347290039
256.17193603515625 175.9460906982422 282.5831661224365 175.9460906982422 282.5831661224365 243.37488555908203 256.17193603515625 243.37488555908203
257.49932861328125 175.81069946289062 284.09539794921875 175.81069946289062 284.09539794921875 243.67740631103516 257.49932861328125 243.67740631103516
257.91058349609375 176.9635009765625 284.4540615081787 176.9635009765625 284.4540615081787 243.26629638671875 257.91058349609375 243.26629638671875
259.23846435546875 175.5135040283203 285.2244110107422 175.5135040283203 285.2244110107422 245.19198608398438 259.23846435546875 245.19198608398438
259.06292724609375 176.85060119628906 285.0954647064209 176.85060119628906 285.0954647064209 244.69650268554688 259.06292724609375 244.69650268554688
259.5124206542969 177.7387237548828 284.9401512145996 177.7387237548828 284.9401512145996 244.760986328125 259.5124206542969 244.760986328125
260.00537109375 177.7080841064453 286.1798095703125 177.7080841064453 286.1798095703125 245.15512084960938 260.00537109375 245.15512084960938
260.62152099609375 176.8858184814453 286.8704128265381 176.8858184814453 286.8704128265381 244.42007446289062 260.62152099609375 244.42007446289062
261.25152587890625 177.2727508544922 287.0047359466553 177.2727508544922 287.0047359466553 245.31552124023438 261.25152587890625 245.31552124023438
261.62567138671875 176.47889709472656 287.0552406311035 176.47889709472656 287.0552406311035 244.51559448242188 261.62567138671875 244.51559448242188
262.2962341308594 175.8971405029297 288.10951232910156 175.8971405029297 288.10951232910156 246.4716567993164 262.2962341308594 246.4716567993164
262.80157470703125 173.99057006835938 289.2110252380371 173.99057006835938 289.2110252380371 243.1001968383789 262.80157470703125 243.1001968383789
262.83319091796875 174.57540893554688 289.26502990722656 174.57540893554688 289.26502990722656 241.6500701904297 262.83319091796875 241.6500701904297
263.05828857421875 176.9601593017578 289.34375381469727 176.9601593017578 289.34375381469727 245.2271499633789 263.05828857421875 245.2271499633789
263.5382385253906 175.12155151367188 290.0162544250488 175.12155151367188 290.0162544250488 243.8661346435547 263.5382385253906 243.8661346435547
263.62750244140625 176.6226806640625 290.93249130249023 176.6226806640625 290.93249130249023 244.76546478271484 263.62750244140625 244.76546478271484
262.37664794921875 180.39944458007812 288.94122314453125 180.39944458007812 288.94122314453125 247.37171173095703 262.37664794921875 247.37171173095703
262.6319885253906 182.44833374023438 290.02393531799316 182.44833374023438 290.02393531799316 247.73003387451172 262.6319885253906 247.73003387451172
263.3437194824219 183.2339630126953 289.37023544311523 183.2339630126953 289.37023544311523 246.56832122802734 263.3437194824219 246.56832122802734
263.469970703125 185.5782012939453 289.89677810668945 185.5782012939453 289.89677810668945 248.2785301208496 263.469970703125 248.2785301208496
262.8632507324219 186.12840270996094 289.97535133361816 186.12840270996094 289.97535133361816 247.66341400146484 262.8632507324219 247.66341400146484
263.7896423339844 186.1480255126953 290.4120063781738 186.1480255126953 290.4120063781738 249.7770652770996 263.7896423339844 249.7770652770996
263.67449951171875 187.3989715576172 289.49761390686035 187.3989715576172 289.49761390686035 250.9543685913086 263.67449951171875 250.9543685913086
263.02740478515625 187.4967498779297 290.12635803222656 187.4967498779297 290.12635803222656 251.09768295288086 263.02740478515625 251.09768295288086
263.2168884277344 186.24575805664062 290.50927734375 186.24575805664062 290.50927734375 250.32435607910156 263.2168884277344 250.32435607910156
263.6173400878906 186.4982452392578 290.5399589538574 186.4982452392578 290.5399589538574 251.31771850585938 263.6173400878906 251.31771850585938
264.4054260253906 188.6779327392578 292.1787300109863 188.6779327392578 292.1787300109863 250.91429901123047 264.4054260253906 250.91429901123047
262.1976623535156 187.33169555664062 291.0401248931885 187.33169555664062 291.0401248931885 251.16852951049805 262.1976623535156 251.16852951049805
237.06869506835938 185.04624938964844 263.3735656738281 185.04624938964844 263.3735656738281 247.9491958618164 237.06869506835938 247.9491958618164
250.19384765625 181.64547729492188 276.5128421783447 181.64547729492188 276.5128421783447 244.58219528198242 250.19384765625 244.58219528198242
240.942626953125 187.09207153320312 273.04309844970703 187.09207153320312 273.04309844970703 250.24766159057617 240.942626953125 250.24766159057617
248.23147583007812 187.15980529785156 278.9136600494385 187.15980529785156 278.9136600494385 248.36907577514648 248.23147583007812 248.36907577514648
242.99502563476562 187.00042724609375 274.5974311828613 187.00042724609375 274.5974311828613 249.74753952026367 242.99502563476562 249.74753952026367
246.8119659423828 186.80926513671875 277.6648979187012 186.80926513671875 277.6648979187012 250.76103973388672 246.8119659423828 250.76103973388672
245.8731231689453 186.78160095214844 276.66887283325195 186.78160095214844 276.66887283325195 249.59754180908203 245.8731231689453 249.59754180908203
246.01742553710938 185.72625732421875 277.26160049438477 185.72625732421875 277.26160049438477 250.4837875366211 246.01742553710938 250.4837875366211
248.55435180664062 188.04098510742188 280.0893611907959 188.04098510742188 280.0893611907959 254.65090942382812 248.55435180664062 254.65090942382812
246.39901733398438 186.1947479248047 277.6950225830078 186.1947479248047 277.6950225830078 251.17707061767578 246.39901733398438 251.17707061767578
248.52377319335938 186.0198516845703 280.4766025543213 186.0198516845703 280.4766025543213 252.20892333984375 248.52377319335938 252.20892333984375
246.93136596679688 189.36383056640625 279.0824508666992 189.36383056640625 279.0824508666992 252.44237518310547 246.93136596679688 252.44237518310547
247.96908569335938 188.63706970214844 281.7820358276367 188.63706970214844 281.7820358276367 252.56737518310547 247.96908569335938 252.56737518310547
247.59793090820312 185.80149841308594 280.64334869384766 185.80149841308594 280.64334869384766 251.52527618408203 247.59793090820312 251.52527618408203
251.1400146484375 189.2646026611328 281.0114345550537 189.2646026611328 281.0114345550537 254.5558853149414 251.1400146484375 254.5558853149414
252.09933471679688 186.3769989013672 282.3707027435303 186.3769989013672 282.3707027435303 253.60543060302734 252.09933471679688 253.60543060302734
251.4429168701172 184.4227752685547 282.323522567749 184.4227752685547 282.323522567749 251.2787322998047 251.4429168701172 251.2787322998047
252.83206176757812 185.60032653808594 282.8906707763672 185.60032653808594 282.8906707763672 251.82467651367188 252.83206176757812 251.82467651367188
253.4001007080078 186.03182983398438 283.5321388244629 186.03182983398438 283.5321388244629 252.25316619873047 253.4001007080078 252.25316619873047
253.49716186523438 184.4676513671875 282.470760345459 184.4676513671875 282.470760345459 251.672607421875 253.49716186523438 251.672607421875
255.5139923095703 170.15802001953125 284.55002212524414 170.15802001953125 284.55002212524414 239.59197998046875 255.5139923095703 239.59197998046875
227.5788116455078 169.6613006591797 261.75921630859375 169.6613006591797 261.75921630859375 232.2999496459961 227.5788116455078 232.2999496459961
235.0448455810547 170.103271484375 269.79140853881836 170.103271484375 269.79140853881836 232.34402465820312 235.0448455810547 232.34402465820312
235.39212036132812 181.80572509765625 269.0113410949707 181.80572509765625 269.0113410949707 242.0178108215332 235.39212036132812 242.0178108215332
232.56588745117188 183.55233764648438 265.40604400634766 183.55233764648438 265.40604400634766 249.6183624267578 232.56588745117188 249.6183624267578
232.9907684326172 184.48098754882812 266.2971954345703 184.48098754882812 266.2971954345703 253.40038299560547 232.9907684326172 253.40038299560547
232.6235809326172 184.5376434326172 265.63561248779297 184.5376434326172 265.63561248779297 251.75133514404297 232.6235809326172 251.75133514404297
232.1787567138672 179.96859741210938 267.4089584350586 179.96859741210938 267.4089584350586 250.26808166503906 232.1787567138672 250.26808166503906
231.33987426757812 182.7741241455078 266.65395736694336 182.7741241455078 266.65395736694336 253.39264678955078 231.33987426757812 253.39264678955078
230.44631958007812 178.53707885742188 267.57907485961914 178.53707885742188 267.57907485961914 247.7913055419922 230.44631958007812 247.7913055419922
235.12930297851562 186.09445190429688 271.1948432922363 186.09445190429688 271.1948432922363 255.16547393798828 235.12930297851562 255.16547393798828
236.0269012451172 168.03399658203125 266.4386177062988 168.03399658203125 266.4386177062988 240.75763702392578 236.0269012451172 240.75763702392578
232.5430145263672 179.4944305419922 269.1665573120117 179.4944305419922 269.1665573120117 248.1060028076172 232.5430145263672 248.1060028076172
232.2265625 184.74264526367188 268.4023895263672 184.74264526367188 268.4023895263672 256.78382110595703 232.2265625 256.78382110595703
234.6909942626953 186.31613159179688 267.6382522583008 186.31613159179688 267.6382522583008 259.59373474121094 234.6909942626953 259.59373474121094
233.4108428955078 184.9736328125 267.4805030822754 184.9736328125 267.4805030822754 259.2774124145508 233.4108428955078 259.2774124145508
235.4390411376953 183.465087890625 268.9358444213867 183.465087890625 268.9358444213867 254.93140411376953 235.4390411376953 254.93140411376953
237.1330108642578 183.81759643554688 270.3041458129883 183.81759643554688 270.3041458129883 255.28723907470703 237.1330108642578 255.28723907470703
239.982177734375 187.73980712890625 271.8166084289551 187.73980712890625 271.8166084289551 256.8181915283203 239.982177734375 256.8181915283203
238.7885284423828 184.506591796875 271.4555320739746 184.506591796875 271.4555320739746 254.84134674072266 238.7885284423828 254.84134674072266
241.3977508544922 184.88510131835938 273.50736236572266 184.88510131835938 273.50736236572266 254.98587036132812 241.3977508544922 254.98587036132812
239.6239776611328 186.84523010253906 271.5467834472656 186.84523010253906 271.5467834472656 255.9957275390625 239.6239776611328 255.9957275390625
241.19515991210938 186.39889526367188 273.34526443481445 186.39889526367188 273.34526443481445 257.1503448486328 241.19515991210938 257.1503448486328
240.82693481445312 187.3484649658203 272.1101837158203 187.3484649658203 272.1101837158203 258.6206283569336 240.82693481445312 258.6206283569336
241.172607421875 188.16250610351562 272.8116149902344 188.16250610351562 272.8116149902344 259.6118621826172 241.172607421875 259.6118621826172
241.7092742919922 186.3236846923828 272.35093116760254 186.3236846923828 272.35093116760254 256.4035415649414 241.7092742919922 256.4035415649414
241.9934539794922 188.2996826171875 272.9333686828613 188.2996826171875 272.9333686828613 259.4082489013672 241.9934539794922 259.4082489013672
241.1859588623047 186.0513916015625 272.87817764282227 186.0513916015625 272.87817764282227 257.46497344970703 241.1859588623047 257.46497344970703
241.8162384033203 186.44088745117188 274.074764251709 186.44088745117188 274.074764251709 257.79090881347656 241.8162384033203 257.79090881347656
243.20877075195312 188.29568481445312 273.9600372314453 188.29568481445312 273.9600372314453 259.4078903198242 243.20877075195312 259.4078903198242
244.33560180664062 189.6282501220703 274.5617733001709 189.6282501220703 274.5617733001709 260.932861328125 244.33560180664062 260.932861328125
242.1509552001953 184.86331176757812 273.1579170227051 184.86331176757812 273.1579170227051 259.01039123535156 242.1509552001953 259.01039123535156
244.45736694335938 188.5052032470703 275.7680969238281 188.5052032470703 275.7680969238281 260.86573028564453 244.45736694335938 260.86573028564453
245.38735961914062 188.0084228515625 275.33482360839844 188.0084228515625 275.33482360839844 259.8891296386719 245.38735961914062 259.8891296386719
245.0287322998047 190.37094116210938 275.9090995788574 190.37094116210938 275.9090995788574 262.56412506103516 245.0287322998047 262.56412506103516
245.7954864501953 190.1822509765625 276.540584564209 190.1822509765625 276.540584564209 260.44783782958984 245.7954864501953 260.44783782958984
246.2284393310547 189.09632873535156 276.28541564941406 189.09632873535156 276.28541564941406 261.85770416259766 246.2284393310547 261.85770416259766
246.52627563476562 190.2270965576172 277.07591819763184 190.2270965576172 277.07591819763184 262.49185943603516 246.52627563476562 262.49185943603516
245.96914672851562 188.83084106445312 277.84380531311035 188.83084106445312 277.84380531311035 262.5077590942383 245.96914672851562 262.5077590942383
247.60791015625 189.03836059570312 278.61130142211914 189.03836059570312 278.61130142211914 262.18407440185547 247.60791015625 262.18407440185547
246.898193359375 188.589599609375 278.1697292327881 188.589599609375 278.1697292327881 264.73661041259766 246.898193359375 264.73661041259766
241.5009002685547 190.5474395751953 279.8563766479492 190.5474395751953 279.8563766479492 260.511474609375 241.5009002685547 260.511474609375
216.3054962158203 189.0070037841797 255.07653045654297 189.0070037841797 255.07653045654297 261.91546630859375 216.3054962158203 261.91546630859375
226.9674072265625 193.2409210205078 265.6123504638672 193.2409210205078 265.6123504638672 263.8860778808594 226.9674072265625 263.8860778808594
223.69924926757812 193.49874877929688 262.2882308959961 193.49874877929688 262.2882308959961 263.1906280517578 223.69924926757812 263.1906280517578
224.7400360107422 193.97598266601562 261.09983825683594 193.97598266601562 261.09983825683594 261.278076171875 224.7400360107422 261.278076171875
226.6883087158203 191.5548553466797 262.17453384399414 191.5548553466797 262.17453384399414 263.6935043334961 226.6883087158203 263.6935043334961
227.00234985351562 196.07626342773438 261.1871871948242 196.07626342773438 261.1871871948242 267.4747772216797 227.00234985351562 267.4747772216797
227.65383911132812 192.271728515625 263.5434989929199 192.271728515625 263.5434989929199 264.70652770996094 227.65383911132812 264.70652770996094
226.58786010742188 194.28634643554688 263.51701736450195 194.28634643554688 263.51701736450195 264.7742156982422 226.58786010742188 264.7742156982422
227.64901733398438 193.5806427001953 263.18544006347656 193.5806427001953 263.18544006347656 262.6633605957031 227.64901733398438 262.6633605957031
229.49569702148438 192.4517059326172 264.3055000305176 192.4517059326172 264.3055000305176 262.9104232788086 229.49569702148438 262.9104232788086
228.6699676513672 191.8223114013672 261.78612899780273 191.8223114013672 261.78612899780273 264.3185729980469 228.6699676513672 264.3185729980469
231.2340545654297 193.1954803466797 265.23724365234375 193.1954803466797 265.23724365234375 262.843994140625 231.2340545654297 262.843994140625
229.35678100585938 193.9539031982422 262.3640327453613 193.9539031982422 262.3640327453613 263.90321350097656 229.35678100585938 263.90321350097656
231.8901824951172 192.6477508544922 263.3734531402588 192.6477508544922 263.3734531402588 265.2157440185547 231.8901824951172 265.2157440185547
232.686767578125 195.9556427001953 263.3255214691162 195.9556427001953 263.3255214691162 265.4410934448242 232.686767578125 265.4410934448242
231.6790771484375 194.64297485351562 261.9884147644043 194.64297485351562 261.9884147644043 266.5074768066406 231.6790771484375 266.5074768066406
233.87606811523438 193.82281494140625 263.74707984924316 193.82281494140625 263.74707984924316 265.81427001953125 233.87606811523438 265.81427001953125
233.47488403320312 195.26925659179688 263.20659255981445 195.26925659179688 263.20659255981445 266.3014450073242 233.47488403320312 266.3014450073242
233.8783721923828 194.51968383789062 263.5283451080322 194.51968383789062 263.5283451080322 265.0819854736328 233.8783721923828 265.0819854736328
235.2709503173828 198.0657501220703 264.22008323669434 198.0657501220703 264.22008323669434 266.42295837402344 235.2709503173828 266.42295837402344
234.10693359375 196.521240234375 263.9031734466553 196.521240234375 263.9031734466553 266.0164337158203 234.10693359375 266.0164337158203
235.8228759765625 197.1829833984375 264.7752437591553 197.1829833984375 264.7752437591553 266.89439392089844 235.8228759765625 266.89439392089844
235.4052276611328 197.39022827148438 264.32860374450684 197.39022827148438 264.32860374450684 264.4275665283203 235.4052276611328 264.4275665283203
234.7711181640625 195.4546356201172 264.16069412231445 195.4546356201172 264.16069412231445 263.0490417480469 234.7711181640625 263.0490417480469
234.8749237060547 196.3281707763672 264.30124855041504 196.3281707763672 264.30124855041504 263.16544342041016 234.8749237060547 263.16544342041016
234.70230102539062 194.44985961914062 263.24853515625 194.44985961914062 263.24853515625 264.9518508911133 234.70230102539062 264.9518508911133
234.6687774658203 195.38528442382812 263.8978729248047 195.38528442382812 263.8978729248047 265.2151336669922 234.6687774658203 265.2151336669922
235.3387908935547 196.4670867919922 264.98727798461914 196.4670867919922 264.98727798461914 266.15430450439453 235.3387908935547 266.15430450439453
235.539306640625 195.48606872558594 264.4004878997803 195.48606872558594 264.4004878997803 265.84881591796875 235.539306640625 265.84881591796875
235.8199005126953 197.58673095703125 265.64239501953125 197.58673095703125 265.64239501953125 266.7457046508789 235.8199005126953 266.7457046508789
236.01321411132812 198.1321563720703 266.1921329498291 198.1321563720703 266.1921329498291 269.41156005859375 236.01321411132812 269.41156005859375
237.1404266357422 199.31777954101562 266.89601135253906 199.31777954101562 266.89601135253906 271.3329620361328 237.1404266357422 271.3329620361328
237.8726806640625 198.93125915527344 267.1045570373535 198.93125915527344 267.1045570373535 269.3908386230469 237.8726806640625 269.3908386230469
238.55078125 198.37765502929688 268.0543212890625 198.37765502929688 268.0543212890625 268.38490295410156 238.55078125 268.38490295410156
239.54177856445312 196.71383666992188 268.8512420654297 196.71383666992188 268.8512420654297 268.9019317626953 239.54177856445312 268.9019317626953
240.889892578125 196.09075927734375 270.144983291626 196.09075927734375 270.144983291626 270.48045349121094 240.889892578125 270.48045349121094
239.9639434814453 196.16281127929688 269.92261123657227 196.16281127929688 269.92261123657227 269.44017028808594 239.9639434814453 269.44017028808594
241.1939239501953 197.1177978515625 269.8206367492676 197.1177978515625 269.8206367492676 269.9063720703125 241.1939239501953 269.9063720703125
242.3057098388672 195.522705078125 270.3821258544922 195.522705078125 270.3821258544922 270.0457077026367 242.3057098388672 270.0457077026367
243.3160400390625 195.58566284179688 271.1512870788574 195.58566284179688 271.1512870788574 265.8699645996094 243.3160400390625 265.8699645996094
243.4709014892578 199.14767456054688 271.43071937561035 199.14767456054688 271.43071937561035 267.3918914794922 243.4709014892578 267.3918914794922
243.70571899414062 197.1630096435547 272.6364097595215 197.1630096435547 272.6364097595215 266.7723693847656 243.70571899414062 266.7723693847656
244.5615234375 198.62533569335938 273.2699222564697 198.62533569335938 273.2699222564697 270.1890182495117 244.5615234375 270.1890182495117
245.26699829101562 198.2522430419922 273.59560775756836 198.2522430419922 273.59560775756836 268.4255676269531 245.26699829101562 268.4255676269531
245.6052703857422 197.8273468017578 273.8923530578613 197.8273468017578 273.8923530578613 267.8029556274414 245.6052703857422 267.8029556274414
246.6240234375 199.4268341064453 274.3425941467285 199.4268341064453 274.3425941467285 268.5845031738281 246.6240234375 268.5845031738281
246.48495483398438 198.33871459960938 273.8361053466797 198.33871459960938 273.8361053466797 267.27317810058594 246.48495483398438 267.27317810058594
247.4936065673828 198.09640502929688 274.49506759643555 198.09640502929688 274.49506759643555 265.7128143310547 247.4936065673828 265.7128143310547
247.73959350585938 199.4173583984375 274.8892059326172 199.4173583984375 274.8892059326172 264.39170837402344 247.73959350585938 264.39170837402344
248.426513671875 196.845703125 275.03912353515625 196.845703125 275.03912353515625 264.79669189453125 248.426513671875 264.79669189453125
243.0824737548828 199.0594940185547 275.96216201782227 199.0594940185547 275.96216201782227 260.06307220458984 243.0824737548828 260.06307220458984
216.0039520263672 200.469482421875 247.6815586090088 200.469482421875 247.6815586090088 264.56372833251953 216.0039520263672 264.56372833251953
229.4077606201172 198.904296875 261.76819610595703 198.904296875 261.76819610595703 261.3613700866699 229.4077606201172 261.3613700866699
222.9518585205078 201.9257049560547 255.83898544311523 201.9257049560547 255.83898544311523 263.99674224853516 222.9518585205078 263.99674224853516
227.2703399658203 199.3563690185547 260.20811462402344 199.3563690185547 260.20811462402344 262.47727966308594 227.2703399658203 262.47727966308594
227.9904022216797 199.4348907470703 260.27309799194336 199.4348907470703 260.27309799194336 263.67322540283203 227.9904022216797 263.67322540283203
228.3444366455078 200.49440002441406 259.96593856811523 200.49440002441406 259.96593856811523 268.4152526855469 228.3444366455078 268.4152526855469
228.9539794921875 198.16964721679688 261.7250671386719 198.16964721679688 261.7250671386719 268.17510986328125 228.9539794921875 268.17510986328125
227.29837036132812 200.34329223632812 261.7873229980469 200.34329223632812 261.7873229980469 269.22483825683594 227.29837036132812 269.22483825683594
231.2308807373047 201.93345642089844 264.3472595214844 201.93345642089844 264.3472595214844 268.5496292114258 231.2308807373047 268.5496292114258
231.50131225585938 200.6026611328125 265.8836555480957 200.6026611328125 265.8836555480957 266.5963897705078 231.50131225585938 266.5963897705078
231.37918090820312 199.3977508544922 264.03192138671875 199.3977508544922 264.03192138671875 268.318115234375 231.37918090820312 268.318115234375
234.58370971679688 202.4446563720703 267.3148422241211 202.4446563720703 267.3148422241211 271.62811279296875 234.58370971679688 271.62811279296875
232.08419799804688 200.19866943359375 263.9478340148926 200.19866943359375 263.9478340148926 271.210693359375 232.08419799804688 271.210693359375
234.68710327148438 200.2719268798828 266.3647880554199 200.2719268798828 266.3647880554199 272.9527587890625 234.68710327148438 272.9527587890625
234.6858673095703 199.41851806640625 265.6741580963135 199.41851806640625 265.6741580963135 272.9512481689453 234.6858673095703 272.9512481689453
235.23727416992188 198.96502685546875 264.4809684753418 198.96502685546875 264.4809684753418 272.6012268066406 235.23727416992188 272.6012268066406
236.3976593017578 199.9684600830078 266.79306411743164 199.9684600830078 266.79306411743164 275.78234100341797 236.3976593017578 275.78234100341797
238.54287719726562 202.3240966796875 268.0744113922119 202.3240966796875 268.0744113922119 273.7855224609375 238.54287719726562 273.7855224609375
239.1943359375 199.28305053710938 268.9375190734863 199.28305053710938 268.9375190734863 269.8284378051758 239.1943359375 269.8284378051758
236.86312866210938 201.70742797851562 267.5559997558594 201.70742797851562 267.5559997558594 271.9133834838867 236.86312866210938 271.9133834838867
238.5096435546875 199.7879180908203 268.6483497619629 199.7879180908203 268.6483497619629 270.9123840332031 238.5096435546875 270.9123840332031
239.816162109375 199.1682586669922 271.60430908203125 199.1682586669922 271.60430908203125 270.7797546386719 239.816162109375 270.7797546386719
239.8782196044922 200.2285614013672 268.84756088256836 200.2285614013672 268.84756088256836 273.8364028930664 239.8782196044922 273.8364028930664
239.6450653076172 199.71969604492188 269.9835147857666 199.71969604492188 269.9835147857666 274.30626678466797 239.6450653076172 274.30626678466797
240.2937469482422 203.92237854003906 270.1127128601074 203.92237854003906 270.1127128601074 275.3723602294922 240.2937469482422 275.3723602294922
241.37313842773438 204.49508666992188 270.4299564361572 204.49508666992188 270.4299564361572 277.50414276123047 241.37313842773438 277.50414276123047
241.47549438476562 200.5978546142578 271.45672607421875 200.5978546142578 271.45672607421875 274.04522705078125 241.47549438476562 274.04522705078125
242.4431915283203 203.856689453125 271.3738498687744 203.856689453125 271.3738498687744 275.9737243652344 242.4431915283203 275.9737243652344
242.59225463867188 204.71896362304688 271.336462020874 204.71896362304688 271.336462020874 274.04756927490234 242.59225463867188 274.04756927490234
243.81680297851562 201.85279846191406 272.6422519683838 201.85279846191406 272.6422519683838 271.8861541748047 243.81680297851562 271.8861541748047
243.4284210205078 202.5591278076172 271.9931449890137 202.5591278076172 271.9931449890137 273.06744384765625 243.4284210205078 273.06744384765625
244.61428833007812 200.9890594482422 273.704065322876 200.9890594482422 273.704065322876 271.5993881225586 244.61428833007812 271.5993881225586
244.0531768798828 200.50210571289062 272.6073455810547 200.50210571289062 272.6073455810547 269.8341522216797 244.0531768798828 269.8341522216797
244.48184204101562 201.06134033203125 273.4680290222168 201.06134033203125 273.4680290222168 273.6443099975586 244.48184204101562 273.6443099975586
243.8986358642578 200.7266387939453 273.29848861694336 200.7266387939453 273.29848861694336 272.69969940185547 243.8986358642578 272.69969940185547
245.47836303710938 201.46287536621094 274.14234924316406 201.46287536621094 274.14234924316406 274.34190368652344 245.47836303710938 274.34190368652344
245.97988891601562 201.4108428955078 274.5233917236328 201.4108428955078 274.5233917236328 274.8028869628906 245.97988891601562 274.8028869628906
246.47512817382812 202.18333435058594 275.2724304199219 202.18333435058594 275.2724304199219 276.19689178466797 246.47512817382812 276.19689178466797
246.11013793945312 200.25851440429688 274.94284439086914 200.25851440429688 274.94284439086914 275.1641845703125 246.11013793945312 275.1641845703125
247.5804901123047 204.74278259277344 276.44480895996094 204.74278259277344 276.44480895996094 277.48607635498047 247.5804901123047 277.48607635498047
248.10494995117188 204.47300720214844 277.1201057434082 204.47300720214844 277.1201057434082 277.2784957885742 248.10494995117188 277.2784957885742
248.42959594726562 200.7765350341797 277.00371742248535 200.7765350341797 277.00371742248535 274.2058334350586 248.42959594726562 274.2058334350586
247.7387237548828 200.528076171875 276.5503787994385 200.528076171875 276.5503787994385 275.86473083496094 247.7387237548828 275.86473083496094
249.375732421875 202.3726348876953 279.1378421783447 202.3726348876953 279.1378421783447 277.01702880859375 249.375732421875 277.01702880859375
248.7887725830078 199.4689178466797 277.9689693450928 199.4689178466797 277.9689693450928 276.9458999633789 248.7887725830078 276.9458999633789
248.67404174804688 199.54624938964844 277.5727119445801 199.54624938964844 277.5727119445801 277.1999969482422 248.67404174804688 277.1999969482422
249.5658416748047 198.20883178710938 279.15036964416504 198.20883178710938 279.15036964416504 275.4600524902344 249.5658416748047 275.4600524902344
248.1554412841797 197.9331512451172 278.266300201416 197.9331512451172 278.266300201416 274.2806396484375 248.1554412841797 274.2806396484375
249.9012908935547 199.32508850097656 279.26120948791504 199.32508850097656 279.26120948791504 276.6073303222656 249.9012908935547 276.6073303222656
249.4467010498047 201.02952575683594 279.1353454589844 201.02952575683594 279.1353454589844 274.20191192626953 249.4467010498047 274.20191192626953
249.6158905029297 199.0851287841797 280.10997581481934 199.0851287841797 280.10997581481934 276.6886978149414 249.6158905029297 276.6886978149414
250.286376953125 201.60227966308594 279.90399169921875 201.60227966308594 279.90399169921875 276.8078308105469 250.286376953125 276.8078308105469
249.88186645507812 202.2534637451172 280.30580139160156 202.2534637451172 280.30580139160156 277.1466293334961 249.88186645507812 277.1466293334961
249.61996459960938 202.9705352783203 280.64495849609375 202.9705352783203 280.64495849609375 279.34979248046875 249.61996459960938 279.34979248046875
249.8306121826172 202.48512268066406 280.86866760253906 202.48512268066406 280.86866760253906 277.27284240722656 249.8306121826172 277.27284240722656
249.30160522460938 202.24864196777344 280.33144760131836 202.24864196777344 280.33144760131836 277.0516052246094 249.30160522460938 277.0516052246094
250.2985076904297 201.9832305908203 280.9626579284668 201.9832305908203 280.9626579284668 275.6704864501953 250.2985076904297 275.6704864501953
250.63986206054688 203.10549926757812 281.3894233703613 203.10549926757812 281.3894233703613 275.09458923339844 250.63986206054688 275.09458923339844
251.1490478515625 203.78176879882812 281.7528018951416 203.78176879882812 281.7528018951416 277.67698669433594 251.1490478515625 277.67698669433594
251.1766815185547 202.147216796875 281.4024353027344 202.147216796875 281.4024353027344 277.24168395996094 251.1766815185547 277.24168395996094
252.8104248046875 202.7918243408203 283.04107666015625 202.7918243408203 283.04107666015625 279.5115737915039 252.8104248046875 279.5115737915039
251.61190795898438 201.80580139160156 282.15917587280273 201.80580139160156 282.15917587280273 277.2322769165039 251.61190795898438 277.2322769165039
252.4449920654297 200.60726928710938 282.38120460510254 200.60726928710938 282.38120460510254 279.3866424560547 252.4449920654297 279.3866424560547
253.1890106201172 201.90078735351562 283.97314071655273 201.90078735351562 283.97314071655273 280.2956314086914 253.1890106201172 280.2956314086914
252.77249145507812 201.5080108642578 283.9245204925537 201.5080108642578 283.9245204925537 280.8307189941406 252.77249145507812 280.8307189941406
253.7587890625 202.23899841308594 284.9726219177246 202.23899841308594 284.9726219177246 281.21204376220703 253.7587890625 281.21204376220703
254.2650909423828 202.99356079101562 286.2916450500488 202.99356079101562 286.2916450500488 282.4160614013672 254.2650909423828 282.4160614013672
253.9490966796875 202.35458374023438 286.1919860839844 202.35458374023438 286.1919860839844 284.2597122192383 253.9490966796875 284.2597122192383
254.45822143554688 201.61004638671875 287.5434455871582 201.61004638671875 287.5434455871582 282.6060791015625 254.45822143554688 282.6060791015625
255.4423370361328 200.02206420898438 287.5951919555664 200.02206420898438 287.5951919555664 280.2687530517578 255.4423370361328 280.2687530517578
256.1663513183594 202.02792358398438 288.18072509765625 202.02792358398438 288.18072509765625 281.76119232177734 256.1663513183594 281.76119232177734
258.32012939453125 199.11798095703125 290.00805282592773 199.11798095703125 290.00805282592773 280.51210021972656 258.32012939453125 280.51210021972656
257.9905090332031 201.67324829101562 289.5089931488037 201.67324829101562 289.5089931488037 282.4322814941406 257.9905090332031 282.4322814941406
258.5677185058594 201.47494506835938 291.1039237976074 201.47494506835938 291.1039237976074 282.8782196044922 258.5677185058594 282.8782196044922
259.357421875 202.2023162841797 291.42333984375 202.2023162841797 291.42333984375 282.8762893676758 259.357421875 282.8762893676758
259.103759765625 201.8166961669922 291.2551612854004 201.8166961669922 291.2551612854004 279.2113342285156 259.103759765625 279.2113342285156
260.0124206542969 202.8354949951172 290.7696170806885 202.8354949951172 290.7696170806885 279.20513916015625 260.0124206542969 279.20513916015625
261.60479736328125 203.99172973632812 291.6911163330078 203.99172973632812 291.6911163330078 280.50997161865234 261.60479736328125 280.50997161865234
261.4638366699219 203.00070190429688 291.9871940612793 203.00070190429688 291.9871940612793 282.0026092529297 261.4638366699219 282.0026092529297
262.32000732421875 200.36061096191406 293.13621520996094 200.36061096191406 293.13621520996094 280.18788146972656 262.32000732421875 280.18788146972656
262.338134765625 202.56680297851562 292.5504398345947 202.56680297851562 292.5504398345947 283.1083221435547 262.338134765625 283.1083221435547
262.97271728515625 202.17495727539062 294.34465980529785 202.17495727539062 294.34465980529785 282.4655303955078 262.97271728515625 282.4655303955078
264.46417236328125 203.87197875976562 295.5362968444824 203.87197875976562 295.5362968444824 282.9476852416992 264.46417236328125 282.9476852416992
263.4906921386719 203.9004364013672 295.46615982055664 203.9004364013672 295.46615982055664 284.50274658203125 263.4906921386719 284.50274658203125
265.2203369140625 203.38494873046875 297.4611015319824 203.38494873046875 297.4611015319824 282.07020568847656 265.2203369140625 282.07020568847656
265.37060546875 203.86941528320312 297.5625991821289 203.86941528320312 297.5625991821289 284.8080062866211 265.37060546875 284.8080062866211
266.22784423828125 205.6279754638672 299.08466720581055 205.6279754638672 299.08466720581055 287.67047119140625 266.22784423828125 287.67047119140625
266.4850158691406 203.8357391357422 299.94132232666016 203.8357391357422 299.94132232666016 284.58411407470703 266.4850158691406 284.58411407470703
266.81536865234375 203.58505249023438 299.89069747924805 203.58505249023438 299.89069747924805 284.1741256713867 266.81536865234375 284.1741256713867
267.4200744628906 203.49208068847656 300.1842727661133 203.49208068847656 300.1842727661133 286.1219024658203 267.4200744628906 286.1219024658203
268.51873779296875 204.55516052246094 299.89104652404785 204.55516052246094 299.89104652404785 286.4148406982422 268.51873779296875 286.4148406982422
268.820068359375 202.95620727539062 300.1520290374756 202.95620727539062 300.1520290374756 283.9295120239258 268.820068359375 283.9295120239258
269.75048828125 203.2276611328125 300.4161319732666 203.2276611328125 300.4161319732666 286.4539794921875 269.75048828125 286.4539794921875
271.166259765625 204.99710083007812 301.2058162689209 204.99710083007812 301.2058162689209 286.7316436767578 271.166259765625 286.7316436767578
271.0845642089844 205.95932006835938 302.16315269470215 205.95932006835938 302.16315269470215 286.98902893066406 271.0845642089844 286.98902893066406
272.36138916015625 204.75332641601562 302.70903968811035 204.75332641601562 302.70903968811035 285.91925048828125 272.36138916015625 285.91925048828125
271.75347900390625 205.82528686523438 302.9913444519043 205.82528686523438 302.9913444519043 287.8532257080078 271.75347900390625 287.8532257080078
272.7200622558594 207.0115509033203 303.5543022155762 207.0115509033203 303.5543022155762 287.35264587402344 272.7200622558594 287.35264587402344
273.99652099609375 205.8133544921875 305.42331314086914 205.8133544921875 305.42331314086914 286.96077728271484 273.99652099609375 286.96077728271484
275.01934814453125 206.2026824951172 306.2081699371338 206.2026824951172 306.2081699371338 285.0223083496094 275.01934814453125 285.0223083496094
275.90362548828125 206.2503204345703 306.5363063812256 206.2503204345703 306.5363063812256 283.3840637207031 275.90362548828125 283.3840637207031
276.530029296875 205.2741241455078 307.060510635376 205.2741241455078 307.060510635376 284.3138198852539 276.530029296875 284.3138198852539
277.598876953125 205.30093383789062 307.8663749694824 205.30093383789062 307.8663749694824 284.6543884277344 277.598876953125 284.6543884277344
278.4784240722656 207.300048828125 308.1475639343262 207.300048828125 308.1475639343262 285.4601135253906 278.4784240722656 285.4601135253906
277.51434326171875 205.7644500732422 307.2110958099365 205.7644500732422 307.2110958099365 283.6738739013672 277.51434326171875 283.6738739013672
277.5996398925781 205.664306640625 308.0523262023926 205.664306640625 308.0523262023926 284.2783966064453 277.5996398925781 284.2783966064453
278.8285827636719 207.4568634033203 309.41482162475586 207.4568634033203 309.41482162475586 286.5478973388672 278.8285827636719 286.5478973388672
279.02459716796875 206.20321655273438 308.8902282714844 206.20321655273438 308.8902282714844 286.19480895996094 279.02459716796875 286.19480895996094
279.2620544433594 207.25338745117188 309.56415939331055 207.25338745117188 309.56415939331055 289.06261444091797 279.2620544433594 289.06261444091797
279.29180908203125 207.3984832763672 310.14759254455566 207.3984832763672 310.14759254455566 287.3433303833008 279.29180908203125 287.3433303833008
280.6575012207031 208.1837921142578 311.0317783355713 208.1837921142578 311.0317783355713 286.6872329711914 280.6575012207031 286.6872329711914
280.20074462890625 207.6468505859375 311.3102321624756 207.6468505859375 311.3102321624756 285.9639587402344 280.20074462890625 285.9639587402344
282.0940246582031 210.18423461914062 313.4226932525635 210.18423461914062 313.4226932525635 288.38072204589844 282.0940246582031 288.38072204589844
281.98602294921875 210.7860870361328 312.5033264160156 210.7860870361328 312.5033264160156 290.6214370727539 281.98602294921875 290.6214370727539
282.0375671386719 208.9867706298828 314.004150390625 208.9867706298828 314.004150390625 288.09349060058594 282.0375671386719 288.09349060058594
283.03228759765625 209.4849395751953 314.23595809936523 209.4849395751953 314.23595809936523 289.9453353881836 283.03228759765625 289.9453353881836
283.3346252441406 207.43807983398438 315.4174270629883 207.43807983398438 315.4174270629883 287.6188507080078 283.3346252441406 287.6188507080078
284.1437072753906 209.1945343017578 316.30431365966797 209.1945343017578 316.30431365966797 287.6184616088867 284.1437072753906 287.6184616088867
285.2901306152344 209.28622436523438 317.4377784729004 209.28622436523438 317.4377784729004 288.3998336791992 285.2901306152344 288.3998336791992
284.787109375 211.02572631835938 317.07740783691406 211.02572631835938 317.07740783691406 290.3726272583008 284.787109375 290.3726272583008
286.9088134765625 207.92684936523438 318.9675979614258 207.92684936523438 318.9675979614258 289.7622604370117 286.9088134765625 289.7622604370117
284.92724609375 209.45932006835938 317.53581619262695 209.45932006835938 317.53581619262695 292.0900115966797 284.92724609375 292.0900115966797
286.5858154296875 208.77236938476562 318.7653503417969 208.77236938476562 318.7653503417969 290.8904571533203 286.5858154296875 290.8904571533203
287.5575866699219 209.010986328125 320.67730712890625 209.010986328125 320.67730712890625 289.7009735107422 287.5575866699219 289.7009735107422
287.619384765625 208.9748077392578 320.27719497680664 208.9748077392578 320.27719497680664 290.7347640991211 287.619384765625 290.7347640991211
289.89984130859375 212.0915985107422 322.0204086303711 212.0915985107422 322.0204086303711 291.85809326171875 289.89984130859375 291.85809326171875
290.64764404296875 212.19308471679688 322.5631446838379 212.19308471679688 322.5631446838379 291.5858459472656 290.64764404296875 291.5858459472656
291.3898620605469 211.00772094726562 323.3824119567871 211.00772094726562 323.3824119567871 289.6094207763672 291.3898620605469 289.6094207763672
293.0559997558594 211.37893676757812 324.9416904449463 211.37893676757812 324.9416904449463 290.1900863647461 293.0559997558594 290.1900863647461
295.16827392578125 211.8837432861328 325.6505126953125 211.8837432861328 325.6505126953125 289.5979919433594 295.16827392578125 289.5979919433594
294.7874450683594 212.0327911376953 325.97279357910156 212.0327911376953 325.97279357910156 289.5475769042969 294.7874450683594 289.5475769042969
295.30010986328125 210.8985137939453 326.2357883453369 210.8985137939453 326.2357883453369 288.7583923339844 295.30010986328125 288.7583923339844
295.05633544921875 210.3173828125 326.0758171081543 210.3173828125 326.0758171081543 288.4616165161133 295.05633544921875 288.4616165161133
297.1683349609375 210.2275848388672 327.49440574645996 210.2275848388672 327.49440574645996 288.1347122192383 297.1683349609375 288.1347122192383
296.76544189453125 213.3905792236328 326.18549728393555 213.3905792236328 326.18549728393555 289.0335998535156 296.76544189453125 289.0335998535156
298.08026123046875 212.3057403564453 327.49656105041504 212.3057403564453 327.49656105041504 289.7045364379883 298.08026123046875 289.7045364379883
297.22698974609375 212.41128540039062 327.256649017334 212.41128540039062 327.256649017334 288.76290130615234 297.22698974609375 288.76290130615234
298.644775390625 213.0115509033203 328.83166885375977 213.0115509033203 328.83166885375977 289.50885009765625 298.644775390625 289.50885009765625
297.21331787109375 214.614990234375 327.3776035308838 214.614990234375 327.3776035308838 291.45262145996094 297.21331787109375 291.45262145996094
298.1656799316406 216.16720581054688 327.45616149902344 216.16720581054688 327.45616149902344 290.8854446411133 298.1656799316406 290.8854446411133
