79.0 206.0 127.0 206.0 127.0 322.0 79.0 322.0
78.71658325195312 206.38671875 126.72017288208008 206.38671875 126.72017288208008 320.4507827758789 78.71658325195312 320.4507827758789
78.09681701660156 207.3153076171875 126.19678497314453 207.3153076171875 126.19678497314453 319.33738708496094 78.09681701660156 319.33738708496094
78.05506134033203 206.44955444335938 125.92770385742188 206.44955444335938 125.92770385742188 319.5884323120117 78.05506134033203 319.5884323120117
78.34783935546875 206.84719848632812 124.8242301940918 206.84719848632812 124.8242301940918 318.5611038208008 78.34783935546875 318.5611038208008
77.7036361694336 207.0721435546875 125.1534423828125 207.0721435546875 125.1534423828125 318.3673553466797 77.7036361694336 318.3673553466797
77.90995788574219 205.9922332763672 124.61396408081055 205.9922332763672 124.61396408081055 318.2639846801758 77.90995788574219 318.2639846801758
77.56147766113281 204.23123168945312 124.36917495727539 204.23123168945312 124.36917495727539 318.0737762451172 77.56147766113281 318.0737762451172
77.40968322753906 204.7334442138672 123.52971649169922 204.7334442138672 123.52971649169922 317.69091796875 77.40968322753906 317.69091796875
77.30006408691406 204.18533325195312 123.66033935546875 204.18533325195312 123.66033935546875 316.9010543823242 77.30006408691406 316.9010543823242
76.55587005615234 202.9154052734375 123.29594039916992 202.9154052734375 123.29594039916992 317.1645050048828 76.55587005615234 317.1645050048828
76.86502838134766 202.82815551757812 123.31274032592773 202.82815551757812 123.31274032592773 317.4049606323242 76.86502838134766 317.4049606323242
76.73892974853516 202.84349060058594 123.03045654296875 202.84349060058594 123.03045654296875 317.5589599609375 76.73892974853516 317.5589599609375
77.0075454711914 203.62489318847656 122.69514465332031 203.62489318847656 122.69514465332031 316.03651428222656 77.0075454711914 316.03651428222656
76.5670166015625 201.77212524414062 121.9844856262207 201.77212524414062 121.9844856262207 317.11354064941406 76.5670166015625 317.11354064941406
76.7579116821289 201.6922149658203 122.6995849609375 201.6922149658203 122.6995849609375 316.0993957519531 76.7579116821289 316.0993957519531
76.7990493774414 200.088623046875 122.43094635009766 200.088623046875 122.43094635009766 315.49346923828125 76.7990493774414 315.49346923828125
77.02242279052734 200.69491577148438 122.37424087524414 200.69491577148438 122.37424087524414 313.53562927246094 77.02242279052734 313.53562927246094
77.27973937988281 200.9880828857422 122.40349197387695 200.9880828857422 122.40349197387695 313.3497009277344 77.27973937988281 313.3497009277344
77.4401626586914 200.27078247070312 122.92744064331055 200.27078247070312 122.92744064331055 313.18714141845703 77.4401626586914 313.18714141845703
77.19132232666016 198.83975219726562 123.0071792602539 198.83975219726562 123.0071792602539 312.63829040527344 77.19132232666016 312.63829040527344
77.47489929199219 198.3540802001953 123.22832489013672 198.3540802001953 123.22832489013672 311.78446197509766 77.47489929199219 311.78446197509766
77.9812240600586 197.9278106689453 124.16118621826172 197.9278106689453 124.16118621826172 312.0437774658203 77.9812240600586 312.0437774658203
78.9969253540039 197.61459350585938 124.46454620361328 197.61459350585938 124.46454620361328 311.1535949707031 78.9969253540039 311.1535949707031
78.51822662353516 195.6853485107422 125.53169250488281 195.6853485107422 125.53169250488281 309.2171096801758 78.51822662353516 309.2171096801758
78.61641693115234 196.94091796875 124.87098693847656 196.94091796875 124.87098693847656 311.28163146972656 78.61641693115234 311.28163146972656
79.66667938232422 197.24778747558594 125.4808578491211 197.24778747558594 125.4808578491211 308.7392883300781 79.66667938232422 308.7392883300781
80.4842300415039 194.14308166503906 126.29987335205078 194.14308166503906 126.29987335205078 306.99185943603516 80.4842300415039 306.99185943603516
80.48789978027344 195.983154296875 127.3126335144043 195.983154296875 127.3126335144043 308.67832946777344 80.48789978027344 308.67832946777344
81.69093322753906 197.22122192382812 127.6467514038086 197.22122192382812 127.6467514038086 307.1921691894531 81.69093322753906 307.1921691894531
82.13150024414062 195.40892028808594 128.5503158569336 195.40892028808594 128.5503158569336 305.57112884521484 82.13150024414062 305.57112884521484
82.21101379394531 193.61422729492188 129.60937118530273 193.61422729492188 129.60937118530273 306.03614044189453 82.21101379394531 306.03614044189453
83.66392517089844 194.17080688476562 130.6106185913086 194.17080688476562 130.6106185913086 303.9501495361328 83.66392517089844 303.9501495361328
84.20939636230469 194.10946655273438 131.77162551879883 194.10946655273438 131.77162551879883 303.1255645751953 84.20939636230469 303.1255645751953
84.48262023925781 192.83847045898438 132.98456192016602 192.83847045898438 132.98456192016602 303.1632614135742 84.48262023925781 303.1632614135742
86.47386932373047 193.18368530273438 134.00863647460938 193.18368530273438 134.00863647460938 301.98401641845703 86.47386932373047 301.98401641845703
87.4678955078125 192.9689483642578 134.95189666748047 192.9689483642578 134.95189666748047 300.89818572998047 87.4678955078125 300.89818572998047
87.3749771118164 192.9182891845703 136.00604248046875 192.9182891845703 136.00604248046875 300.49415588378906 87.3749771118164 300.49415588378906
88.0170669555664 193.46694946289062 136.74095153808594 193.46694946289062 136.74095153808594 300.7425003051758 88.0170669555664 300.7425003051758
90.6094741821289 190.88632202148438 138.26568222045898 190.88632202148438 138.26568222045898 298.38439178466797 90.6094741821289 298.38439178466797
90.71399688720703 192.892333984375 139.63325881958008 192.892333984375 139.63325881958008 298.6816177368164 90.71399688720703 298.6816177368164
92.15083312988281 189.72000122070312 141.61293029785156 189.72000122070312 141.61293029785156 296.1334991455078 92.15083312988281 296.1334991455078
93.86859130859375 191.21896362304688 142.59115600585938 191.21896362304688 142.59115600585938 296.36619567871094 93.86859130859375 296.36619567871094
93.86812591552734 190.2405548095703 143.30428314208984 190.2405548095703 143.30428314208984 297.2464904785156 93.86812591552734 297.2464904785156
94.53974914550781 191.35809326171875 144.0596694946289 191.35809326171875 144.0596694946289 298.37410736083984 94.53974914550781 298.37410736083984
96.70178985595703 189.75753784179688 145.51799774169922 189.75753784179688 145.51799774169922 297.0186309814453 96.70178985595703 297.0186309814453
97.85990905761719 190.85079956054688 147.02183532714844 190.85079956054688 147.02183532714844 295.57860565185547 97.85990905761719 295.57860565185547
97.33460998535156 186.96392822265625 148.00938034057617 186.96392822265625 148.00938034057617 294.7787322998047 97.33460998535156 294.7787322998047
99.14793395996094 188.8742218017578 149.19814682006836 188.8742218017578 149.19814682006836 294.9195556640625 99.14793395996094 294.9195556640625
100.92588806152344 188.231201171875 150.03176879882812 188.231201171875 150.03176879882812 292.4005584716797 100.92588806152344 292.4005584716797
101.11107635498047 188.45877075195312 151.53378677368164 188.45877075195312 151.53378677368164 293.5444641113281 101.11107635498047 293.5444641113281
101.87081146240234 185.72509765625 151.5247344970703 185.72509765625 151.5247344970703 292.8117218017578 101.87081146240234 292.8117218017578
101.489990234375 184.4630889892578 152.45001983642578 184.4630889892578 152.45001983642578 291.9066925048828 101.489990234375 291.9066925048828
102.50077056884766 183.72991943359375 153.21337509155273 183.72991943359375 153.21337509155273 292.52122497558594 102.50077056884766 292.52122497558594
104.34297180175781 186.9254913330078 154.4727439880371 186.9254913330078 154.4727439880371 294.89989471435547 104.34297180175781 294.89989471435547
105.35639953613281 184.09130859375 155.28626251220703 184.09130859375 155.28626251220703 290.59464263916016 105.35639953613281 290.59464263916016
105.42391204833984 184.17593383789062 156.037353515625 184.17593383789062 156.037353515625 292.5558776855469 105.42391204833984 292.5558776855469
107.73089599609375 185.3914794921875 157.82015228271484 185.3914794921875 157.82015228271484 292.66259765625 107.73089599609375 292.66259765625
108.1739501953125 184.38455200195312 159.23508834838867 184.38455200195312 159.23508834838867 290.6749572753906 108.1739501953125 290.6749572753906
111.0784683227539 185.3388214111328 160.94658660888672 185.3388214111328 160.94658660888672 293.60455322265625 111.0784683227539 293.60455322265625
110.95011901855469 184.2939910888672 162.45662689208984 184.2939910888672 162.45662689208984 291.4099426269531 110.95011901855469 291.4099426269531
113.38005065917969 184.52493286132812 164.77502822875977 184.52493286132812 164.77502822875977 292.57312774658203 113.38005065917969 292.57312774658203
115.40999603271484 186.3080291748047 165.47043228149414 186.3080291748047 165.47043228149414 293.4405212402344 115.40999603271484 293.4405212402344
116.6520004272461 182.98194885253906 166.74446487426758 182.98194885253906 166.74446487426758 292.0725631713867 116.6520004272461 292.0725631713867
118.09651184082031 183.46583557128906 169.20660018920898 183.46583557128906 169.20660018920898 292.2686462402344 118.09651184082031 292.2686462402344
118.19548034667969 183.5309295654297 169.42804336547852 183.5309295654297 169.42804336547852 291.9997787475586 118.19548034667969 291.9997787475586
119.26353454589844 180.17539978027344 170.92248153686523 180.17539978027344 170.92248153686523 291.08770751953125 119.26353454589844 291.08770751953125
119.98271179199219 180.62728881835938 172.12662506103516 180.62728881835938 172.12662506103516 291.4125289916992 119.98271179199219 291.4125289916992
120.9979476928711 180.5590362548828 173.51235961914062 180.5590362548828 173.51235961914062 292.06237030029297 120.9979476928711 292.06237030029297
122.3916015625 179.3689727783203 174.44851684570312 179.3689727783203 174.44851684570312 291.47032928466797 122.3916015625 291.47032928466797
124.9112777709961 179.9158935546875 177.50579071044922 179.9158935546875 177.50579071044922 291.2725601196289 124.9112777709961 291.2725601196289
126.76039123535156 177.53262329101562 180.4558982849121 177.53262329101562 180.4558982849121 292.4151306152344 126.76039123535156 292.4151306152344
127.51313781738281 177.61265563964844 181.24517440795898 177.61265563964844 181.24517440795898 291.84312438964844 127.51313781738281 291.84312438964844
127.18528747558594 174.52708435058594 181.12045669555664 174.52708435058594 181.12045669555664 291.9258270263672 127.18528747558594 291.9258270263672
128.72515869140625 178.05703735351562 183.2082405090332 178.05703735351562 183.2082405090332 295.5591583251953 128.72515869140625 295.5591583251953
130.31924438476562 175.87997436523438 184.99848556518555 175.87997436523438 184.99848556518555 291.3992233276367 130.31924438476562 291.3992233276367
131.85394287109375 176.06900024414062 186.20355987548828 176.06900024414062 186.20355987548828 292.13255310058594 131.85394287109375 292.13255310058594
133.22183227539062 173.81484985351562 187.61690139770508 173.81484985351562 187.61690139770508 290.4431610107422 133.22183227539062 290.4431610107422
135.27401733398438 172.7857208251953 189.74394607543945 172.7857208251953 189.74394607543945 289.8065719604492 135.27401733398438 289.8065719604492
136.6994171142578 172.08663940429688 191.3052749633789 172.08663940429688 191.3052749633789 289.56092071533203 136.6994171142578 289.56092071533203
137.9204864501953 174.17835998535156 192.49913024902344 174.17835998535156 192.49913024902344 291.80030822753906 137.9204864501953 291.80030822753906
138.76077270507812 174.2374267578125 194.08422088623047 174.2374267578125 194.08422088623047 290.88829040527344 138.76077270507812 290.88829040527344
140.2144012451172 174.670166015625 195.1734848022461 174.670166015625 195.1734848022461 292.53746032714844 140.2144012451172 292.53746032714844
141.4674835205078 174.08810424804688 196.50858306884766 174.08810424804688 196.50858306884766 292.7299118041992 141.4674835205078 292.7299118041992
142.8209228515625 171.81784057617188 198.04668045043945 171.81784057617188 198.04668045043945 288.19297790527344 142.8209228515625 288.19297790527344
144.62112426757812 171.3936767578125 199.5489387512207 171.3936767578125 199.5489387512207 290.12752532958984 144.62112426757812 290.12752532958984
146.2785186767578 172.1529541015625 200.98254776000977 172.1529541015625 200.98254776000977 291.32177734375 146.2785186767578 291.32177734375
148.32986450195312 171.2361297607422 202.44512176513672 171.2361297607422 202.44512176513672 288.82530212402344 148.32986450195312 288.82530212402344
148.96566772460938 171.55384826660156 202.99834442138672 171.55384826660156 202.99834442138672 289.08812713623047 148.96566772460938 289.08812713623047
151.9617919921875 171.06228637695312 205.55891799926758 171.06228637695312 205.55891799926758 288.9652557373047 151.9617919921875 288.9652557373047
153.75039672851562 169.8836212158203 206.80214309692383 169.8836212158203 206.80214309692383 286.63919830322266 153.75039672851562 286.63919830322266
154.1089324951172 170.12863159179688 207.93511581420898 170.12863159179688 207.93511581420898 287.1728210449219 154.1089324951172 287.1728210449219
154.93063354492188 168.49839782714844 208.64326858520508 168.49839782714844 208.64326858520508 284.29109954833984 154.93063354492188 284.29109954833984
157.6418914794922 168.9375762939453 210.67514419555664 168.9375762939453 210.67514419555664 284.045654296875 157.6418914794922 284.045654296875
157.96499633789062 167.2830352783203 211.19808197021484 167.2830352783203 211.19808197021484 284.2410888671875 157.96499633789062 284.2410888671875
160.29603576660156 169.8307647705078 212.31487274169922 169.8307647705078 212.31487274169922 285.0960998535156 160.29603576660156 285.0960998535156
161.9732666015625 168.18919372558594 213.6774787902832 168.18919372558594 213.6774787902832 284.61959075927734 161.9732666015625 284.61959075927734
162.50526428222656 166.2657012939453 214.81469345092773 166.2657012939453 214.81469345092773 283.8415298461914 162.50526428222656 283.8415298461914
164.25222778320312 167.9206085205078 215.2160873413086 167.9206085205078 215.2160873413086 282.89295959472656 164.25222778320312 282.89295959472656
165.48812866210938 169.1925506591797 217.12084197998047 169.1925506591797 217.12084197998047 283.78328704833984 165.48812866210938 283.78328704833984
166.4823760986328 166.26202392578125 218.26981353759766 166.26202392578125 218.26981353759766 281.67691802978516 166.4823760986328 281.67691802978516
167.60507202148438 167.85968017578125 219.23745727539062 167.85968017578125 219.23745727539062 281.94960021972656 167.60507202148438 281.94960021972656
168.96432495117188 169.1067657470703 220.61703491210938 169.1067657470703 220.61703491210938 281.25345611572266 168.96432495117188 281.25345611572266
169.1729278564453 167.5841064453125 220.66278839111328 167.5841064453125 220.66278839111328 282.9987564086914 169.1729278564453 282.9987564086914
170.4820098876953 166.80308532714844 221.6545867919922 166.80308532714844 221.6545867919922 280.0156478881836 170.4820098876953 280.0156478881836
172.76025390625 166.8524627685547 222.8398208618164 166.8524627685547 222.8398208618164 279.0640869140625 172.76025390625 279.0640869140625
172.025146484375 166.1411895751953 223.42986297607422 166.1411895751953 223.42986297607422 279.9525909423828 172.025146484375 279.9525909423828
173.6620330810547 167.2296905517578 223.9449920654297 167.2296905517578 223.9449920654297 285.0268859863281 173.6620330810547 285.0268859863281
175.85032653808594 166.43875122070312 225.57683944702148 166.43875122070312 225.57683944702148 278.7113952636719 175.85032653808594 278.7113952636719
176.7551727294922 166.5001983642578 226.10700607299805 166.5001983642578 226.10700607299805 276.8812789916992 176.7551727294922 276.8812789916992
177.60134887695312 164.814453125 226.71555709838867 164.814453125 226.71555709838867 276.6356658935547 177.60134887695312 276.6356658935547
179.0462646484375 165.5435333251953 228.1053581237793 165.5435333251953 228.1053581237793 278.2051773071289 179.0462646484375 278.2051773071289
180.26254272460938 165.1315460205078 228.98834991455078 165.1315460205078 228.98834991455078 276.3366012573242 180.26254272460938 276.3366012573242
181.98306274414062 163.84451293945312 229.59762954711914 163.84451293945312 229.59762954711914 274.8024215698242 181.98306274414062 274.8024215698242
182.28497314453125 163.74452209472656 230.7523307800293 163.74452209472656 230.7523307800293 277.33158111572266 182.28497314453125 277.33158111572266
183.2943115234375 164.9928436279297 231.45735931396484 164.9928436279297 231.45735931396484 275.3966293334961 183.2943115234375 275.3966293334961
184.80062866210938 162.73854064941406 233.40459442138672 162.73854064941406 233.40459442138672 276.252685546875 184.80062866210938 276.252685546875
185.02500915527344 164.51327514648438 234.38018798828125 164.51327514648438 234.38018798828125 279.00025177001953 185.02500915527344 279.00025177001953
185.52923583984375 161.2915496826172 235.16130828857422 161.2915496826172 235.16130828857422 275.70066833496094 185.52923583984375 275.70066833496094
185.7061767578125 160.95071411132812 235.8686180114746 160.95071411132812 235.8686180114746 276.25010681152344 185.7061767578125 276.25010681152344
185.7327117919922 160.2648162841797 237.23743057250977 160.2648162841797 237.23743057250977 276.0551986694336 185.7327117919922 276.0551986694336
188.30923461914062 161.1643829345703 237.8857765197754 161.1643829345703 237.8857765197754 274.61815643310547 188.30923461914062 274.61815643310547
189.56301879882812 159.11587524414062 239.15662002563477 159.11587524414062 239.15662002563477 273.2439880371094 189.56301879882812 273.2439880371094
187.71380615234375 159.61334228515625 239.2572135925293 159.61334228515625 239.2572135925293 272.8377227783203 187.71380615234375 272.8377227783203
190.53964233398438 161.1508026123047 240.78068923950195 161.1508026123047 240.78068923950195 274.6574935913086 190.53964233398438 274.6574935913086
192.8369598388672 161.47586059570312 241.4559211730957 161.47586059570312 241.4559211730957 271.4963073730469 192.8369598388672 271.4963073730469
192.70004272460938 160.0805206298828 241.87201309204102 160.0805206298828 241.87201309204102 271.8028106689453 192.70004272460938 271.8028106689453
194.38363647460938 161.24203491210938 242.14871978759766 161.24203491210938 242.14871978759766 273.3461151123047 194.38363647460938 273.3461151123047
195.6211700439453 159.23004150390625 243.74140548706055 159.23004150390625 243.74140548706055 271.12801361083984 195.6211700439453 271.12801361083984
195.31094360351562 161.4638671875 243.87789154052734 161.4638671875 243.87789154052734 271.6419448852539 195.31094360351562 271.6419448852539
197.16123962402344 160.22903442382812 244.8282241821289 160.22903442382812 244.8282241821289 270.2854690551758 197.16123962402344 270.2854690551758
197.50697326660156 158.79598999023438 245.32917022705078 158.79598999023438 245.32917022705078 270.42991638183594 197.50697326660156 270.42991638183594
199.46864318847656 158.5655517578125 246.30854034423828 158.5655517578125 246.30854034423828 269.07948303222656 199.46864318847656 269.07948303222656
199.6048126220703 157.05526733398438 247.61037826538086 157.05526733398438 247.61037826538086 266.8041229248047 199.6048126220703 266.8041229248047
200.2508544921875 155.98912048339844 247.5344009399414 155.98912048339844 247.5344009399414 269.2923812866211 200.2508544921875 269.2923812866211
200.61660766601562 155.70883178710938 249.2590446472168 155.70883178710938 249.2590446472168 269.1941375732422 200.61660766601562 269.1941375732422
202.02174377441406 156.12840270996094 250.04954528808594 156.12840270996094 250.04954528808594 268.06380462646484 202.02174377441406 268.06380462646484
203.50820922851562 154.5923614501953 251.877685546875 154.5923614501953 251.877685546875 267.47650146484375 203.50820922851562 267.47650146484375
202.61343383789062 154.73373413085938 251.5187644958496 154.73373413085938 251.5187644958496 267.8617401123047 202.61343383789062 267.8617401123047
202.9171600341797 156.79669189453125 252.1018829345703 156.79669189453125 252.1018829345703 268.71009826660156 202.9171600341797 268.71009826660156
202.95516967773438 156.05960083007812 252.74140167236328 156.05960083007812 252.74140167236328 268.20154571533203 202.95516967773438 268.20154571533203
204.16305541992188 154.21142578125 253.58055877685547 154.21142578125 253.58055877685547 265.66578674316406 204.16305541992188 265.66578674316406
204.94296264648438 155.0552520751953 254.80423736572266 155.0552520751953 254.80423736572266 267.93959045410156 204.94296264648438 267.93959045410156
205.6957244873047 152.37533569335938 255.42351150512695 152.37533569335938 255.42351150512695 266.9379119873047 205.6957244873047 266.9379119873047
207.5128173828125 151.7738494873047 256.6020393371582 151.7738494873047 256.6020393371582 267.1487045288086 207.5128173828125 267.1487045288086
206.3296356201172 151.5635528564453 256.39736557006836 151.5635528564453 256.39736557006836 265.3290786743164 206.3296356201172 265.3290786743164
205.782958984375 151.29537963867188 256.4638023376465 151.29537963867188 256.4638023376465 264.7926940917969 205.782958984375 264.7926940917969
207.1887969970703 152.28884887695312 257.7595443725586 152.28884887695312 257.7595443725586 264.6278610229492 207.1887969970703 264.6278610229492
208.0564422607422 150.36083984375 259.13986587524414 150.36083984375 259.13986587524414 264.9903564453125 208.0564422607422 264.9903564453125
208.6287078857422 146.9641876220703 260.22158432006836 146.9641876220703 260.22158432006836 263.5969543457031 208.6287078857422 263.5969543457031
209.3008270263672 147.7872772216797 260.99466705322266 147.7872772216797 260.99466705322266 262.2783432006836 209.3008270263672 262.2783432006836
209.3388214111328 148.09271240234375 262.39652252197266 148.09271240234375 262.39652252197266 264.20255279541016 209.3388214111328 264.20255279541016
209.5455322265625 148.266845703125 262.1155891418457 148.266845703125 262.1155891418457 262.48020935058594 209.5455322265625 262.48020935058594
211.3991241455078 147.6942596435547 262.9810562133789 147.6942596435547 262.9810562133789 261.63621520996094 211.3991241455078 261.63621520996094
211.8129119873047 146.74649047851562 263.67248916625977 146.74649047851562 263.67248916625977 261.7668991088867 211.8129119873047 261.7668991088867
210.7189178466797 147.8373565673828 264.6768569946289 147.8373565673828 264.6768569946289 262.6359176635742 210.7189178466797 262.6359176635742
211.8045654296875 144.55606079101562 264.0711364746094 144.55606079101562 264.0711364746094 257.9159240722656 211.8045654296875 257.9159240722656
213.20712280273438 145.85025024414062 265.9378433227539 145.85025024414062 265.9378433227539 259.7544708251953 213.20712280273438 259.7544708251953
213.6053466796875 146.93382263183594 266.5359687805176 146.93382263183594 266.5359687805176 261.63706970214844 213.6053466796875 261.63706970214844
215.101318359375 145.52395629882812 268.1512985229492 145.52395629882812 268.1512985229492 260.5066375732422 215.101318359375 260.5066375732422
215.3468017578125 144.09548950195312 268.9887580871582 144.09548950195312 268.9887580871582 259.56675720214844 215.3468017578125 259.56675720214844
217.98379516601562 143.30850219726562 270.9776077270508 143.30850219726562 270.9776077270508 259.5670471191406 217.98379516601562 259.5670471191406
216.85452270507812 141.37997436523438 270.6042671203613 141.37997436523438 270.6042671203613 258.68665313720703 216.85452270507812 258.68665313720703
216.2753448486328 139.22775268554688 269.92648696899414 139.22775268554688 269.92648696899414 257.32422637939453 216.2753448486328 257.32422637939453
218.54672241210938 142.3672637939453 272.1157913208008 142.3672637939453 272.1157913208008 260.9230041503906 218.54672241210938 260.9230041503906
218.9541778564453 140.2868194580078 272.99804306030273 140.2868194580078 272.99804306030273 260.31529998779297 218.9541778564453 260.31529998779297
220.60122680664062 140.4429931640625 275.15099334716797 140.4429931640625 275.15099334716797 261.1051025390625 220.60122680664062 261.1051025390625
218.999267578125 139.61526489257812 274.0967597961426 139.61526489257812 274.0967597961426 258.3617858886719 218.999267578125 258.3617858886719
221.62744140625 139.98809814453125 277.2148551940918 139.98809814453125 277.2148551940918 258.07672119140625 221.62744140625 258.07672119140625
223.15444946289062 140.05552673339844 276.9531784057617 140.05552673339844 276.9531784057617 255.74512481689453 223.15444946289062 255.74512481689453
222.70858764648438 138.2222442626953 277.62085723876953 138.2222442626953 277.62085723876953 256.0630187988281 222.70858764648438 256.0630187988281
224.1073760986328 141.31443786621094 278.42540740966797 141.31443786621094 278.42540740966797 257.25533294677734 224.1073760986328 257.25533294677734
223.84640502929688 140.0279998779297 279.3702392578125 140.0279998779297 279.3702392578125 257.1780090332031 223.84640502929688 257.1780090332031
225.165771484375 141.67001342773438 280.2807197570801 141.67001342773438 280.2807197570801 259.85499572753906 225.165771484375 259.85499572753906
226.898681640625 141.8981475830078 280.9774284362793 141.8981475830078 280.9774284362793 259.79239654541016 226.898681640625 259.79239654541016
225.62094116210938 140.58261108398438 280.5075454711914 140.58261108398438 280.5075454711914 257.76124572753906 225.62094116210938 257.76124572753906
225.44894409179688 137.52655029296875 280.32740020751953 137.52655029296875 280.32740020751953 254.4418182373047 225.44894409179688 254.4418182373047
227.1357879638672 138.13880920410156 281.05599212646484 138.13880920410156 281.05599212646484 253.25394439697266 227.1357879638672 253.25394439697266
227.84176635742188 138.68414306640625 281.5403518676758 138.68414306640625 281.5403518676758 253.69168853759766 227.84176635742188 253.69168853759766
229.0609893798828 138.4611358642578 282.7334327697754 138.4611358642578 282.7334327697754 252.50909423828125 229.0609893798828 252.50909423828125
228.74435424804688 137.62887573242188 282.0674819946289 137.62887573242188 282.0674819946289 249.0867462158203 228.74435424804688 249.0867462158203
230.02700805664062 137.16830444335938 283.5490303039551 137.16830444335938 283.5490303039551 251.85736846923828 230.02700805664062 251.85736846923828
230.2407684326172 136.63681030273438 284.804141998291 136.63681030273438 284.804141998291 248.77297973632812 230.2407684326172 248.77297973632812
228.891845703125 134.8686981201172 283.1416015625 134.8686981201172 283.1416015625 248.80270385742188 228.891845703125 248.80270385742188
231.48788452148438 134.91958618164062 285.12639236450195 134.91958618164062 285.12639236450195 252.27545928955078 231.48788452148438 252.27545928955078
230.9585418701172 135.60382080078125 284.1317901611328 135.60382080078125 284.1317901611328 251.34471130371094 230.9585418701172 251.34471130371094
232.0097198486328 136.94589233398438 284.9378128051758 136.94589233398438 284.9378128051758 250.63599395751953 232.0097198486328 250.63599395751953
233.2329864501953 134.29678344726562 285.18143463134766 134.29678344726562 285.18143463134766 250.16421508789062 233.2329864501953 250.16421508789062
233.77243041992188 133.64175415039062 286.2290458679199 133.64175415039062 286.2290458679199 252.3426055908203 233.77243041992188 252.3426055908203
232.7353515625 131.74392700195312 284.5556831359863 131.74392700195312 284.5556831359863 249.43309783935547 232.7353515625 249.43309783935547
234.6127471923828 134.2164306640625 286.73929595947266 134.2164306640625 286.73929595947266 251.14801025390625 234.6127471923828 251.14801025390625
235.59359741210938 134.95236206054688 287.4321594238281 134.95236206054688 287.4321594238281 251.92758178710938 235.59359741210938 251.92758178710938
236.3912353515625 134.23214721679688 286.5442314147949 134.23214721679688 286.5442314147949 249.98568725585938 236.3912353515625 249.98568725585938
236.2981719970703 133.31503295898438 286.6835060119629 133.31503295898438 286.6835060119629 251.81178283691406 236.2981719970703 251.81178283691406
237.6768035888672 134.3687744140625 287.9585494995117 134.3687744140625 287.9585494995117 250.73091888427734 237.6768035888672 250.73091888427734
238.68942260742188 133.99545288085938 289.22542572021484 133.99545288085938 289.22542572021484 247.12987518310547 238.68942260742188 247.12987518310547
239.007080078125 137.1002197265625 288.91934967041016 137.1002197265625 288.91934967041016 250.12471771240234 239.007080078125 250.12471771240234
238.7337188720703 133.8057098388672 289.2726173400879 133.8057098388672 289.2726173400879 249.49447631835938 238.7337188720703 249.49447631835938
239.31985473632812 131.387451171875 289.4011344909668 131.387451171875 289.4011344909668 245.94461822509766 239.31985473632812 245.94461822509766
240.3517608642578 134.66561889648438 289.7175102233887 134.66561889648438 289.7175102233887 248.07655334472656 240.3517608642578 248.07655334472656
241.2301025390625 132.13392639160156 292.04041290283203 132.13392639160156 292.04041290283203 247.6320571899414 241.2301025390625 247.6320571899414
241.22396850585938 131.68699645996094 292.002197265625 131.68699645996094 292.002197265625 245.87730407714844 241.22396850585938 245.87730407714844
241.79171752929688 131.9502410888672 292.8447952270508 131.9502410888672 292.8447952270508 246.87299346923828 241.79171752929688 246.87299346923828
243.02804565429688 133.72914123535156 294.4503707885742 133.72914123535156 294.4503707885742 244.89996337890625 243.02804565429688 244.89996337890625
244.53024291992188 134.16156005859375 296.05577850341797 134.16156005859375 296.05577850341797 247.4736328125 244.53024291992188 247.4736328125
243.36276245117188 129.7998046875 293.9614601135254 129.7998046875 293.9614601135254 244.3236846923828 243.36276245117188 244.3236846923828
244.7484893798828 131.95701599121094 295.70523834228516 131.95701599121094 295.70523834228516 247.90838623046875 244.7484893798828 247.90838623046875
243.6325225830078 134.0342254638672 295.38952255249023 134.0342254638672 295.38952255249023 248.7193603515625 243.6325225830078 248.7193603515625
244.0503692626953 132.23590087890625 296.9243927001953 132.23590087890625 296.9243927001953 246.78782653808594 244.0503692626953 246.78782653808594
244.6887664794922 131.01800537109375 296.79482650756836 131.01800537109375 296.79482650756836 245.2374267578125 244.6887664794922 245.2374267578125
244.92105102539062 129.63778686523438 297.15282440185547 129.63778686523438 297.15282440185547 242.65017700195312 244.92105102539062 242.65017700195312
244.81326293945312 131.87405395507812 296.9259147644043 131.87405395507812 296.9259147644043 247.57798767089844 244.81326293945312 247.57798767089844
244.7842254638672 129.36878967285156 295.67398834228516 129.36878967285156 295.67398834228516 243.8835220336914 244.7842254638672 243.8835220336914
245.20193481445312 130.92672729492188 297.36091232299805 130.92672729492188 297.36091232299805 246.37639617919922 245.20193481445312 246.37639617919922
245.6260223388672 128.66339111328125 297.56259536743164 128.66339111328125 297.56259536743164 244.7948226928711 245.6260223388672 244.7948226928711
245.05844116210938 129.9590301513672 296.885986328125 129.9590301513672 296.885986328125 245.24707794189453 245.05844116210938 245.24707794189453
245.14761352539062 129.9256591796875 296.4983596801758 129.9256591796875 296.4983596801758 244.75164794921875 245.14761352539062 244.75164794921875
245.3095245361328 126.73460388183594 295.68127059936523 126.73460388183594 295.68127059936523 243.71810913085938 245.3095245361328 243.71810913085938
245.13088989257812 128.358154296875 295.8907699584961 128.358154296875 295.8907699584961 247.66048431396484 245.13088989257812 247.66048431396484
245.50247192382812 128.93321228027344 296.5352783203125 128.93321228027344 296.5352783203125 247.30101013183594 245.50247192382812 247.30101013183594
244.99337768554688 124.9544677734375 295.6800994873047 124.9544677734375 295.6800994873047 243.6381072998047 244.99337768554688 243.6381072998047
244.5928955078125 125.01383972167969 294.89432525634766 125.01383972167969 294.89432525634766 246.72384643554688 244.5928955078125 246.72384643554688
244.6173858642578 126.6586685180664 293.886531829834 126.6586685180664 293.886531829834 246.3740463256836 244.6173858642578 246.3740463256836
244.5696563720703 124.77662658691406 293.92226791381836 124.77662658691406 293.92226791381836 247.92723846435547 244.5696563720703 247.92723846435547
244.5608673095703 121.97884368896484 293.9342803955078 121.97884368896484 293.9342803955078 243.34284210205078 244.5608673095703 243.34284210205078
244.6565399169922 125.8864974975586 293.92037200927734 125.8864974975586 293.92037200927734 247.74571228027344 244.6565399169922 247.74571228027344
244.51724243164062 126.36567687988281 293.04542541503906 126.36567687988281 293.04542541503906 246.35802459716797 244.51724243164062 246.35802459716797
244.35586547851562 123.59291076660156 292.73341369628906 123.59291076660156 292.73341369628906 244.21562957763672 244.35586547851562 244.21562957763672
244.07861328125 124.1176528930664 292.75852966308594 124.1176528930664 292.75852966308594 244.09169006347656 244.07861328125 244.09169006347656
243.59140014648438 124.37152099609375 292.4394874572754 124.37152099609375 292.4394874572754 245.17579650878906 243.59140014648438 245.17579650878906
244.4938507080078 123.36104583740234 292.01476669311523 123.36104583740234 292.01476669311523 242.27769470214844 244.4938507080078 242.27769470214844
244.4458770751953 124.4824447631836 292.5757827758789 124.4824447631836 292.5757827758789 242.77710723876953 244.4458770751953 242.77710723876953
243.37118530273438 124.1823501586914 291.9249954223633 124.1823501586914 291.9249954223633 242.9281005859375 243.37118530273438 242.9281005859375
243.9568634033203 121.8521499633789 291.85696029663086 121.8521499633789 291.85696029663086 239.62247467041016 243.9568634033203 239.62247467041016
243.498291015625 122.4391098022461 291.9558906555176 122.4391098022461 291.9558906555176 241.27799224853516 243.498291015625 241.27799224853516
243.13516235351562 120.30020904541016 291.90966796875 120.30020904541016 291.90966796875 241.41029357910156 243.13516235351562 241.41029357910156
243.3683319091797 121.55064392089844 291.69736099243164 121.55064392089844 291.69736099243164 240.73895263671875 243.3683319091797 240.73895263671875
242.41146850585938 122.59212493896484 292.0394859313965 122.59212493896484 292.0394859313965 241.5219497680664 242.41146850585938 241.5219497680664
243.50094604492188 122.1121597290039 291.1436233520508 122.1121597290039 291.1436233520508 239.6048355102539 243.50094604492188 239.6048355102539
243.7551727294922 120.58259582519531 291.29299545288086 120.58259582519531 291.29299545288086 238.81100463867188 243.7551727294922 238.81100463867188
243.714111328125 121.6162338256836 291.01738357543945 121.6162338256836 291.01738357543945 237.1560287475586 243.714111328125 237.1560287475586
244.22189331054688 120.38243103027344 292.0452575683594 120.38243103027344 292.0452575683594 236.58869171142578 244.22189331054688 236.58869171142578
243.90670776367188 120.03592681884766 291.0390510559082 120.03592681884766 291.0390510559082 239.10051727294922 243.90670776367188 239.10051727294922
244.14956665039062 118.34254455566406 290.49694061279297 118.34254455566406 290.49694061279297 236.6326446533203 244.14956665039062 236.6326446533203
243.9954376220703 120.69096374511719 290.7933921813965 120.69096374511719 290.7933921813965 237.47427368164062 243.9954376220703 237.47427368164062
243.7120361328125 120.71269226074219 290.6161193847656 120.71269226074219 290.6161193847656 236.9194793701172 243.7120361328125 236.9194793701172
243.97958374023438 120.56843566894531 291.4967727661133 120.56843566894531 291.4967727661133 237.96017456054688 243.97958374023438 237.96017456054688
245.11825561523438 119.76698303222656 291.9464416503906 119.76698303222656 291.9464416503906 236.24735260009766 245.11825561523438 236.24735260009766
244.7986602783203 120.72413635253906 291.78313064575195 120.72413635253906 291.78313064575195 238.30571746826172 244.7986602783203 238.30571746826172
245.02462768554688 121.87141418457031 293.3366584777832 121.87141418457031 293.3366584777832 237.65982055664062 245.02462768554688 237.65982055664062
245.1735076904297 121.44047546386719 291.9011001586914 121.44047546386719 291.9011001586914 235.0278778076172 245.1735076904297 235.0278778076172
244.3102569580078 120.26380920410156 292.01465606689453 120.26380920410156 292.01465606689453 234.55179595947266 244.3102569580078 234.55179595947266
245.1958465576172 118.28450775146484 293.5272903442383 118.28450775146484 293.5272903442383 231.50960540771484 245.1958465576172 231.50960540771484
245.0714874267578 116.61470031738281 293.03697204589844 116.61470031738281 293.03697204589844 232.27835083007812 245.0714874267578 232.27835083007812
245.2181854248047 117.56356048583984 292.7467460632324 117.56356048583984 292.7467460632324 231.8976058959961 245.2181854248047 231.8976058959961
245.4382781982422 119.83488464355469 292.7472152709961 119.83488464355469 292.7472152709961 232.68660736083984 245.4382781982422 232.68660736083984
244.6384735107422 119.05598449707031 292.0021438598633 119.05598449707031 292.0021438598633 230.96459197998047 244.6384735107422 230.96459197998047
245.67300415039062 118.9331283569336 291.9555778503418 118.9331283569336 291.9555778503418 231.33738708496094 245.67300415039062 231.33738708496094
245.6279296875 119.20428466796875 290.85509490966797 119.20428466796875 290.85509490966797 227.61228942871094 245.6279296875 227.61228942871094
245.3236083984375 116.6705093383789 291.0221061706543 116.6705093383789 291.0221061706543 230.5180435180664 245.3236083984375 230.5180435180664
245.8269805908203 118.316162109375 291.82955169677734 118.316162109375 291.82955169677734 229.0949935913086 245.8269805908203 229.0949935913086
245.741943359375 118.78285217285156 292.1915397644043 118.78285217285156 292.1915397644043 228.553955078125 245.741943359375 228.553955078125
245.0644989013672 117.50767517089844 291.7195281982422 117.50767517089844 291.7195281982422 228.2448959350586 245.0644989013672 228.2448959350586
245.7881317138672 117.83311462402344 292.90848541259766 117.83311462402344 292.90848541259766 230.70193481445312 245.7881317138672 230.70193481445312
245.34048461914062 118.78507995605469 291.56871795654297 118.78507995605469 291.56871795654297 229.0575180053711 245.34048461914062 229.0575180053711
245.1055450439453 117.23542785644531 292.13362884521484 117.23542785644531 292.13362884521484 229.25164031982422 245.1055450439453 229.25164031982422
245.0167999267578 118.16446685791016 291.1457710266113 118.16446685791016 291.1457710266113 228.25701141357422 245.0167999267578 228.25701141357422
246.1402587890625 118.49369812011719 292.28572845458984 118.49369812011719 292.28572845458984 227.1721649169922 246.1402587890625 227.1721649169922
246.26657104492188 115.0973129272461 291.97203826904297 115.0973129272461 291.97203826904297 225.50445556640625 246.26657104492188 225.50445556640625
247.02450561523438 114.98411560058594 292.9204559326172 114.98411560058594 292.9204559326172 225.22393798828125 247.02450561523438 225.22393798828125
246.77505493164062 118.08902740478516 293.01745223999023 118.08902740478516 293.01745223999023 226.4560089111328 246.77505493164062 226.4560089111328
246.84982299804688 115.32182312011719 293.5042419433594 115.32182312011719 293.5042419433594 227.89331817626953 246.84982299804688 227.89331817626953
247.310791015625 118.28182220458984 293.44430923461914 118.28182220458984 293.44430923461914 228.23885345458984 247.310791015625 228.23885345458984
246.9374542236328 116.97396087646484 293.1395835876465 116.97396087646484 293.1395835876465 227.00464630126953 246.9374542236328 227.00464630126953
246.4244384765625 115.51722717285156 293.624813079834 115.51722717285156 293.624813079834 224.4313735961914 246.4244384765625 224.4313735961914
247.9050750732422 115.3746566772461 293.4638023376465 115.3746566772461 293.4638023376465 224.30877685546875 247.9050750732422 224.30877685546875
246.3460235595703 110.57325744628906 297.4430732727051 110.57325744628906 297.4430732727051 234.0575942993164 246.3460235595703 234.0575942993164
286.4042053222656 107.31129455566406 337.434814453125 107.31129455566406 337.434814453125 230.63506317138672 286.4042053222656 230.63506317138672
301.81195068359375 100.6652603149414 353.0324592590332 100.6652603149414 353.0324592590332 224.44793701171875 301.81195068359375 224.44793701171875
326.571044921875 103.83280944824219 377.9064407348633 103.83280944824219 377.9064407348633 227.89313507080078 326.571044921875 227.89313507080078
348.7583312988281 108.2249984741211 400.9909248352051 108.2249984741211 400.9909248352051 234.4535369873047 348.7583312988281 234.4535369873047
369.56500244140625 102.52162170410156 421.9006042480469 102.52162170410156 421.9006042480469 228.9990997314453 369.56500244140625 228.9990997314453
400.8423156738281 101.70878601074219 453.58582305908203 101.70878601074219 453.58582305908203 229.1720199584961 400.8423156738281 229.1720199584961
418.331787109375 99.88330078125 471.2070732116699 99.88330078125 471.2070732116699 227.66500091552734 418.331787109375 227.66500091552734
440.64703369140625 101.61666107177734 493.58329010009766 101.61666107177734 493.58329010009766 229.5457000732422 440.64703369140625 229.5457000732422
467.61468505859375 105.69425201416016 520.1661911010742 105.69425201416016 520.1661911010742 232.69349670410156 467.61468505859375 232.69349670410156
601.9533081054688 77.44917297363281 655.153694152832 77.44917297363281 655.153694152832 206.01654052734375 601.9533081054688 206.01654052734375
518.4633178710938 97.14593505859375 572.3142776489258 97.14593505859375 572.3142776489258 227.2855224609375 518.4633178710938 227.2855224609375
495.25982666015625 101.54966735839844 551.5183296203613 101.54966735839844 551.5183296203613 226.32518005371094 495.25982666015625 226.32518005371094
497.61505126953125 101.38386535644531 550.1952896118164 101.38386535644531 550.1952896118164 220.1014175415039 497.61505126953125 220.1014175415039
498.0406799316406 102.25282287597656 548.8874282836914 102.25282287597656 548.8874282836914 220.69796752929688 498.0406799316406 220.69796752929688
500.20660400390625 102.38055419921875 553.0281753540039 102.38055419921875 553.0281753540039 221.53265380859375 500.20660400390625 221.53265380859375
499.1443786621094 102.55116271972656 551.4044189453125 102.55116271972656 551.4044189453125 219.2567138671875 499.1443786621094 219.2567138671875
499.3416442871094 103.514404296875 554.322826385498 103.514404296875 554.322826385498 225.24141693115234 499.3416442871094 225.24141693115234
500.03692626953125 103.56782531738281 553.2167892456055 103.56782531738281 553.2167892456055 226.79212951660156 500.03692626953125 226.79212951660156
500.5386657714844 100.26520538330078 554.460334777832 100.26520538330078 554.460334777832 219.56881713867188 500.5386657714844 219.56881713867188
499.1678771972656 100.33084869384766 551.7483329772949 100.33084869384766 551.7483329772949 219.65604400634766 499.1678771972656 219.65604400634766
501.81182861328125 99.24275970458984 553.5613403320312 99.24275970458984 553.5613403320312 216.9912338256836 501.81182861328125 216.9912338256836
501.457763671875 99.67628479003906 552.6138916015625 99.67628479003906 552.6138916015625 215.9797134399414 501.457763671875 215.9797134399414
502.958984375 103.57737731933594 554.4959106445312 103.57737731933594 554.4959106445312 221.1226043701172 502.958984375 221.1226043701172
501.4960021972656 100.48631286621094 552.6989936828613 100.48631286621094 552.6989936828613 218.48175048828125 501.4960021972656 218.48175048828125
501.93084716796875 99.90193176269531 554.7619209289551 99.90193176269531 554.7619209289551 219.79727935791016 501.93084716796875 219.79727935791016
503.1903381347656 100.25407409667969 556.5584182739258 100.25407409667969 556.5584182739258 220.31533813476562 503.1903381347656 220.31533813476562
502.9649353027344 99.11871337890625 556.7700424194336 99.11871337890625 556.7700424194336 217.32962799072266 502.9649353027344 217.32962799072266
501.94012451171875 97.91000366210938 554.7903327941895 97.91000366210938 554.7903327941895 217.31442260742188 501.94012451171875 217.31442260742188
503.38604736328125 98.74311828613281 557.4480972290039 98.74311828613281 557.4480972290039 218.61077117919922 503.38604736328125 218.61077117919922
503.0816955566406 100.1834487915039 557.0680656433105 100.1834487915039 557.0680656433105 216.93973541259766 503.0816955566406 216.93973541259766
501.7510681152344 96.52513122558594 554.5205993652344 96.52513122558594 554.5205993652344 214.67823028564453 501.7510681152344 214.67823028564453
501.8755798339844 96.95138549804688 555.5695419311523 96.95138549804688 555.5695419311523 216.35590362548828 501.8755798339844 216.35590362548828
503.94342041015625 98.94879150390625 557.0890922546387 98.94879150390625 557.0890922546387 216.78392028808594 503.94342041015625 216.78392028808594
503.63250732421875 95.23955535888672 556.3546867370605 95.23955535888672 556.3546867370605 211.75153350830078 503.63250732421875 211.75153350830078
501.78607177734375 94.36050415039062 554.2063522338867 94.36050415039062 554.2063522338867 210.8628692626953 501.78607177734375 210.8628692626953
501.05828857421875 94.96516418457031 553.7219543457031 94.96516418457031 553.7219543457031 211.42056274414062 501.05828857421875 211.42056274414062
500.7537536621094 91.10408020019531 551.6669158935547 91.10408020019531 551.6669158935547 207.48758697509766 500.7537536621094 207.48758697509766
499.97564697265625 93.5842514038086 550.330997467041 93.5842514038086 550.330997467041 210.319580078125 499.97564697265625 210.319580078125
500.7652282714844 92.14907836914062 553.1654777526855 92.14907836914062 553.1654777526855 208.6499786376953 500.7652282714844 208.6499786376953
499.54559326171875 93.85444641113281 552.1729507446289 93.85444641113281 552.1729507446289 209.62308502197266 499.54559326171875 209.62308502197266
499.677490234375 93.55293273925781 551.198844909668 93.55293273925781 551.198844909668 210.144775390625 499.677490234375 210.144775390625
501.14404296875 94.68659973144531 552.5742073059082 94.68659973144531 552.5742073059082 211.73198699951172 501.14404296875 211.73198699951172
501.2066345214844 94.51841735839844 552.6565475463867 94.51841735839844 552.6565475463867 209.87610626220703 501.2066345214844 209.87610626220703
500.6070861816406 92.20821380615234 551.9436454772949 92.20821380615234 551.9436454772949 211.4758529663086 500.6070861816406 211.4758529663086
499.9793395996094 90.85025787353516 551.8215942382812 90.85025787353516 551.8215942382812 207.3337173461914 499.9793395996094 207.3337173461914
500.2452697753906 90.62330627441406 552.4933395385742 90.62330627441406 552.4933395385742 210.537841796875 500.2452697753906 210.537841796875
500.7275390625 89.12269592285156 552.2952766418457 89.12269592285156 552.2952766418457 206.3056640625 500.7275390625 206.3056640625
501.5159606933594 92.38835144042969 553.099048614502 92.38835144042969 553.099048614502 208.25167846679688 501.5159606933594 208.25167846679688
502.27362060546875 93.2813949584961 553.2068405151367 93.2813949584961 553.2068405151367 209.06783294677734 502.27362060546875 209.06783294677734
503.681640625 91.9627914428711 554.0587844848633 91.9627914428711 554.0587844848633 207.2499008178711 503.681640625 207.2499008178711
501.64654541015625 88.98602294921875 551.4446792602539 88.98602294921875 551.4446792602539 201.98606872558594 501.64654541015625 201.98606872558594
501.62213134765625 91.09846496582031 551.6973457336426 91.09846496582031 551.6973457336426 202.3744888305664 501.62213134765625 202.3744888305664
500.8604431152344 89.3651123046875 549.9662475585938 89.3651123046875 549.9662475585938 200.06211853027344 500.8604431152344 200.06211853027344
501.26190185546875 94.73785400390625 549.4626655578613 94.73785400390625 549.4626655578613 200.67822265625 501.26190185546875 200.67822265625
502.842041015625 93.4787826538086 551.1219711303711 93.4787826538086 551.1219711303711 199.83060455322266 502.842041015625 199.83060455322266
502.1943359375 95.14739990234375 549.4994506835938 95.14739990234375 549.4994506835938 200.5490493774414 502.1943359375 200.5490493774414
501.4837951660156 92.9590072631836 548.8130531311035 92.9590072631836 548.8130531311035 195.78385162353516 501.4837951660156 195.78385162353516
500.98828125 95.26541900634766 548.1337051391602 95.26541900634766 548.1337051391602 198.8237075805664 500.98828125 198.8237075805664
501.3187561035156 97.50608825683594 548.2269096374512 97.50608825683594 548.2269096374512 200.0122299194336 501.3187561035156 200.0122299194336
502.02386474609375 94.87361907958984 548.333179473877 94.87361907958984 548.333179473877 195.40323638916016 502.02386474609375 195.40323638916016
500.20501708984375 94.47193908691406 547.1481857299805 94.47193908691406 547.1481857299805 196.0601348876953 500.20501708984375 196.0601348876953
500.8421936035156 95.34596252441406 546.7300682067871 95.34596252441406 546.7300682067871 197.01407623291016 500.8421936035156 197.01407623291016
499.92254638671875 97.27515411376953 546.4965019226074 97.27515411376953 546.4965019226074 199.05562591552734 499.92254638671875 199.05562591552734
500.029541015625 95.05630493164062 546.7986221313477 95.05630493164062 546.7986221313477 194.85885620117188 500.029541015625 194.85885620117188
500.40521240234375 98.49174499511719 547.1846885681152 98.49174499511719 547.1846885681152 200.8960418701172 500.40521240234375 200.8960418701172
501.85296630859375 98.66917419433594 548.5731582641602 98.66917419433594 548.5731582641602 196.82698822021484 501.85296630859375 196.82698822021484
500.37872314453125 98.29020690917969 545.9474067687988 98.29020690917969 545.9474067687988 197.26573944091797 500.37872314453125 197.26573944091797
500.7657775878906 98.9284896850586 546.4174346923828 98.9284896850586 546.4174346923828 197.50424194335938 500.7657775878906 197.50424194335938
500.046142578125 98.58309936523438 546.2133636474609 98.58309936523438 546.2133636474609 198.06603240966797 500.046142578125 198.06603240966797
500.4078674316406 98.91996765136719 545.3233680725098 98.91996765136719 545.3233680725098 196.31527709960938 500.4078674316406 196.31527709960938
499.5323181152344 98.52659606933594 544.2696838378906 98.52659606933594 544.2696838378906 196.82101440429688 499.5323181152344 196.82101440429688
499.79119873046875 98.8791732788086 544.4026412963867 98.8791732788086 544.4026412963867 195.32593536376953 499.79119873046875 195.32593536376953
498.6180725097656 96.90251922607422 544.211742401123 96.90251922607422 544.211742401123 195.65473175048828 498.6180725097656 195.65473175048828
500.06060791015625 101.39574432373047 544.4831314086914 101.39574432373047 544.4831314086914 194.83375549316406 500.06060791015625 194.83375549316406
500.11529541015625 98.08383178710938 545.4491806030273 98.08383178710938 545.4491806030273 194.91663360595703 500.11529541015625 194.91663360595703
500.28839111328125 98.95243835449219 545.2201461791992 98.95243835449219 545.2201461791992 195.8426742553711 500.28839111328125 195.8426742553711
499.94708251953125 97.0439453125 544.7454452514648 97.0439453125 544.7454452514648 193.9264907836914 499.94708251953125 193.9264907836914
500.55096435546875 98.27854919433594 544.8132133483887 98.27854919433594 544.8132133483887 194.28761291503906 500.55096435546875 194.28761291503906
500.925048828125 97.94310760498047 545.4727478027344 97.94310760498047 545.4727478027344 194.6553497314453 500.925048828125 194.6553497314453
501.8880310058594 96.89312744140625 547.2209396362305 96.89312744140625 547.2209396362305 193.23049926757812 501.8880310058594 193.23049926757812
499.19873046875 96.11104583740234 543.8806838989258 96.11104583740234 543.8806838989258 192.56096649169922 499.19873046875 192.56096649169922
501.07977294921875 97.00379943847656 545.6303634643555 97.00379943847656 545.6303634643555 193.59707641601562 501.07977294921875 193.59707641601562
501.66156005859375 97.00798797607422 545.5820579528809 97.00798797607422 545.5820579528809 194.4067611694336 501.66156005859375 194.4067611694336
501.4148864746094 95.16361236572266 546.1285018920898 95.16361236572266 546.1285018920898 192.58672332763672 501.4148864746094 192.58672332763672
503.1763610839844 95.87248992919922 549.7372665405273 95.87248992919922 549.7372665405273 193.87130737304688 503.1763610839844 193.87130737304688
502.13134765625 96.5364761352539 547.0561027526855 96.5364761352539 547.0561027526855 195.81465911865234 502.13134765625 195.81465911865234
500.82965087890625 95.4241943359375 545.5441055297852 95.4241943359375 545.5441055297852 195.90359497070312 500.82965087890625 195.90359497070312
501.80120849609375 93.73514556884766 548.1396675109863 93.73514556884766 548.1396675109863 193.4668426513672 501.80120849609375 193.4668426513672
502.545166015625 95.5030746459961 546.4337730407715 95.5030746459961 546.4337730407715 193.17759704589844 502.545166015625 193.17759704589844
503.29376220703125 92.73362731933594 548.827220916748 92.73362731933594 548.827220916748 191.97953033447266 503.29376220703125 191.97953033447266
501.974609375 93.04490661621094 547.6396675109863 93.04490661621094 547.6396675109863 190.65139770507812 501.974609375 190.65139770507812
502.3536682128906 91.6967544555664 548.7972640991211 91.6967544555664 548.7972640991211 193.43150329589844 502.3536682128906 193.43150329589844
501.2833557128906 92.64948272705078 547.1527824401855 92.64948272705078 547.1527824401855 194.45771026611328 501.2833557128906 194.45771026611328
502.058349609375 91.78746032714844 547.9137496948242 91.78746032714844 547.9137496948242 192.51416015625 502.058349609375 192.51416015625
502.84991455078125 89.26799011230469 548.7466278076172 89.26799011230469 548.7466278076172 191.31939697265625 502.84991455078125 191.31939697265625
503.0899353027344 91.06275939941406 548.761833190918 91.06275939941406 548.761833190918 191.65222930908203 503.0899353027344 191.65222930908203
502.11083984375 90.1999740600586 548.3694114685059 90.1999740600586 548.3694114685059 192.68231964111328 502.11083984375 192.68231964111328
502.87127685546875 89.70808410644531 550.1321067810059 89.70808410644531 550.1321067810059 192.06204223632812 502.87127685546875 192.06204223632812
501.0306701660156 89.5365982055664 548.2880058288574 89.5365982055664 548.2880058288574 193.4290542602539 501.0306701660156 193.4290542602539
501.4150390625 87.46114349365234 548.5608139038086 87.46114349365234 548.5608139038086 192.02098083496094 501.4150390625 192.02098083496094
501.2235412597656 89.43025207519531 547.7194023132324 89.43025207519531 547.7194023132324 193.83885955810547 501.2235412597656 193.83885955810547
503.19915771484375 89.59088134765625 549.6146659851074 89.59088134765625 549.6146659851074 190.2690887451172 503.19915771484375 190.2690887451172
503.89959716796875 91.05632781982422 549.8479537963867 91.05632781982422 549.8479537963867 189.72705841064453 503.89959716796875 189.72705841064453
502.32196044921875 90.9443588256836 548.901252746582 90.9443588256836 548.901252746582 193.19132232666016 502.32196044921875 193.19132232666016
502.8994140625 90.0611801147461 549.0591583251953 90.0611801147461 549.0591583251953 192.14854431152344 502.8994140625 192.14854431152344
501.566650390625 88.549560546875 547.1048812866211 88.549560546875 547.1048812866211 189.72726440429688 501.566650390625 189.72726440429688
502.3218688964844 89.36052703857422 548.235237121582 89.36052703857422 548.235237121582 193.24036407470703 502.3218688964844 193.24036407470703
502.4952697753906 89.88526916503906 549.1515083312988 89.88526916503906 549.1515083312988 191.75725555419922 502.4952697753906 191.75725555419922
502.09619140625 87.2350082397461 548.6912155151367 87.2350082397461 548.6912155151367 191.77166748046875 502.09619140625 191.77166748046875
501.7479553222656 88.38986206054688 547.9994049072266 88.38986206054688 547.9994049072266 191.72219848632812 501.7479553222656 191.72219848632812
502.0325622558594 89.92115783691406 548.5741348266602 89.92115783691406 548.5741348266602 195.40282440185547 502.0325622558594 195.40282440185547
502.7821350097656 90.9412841796875 548.6689262390137 90.9412841796875 548.6689262390137 194.55887603759766 502.7821350097656 194.55887603759766
500.9952697753906 89.62410736083984 546.6447715759277 89.62410736083984 546.6447715759277 196.23734283447266 500.9952697753906 196.23734283447266
502.23431396484375 91.03688049316406 547.8664817810059 91.03688049316406 547.8664817810059 193.43038940429688 502.23431396484375 193.43038940429688
502.60400390625 87.50804901123047 548.479320526123 87.50804901123047 548.479320526123 189.56338500976562 502.60400390625 189.56338500976562
501.165771484375 88.60166931152344 547.0637741088867 88.60166931152344 547.0637741088867 191.19212341308594 501.165771484375 191.19212341308594
501.15899658203125 88.45260620117188 546.691333770752 88.45260620117188 546.691333770752 189.67089080810547 501.15899658203125 189.67089080810547
502.39794921875 88.3648681640625 547.8234024047852 88.3648681640625 547.8234024047852 188.3792266845703 502.39794921875 188.3792266845703
500.70849609375 88.19996643066406 545.603271484375 88.19996643066406 545.603271484375 186.137939453125 500.70849609375 186.137939453125
502.7799377441406 90.51457977294922 549.1453437805176 90.51457977294922 549.1453437805176 189.17566680908203 502.7799377441406 189.17566680908203
500.9776306152344 87.4616470336914 548.1362075805664 87.4616470336914 548.1362075805664 186.06041717529297 500.9776306152344 186.06041717529297
501.15380859375 89.54957580566406 546.454948425293 89.54957580566406 546.454948425293 185.45106506347656 501.15380859375 185.45106506347656
500.6856384277344 90.36105346679688 545.3940391540527 90.36105346679688 545.3940391540527 186.7504425048828 500.6856384277344 186.7504425048828
500.1363220214844 89.154052734375 545.3862991333008 89.154052734375 545.3862991333008 185.34229278564453 500.1363220214844 185.34229278564453
499.9449157714844 89.52685546875 545.138053894043 89.52685546875 545.138053894043 182.94798278808594 499.9449157714844 182.94798278808594
501.25738525390625 89.13441467285156 545.3798751831055 89.13441467285156 545.3798751831055 183.4104232788086 501.25738525390625 183.4104232788086
500.421630859375 89.45126342773438 545.4453430175781 89.45126342773438 545.4453430175781 185.33472442626953 500.421630859375 185.33472442626953
500.83172607421875 88.71006774902344 546.2176780700684 88.71006774902344 546.2176780700684 185.45907592773438 500.83172607421875 185.45907592773438
499.0628356933594 89.30731201171875 543.6170539855957 89.30731201171875 543.6170539855957 183.91160583496094 499.0628356933594 183.91160583496094
499.6551208496094 88.6962890625 544.0831031799316 88.6962890625 544.0831031799316 181.68370819091797 499.6551208496094 181.68370819091797
499.03045654296875 87.5329818725586 545.1397323608398 87.5329818725586 545.1397323608398 182.2768096923828 499.03045654296875 182.2768096923828
498.9229431152344 88.87187957763672 543.5171813964844 88.87187957763672 543.5171813964844 183.28201293945312 498.9229431152344 183.28201293945312
498.55755615234375 89.20501708984375 543.8304672241211 89.20501708984375 543.8304672241211 182.78563690185547 498.55755615234375 182.78563690185547
498.2110290527344 86.79861450195312 543.2460403442383 86.79861450195312 543.2460403442383 179.60430145263672 498.2110290527344 179.60430145263672
496.9767150878906 89.78182983398438 542.0976600646973 89.78182983398438 542.0976600646973 182.95821380615234 496.9767150878906 182.95821380615234
497.3682556152344 90.39977264404297 541.2180480957031 90.39977264404297 541.2180480957031 182.73770141601562 497.3682556152344 182.73770141601562
496.4149475097656 89.76561737060547 540.1366577148438 89.76561737060547 540.1366577148438 182.07634735107422 496.4149475097656 182.07634735107422
497.05810546875 88.1710433959961 541.1638870239258 88.1710433959961 541.1638870239258 183.34503173828125 497.05810546875 183.34503173828125
495.9232482910156 90.10750579833984 540.1580505371094 90.10750579833984 540.1580505371094 181.80216217041016 495.9232482910156 181.80216217041016
494.2498474121094 83.79927062988281 539.2438583374023 83.79927062988281 539.2438583374023 178.05652618408203 494.2498474121094 178.05652618408203
493.8084411621094 87.9259262084961 538.5939712524414 87.9259262084961 538.5939712524414 179.4820327758789 493.8084411621094 179.4820327758789
494.69061279296875 88.03779602050781 538.3056182861328 88.03779602050781 538.3056182861328 179.18144989013672 494.69061279296875 179.18144989013672
493.9615173339844 86.31681823730469 537.525821685791 86.31681823730469 537.525821685791 177.716796875 493.9615173339844 177.716796875
493.9189453125 87.31144714355469 537.4716491699219 87.31144714355469 537.4716491699219 178.95213317871094 493.9189453125 178.95213317871094
492.8941345214844 87.28616333007812 536.7181777954102 87.28616333007812 536.7181777954102 178.34630584716797 492.8941345214844 178.34630584716797
493.68170166015625 85.6473388671875 537.9980239868164 85.6473388671875 537.9980239868164 178.98475646972656 493.68170166015625 178.98475646972656
492.8565368652344 87.31156158447266 537.4463920593262 87.31156158447266 537.4463920593262 180.5408477783203 492.8565368652344 180.5408477783203
493.1758728027344 85.84032440185547 537.2389717102051 85.84032440185547 537.2389717102051 178.87869262695312 493.1758728027344 178.87869262695312
493.05499267578125 89.73455047607422 536.1102676391602 89.73455047607422 536.1102676391602 180.9222869873047 493.05499267578125 180.9222869873047
493.3382263183594 85.38972473144531 536.0291137695312 85.38972473144531 536.0291137695312 177.19974517822266 493.3382263183594 177.19974517822266
492.83135986328125 86.47627258300781 535.3698425292969 86.47627258300781 535.3698425292969 178.75862884521484 492.83135986328125 178.75862884521484
493.2474670410156 86.25362396240234 536.3381729125977 86.25362396240234 536.3381729125977 178.72911071777344 493.2474670410156 178.72911071777344
492.8994140625 87.4059829711914 535.5776596069336 87.4059829711914 535.5776596069336 180.25614166259766 492.8994140625 180.25614166259766
493.0626525878906 88.98197174072266 534.1559181213379 88.98197174072266 534.1559181213379 177.6709213256836 493.0626525878906 177.6709213256836
492.7606506347656 86.90192413330078 534.5188446044922 86.90192413330078 534.5188446044922 177.2541732788086 492.7606506347656 177.2541732788086
493.0537109375 86.8951644897461 534.1455841064453 86.8951644897461 534.1455841064453 177.33738708496094 493.0537109375 177.33738708496094
493.09564208984375 87.32413482666016 535.3952865600586 87.32413482666016 535.3952865600586 178.0958251953125 493.09564208984375 178.0958251953125
492.781494140625 83.48016357421875 535.2967147827148 83.48016357421875 535.2967147827148 177.28988647460938 492.781494140625 177.28988647460938
492.8800354003906 86.45621490478516 535.4701652526855 86.45621490478516 535.4701652526855 176.46087646484375 492.8800354003906 176.46087646484375
491.7138671875 85.01046752929688 533.5800704956055 85.01046752929688 533.5800704956055 176.90198516845703 491.7138671875 176.90198516845703
492.9999084472656 83.98387145996094 535.8372116088867 83.98387145996094 535.8372116088867 175.93282318115234 492.9999084472656 175.93282318115234
492.59771728515625 85.36370849609375 534.7043266296387 85.36370849609375 534.7043266296387 176.30691528320312 492.59771728515625 176.30691528320312
492.8373107910156 85.9500732421875 534.3195571899414 85.9500732421875 534.3195571899414 177.04877471923828 492.8373107910156 177.04877471923828
492.5062561035156 82.62229919433594 534.7873458862305 82.62229919433594 534.7873458862305 176.77659606933594 492.5062561035156 176.77659606933594
492.33538818359375 80.87679290771484 535.7207870483398 80.87679290771484 535.7207870483398 175.87548828125 492.33538818359375 175.87548828125
492.1564025878906 83.86933135986328 534.150276184082 83.86933135986328 534.150276184082 177.4495849609375 492.1564025878906 177.4495849609375
492.73712158203125 83.0732421875 534.6736297607422 83.0732421875 534.6736297607422 176.57563018798828 492.73712158203125 176.57563018798828
492.07940673828125 80.51689147949219 534.1097297668457 80.51689147949219 534.1097297668457 175.037841796875 492.07940673828125 175.037841796875
493.03485107421875 82.84803771972656 535.1633682250977 82.84803771972656 535.1633682250977 176.98065185546875 493.03485107421875 176.98065185546875
492.7752990722656 82.9481201171875 534.2917366027832 82.9481201171875 534.2917366027832 175.20899200439453 492.7752990722656 175.20899200439453
492.22564697265625 81.7383804321289 535.5022125244141 81.7383804321289 535.5022125244141 175.5904769897461 492.22564697265625 175.5904769897461
492.67340087890625 81.04153442382812 533.9226684570312 81.04153442382812 533.9226684570312 174.48206329345703 492.67340087890625 174.48206329345703
492.2276916503906 79.78910827636719 533.4191818237305 79.78910827636719 533.4191818237305 173.79083251953125 492.2276916503906 173.79083251953125
