375.0 197.0 394.0 197.0 394.0 229.0 375.0 229.0
374.0971984863281 197.80978393554688 393.15678787231445 197.80978393554688 393.15678787231445 229.21158981323242 374.0971984863281 229.21158981323242
372.95477294921875 197.4099884033203 393.22301864624023 197.4099884033203 393.22301864624023 230.85620880126953 372.95477294921875 230.85620880126953
372.8872985839844 197.04586791992188 392.55083656311035 197.04586791992188 392.55083656311035 230.7210693359375 372.8872985839844 230.7210693359375
371.22491455078125 196.94284057617188 391.838809967041 196.94284057617188 391.838809967041 232.1706199645996 371.22491455078125 232.1706199645996
370.8946838378906 198.12924194335938 391.8458595275879 198.12924194335938 391.8458595275879 232.8268814086914 370.8946838378906 232.8268814086914
369.89422607421875 197.7327880859375 389.3213348388672 197.7327880859375 389.3213348388672 230.45211791992188 369.89422607421875 230.45211791992188
368.2417297363281 197.5962371826172 389.33763122558594 197.5962371826172 389.33763122558594 233.54008865356445 368.2417297363281 233.54008865356445
367.61944580078125 198.42056274414062 386.8406391143799 198.42056274414062 386.8406391143799 231.75457763671875 367.61944580078125 231.75457763671875
366.1641540527344 198.67623901367188 386.56916999816895 198.67623901367188 386.56916999816895 232.18127059936523 366.1641540527344 232.18127059936523
365.43328857421875 199.22364807128906 386.8060722351074 199.22364807128906 386.8060722351074 233.74041366577148 365.43328857421875 233.74041366577148
364.38592529296875 198.7119598388672 385.96213722229004 198.7119598388672 385.96213722229004 233.67734146118164 364.38592529296875 233.67734146118164
363.4196472167969 199.3618927001953 384.89529037475586 199.3618927001953 384.89529037475586 232.84814071655273 363.4196472167969 232.84814071655273
362.76605224609375 199.4321746826172 384.84633445739746 199.4321746826172 384.84633445739746 233.86988830566406 362.76605224609375 233.86988830566406
361.589111328125 199.0946807861328 383.2918300628662 199.0946807861328 383.2918300628662 232.37954711914062 361.589111328125 232.37954711914062
361.1663513183594 199.64974975585938 382.3038787841797 199.64974975585938 382.3038787841797 233.1133041381836 361.1663513183594 233.1133041381836
360.30670166015625 199.23101806640625 381.56111335754395 199.23101806640625 381.56111335754395 234.4464111328125 360.30670166015625 234.4464111328125
359.14154052734375 199.033203125 380.078800201416 199.033203125 380.078800201416 233.68329620361328 359.14154052734375 233.68329620361328
358.53662109375 199.7652587890625 379.0283660888672 199.7652587890625 379.0283660888672 232.39166259765625 358.53662109375 232.39166259765625
357.98187255859375 198.6895294189453 378.43432998657227 198.6895294189453 378.43432998657227 233.86786651611328 357.98187255859375 233.86786651611328
356.75335693359375 198.9335479736328 377.96625328063965 198.9335479736328 377.96625328063965 234.0943260192871 356.75335693359375 234.0943260192871
355.84405517578125 199.30198669433594 377.7363681793213 199.30198669433594 377.7363681793213 234.1063995361328 355.84405517578125 234.1063995361328
355.2940979003906 199.2305908203125 376.92489433288574 199.2305908203125 376.92489433288574 234.3318099975586 355.2940979003906 234.3318099975586
354.44805908203125 199.66030883789062 375.90254402160645 199.66030883789062 375.90254402160645 234.50032806396484 354.44805908203125 234.50032806396484
353.55462646484375 199.3868865966797 375.5947017669678 199.3868865966797 375.5947017669678 233.31708526611328 353.55462646484375 233.31708526611328
352.9499206542969 199.5676727294922 375.1664295196533 199.5676727294922 375.1664295196533 234.3647232055664 352.9499206542969 234.3647232055664
351.9113464355469 201.02349853515625 374.5324287414551 201.02349853515625 374.5324287414551 234.80596160888672 351.9113464355469 234.80596160888672
350.7262878417969 201.01712036132812 373.30195236206055 201.01712036132812 373.30195236206055 236.3895378112793 350.7262878417969 236.3895378112793
350.0007019042969 200.8401641845703 371.746862411499 200.8401641845703 371.746862411499 234.4859275817871 350.0007019042969 234.4859275817871
348.78729248046875 200.6057891845703 370.0948963165283 200.6057891845703 370.0948963165283 233.95285415649414 348.78729248046875 233.95285415649414
348.4311828613281 200.08023071289062 368.8143882751465 200.08023071289062 368.8143882751465 233.1805534362793 348.4311828613281 233.1805534362793
346.635498046875 199.9278106689453 368.0637683868408 199.9278106689453 368.0637683868408 233.0006866455078 346.635498046875 233.0006866455078
345.581298828125 199.31378173828125 367.84527587890625 199.31378173828125 367.84527587890625 233.0594367980957 345.581298828125 233.0594367980957
344.3590393066406 198.90415954589844 366.8282051086426 198.90415954589844 366.8282051086426 233.0407829284668 344.3590393066406 233.0407829284668
342.7718811035156 199.0417938232422 366.01361083984375 199.0417938232422 366.01361083984375 232.10771560668945 342.7718811035156 232.10771560668945
341.96942138671875 199.12997436523438 363.88078689575195 199.12997436523438 363.88078689575195 231.55344009399414 341.96942138671875 231.55344009399414
340.9111328125 199.79940795898438 362.724027633667 199.79940795898438 362.724027633667 233.8567886352539 340.9111328125 233.8567886352539
340.219482421875 199.51744079589844 362.00329971313477 199.51744079589844 362.00329971313477 235.48791122436523 340.219482421875 235.48791122436523
339.0274963378906 199.3748016357422 360.3426933288574 199.3748016357422 360.3426933288574 234.8694839477539 339.0274963378906 234.8694839477539
338.1517028808594 198.841064453125 359.4738426208496 198.841064453125 359.4738426208496 234.08512115478516 338.1517028808594 234.08512115478516
336.94024658203125 200.07357788085938 358.46801376342773 200.07357788085938 358.46801376342773 237.2385139465332 336.94024658203125 237.2385139465332
336.3777160644531 200.18295288085938 358.11347007751465 200.18295288085938 358.11347007751465 234.52214813232422 336.3777160644531 234.52214813232422
336.3547058105469 199.24072265625 357.1202201843262 199.24072265625 357.1202201843262 234.1202163696289 336.3547058105469 234.1202163696289
335.25958251953125 199.5723419189453 356.7849426269531 199.5723419189453 356.7849426269531 235.79561614990234 335.25958251953125 235.79561614990234
334.8947448730469 199.9246368408203 356.4592914581299 199.9246368408203 356.4592914581299 235.19522857666016 334.8947448730469 235.19522857666016
334.1989440917969 199.0709686279297 356.50561904907227 199.0709686279297 356.50561904907227 235.59017181396484 334.1989440917969 235.59017181396484
334.0830078125 199.46897888183594 355.7624988555908 199.46897888183594 355.7624988555908 234.11664581298828 334.0830078125 234.11664581298828
333.09136962890625 198.4954376220703 355.4686584472656 198.4954376220703 355.4686584472656 234.69340133666992 333.09136962890625 234.69340133666992
333.54473876953125 198.91494750976562 354.71919441223145 198.91494750976562 354.71919441223145 233.47934341430664 333.54473876953125 233.47934341430664
332.49090576171875 199.36807250976562 354.0980701446533 199.36807250976562 354.0980701446533 234.19499969482422 332.49090576171875 234.19499969482422
332.0266418457031 200.2338104248047 353.96154403686523 200.2338104248047 353.96154403686523 233.74078750610352 332.0266418457031 233.74078750610352
331.57257080078125 200.2006378173828 352.9989528656006 200.2006378173828 352.9989528656006 234.75708389282227 331.57257080078125 234.75708389282227
331.0615539550781 199.8987579345703 352.5239772796631 199.8987579345703 352.5239772796631 235.22270965576172 331.0615539550781 235.22270965576172
330.285888671875 199.8629608154297 352.4698791503906 199.8629608154297 352.4698791503906 235.32125091552734 330.285888671875 235.32125091552734
329.803466796875 201.6038818359375 352.512451171875 201.6038818359375 352.512451171875 234.46968460083008 329.803466796875 234.46968460083008
329.3445739746094 200.84646606445312 351.83981704711914 200.84646606445312 351.83981704711914 234.77214813232422 329.3445739746094 234.77214813232422
328.3329162597656 200.66061401367188 351.66199111938477 200.66061401367188 351.66199111938477 235.9636116027832 328.3329162597656 235.9636116027832
327.8589782714844 200.69638061523438 351.8243522644043 200.69638061523438 351.8243522644043 235.54181289672852 327.8589782714844 235.54181289672852
327.40618896484375 201.2661590576172 350.59730529785156 201.2661590576172 350.59730529785156 236.48958587646484 327.40618896484375 236.48958587646484
326.82159423828125 200.99790954589844 350.8512191772461 200.99790954589844 350.8512191772461 237.41903686523438 326.82159423828125 237.41903686523438
326.3767395019531 201.31375122070312 349.6708793640137 201.31375122070312 349.6708793640137 235.88188934326172 326.3767395019531 235.88188934326172
325.409423828125 200.95729064941406 349.8614616394043 200.95729064941406 349.8614616394043 237.55917358398438 325.409423828125 237.55917358398438
324.75628662109375 201.0305938720703 348.3794994354248 201.0305938720703 348.3794994354248 236.63520050048828 324.75628662109375 236.63520050048828
324.0221252441406 201.3947296142578 348.007511138916 201.3947296142578 348.007511138916 235.5672378540039 324.0221252441406 235.5672378540039
323.8647766113281 200.42796325683594 346.4781246185303 200.42796325683594 346.4781246185303 234.58001327514648 323.8647766113281 234.58001327514648
322.91473388671875 200.77255249023438 345.2863655090332 200.77255249023438 345.2863655090332 234.2055435180664 322.91473388671875 234.2055435180664
322.58538818359375 199.73081970214844 345.53457260131836 199.73081970214844 345.53457260131836 233.88202285766602 322.58538818359375 233.88202285766602
322.2480163574219 199.46873474121094 343.8174476623535 199.46873474121094 343.8174476623535 234.06450653076172 322.2480163574219 234.06450653076172
321.8912658691406 200.06503295898438 343.3905029296875 200.06503295898438 343.3905029296875 234.88652801513672 321.8912658691406 234.88652801513672
321.23162841796875 199.4779052734375 342.71996688842773 199.4779052734375 342.71996688842773 235.34197998046875 321.23162841796875 235.34197998046875
320.7665100097656 199.69740295410156 341.72105407714844 199.69740295410156 341.72105407714844 233.78675079345703 320.7665100097656 233.78675079345703
320.1134033203125 198.7401580810547 341.30305671691895 198.7401580810547 341.30305671691895 232.52419662475586 320.1134033203125 232.52419662475586
320.3360900878906 197.97987365722656 341.19780349731445 197.97987365722656 341.19780349731445 232.62334823608398 320.3360900878906 232.62334823608398
319.48406982421875 197.78323364257812 340.9858684539795 197.78323364257812 340.9858684539795 234.2195053100586 319.48406982421875 234.2195053100586
319.1733703613281 198.10232543945312 339.9381408691406 198.10232543945312 339.9381408691406 233.1862449645996 319.1733703613281 233.1862449645996
318.4425964355469 196.83908081054688 339.14135551452637 196.83908081054688 339.14135551452637 232.46817779541016 318.4425964355469 232.46817779541016
318.02032470703125 196.6514892578125 338.72327041625977 196.6514892578125 338.72327041625977 233.58256912231445 318.02032470703125 233.58256912231445
316.54827880859375 196.1947021484375 338.6292190551758 196.1947021484375 338.6292190551758 232.73339462280273 316.54827880859375 232.73339462280273
315.95330810546875 196.30844116210938 338.36605644226074 196.30844116210938 338.36605644226074 230.9369354248047 315.95330810546875 230.9369354248047
314.97198486328125 196.95858764648438 337.13393211364746 196.95858764648438 337.13393211364746 232.38697814941406 314.97198486328125 232.38697814941406
314.23040771484375 196.1309356689453 336.0747413635254 196.1309356689453 336.0747413635254 232.32601928710938 314.23040771484375 232.32601928710938
313.2760925292969 194.9340362548828 334.94049072265625 194.9340362548828 334.94049072265625 231.7415313720703 313.2760925292969 231.7415313720703
313.1532287597656 195.37330627441406 334.6110210418701 195.37330627441406 334.6110210418701 231.3915786743164 313.1532287597656 231.3915786743164
312.483154296875 194.42713928222656 334.42268562316895 194.42713928222656 334.42268562316895 231.96306610107422 312.483154296875 231.96306610107422
312.03631591796875 194.29611206054688 333.6180019378662 194.29611206054688 333.6180019378662 230.1796531677246 312.03631591796875 230.1796531677246
311.932373046875 194.6634979248047 332.71566581726074 194.6634979248047 332.71566581726074 231.4637222290039 311.932373046875 231.4637222290039
311.51416015625 193.82101440429688 332.49188232421875 193.82101440429688 332.49188232421875 231.06073760986328 311.51416015625 231.06073760986328
311.55126953125 194.5906219482422 332.0999393463135 194.5906219482422 332.0999393463135 230.51862335205078 311.55126953125 230.51862335205078
311.33746337890625 195.22406005859375 331.5410900115967 195.22406005859375 331.5410900115967 229.4247055053711 311.33746337890625 229.4247055053711
310.97772216796875 194.65054321289062 331.79267501831055 194.65054321289062 331.79267501831055 230.04532623291016 310.97772216796875 230.04532623291016
310.80816650390625 193.91519165039062 331.4917411804199 193.91519165039062 331.4917411804199 230.75553512573242 310.80816650390625 230.75553512573242
310.77960205078125 194.71743774414062 331.6065979003906 194.71743774414062 331.6065979003906 230.85254669189453 310.77960205078125 230.85254669189453
310.77471923828125 194.97714233398438 330.9463081359863 194.97714233398438 330.9463081359863 230.20985794067383 310.77471923828125 230.20985794067383
311.41802978515625 195.94528198242188 331.78788566589355 195.94528198242188 331.78788566589355 229.7263412475586 311.41802978515625 229.7263412475586
310.7325744628906 196.16091918945312 331.43494033813477 196.16091918945312 331.43494033813477 231.13436126708984 310.7325744628906 231.13436126708984
311.3544006347656 195.29867553710938 332.20544624328613 195.29867553710938 332.20544624328613 232.5699806213379 311.3544006347656 232.5699806213379
312.0696716308594 196.07522583007812 332.5469207763672 196.07522583007812 332.5469207763672 231.39700317382812 312.0696716308594 231.39700317382812
312.4576721191406 196.38223266601562 333.0329475402832 196.38223266601562 333.0329475402832 230.8466339111328 312.4576721191406 230.8466339111328
312.7063293457031 195.83493041992188 333.84296226501465 195.83493041992188 333.84296226501465 232.45252990722656 312.7063293457031 232.45252990722656
312.8819580078125 196.6622772216797 334.7930107116699 196.6622772216797 334.7930107116699 232.2995376586914 312.8819580078125 232.2995376586914
314.2307434082031 197.02220153808594 334.93946075439453 197.02220153808594 334.93946075439453 231.69113159179688 314.2307434082031 231.69113159179688
314.71929931640625 195.43936157226562 335.5679302215576 195.43936157226562 335.5679302215576 231.79040145874023 314.71929931640625 231.79040145874023
315.13580322265625 196.10545349121094 336.1285820007324 196.10545349121094 336.1285820007324 230.11062240600586 315.13580322265625 230.11062240600586
315.09271240234375 195.73907470703125 336.27159690856934 195.73907470703125 336.27159690856934 229.41092681884766 315.09271240234375 229.41092681884766
315.9888916015625 195.34762573242188 337.11487197875977 195.34762573242188 337.11487197875977 229.54716110229492 315.9888916015625 229.54716110229492
315.650146484375 195.4633026123047 336.9831428527832 195.4633026123047 336.9831428527832 232.2489242553711 315.650146484375 232.2489242553711
315.38568115234375 195.38577270507812 337.6501884460449 195.38577270507812 337.6501884460449 231.06098175048828 315.38568115234375 231.06098175048828
316.4259338378906 195.16702270507812 338.1178741455078 195.16702270507812 338.1178741455078 230.14014053344727 316.4259338378906 230.14014053344727
316.85009765625 195.5159149169922 337.9187984466553 195.5159149169922 337.9187984466553 230.1731834411621 316.85009765625 230.1731834411621
316.617919921875 195.3271026611328 337.9648094177246 195.3271026611328 337.9648094177246 231.7913589477539 316.617919921875 231.7913589477539
316.6685485839844 195.3970947265625 338.4127769470215 195.3970947265625 338.4127769470215 230.39087295532227 316.6685485839844 230.39087295532227
316.5677185058594 195.5911865234375 338.4254150390625 195.5911865234375 338.4254150390625 231.42433547973633 316.5677185058594 231.42433547973633
317.11737060546875 196.52511596679688 338.8895378112793 196.52511596679688 338.8895378112793 231.64645385742188 317.11737060546875 231.64645385742188
317.887451171875 195.61672973632812 338.1601104736328 195.61672973632812 338.1601104736328 230.85530471801758 317.887451171875 230.85530471801758
317.53131103515625 195.854736328125 338.52560806274414 195.854736328125 338.52560806274414 231.75153350830078 317.53131103515625 231.75153350830078
318.30853271484375 197.24697875976562 338.4504585266113 197.24697875976562 338.4504585266113 231.05745697021484 318.30853271484375 231.05745697021484
317.86529541015625 196.0809326171875 338.6822566986084 196.0809326171875 338.6822566986084 230.71531295776367 317.86529541015625 230.71531295776367
317.558349609375 196.5807647705078 338.6280994415283 196.5807647705078 338.6280994415283 231.34944915771484 317.558349609375 231.34944915771484
317.66278076171875 196.42469787597656 338.0451889038086 196.42469787597656 338.0451889038086 231.6073112487793 317.66278076171875 231.6073112487793
317.056640625 195.7344970703125 338.4707889556885 195.7344970703125 338.4707889556885 231.36928939819336 317.056640625 231.36928939819336
316.3724670410156 195.98892211914062 338.15490531921387 195.98892211914062 338.15490531921387 231.45708465576172 316.3724670410156 231.45708465576172
317.00677490234375 195.0278778076172 337.8170471191406 195.0278778076172 337.8170471191406 231.07709884643555 317.00677490234375 231.07709884643555
316.50299072265625 194.7586212158203 337.8075485229492 194.7586212158203 337.8075485229492 231.48851013183594 316.50299072265625 231.48851013183594
316.63262939453125 194.2855682373047 337.93611907958984 194.2855682373047 337.93611907958984 231.02630996704102 316.63262939453125 231.02630996704102
316.9618225097656 194.01702880859375 337.7302074432373 194.01702880859375 337.7302074432373 231.87810516357422 316.9618225097656 231.87810516357422
317.1139221191406 194.7925567626953 338.24524879455566 194.7925567626953 338.24524879455566 231.2450180053711 317.1139221191406 231.2450180053711
317.2651062011719 194.3503875732422 338.01233291625977 194.3503875732422 338.01233291625977 231.20006561279297 317.2651062011719 231.20006561279297
316.55084228515625 194.7271728515625 338.392858505249 194.7271728515625 338.392858505249 230.86244583129883 316.55084228515625 230.86244583129883
316.75042724609375 194.2511749267578 338.2501621246338 194.2511749267578 338.2501621246338 231.46164321899414 316.75042724609375 231.46164321899414
317.0093688964844 194.42251586914062 338.3465175628662 194.42251586914062 338.3465175628662 230.4471206665039 317.0093688964844 230.4471206665039
317.1142272949219 195.34185791015625 337.96302223205566 195.34185791015625 337.96302223205566 229.28559112548828 317.1142272949219 229.28559112548828
317.09075927734375 195.5656280517578 338.31642723083496 195.5656280517578 338.31642723083496 230.1961441040039 317.09075927734375 230.1961441040039
316.5119323730469 195.37689208984375 338.822717666626 195.37689208984375 338.822717666626 230.88387298583984 316.5119323730469 230.88387298583984
317.17852783203125 195.6657257080078 339.13537979125977 195.6657257080078 339.13537979125977 231.0373420715332 317.17852783203125 231.0373420715332
317.5858459472656 195.598876953125 339.716251373291 195.598876953125 339.716251373291 231.84136199951172 317.5858459472656 231.84136199951172
318.02667236328125 195.8470001220703 340.4398078918457 195.8470001220703 340.4398078918457 231.04297256469727 318.02667236328125 231.04297256469727
318.29656982421875 196.7383270263672 340.2675018310547 196.7383270263672 340.2675018310547 230.78057861328125 318.29656982421875 230.78057861328125
319.1033935546875 196.4952850341797 340.8986587524414 196.4952850341797 340.8986587524414 231.40362167358398 319.1033935546875 231.40362167358398
319.0636291503906 197.31344604492188 341.12337493896484 197.31344604492188 341.12337493896484 230.1162338256836 319.0636291503906 230.1162338256836
319.56048583984375 196.57891845703125 341.33092308044434 196.57891845703125 341.33092308044434 230.103759765625 319.56048583984375 230.103759765625
320.5446472167969 197.27577209472656 342.15569496154785 197.27577209472656 342.15569496154785 231.47038650512695 320.5446472167969 231.47038650512695
321.2614440917969 196.93942260742188 342.1860980987549 196.93942260742188 342.1860980987549 231.44157028198242 321.2614440917969 231.44157028198242
321.5242614746094 196.71389770507812 342.1071968078613 196.71389770507812 342.1071968078613 230.12007522583008 321.5242614746094 230.12007522583008
321.98919677734375 196.51373291015625 342.9431915283203 196.51373291015625 342.9431915283203 230.70486068725586 321.98919677734375 230.70486068725586
322.955078125 196.66751098632812 343.35964584350586 196.66751098632812 343.35964584350586 230.88912200927734 322.955078125 230.88912200927734
323.6661071777344 196.56265258789062 343.794958114624 196.56265258789062 343.794958114624 231.48876190185547 323.6661071777344 231.48876190185547
323.776123046875 195.73851013183594 344.2327823638916 195.73851013183594 344.2327823638916 230.49799346923828 323.776123046875 230.49799346923828
324.0753479003906 196.26129150390625 344.5121364593506 196.26129150390625 344.5121364593506 230.56536102294922 324.0753479003906 230.56536102294922
324.2452697753906 196.7047576904297 344.9660129547119 196.7047576904297 344.9660129547119 230.07391357421875 324.2452697753906 230.07391357421875
323.9872131347656 196.4727783203125 344.87676429748535 196.4727783203125 344.87676429748535 231.1259651184082 323.9872131347656 231.1259651184082
324.19525146484375 196.2445526123047 344.5340385437012 196.2445526123047 344.5340385437012 230.3897933959961 324.19525146484375 230.3897933959961
325.1056213378906 196.70162963867188 345.2346305847168 196.70162963867188 345.2346305847168 228.9993019104004 325.1056213378906 228.9993019104004
325.13641357421875 196.82406616210938 344.76862716674805 196.82406616210938 344.76862716674805 229.2860336303711 325.13641357421875 229.2860336303711
325.39892578125 196.97293090820312 344.7608222961426 196.97293090820312 344.7608222961426 229.3326416015625 325.39892578125 229.3326416015625
324.726806640625 197.41819763183594 344.27360916137695 197.41819763183594 344.27360916137695 230.43481063842773 324.726806640625 230.43481063842773
325.60247802734375 196.82479858398438 344.7928123474121 196.82479858398438 344.7928123474121 229.47810745239258 325.60247802734375 229.47810745239258
325.6124572753906 197.47406005859375 345.0492572784424 197.47406005859375 345.0492572784424 229.1274471282959 325.6124572753906 229.1274471282959
325.2848205566406 197.746337890625 344.61166763305664 197.746337890625 344.61166763305664 230.09668731689453 325.2848205566406 230.09668731689453
324.76434326171875 197.60079956054688 344.39567947387695 197.60079956054688 344.39567947387695 229.5069522857666 324.76434326171875 229.5069522857666
324.3670959472656 197.72103881835938 344.1295051574707 197.72103881835938 344.1295051574707 229.72173309326172 324.3670959472656 229.72173309326172
323.825439453125 198.00538635253906 343.7838497161865 198.00538635253906 343.7838497161865 230.95308685302734 323.825439453125 230.95308685302734
323.86016845703125 198.39915466308594 342.76369857788086 198.39915466308594 342.76369857788086 230.00446701049805 323.86016845703125 230.00446701049805
323.29437255859375 197.939453125 343.1342601776123 197.939453125 343.1342601776123 230.29837036132812 323.29437255859375 230.29837036132812
322.26763916015625 198.65298461914062 342.27263259887695 198.65298461914062 342.27263259887695 231.0584945678711 322.26763916015625 231.0584945678711
321.118408203125 199.9018096923828 341.4232540130615 199.9018096923828 341.4232540130615 230.7965850830078 321.118408203125 230.7965850830078
320.3791809082031 199.50018310546875 341.16360092163086 199.50018310546875 341.16360092163086 230.0112419128418 320.3791809082031 230.0112419128418
319.08013916015625 199.03123474121094 340.52268981933594 199.03123474121094 340.52268981933594 229.41652488708496 319.08013916015625 229.41652488708496
317.6575622558594 199.42312622070312 339.089994430542 199.42312622070312 339.089994430542 228.05662155151367 317.6575622558594 228.05662155151367
317.8337097167969 199.2139892578125 337.54674911499023 199.2139892578125 337.54674911499023 227.42731857299805 317.8337097167969 227.42731857299805
316.4001159667969 199.4663543701172 336.19712829589844 199.4663543701172 336.19712829589844 227.59369277954102 316.4001159667969 227.59369277954102
315.3346252441406 198.76193237304688 335.7292022705078 198.76193237304688 335.7292022705078 228.25899124145508 315.3346252441406 228.25899124145508
314.80804443359375 197.60623168945312 334.5185127258301 197.60623168945312 334.5185127258301 228.632080078125 314.80804443359375 228.632080078125
314.04486083984375 198.13223266601562 334.2373390197754 198.13223266601562 334.2373390197754 228.48161697387695 314.04486083984375 228.48161697387695
313.5387878417969 196.9426727294922 333.34041023254395 196.9426727294922 333.34041023254395 228.43585586547852 313.5387878417969 228.43585586547852
313.0125427246094 196.4427490234375 333.06353759765625 196.4427490234375 333.06353759765625 230.36770248413086 313.0125427246094 230.36770248413086
312.69586181640625 195.8775634765625 332.7585868835449 195.8775634765625 332.7585868835449 228.04656219482422 312.69586181640625 228.04656219482422
311.6652526855469 196.026123046875 332.8031368255615 196.026123046875 332.8031368255615 229.52125930786133 311.6652526855469 229.52125930786133
311.5184631347656 196.0866241455078 331.9793395996094 196.0866241455078 331.9793395996094 229.4848861694336 311.5184631347656 229.4848861694336
311.1024169921875 197.17611694335938 331.4737606048584 197.17611694335938 331.4737606048584 229.33930206298828 311.1024169921875 229.33930206298828
310.7198486328125 196.89797973632812 330.81190299987793 196.89797973632812 330.81190299987793 227.89760971069336 310.7198486328125 227.89760971069336
309.97198486328125 197.4798583984375 330.7421684265137 197.4798583984375 330.7421684265137 229.6791000366211 309.97198486328125 229.6791000366211
309.65960693359375 198.2032928466797 330.86524772644043 198.2032928466797 330.86524772644043 229.7058982849121 309.65960693359375 229.7058982849121
309.1591491699219 197.21722412109375 330.14403915405273 197.21722412109375 330.14403915405273 228.99538040161133 309.1591491699219 228.99538040161133
308.8717041015625 198.10568237304688 329.9720878601074 198.10568237304688 329.9720878601074 229.3943634033203 308.8717041015625 229.3943634033203
308.7016296386719 196.94992065429688 329.3928394317627 196.94992065429688 329.3928394317627 227.8041229248047 308.7016296386719 227.8041229248047
307.8331604003906 196.9086151123047 328.12960624694824 196.9086151123047 328.12960624694824 228.85436630249023 307.8331604003906 228.85436630249023
307.327392578125 196.51327514648438 327.1306896209717 196.51327514648438 327.1306896209717 228.18632125854492 307.327392578125 228.18632125854492
306.6175537109375 196.16481018066406 326.6698055267334 196.16481018066406 326.6698055267334 228.0760383605957 306.6175537109375 228.0760383605957
305.77215576171875 195.19845581054688 325.6183433532715 195.19845581054688 325.6183433532715 229.8739128112793 305.77215576171875 229.8739128112793
305.3285217285156 196.30642700195312 325.82167625427246 196.30642700195312 325.82167625427246 230.6712760925293 305.3285217285156 230.6712760925293
303.68072509765625 194.69882202148438 324.580530166626 194.69882202148438 324.580530166626 229.25203323364258 303.68072509765625 229.25203323364258
303.01025390625 193.69961547851562 324.16254234313965 193.69961547851562 324.16254234313965 229.83827209472656 303.01025390625 229.83827209472656
302.185546875 194.154296875 323.3381862640381 194.154296875 323.3381862640381 227.80255889892578 302.185546875 227.80255889892578
301.5970764160156 195.36192321777344 322.5932502746582 195.36192321777344 322.5932502746582 229.4046401977539 301.5970764160156 229.4046401977539
299.48089599609375 194.4110565185547 322.642578125 194.4110565185547 322.642578125 229.22675704956055 299.48089599609375 229.22675704956055
298.0382080078125 194.45379638671875 321.3819885253906 194.45379638671875 321.3819885253906 229.98554229736328 298.0382080078125 229.98554229736328
296.79949951171875 194.7501983642578 319.64191818237305 194.7501983642578 319.64191818237305 229.84175872802734 296.79949951171875 229.84175872802734
295.8255920410156 193.41769409179688 318.6042671203613 193.41769409179688 318.6042671203613 228.3215789794922 295.8255920410156 228.3215789794922
294.1207275390625 192.9556121826172 317.408239364624 192.9556121826172 317.408239364624 227.96142959594727 294.1207275390625 227.96142959594727
293.49334716796875 192.78663635253906 316.70025634765625 192.78663635253906 316.70025634765625 228.51871871948242 293.49334716796875 228.51871871948242
291.9889221191406 192.57546997070312 315.15246391296387 192.57546997070312 315.15246391296387 228.14902877807617 291.9889221191406 228.14902877807617
291.56976318359375 190.7933807373047 314.38820457458496 190.7933807373047 314.38820457458496 225.5384750366211 291.56976318359375 225.5384750366211
291.577392578125 189.70724487304688 313.99621391296387 189.70724487304688 313.99621391296387 225.67554473876953 291.577392578125 225.67554473876953
290.7114562988281 190.59671020507812 313.5559482574463 190.59671020507812 313.5559482574463 226.17575073242188 290.7114562988281 226.17575073242188
290.750732421875 190.475341796875 312.505558013916 190.475341796875 312.505558013916 226.96627807617188 290.750732421875 226.96627807617188
289.792236328125 189.81259155273438 312.59667587280273 189.81259155273438 312.59667587280273 227.40634155273438 289.792236328125 227.40634155273438
288.762451171875 189.94534301757812 311.14436531066895 189.94534301757812 311.14436531066895 227.69305038452148 288.762451171875 227.69305038452148
288.34375 190.8889617919922 310.1153964996338 190.8889617919922 310.1153964996338 227.24785995483398 288.34375 227.24785995483398
288.2255554199219 189.93389892578125 310.2874755859375 189.93389892578125 310.2874755859375 225.97763061523438 288.2255554199219 225.97763061523438
286.7046813964844 190.5799560546875 308.8422603607178 190.5799560546875 308.8422603607178 227.51571655273438 286.7046813964844 227.51571655273438
286.09075927734375 189.9938201904297 309.4845848083496 189.9938201904297 309.4845848083496 225.66230010986328 286.09075927734375 225.66230010986328
286.69610595703125 190.2906951904297 308.37027740478516 190.2906951904297 308.37027740478516 225.3495750427246 286.69610595703125 225.3495750427246
286.3252868652344 191.74575805664062 307.7724208831787 191.74575805664062 307.7724208831787 226.5833625793457 286.3252868652344 226.5833625793457
285.596923828125 190.91845703125 307.1161880493164 190.91845703125 307.1161880493164 224.91253662109375 285.596923828125 224.91253662109375
285.3868713378906 190.05419921875 306.82844161987305 190.05419921875 306.82844161987305 224.57960510253906 285.3868713378906 224.57960510253906
283.6746520996094 189.83270263671875 305.9668140411377 189.83270263671875 305.9668140411377 226.23816680908203 283.6746520996094 226.23816680908203
282.8636169433594 189.87449645996094 305.36474227905273 189.87449645996094 305.36474227905273 225.13115692138672 282.8636169433594 225.13115692138672
281.8575439453125 188.83554077148438 304.8710651397705 188.83554077148438 304.8710651397705 227.72936630249023 281.8575439453125 227.72936630249023
281.246337890625 189.3561553955078 303.467529296875 189.3561553955078 303.467529296875 227.83313751220703 281.246337890625 227.83313751220703
279.7086181640625 188.7072296142578 303.0464725494385 188.7072296142578 303.0464725494385 226.7992172241211 279.7086181640625 226.7992172241211
278.8322448730469 189.75759887695312 302.326135635376 189.75759887695312 302.326135635376 228.56449508666992 278.8322448730469 228.56449508666992
278.5364685058594 190.37301635742188 301.6166572570801 190.37301635742188 301.6166572570801 229.39324951171875 278.5364685058594 229.39324951171875
277.487060546875 190.74374389648438 300.13228607177734 190.74374389648438 300.13228607177734 230.56339263916016 277.487060546875 230.56339263916016
275.95770263671875 190.7451171875 299.32065773010254 190.7451171875 299.32065773010254 229.31350326538086 275.95770263671875 229.31350326538086
274.98785400390625 191.60494995117188 298.5313892364502 191.60494995117188 298.5313892364502 228.45131301879883 274.98785400390625 228.45131301879883
273.83270263671875 191.0931854248047 296.8353672027588 191.0931854248047 296.8353672027588 228.64430618286133 273.83270263671875 228.64430618286133
272.03216552734375 191.96688842773438 296.1739158630371 191.96688842773438 296.1739158630371 230.34833526611328 272.03216552734375 230.34833526611328
270.36907958984375 191.1701202392578 295.24616050720215 191.1701202392578 295.24616050720215 229.43625259399414 270.36907958984375 229.43625259399414
269.4791259765625 188.56077575683594 291.35231018066406 188.56077575683594 291.35231018066406 225.39992141723633 269.4791259765625 225.39992141723633
266.0748291015625 191.56912231445312 290.66541862487793 191.56912231445312 290.66541862487793 225.96281051635742 266.0748291015625 225.96281051635742
264.4964904785156 191.33139038085938 289.0233497619629 191.33139038085938 289.0233497619629 226.34591674804688 264.4964904785156 226.34591674804688
263.11822509765625 192.5162353515625 287.75074195861816 192.5162353515625 287.75074195861816 226.68272018432617 263.11822509765625 226.68272018432617
262.55438232421875 192.63494873046875 285.86438941955566 192.63494873046875 285.86438941955566 226.50651168823242 262.55438232421875 226.50651168823242
260.2935485839844 191.47621154785156 284.3332767486572 191.47621154785156 284.3332767486572 226.65911483764648 260.2935485839844 226.65911483764648
259.0005798339844 192.22994995117188 283.4979667663574 192.22994995117188 283.4979667663574 225.75812911987305 259.0005798339844 225.75812911987305
258.13043212890625 192.69418334960938 282.27964782714844 192.69418334960938 282.27964782714844 224.63420486450195 258.13043212890625 224.63420486450195
257.426025390625 192.572509765625 281.0082550048828 192.572509765625 281.0082550048828 224.19993209838867 257.426025390625 224.19993209838867
256.1549377441406 192.05908203125 278.6155757904053 192.05908203125 278.6155757904053 224.60028076171875 256.1549377441406 224.60028076171875
254.29067993164062 191.6138458251953 277.3635196685791 191.6138458251953 277.3635196685791 222.61156272888184 254.29067993164062 222.61156272888184
253.4135284423828 191.65957641601562 276.5551109313965 191.65957641601562 276.5551109313965 222.73531532287598 253.4135284423828 222.73531532287598
251.6540985107422 191.6389617919922 274.48406410217285 191.6389617919922 274.48406410217285 222.55788612365723 251.6540985107422 222.55788612365723
249.49276733398438 191.90797424316406 273.3645477294922 191.90797424316406 273.3645477294922 222.85613441467285 249.49276733398438 222.85613441467285
248.19149780273438 191.8048095703125 272.0896968841553 191.8048095703125 272.0896968841553 223.58120727539062 248.19149780273438 223.58120727539062
245.9536590576172 191.57638549804688 269.99486541748047 191.57638549804688 269.99486541748047 223.72832489013672 245.9536590576172 223.72832489013672
245.16397094726562 193.0307159423828 269.27932357788086 193.0307159423828 269.27932357788086 225.16321182250977 245.16397094726562 225.16321182250977
243.1460418701172 193.92379760742188 267.9527339935303 193.92379760742188 267.9527339935303 225.6273193359375 243.1460418701172 225.6273193359375
241.05130004882812 192.6181640625 266.316255569458 192.6181640625 266.316255569458 227.2923469543457 241.05130004882812 227.2923469543457
239.2556610107422 191.5738525390625 263.3514060974121 191.5738525390625 263.3514060974121 226.0162582397461 239.2556610107422 226.0162582397461
238.216796875 193.12867736816406 262.4024772644043 193.12867736816406 262.4024772644043 226.28667449951172 238.216796875 226.28667449951172
235.42843627929688 191.664794921875 258.7259750366211 191.664794921875 258.7259750366211 226.49022674560547 235.42843627929688 226.49022674560547
233.5657501220703 189.70986938476562 257.247034072876 189.70986938476562 257.247034072876 227.5416717529297 233.5657501220703 227.5416717529297
231.6115264892578 189.26583862304688 253.2515354156494 189.26583862304688 253.2515354156494 224.0737419128418 231.6115264892578 224.0737419128418
229.7646942138672 189.5449981689453 252.57640075683594 189.5449981689453 252.57640075683594 222.86180877685547 229.7646942138672 222.86180877685547
226.8428497314453 188.12039184570312 250.96458625793457 188.12039184570312 250.96458625793457 223.71075820922852 226.8428497314453 223.71075820922852
225.0681610107422 185.18692016601562 246.3368091583252 185.18692016601562 246.3368091583252 221.00786972045898 225.0681610107422 221.00786972045898
221.7318878173828 189.24075317382812 245.58596229553223 189.24075317382812 245.58596229553223 223.70247650146484 221.7318878173828 223.70247650146484
219.60018920898438 189.9607391357422 244.1765594482422 189.9607391357422 244.1765594482422 224.52127075195312 219.60018920898438 224.52127075195312
217.96377563476562 189.82688903808594 242.0005931854248 189.82688903808594 242.0005931854248 226.28306579589844 217.96377563476562 226.28306579589844
214.54837036132812 188.9373321533203 238.7685832977295 188.9373321533203 238.7685832977295 223.33157348632812 214.54837036132812 223.33157348632812
212.71646118164062 188.32952880859375 237.10198593139648 188.32952880859375 237.10198593139648 221.74916076660156 212.71646118164062 221.74916076660156
209.33987426757812 186.80120849609375 235.01454734802246 186.80120849609375 235.01454734802246 222.64203643798828 209.33987426757812 222.64203643798828
207.2027587890625 186.82083129882812 233.04185104370117 186.82083129882812 233.04185104370117 223.29006958007812 207.2027587890625 223.29006958007812
204.1118621826172 186.4761199951172 229.7381248474121 186.4761199951172 229.7381248474121 220.59374237060547 204.1118621826172 220.59374237060547
200.64260864257812 184.4876251220703 226.72575759887695 184.4876251220703 226.72575759887695 219.53809356689453 200.64260864257812 219.53809356689453
198.08140563964844 186.1210479736328 223.8671875 186.1210479736328 223.8671875 219.60430145263672 198.08140563964844 219.60430145263672
195.0 185.1641082763672 220.19420623779297 185.1641082763672 220.19420623779297 219.197509765625 195.0 219.197509765625
192.0458221435547 183.95431518554688 217.08151626586914 183.95431518554688 217.08151626586914 220.63444900512695 192.0458221435547 220.63444900512695
188.259033203125 183.65841674804688 214.81203079223633 183.65841674804688 214.81203079223633 220.33612060546875 188.259033203125 220.33612060546875
184.94091796875 183.2030792236328 210.7322483062744 183.2030792236328 210.7322483062744 219.0697021484375 184.94091796875 219.0697021484375
181.59043884277344 180.92665100097656 208.0768527984619 180.92665100097656 208.0768527984619 220.5951805114746 181.59043884277344 220.5951805114746
177.0785369873047 179.54505920410156 203.45688247680664 179.54505920410156 203.45688247680664 215.2033805847168 177.0785369873047 215.2033805847168
173.46495056152344 178.9037322998047 199.11121559143066 178.9037322998047 199.11121559143066 216.081787109375 173.46495056152344 216.081787109375
169.00306701660156 179.2413330078125 194.64002418518066 179.2413330078125 194.64002418518066 213.68552780151367 169.00306701660156 213.68552780151367
166.97140502929688 178.9081573486328 191.49241065979004 178.9081573486328 191.49241065979004 214.88458633422852 166.97140502929688 214.88458633422852
161.3588104248047 179.4691619873047 187.88966369628906 179.4691619873047 187.88966369628906 213.23355865478516 161.3588104248047 213.23355865478516
159.244873046875 179.1055145263672 184.8748016357422 179.1055145263672 184.8748016357422 212.74347686767578 159.244873046875 212.74347686767578
155.42648315429688 178.5182647705078 181.98209762573242 178.5182647705078 181.98209762573242 212.31183624267578 155.42648315429688 212.31183624267578
150.9430389404297 177.11239624023438 176.6440029144287 177.11239624023438 176.6440029144287 210.77796936035156 150.9430389404297 210.77796936035156
147.48007202148438 176.73446655273438 171.52145385742188 176.73446655273438 171.52145385742188 210.6602554321289 147.48007202148438 210.6602554321289
142.76608276367188 175.32345581054688 166.95548057556152 175.32345581054688 166.95548057556152 207.42338943481445 142.76608276367188 207.42338943481445
140.1856689453125 175.95436096191406 163.2746467590332 175.95436096191406 163.2746467590332 210.7319107055664 140.1856689453125 210.7319107055664
140.63587951660156 176.4540557861328 162.8281364440918 176.4540557861328 162.8281364440918 211.56606674194336 140.63587951660156 211.56606674194336
139.33145141601562 174.73672485351562 161.34751510620117 174.73672485351562 161.34751510620117 209.83113479614258 139.33145141601562 209.83113479614258
139.96432495117188 174.1287078857422 161.39736366271973 174.1287078857422 161.39736366271973 208.93852615356445 139.96432495117188 208.93852615356445
138.8911895751953 172.57608032226562 161.28285598754883 172.57608032226562 161.28285598754883 206.94424057006836 138.8911895751953 206.94424057006836
139.5630645751953 170.65557861328125 161.39138412475586 170.65557861328125 161.39138412475586 207.8054313659668 139.5630645751953 207.8054313659668
139.9122772216797 169.56692504882812 162.34374618530273 169.56692504882812 162.34374618530273 206.78299713134766 139.9122772216797 206.78299713134766
139.24559020996094 167.95860290527344 161.6576271057129 167.95860290527344 161.6576271057129 205.30571746826172 139.24559020996094 205.30571746826172
139.78726196289062 167.84109497070312 162.52088356018066 167.84109497070312 162.52088356018066 206.12099075317383 139.78726196289062 206.12099075317383
138.429931640625 167.8130645751953 162.01431465148926 167.8130645751953 162.01431465148926 206.51166152954102 138.429931640625 206.51166152954102
139.1973419189453 167.9650421142578 163.13814163208008 167.9650421142578 163.13814163208008 206.86480712890625 139.1973419189453 206.86480712890625
138.62380981445312 167.75473022460938 162.73247146606445 167.75473022460938 162.73247146606445 204.64077377319336 138.62380981445312 204.64077377319336
139.62437438964844 166.3580322265625 163.75958633422852 166.3580322265625 163.75958633422852 203.18773651123047 139.62437438964844 203.18773651123047
140.17617797851562 164.6185302734375 163.94843864440918 164.6185302734375 163.94843864440918 202.92023849487305 140.17617797851562 202.92023849487305
139.71810913085938 162.97935485839844 162.7841339111328 162.97935485839844 162.7841339111328 201.06695556640625 139.71810913085938 201.06695556640625
139.4405975341797 162.48611450195312 162.80644416809082 162.48611450195312 162.80644416809082 202.4189682006836 139.4405975341797 202.4189682006836
138.96408081054688 162.16012573242188 163.58259773254395 162.16012573242188 163.58259773254395 201.32514190673828 138.96408081054688 201.32514190673828
138.7637176513672 161.9084014892578 162.32603073120117 161.9084014892578 162.32603073120117 199.39774322509766 138.7637176513672 199.39774322509766
138.5067138671875 162.2205810546875 162.80797386169434 162.2205810546875 162.80797386169434 199.08993530273438 138.5067138671875 199.08993530273438
138.82608032226562 161.16000366210938 162.85164260864258 161.16000366210938 162.85164260864258 199.2467155456543 138.82608032226562 199.2467155456543
137.93374633789062 160.66305541992188 162.17345237731934 160.66305541992188 162.17345237731934 196.50102615356445 137.93374633789062 196.50102615356445
137.77345275878906 158.9262237548828 161.7628517150879 158.9262237548828 161.7628517150879 195.25992584228516 137.77345275878906 195.25992584228516
137.5168914794922 156.31088256835938 161.50734329223633 156.31088256835938 161.50734329223633 191.46492385864258 137.5168914794922 191.46492385864258
136.76663208007812 154.8009490966797 161.67008590698242 154.8009490966797 161.67008590698242 192.38188934326172 136.76663208007812 192.38188934326172
137.378173828125 153.63632202148438 161.20422554016113 153.63632202148438 161.20422554016113 189.49219512939453 137.378173828125 189.49219512939453
137.8954315185547 152.81488037109375 162.67468643188477 152.81488037109375 162.67468643188477 190.67360305786133 137.8954315185547 190.67360305786133
137.7376708984375 152.99038696289062 161.79845809936523 152.99038696289062 161.79845809936523 189.0647430419922 137.7376708984375 189.0647430419922
137.6745147705078 153.42742919921875 161.4951171875 153.42742919921875 161.4951171875 188.7520751953125 137.6745147705078 188.7520751953125
137.538330078125 152.8960723876953 160.86745071411133 152.8960723876953 160.86745071411133 189.2530632019043 137.538330078125 189.2530632019043
137.90383911132812 151.30609130859375 160.91281509399414 151.30609130859375 160.91281509399414 188.41094207763672 137.90383911132812 188.41094207763672
138.67965698242188 150.75186157226562 161.78732109069824 150.75186157226562 161.78732109069824 186.5473175048828 138.67965698242188 186.5473175048828
138.9077911376953 148.47286987304688 162.77331161499023 148.47286987304688 162.77331161499023 186.93485260009766 138.9077911376953 186.93485260009766
138.57730102539062 146.90855407714844 162.8476505279541 146.90855407714844 162.8476505279541 185.96705627441406 138.57730102539062 185.96705627441406
139.3019561767578 145.97474670410156 161.9809169769287 145.97474670410156 161.9809169769287 184.4592742919922 139.3019561767578 184.4592742919922
138.833740234375 145.00308227539062 162.01434707641602 145.00308227539062 162.01434707641602 183.91155242919922 138.833740234375 183.91155242919922
139.0013427734375 145.25680541992188 161.65229606628418 145.25680541992188 161.65229606628418 182.39403533935547 139.0013427734375 182.39403533935547
138.81239318847656 145.1145782470703 161.19638442993164 145.1145782470703 161.19638442993164 182.31031036376953 138.81239318847656 182.31031036376953
139.13284301757812 145.4171600341797 162.1909465789795 145.4171600341797 162.1909465789795 183.07772064208984 139.13284301757812 183.07772064208984
139.55661010742188 144.46261596679688 161.96191215515137 144.46261596679688 161.96191215515137 180.2268943786621 139.55661010742188 180.2268943786621
140.09262084960938 143.78761291503906 161.82381439208984 143.78761291503906 161.82381439208984 178.39567947387695 140.09262084960938 178.39567947387695
139.2602081298828 142.43368530273438 161.77917098999023 142.43368530273438 161.77917098999023 177.3791732788086 139.2602081298828 177.3791732788086
139.30502319335938 140.3624267578125 161.32574462890625 140.3624267578125 161.32574462890625 176.16312789916992 139.30502319335938 176.16312789916992
138.27047729492188 139.34304809570312 161.6541290283203 139.34304809570312 161.6541290283203 175.33771514892578 138.27047729492188 175.33771514892578
139.41859436035156 139.0721435546875 162.37702560424805 139.0721435546875 162.37702560424805 174.64490509033203 139.41859436035156 174.64490509033203
139.46994018554688 139.30178833007812 161.85034561157227 139.30178833007812 161.85034561157227 176.17679595947266 139.46994018554688 176.17679595947266
139.04136657714844 139.33636474609375 161.92473220825195 139.33636474609375 161.92473220825195 174.92981719970703 139.04136657714844 174.92981719970703
138.8297882080078 139.17955017089844 161.36622047424316 139.17955017089844 161.36622047424316 174.35145950317383 138.8297882080078 174.35145950317383
138.5880889892578 137.94351196289062 162.35451316833496 137.94351196289062 162.35451316833496 173.04842376708984 138.5880889892578 173.04842376708984
139.47869873046875 137.09182739257812 162.64884757995605 137.09182739257812 162.64884757995605 170.9023208618164 139.47869873046875 170.9023208618164
139.6591796875 135.71435546875 162.7769317626953 135.71435546875 162.7769317626953 169.57115936279297 139.6591796875 169.57115936279297
140.6551055908203 133.5362548828125 164.46816635131836 133.5362548828125 164.46816635131836 169.91857147216797 140.6551055908203 169.91857147216797
140.57693481445312 133.1058807373047 164.10235214233398 133.1058807373047 164.10235214233398 168.21097564697266 140.57693481445312 168.21097564697266
141.621826171875 133.3329620361328 163.87482261657715 133.3329620361328 163.87482261657715 167.84556198120117 141.621826171875 167.84556198120117
141.76751708984375 132.678955078125 163.56279182434082 132.678955078125 163.56279182434082 166.31945037841797 141.76751708984375 166.31945037841797
