22.0 298.0 87.0 298.0 87.0 407.0 22.0 407.0
24.204069137573242 299.236083984375 87.58774757385254 299.236083984375 87.58774757385254 405.5478973388672 24.204069137573242 405.5478973388672
26.180282592773438 299.3951110839844 88.82629776000977 299.3951110839844 88.82629776000977 404.3362274169922 26.180282592773438 404.3362274169922
29.964757919311523 298.167724609375 90.86741828918457 298.167724609375 90.86741828918457 403.60179138183594 29.964757919311523 403.60179138183594
32.244911193847656 299.44268798828125 91.88175964355469 299.44268798828125 91.88175964355469 401.6756820678711 32.244911193847656 401.6756820678711
32.99895477294922 299.14849853515625 93.75009155273438 299.14849853515625 93.75009155273438 400.57381439208984 32.99895477294922 400.57381439208984
36.95933151245117 299.50140380859375 96.53686904907227 299.50140380859375 96.53686904907227 402.50608825683594 36.95933151245117 402.50608825683594
37.86793899536133 296.68157958984375 98.39582443237305 296.68157958984375 98.39582443237305 403.4265899658203 37.86793899536133 403.4265899658203
54.669456481933594 290.91729736328125 114.51934051513672 290.91729736328125 114.51934051513672 398.19256591796875 54.669456481933594 398.19256591796875
62.030784606933594 286.8857116699219 122.60784912109375 286.8857116699219 122.60784912109375 400.2500457763672 62.030784606933594 400.2500457763672
66.84196472167969 287.59918212890625 125.7237319946289 287.59918212890625 125.7237319946289 399.2897186279297 66.84196472167969 399.2897186279297
69.71806335449219 287.9100341796875 127.68780899047852 287.9100341796875 127.68780899047852 397.7042007446289 69.71806335449219 397.7042007446289
75.28746032714844 285.1897277832031 132.75049209594727 285.1897277832031 132.75049209594727 395.0928268432617 75.28746032714844 395.0928268432617
69.75283813476562 286.3043518066406 136.78330993652344 286.3043518066406 136.78330993652344 398.7092742919922 69.75283813476562 398.7092742919922
78.9853515625 284.4305725097656 135.63668060302734 284.4305725097656 135.63668060302734 398.3435745239258 78.9853515625 398.3435745239258
81.1722412109375 279.47705078125 139.21910858154297 279.47705078125 139.21910858154297 397.2777328491211 81.1722412109375 397.2777328491211
80.2291259765625 281.00701904296875 146.33226013183594 281.00701904296875 146.33226013183594 391.8568878173828 80.2291259765625 391.8568878173828
89.96111297607422 277.1814270019531 148.5982780456543 277.1814270019531 148.5982780456543 394.1773147583008 89.96111297607422 394.1773147583008
93.698486328125 281.69268798828125 155.55367279052734 281.69268798828125 155.55367279052734 395.01834869384766 93.698486328125 395.01834869384766
96.07740783691406 287.33514404296875 160.19802856445312 287.33514404296875 160.19802856445312 395.82496643066406 96.07740783691406 395.82496643066406
99.8541488647461 286.66534423828125 164.37554168701172 286.66534423828125 164.37554168701172 395.3296890258789 99.8541488647461 395.3296890258789
103.64933776855469 287.3418884277344 167.57759857177734 287.3418884277344 167.57759857177734 396.41966247558594 103.64933776855469 396.41966247558594
105.12255859375 286.62054443359375 169.18505859375 286.62054443359375 169.18505859375 394.6887435913086 105.12255859375 394.6887435913086
110.25748443603516 285.1346130371094 173.0660171508789 285.1346130371094 173.0660171508789 391.1902542114258 110.25748443603516 391.1902542114258
114.0137939453125 282.95880126953125 177.7524299621582 282.95880126953125 177.7524299621582 389.514404296875 114.0137939453125 389.514404296875
116.42231750488281 284.449951171875 180.7431869506836 284.449951171875 180.7431869506836 390.79522705078125 116.42231750488281 390.79522705078125
119.87271881103516 286.02191162109375 186.35066986083984 286.02191162109375 186.35066986083984 394.53243255615234 119.87271881103516 394.53243255615234
122.03543853759766 285.4295654296875 189.46321868896484 285.4295654296875 189.46321868896484 392.0413055419922 122.03543853759766 392.0413055419922
127.59391784667969 284.0611267089844 197.13251495361328 284.0611267089844 197.13251495361328 390.27259063720703 127.59391784667969 390.27259063720703
135.57261657714844 287.2035217285156 203.76797485351562 287.2035217285156 203.76797485351562 392.56519317626953 135.57261657714844 392.56519317626953
142.67660522460938 289.4410400390625 209.74790954589844 289.4410400390625 209.74790954589844 395.3341827392578 142.67660522460938 395.3341827392578
149.20364379882812 289.2727966308594 214.2441177368164 289.2727966308594 214.2441177368164 395.5333938598633 149.20364379882812 395.5333938598633
152.04513549804688 285.2319641113281 216.37039184570312 285.2319641113281 216.37039184570312 389.2431182861328 152.04513549804688 389.2431182861328
158.69656372070312 281.78155517578125 222.72504425048828 281.78155517578125 222.72504425048828 389.45265197753906 158.69656372070312 389.45265197753906
162.7742462158203 283.36041259765625 228.45730590820312 283.36041259765625 228.45730590820312 388.56004333496094 162.7742462158203 388.56004333496094
167.89022827148438 282.41424560546875 235.01172637939453 282.41424560546875 235.01172637939453 388.2443084716797 167.89022827148438 388.2443084716797
182.44444274902344 276.66754150390625 248.94564056396484 276.66754150390625 248.94564056396484 386.8791275024414 182.44444274902344 386.8791275024414
188.03048706054688 273.878173828125 256.4794158935547 273.878173828125 256.4794158935547 388.85147857666016 188.03048706054688 388.85147857666016
190.9918975830078 273.8720703125 260.44146728515625 273.8720703125 260.44146728515625 390.1972885131836 190.9918975830078 390.1972885131836
201.44137573242188 274.9917907714844 269.06116485595703 274.9917907714844 269.06116485595703 386.9710006713867 201.44137573242188 386.9710006713867
203.3468475341797 274.8733215332031 270.9233932495117 274.8733215332031 270.9233932495117 384.94627380371094 203.3468475341797 384.94627380371094
207.7068634033203 276.39788818359375 270.98342514038086 276.39788818359375 270.98342514038086 381.32857513427734 207.7068634033203 381.32857513427734
211.53042602539062 272.35296630859375 273.1461181640625 272.35296630859375 273.1461181640625 379.3125 211.53042602539062 379.3125
214.633544921875 268.7785339355469 278.3157539367676 268.7785339355469 278.3157539367676 377.5517044067383 214.633544921875 377.5517044067383
221.5845489501953 274.3421936035156 285.27061462402344 274.3421936035156 285.27061462402344 377.94811248779297 221.5845489501953 377.94811248779297
227.22946166992188 271.6571960449219 290.0836372375488 271.6571960449219 290.0836372375488 377.63169860839844 227.22946166992188 377.63169860839844
234.66976928710938 272.8188171386719 294.3766899108887 272.8188171386719 294.3766899108887 373.8278350830078 234.66976928710938 373.8278350830078
239.96463012695312 273.5343933105469 296.0708236694336 273.5343933105469 296.0708236694336 373.5349426269531 239.96463012695312 373.5349426269531
244.2277374267578 268.3479309082031 302.40795516967773 268.3479309082031 302.40795516967773 372.5216369628906 244.2277374267578 372.5216369628906
248.63528442382812 270.18743896484375 307.13719940185547 270.18743896484375 307.13719940185547 375.90504455566406 248.63528442382812 375.90504455566406
250.6446533203125 271.94525146484375 312.41619873046875 271.94525146484375 312.41619873046875 375.045166015625 250.6446533203125 375.045166015625
254.55087280273438 270.6828918457031 315.21912384033203 270.6828918457031 315.21912384033203 374.14048767089844 254.55087280273438 374.14048767089844
256.49237060546875 270.85491943359375 316.7672233581543 270.85491943359375 316.7672233581543 371.0998992919922 256.49237060546875 371.0998992919922
261.14825439453125 271.8703918457031 321.1491508483887 271.8703918457031 321.1491508483887 371.06541442871094 261.14825439453125 371.06541442871094
267.343505859375 269.56292724609375 325.84610748291016 269.56292724609375 325.84610748291016 368.6224594116211 267.343505859375 368.6224594116211
273.58251953125 269.27484130859375 329.3927993774414 269.27484130859375 329.3927993774414 366.0041275024414 273.58251953125 366.0041275024414
275.79217529296875 267.9057922363281 333.4127311706543 267.9057922363281 333.4127311706543 369.9904479980469 275.79217529296875 369.9904479980469
277.7908935546875 265.9382629394531 337.3816947937012 265.9382629394531 337.3816947937012 367.9788360595703 277.7908935546875 367.9788360595703
282.2360534667969 266.35858154296875 340.4772148132324 266.35858154296875 340.4772148132324 370.9789276123047 282.2360534667969 370.9789276123047
283.45147705078125 265.38458251953125 342.8624458312988 265.38458251953125 342.8624458312988 366.3348693847656 283.45147705078125 366.3348693847656
285.9622497558594 265.3821716308594 343.2208061218262 265.3821716308594 343.2208061218262 364.01561737060547 285.9622497558594 364.01561737060547
288.67730712890625 264.13916015625 346.6238212585449 264.13916015625 346.6238212585449 364.8546600341797 288.67730712890625 364.8546600341797
289.9256896972656 263.0338439941406 348.1849174499512 263.0338439941406 348.1849174499512 362.2027130126953 289.9256896972656 362.2027130126953
291.3838806152344 260.80426025390625 349.83049392700195 260.80426025390625 349.83049392700195 362.6790466308594 291.3838806152344 362.6790466308594
294.3434753417969 260.4781799316406 352.1806945800781 260.4781799316406 352.1806945800781 365.2031784057617 294.3434753417969 365.2031784057617
297.0887756347656 262.2945251464844 356.3926582336426 262.2945251464844 356.3926582336426 365.1625671386719 297.0887756347656 365.1625671386719
300.9529724121094 263.6002502441406 360.1046943664551 263.6002502441406 360.1046943664551 368.1211395263672 300.9529724121094 368.1211395263672
304.96270751953125 263.8091125488281 363.1898307800293 263.8091125488281 363.1898307800293 364.2384490966797 304.96270751953125 364.2384490966797
313.30694580078125 260.18670654296875 370.3522834777832 260.18670654296875 370.3522834777832 360.93092346191406 313.30694580078125 360.93092346191406
317.5080261230469 260.34490966796875 371.90404510498047 260.34490966796875 371.90404510498047 357.84413146972656 317.5080261230469 357.84413146972656
319.3982849121094 260.01434326171875 374.8563117980957 260.01434326171875 374.8563117980957 358.8610305786133 319.3982849121094 358.8610305786133
322.9519958496094 260.51416015625 380.30785369873047 260.51416015625 380.30785369873047 358.54766845703125 322.9519958496094 358.54766845703125
326.43719482421875 259.4977111816406 384.1571464538574 259.4977111816406 384.1571464538574 359.9773483276367 326.43719482421875 359.9773483276367
329.29541015625 258.8632507324219 386.18603515625 258.8632507324219 386.18603515625 357.7170867919922 329.29541015625 357.7170867919922
330.1233215332031 258.0775146484375 388.12633514404297 258.0775146484375 388.12633514404297 359.9833755493164 330.1233215332031 359.9833755493164
332.7594299316406 256.10321044921875 390.50646209716797 256.10321044921875 390.50646209716797 355.6355895996094 332.7594299316406 355.6355895996094
334.01898193359375 255.53427124023438 392.5416488647461 255.53427124023438 392.5416488647461 355.17408752441406 334.01898193359375 355.17408752441406
337.49755859375 254.8550262451172 395.1161422729492 254.8550262451172 395.1161422729492 356.89672088623047 337.49755859375 356.89672088623047
339.12237548828125 255.17434692382812 399.34806060791016 255.17434692382812 399.34806060791016 359.0314178466797 339.12237548828125 359.0314178466797
341.36724853515625 256.44097900390625 400.57197189331055 256.44097900390625 400.57197189331055 356.3204803466797 341.36724853515625 356.3204803466797
345.6407775878906 254.6800079345703 403.39319610595703 254.6800079345703 403.39319610595703 354.1622772216797 345.6407775878906 354.1622772216797
350.03228759765625 255.9475555419922 406.6125907897949 255.9475555419922 406.6125907897949 352.2907180786133 350.03228759765625 352.2907180786133
352.892578125 253.4724578857422 408.6223831176758 253.4724578857422 408.6223831176758 352.3022766113281 352.892578125 352.3022766113281
355.74041748046875 254.6776123046875 411.33649826049805 254.6776123046875 411.33649826049805 349.6297149658203 355.74041748046875 349.6297149658203
358.92108154296875 254.3409423828125 413.4476547241211 254.3409423828125 413.4476547241211 350.19393157958984 358.92108154296875 350.19393157958984
360.1622314453125 254.63986206054688 416.33626556396484 254.63986206054688 416.33626556396484 349.83716583251953 360.1622314453125 349.83716583251953
361.134033203125 254.3261260986328 417.0584831237793 254.3261260986328 417.0584831237793 349.9893035888672 361.134033203125 349.9893035888672
362.80828857421875 253.6233367919922 420.3882827758789 253.6233367919922 420.3882827758789 348.5011672973633 362.80828857421875 348.5011672973633
363.6840515136719 252.98056030273438 420.5493698120117 252.98056030273438 420.5493698120117 350.9983367919922 363.6840515136719 350.9983367919922
364.04620361328125 251.97396850585938 421.84185791015625 251.97396850585938 421.84185791015625 349.7764205932617 364.04620361328125 349.7764205932617
366.0208740234375 251.05630493164062 423.8441390991211 251.05630493164062 423.8441390991211 347.92518615722656 366.0208740234375 347.92518615722656
366.78375244140625 250.6062774658203 424.91739654541016 250.6062774658203 424.91739654541016 349.6499481201172 366.78375244140625 349.6499481201172
367.0627136230469 248.5911102294922 425.7204475402832 248.5911102294922 425.7204475402832 349.4045104980469 367.0627136230469 349.4045104980469
369.213134765625 249.2609405517578 426.5533218383789 249.2609405517578 426.5533218383789 350.8327941894531 369.213134765625 350.8327941894531
370.3036193847656 250.0532684326172 428.9076843261719 250.0532684326172 428.9076843261719 348.1644515991211 370.3036193847656 348.1644515991211
373.10479736328125 251.1112518310547 430.5516128540039 251.1112518310547 430.5516128540039 347.44507598876953 373.10479736328125 347.44507598876953
376.46697998046875 248.37405395507812 433.5833053588867 248.37405395507812 433.5833053588867 348.60008239746094 376.46697998046875 348.60008239746094
377.63262939453125 246.4896240234375 435.1099548339844 246.4896240234375 435.1099548339844 348.1406021118164 377.63262939453125 348.1406021118164
379.58001708984375 247.89828491210938 436.44950103759766 247.89828491210938 436.44950103759766 345.7168426513672 379.58001708984375 345.7168426513672
380.5640563964844 246.586181640625 437.4513130187988 246.586181640625 437.4513130187988 348.7532730102539 380.5640563964844 348.7532730102539
381.85260009765625 246.22012329101562 437.8786849975586 246.22012329101562 437.8786849975586 344.4158020019531 381.85260009765625 344.4158020019531
383.42437744140625 248.3616485595703 439.1406021118164 248.3616485595703 439.1406021118164 343.0567626953125 383.42437744140625 343.0567626953125
384.5535583496094 248.54653930664062 439.5487365722656 248.54653930664062 439.5487365722656 344.14698791503906 384.5535583496094 344.14698791503906
384.8275146484375 248.73184204101562 439.9478569030762 248.73184204101562 439.9478569030762 342.52198791503906 384.8275146484375 342.52198791503906
385.67938232421875 246.8157196044922 441.0473823547363 246.8157196044922 441.0473823547363 344.79962158203125 385.67938232421875 344.79962158203125
386.3484802246094 246.8778839111328 441.34858322143555 246.8778839111328 441.34858322143555 342.3067169189453 386.3484802246094 342.3067169189453
386.13055419921875 242.67202758789062 442.9327621459961 242.67202758789062 442.9327621459961 341.7627716064453 386.13055419921875 341.7627716064453
386.8150329589844 242.58950805664062 443.11853790283203 242.58950805664062 443.11853790283203 340.95843505859375 386.8150329589844 340.95843505859375
387.97454833984375 243.5516357421875 443.96875762939453 243.5516357421875 443.96875762939453 341.55477142333984 387.97454833984375 341.55477142333984
389.1175842285156 242.4881591796875 445.5490837097168 242.4881591796875 445.5490837097168 341.2268981933594 389.1175842285156 341.2268981933594
390.1819763183594 242.7630615234375 446.75982666015625 242.7630615234375 446.75982666015625 342.95860290527344 390.1819763183594 342.95860290527344
391.554443359375 243.8632354736328 448.57747650146484 243.8632354736328 448.57747650146484 341.4225616455078 391.554443359375 341.4225616455078
391.6798400878906 244.68539428710938 449.7472114562988 244.68539428710938 449.7472114562988 341.64319610595703 391.6798400878906 341.64319610595703
393.7093200683594 243.51211547851562 451.55846405029297 243.51211547851562 451.55846405029297 338.3881072998047 393.7093200683594 338.3881072998047
394.3448791503906 241.2538604736328 454.0198669433594 241.2538604736328 454.0198669433594 338.4411926269531 394.3448791503906 338.4411926269531
395.830810546875 240.70986938476562 455.08165740966797 240.70986938476562 455.08165740966797 338.92969512939453 395.830810546875 338.92969512939453
397.44256591796875 239.0870819091797 455.5233459472656 239.0870819091797 455.5233459472656 340.2677917480469 397.44256591796875 340.2677917480469
399.5736389160156 243.40200805664062 455.8977737426758 243.40200805664062 455.8977737426758 336.5590362548828 399.5736389160156 336.5590362548828
400.5901184082031 243.04666137695312 457.4295349121094 243.04666137695312 457.4295349121094 337.70821380615234 400.5901184082031 337.70821380615234
402.4664611816406 243.29263305664062 458.0155258178711 243.29263305664062 458.0155258178711 334.71480560302734 402.4664611816406 334.71480560302734
402.8219909667969 241.42935180664062 459.2137641906738 241.42935180664062 459.2137641906738 335.1701202392578 402.8219909667969 335.1701202392578
403.4197692871094 241.2357635498047 460.9302062988281 241.2357635498047 460.9302062988281 335.0179214477539 403.4197692871094 335.0179214477539
403.6161804199219 240.5767822265625 462.1555709838867 240.5767822265625 462.1555709838867 334.5663070678711 403.6161804199219 334.5663070678711
404.9100646972656 239.74575805664062 462.6326103210449 239.74575805664062 462.6326103210449 334.1967010498047 404.9100646972656 334.1967010498047
406.5721435546875 239.4253692626953 464.6162910461426 239.4253692626953 464.6162910461426 333.29398345947266 406.5721435546875 333.29398345947266
407.4837951660156 238.8273468017578 465.1212844848633 238.8273468017578 465.1212844848633 333.20201873779297 407.4837951660156 333.20201873779297
407.7635192871094 238.04806518554688 465.9818916320801 238.04806518554688 465.9818916320801 333.3235855102539 407.7635192871094 333.3235855102539
409.8567810058594 238.6703338623047 468.0323257446289 238.6703338623047 468.0323257446289 334.4239273071289 409.8567810058594 334.4239273071289
410.82867431640625 239.1598358154297 469.1361503601074 239.1598358154297 469.1361503601074 334.4443588256836 410.82867431640625 334.4443588256836
413.0172424316406 236.7172393798828 469.7266731262207 236.7172393798828 469.7266731262207 333.755615234375 413.0172424316406 333.755615234375
415.8907165527344 238.0764923095703 472.2376823425293 238.0764923095703 472.2376823425293 331.7510528564453 415.8907165527344 331.7510528564453
417.25738525390625 236.64846801757812 474.1082458496094 236.64846801757812 474.1082458496094 334.2282485961914 417.25738525390625 334.2282485961914
420.0413513183594 234.81521606445312 476.25593185424805 234.81521606445312 476.25593185424805 333.3001022338867 420.0413513183594 333.3001022338867
420.3179626464844 234.289794921875 476.9851379394531 234.289794921875 476.9851379394531 332.93214416503906 420.3179626464844 332.93214416503906
421.84619140625 235.4061737060547 477.97319412231445 235.4061737060547 477.97319412231445 329.7811584472656 421.84619140625 329.7811584472656
422.9413146972656 235.1381378173828 478.6584167480469 235.1381378173828 478.6584167480469 331.7722854614258 422.9413146972656 331.7722854614258
423.5101013183594 235.75326538085938 480.2938652038574 235.75326538085938 480.2938652038574 329.59918212890625 423.5101013183594 329.59918212890625
425.48907470703125 236.5408477783203 480.94449615478516 236.5408477783203 480.94449615478516 329.6255645751953 425.48907470703125 329.6255645751953
426.7682189941406 234.593017578125 482.2199897766113 234.593017578125 482.2199897766113 331.53578186035156 426.7682189941406 331.53578186035156
427.3323669433594 234.4146728515625 484.1126518249512 234.4146728515625 484.1126518249512 333.35719299316406 427.3323669433594 333.35719299316406
429.2294006347656 234.9131317138672 483.93929290771484 234.9131317138672 483.93929290771484 329.6650695800781 429.2294006347656 329.6650695800781
430.5013732910156 234.1710662841797 485.7416076660156 234.1710662841797 485.7416076660156 330.04048919677734 430.5013732910156 330.04048919677734
431.1670837402344 232.5746307373047 486.9118461608887 232.5746307373047 486.9118461608887 328.47566986083984 431.1670837402344 328.47566986083984
431.7232971191406 229.181640625 488.0849075317383 229.181640625 488.0849075317383 329.9685821533203 431.7232971191406 329.9685821533203
431.66925048828125 230.27175903320312 489.43892669677734 230.27175903320312 489.43892669677734 330.09974670410156 431.66925048828125 330.09974670410156
434.14215087890625 231.2880859375 491.6715202331543 231.2880859375 491.6715202331543 328.0931930541992 434.14215087890625 328.0931930541992
435.0908203125 231.54684448242188 492.46015548706055 231.54684448242188 492.46015548706055 331.55335998535156 435.0908203125 331.55335998535156
436.78643798828125 232.06838989257812 493.1170234680176 232.06838989257812 493.1170234680176 327.6287841796875 436.78643798828125 327.6287841796875
437.820556640625 232.0564422607422 493.7890853881836 232.0564422607422 493.7890853881836 327.5757141113281 437.820556640625 327.5757141113281
438.6446228027344 231.31161499023438 494.5891799926758 231.31161499023438 494.5891799926758 328.7556915283203 438.6446228027344 328.7556915283203
439.980712890625 230.9700927734375 495.75958251953125 230.9700927734375 495.75958251953125 327.0146026611328 439.980712890625 327.0146026611328
441.41217041015625 231.49179077148438 496.2205505371094 231.49179077148438 496.2205505371094 328.2080993652344 441.41217041015625 328.2080993652344
442.39239501953125 230.08963012695312 496.7058334350586 230.08963012695312 496.7058334350586 326.86808013916016 442.39239501953125 326.86808013916016
442.8097229003906 229.74838256835938 497.1832580566406 229.74838256835938 497.1832580566406 329.46324920654297 442.8097229003906 329.46324920654297
443.3282775878906 230.0765380859375 497.13426971435547 230.0765380859375 497.13426971435547 325.6244812011719 443.3282775878906 325.6244812011719
443.2130432128906 229.03125 498.7667922973633 229.03125 498.7667922973633 331.2414855957031 443.2130432128906 331.2414855957031
444.38629150390625 230.3285675048828 498.5928840637207 230.3285675048828 498.5928840637207 325.33642578125 444.38629150390625 325.33642578125
444.18194580078125 229.3386688232422 499.4942855834961 229.3386688232422 499.4942855834961 324.60264587402344 444.18194580078125 324.60264587402344
445.9823303222656 229.22567749023438 500.5285339355469 229.22567749023438 500.5285339355469 327.9443588256836 445.9823303222656 327.9443588256836
445.687255859375 228.4289093017578 500.5270805358887 228.4289093017578 500.5270805358887 327.71726989746094 445.687255859375 327.71726989746094
445.5126037597656 225.95333862304688 500.86006927490234 225.95333862304688 500.86006927490234 324.6120071411133 445.5126037597656 324.6120071411133
446.73828125 223.2598419189453 501.87016677856445 223.2598419189453 501.87016677856445 319.86548614501953 446.73828125 319.86548614501953
448.89227294921875 223.7808380126953 503.638427734375 223.7808380126953 503.638427734375 320.68028259277344 448.89227294921875 320.68028259277344
448.5819396972656 222.09524536132812 503.56689453125 222.09524536132812 503.56689453125 318.70799255371094 448.5819396972656 318.70799255371094
448.5116271972656 221.59423828125 504.0010299682617 221.59423828125 504.0010299682617 319.36204528808594 448.5116271972656 319.36204528808594
449.29986572265625 221.3633270263672 503.9328842163086 221.3633270263672 503.9328842163086 319.6787338256836 449.29986572265625 319.6787338256836
448.64837646484375 222.0641326904297 502.6383285522461 222.0641326904297 502.6383285522461 318.53466033935547 448.64837646484375 318.53466033935547
448.9781188964844 219.582763671875 503.38607025146484 219.582763671875 503.38607025146484 318.50270080566406 448.9781188964844 318.50270080566406
447.45281982421875 219.5165557861328 503.0619316101074 219.5165557861328 503.0619316101074 318.4259338378906 447.45281982421875 318.4259338378906
445.75506591796875 219.0684051513672 502.92427825927734 219.0684051513672 502.92427825927734 317.9263153076172 445.75506591796875 317.9263153076172
446.5982971191406 219.3085479736328 501.9149589538574 219.3085479736328 501.9149589538574 318.4375305175781 446.5982971191406 318.4375305175781
445.58447265625 219.07260131835938 501.62786865234375 219.07260131835938 501.62786865234375 319.13744354248047 445.58447265625 319.13744354248047
445.0833435058594 216.46322631835938 501.6092338562012 216.46322631835938 501.6092338562012 318.2709655761719 445.0833435058594 318.2709655761719
444.852294921875 217.7487335205078 500.7856330871582 217.7487335205078 500.7856330871582 316.95545196533203 444.852294921875 316.95545196533203
445.0194396972656 217.0989990234375 501.2208786010742 217.0989990234375 501.2208786010742 320.11537170410156 445.0194396972656 320.11537170410156
444.048095703125 216.2445068359375 500.7801933288574 216.2445068359375 500.7801933288574 316.58814239501953 444.048095703125 316.58814239501953
444.0205993652344 218.82754516601562 500.4096908569336 218.82754516601562 500.4096908569336 315.57054901123047 444.0205993652344 315.57054901123047
443.03564453125 218.2065887451172 500.2638969421387 218.2065887451172 500.2638969421387 317.0752639770508 443.03564453125 317.0752639770508
443.3267517089844 219.571533203125 500.10515213012695 219.571533203125 500.10515213012695 316.43853759765625 443.3267517089844 316.43853759765625
442.32843017578125 217.92953491210938 500.0593681335449 217.92953491210938 500.0593681335449 317.5475769042969 442.32843017578125 317.5475769042969
441.98211669921875 217.4849395751953 500.17683029174805 217.4849395751953 500.17683029174805 318.0137023925781 441.98211669921875 318.0137023925781
442.514892578125 216.81027221679688 501.4467582702637 216.81027221679688 501.4467582702637 313.04429626464844 442.514892578125 313.04429626464844
442.50250244140625 217.68264770507812 500.88288497924805 217.68264770507812 500.88288497924805 312.9476852416992 442.50250244140625 312.9476852416992
441.135498046875 218.2473602294922 501.0648612976074 218.2473602294922 501.0648612976074 314.15494537353516 441.135498046875 314.15494537353516
439.64111328125 215.5944366455078 499.76591873168945 215.5944366455078 499.76591873168945 316.18206787109375 439.64111328125 316.18206787109375
440.01873779296875 217.09359741210938 498.8833694458008 217.09359741210938 498.8833694458008 316.45629119873047 440.01873779296875 316.45629119873047
439.8196716308594 216.41323852539062 498.0713577270508 216.41323852539062 498.0713577270508 315.5250778198242 439.8196716308594 315.5250778198242
439.7047424316406 217.0140838623047 495.5931701660156 217.0140838623047 495.5931701660156 314.41471099853516 439.7047424316406 314.41471099853516
438.6698303222656 217.49276733398438 495.4824104309082 217.49276733398438 495.4824104309082 311.50689697265625 438.6698303222656 311.50689697265625
438.71002197265625 216.1595001220703 494.4246025085449 216.1595001220703 494.4246025085449 310.7171096801758 438.71002197265625 310.7171096801758
438.6194763183594 216.7125244140625 494.6326675415039 216.7125244140625 494.6326675415039 311.1856231689453 438.6194763183594 311.1856231689453
435.4115295410156 215.2103271484375 494.3574333190918 215.2103271484375 494.3574333190918 313.72509765625 435.4115295410156 313.72509765625
436.18963623046875 213.9485626220703 493.6781692504883 213.9485626220703 493.6781692504883 310.66674041748047 436.18963623046875 310.66674041748047
435.7144470214844 212.3237762451172 493.6238899230957 212.3237762451172 493.6238899230957 311.8397903442383 435.7144470214844 311.8397903442383
435.14923095703125 212.3097686767578 493.80742263793945 212.3097686767578 493.80742263793945 313.3748779296875 435.14923095703125 313.3748779296875
435.5352478027344 209.7752685546875 493.72106170654297 209.7752685546875 493.72106170654297 310.74564361572266 435.5352478027344 310.74564361572266
435.02325439453125 209.6278533935547 493.39994049072266 209.6278533935547 493.39994049072266 310.6726379394531 435.02325439453125 310.6726379394531
434.4288024902344 211.0186004638672 493.7164611816406 211.0186004638672 493.7164611816406 313.58077239990234 434.4288024902344 313.58077239990234
433.2393493652344 208.93148803710938 493.6154251098633 208.93148803710938 493.6154251098633 311.38097381591797 433.2393493652344 311.38097381591797
433.4732360839844 207.404541015625 493.9944534301758 207.404541015625 493.9944534301758 312.7330551147461 433.4732360839844 312.7330551147461
432.1188049316406 207.8626708984375 493.6162528991699 207.8626708984375 493.6162528991699 312.87205505371094 432.1188049316406 312.87205505371094
431.9730529785156 206.9212188720703 493.7900810241699 206.9212188720703 493.7900810241699 313.89725494384766 431.9730529785156 313.89725494384766
432.5474548339844 210.05569458007812 493.5630683898926 210.05569458007812 493.5630683898926 312.3182678222656 432.5474548339844 312.3182678222656
431.99462890625 208.75772094726562 492.61417388916016 208.75772094726562 492.61417388916016 312.7150115966797 431.99462890625 312.7150115966797
432.120361328125 209.53146362304688 492.7986831665039 209.53146362304688 492.7986831665039 313.0618362426758 432.120361328125 313.0618362426758
432.3974609375 209.04208374023438 492.4430465698242 209.04208374023438 492.4430465698242 311.27679443359375 432.3974609375 311.27679443359375
432.0055236816406 207.26773071289062 492.1101303100586 207.26773071289062 492.1101303100586 312.22569274902344 432.0055236816406 312.22569274902344
432.2037048339844 208.2333526611328 493.1699104309082 208.2333526611328 493.1699104309082 313.7518615722656 432.2037048339844 313.7518615722656
432.08740234375 206.9076385498047 492.1749076843262 206.9076385498047 492.1749076843262 312.2386169433594 432.08740234375 312.2386169433594
432.7234802246094 206.44677734375 491.2872848510742 206.44677734375 491.2872848510742 310.94715881347656 432.7234802246094 310.94715881347656
431.88531494140625 207.5576171875 492.2433395385742 207.5576171875 492.2433395385742 311.26605224609375 431.88531494140625 311.26605224609375
430.5415954589844 204.75283813476562 492.1398735046387 204.75283813476562 492.1398735046387 310.36133575439453 430.5415954589844 310.36133575439453
431.62054443359375 205.4740753173828 491.8823127746582 205.4740753173828 491.8823127746582 310.513671875 431.62054443359375 310.513671875
432.448974609375 207.04214477539062 492.09375 207.04214477539062 492.09375 311.3794708251953 432.448974609375 311.3794708251953
432.0887756347656 203.76589965820312 492.4467544555664 203.76589965820312 492.4467544555664 309.4838562011719 432.0887756347656 309.4838562011719
432.4540100097656 204.38902282714844 492.9155960083008 204.38902282714844 492.9155960083008 310.47827911376953 432.4540100097656 310.47827911376953
432.5006408691406 203.2538604736328 492.25262451171875 203.2538604736328 492.25262451171875 307.77088928222656 432.5006408691406 307.77088928222656
433.333984375 206.05630493164062 491.0315055847168 206.05630493164062 491.0315055847168 306.9514617919922 433.333984375 306.9514617919922
433.01513671875 206.53378295898438 490.7901802062988 206.53378295898438 490.7901802062988 307.26942443847656 433.01513671875 307.26942443847656
432.329833984375 206.7056427001953 490.9747848510742 206.7056427001953 490.9747848510742 308.50382232666016 432.329833984375 308.50382232666016
432.59173583984375 205.7599639892578 490.5420722961426 205.7599639892578 490.5420722961426 305.25042724609375 432.59173583984375 305.25042724609375
433.5829162597656 206.3845672607422 490.92584228515625 206.3845672607422 490.92584228515625 308.0099792480469 433.5829162597656 308.0099792480469
432.7377014160156 207.01675415039062 491.0940742492676 207.01675415039062 491.0940742492676 307.7091827392578 432.7377014160156 307.7091827392578
433.04107666015625 204.32447814941406 490.197265625 204.32447814941406 490.197265625 307.5382080078125 433.04107666015625 307.5382080078125
432.87725830078125 203.01165771484375 489.62408447265625 203.01165771484375 489.62408447265625 303.89024353027344 432.87725830078125 303.89024353027344
433.26934814453125 202.77767944335938 490.59869384765625 202.77767944335938 490.59869384765625 306.57118225097656 433.26934814453125 306.57118225097656
433.7749938964844 205.322265625 490.2300338745117 205.322265625 490.2300338745117 303.9867401123047 433.7749938964844 303.9867401123047
433.66717529296875 203.63650512695312 490.78532791137695 203.63650512695312 490.78532791137695 304.3367385864258 433.66717529296875 304.3367385864258
434.56451416015625 204.1328125 490.97258377075195 204.1328125 490.97258377075195 304.3900909423828 434.56451416015625 304.3900909423828
435.73046875 206.53518676757812 491.0896987915039 206.53518676757812 491.0896987915039 301.3693542480469 435.73046875 301.3693542480469
434.3719787597656 205.8264617919922 490.8288269042969 205.8264617919922 490.8288269042969 303.65882110595703 434.3719787597656 303.65882110595703
435.109619140625 205.075927734375 491.5898246765137 205.075927734375 491.5898246765137 300.7677536010742 435.109619140625 300.7677536010742
433.9935607910156 203.903564453125 491.8483581542969 203.903564453125 491.8483581542969 303.0165786743164 433.9935607910156 303.0165786743164
435.7015686035156 205.4109344482422 492.36198806762695 205.4109344482422 492.36198806762695 302.9791564941406 435.7015686035156 302.9791564941406
435.52923583984375 205.267578125 492.3404006958008 205.267578125 492.3404006958008 303.7159118652344 435.52923583984375 303.7159118652344
434.4552307128906 201.34304809570312 493.0938720703125 201.34304809570312 493.0938720703125 302.7030563354492 434.4552307128906 302.7030563354492
435.2831115722656 205.19485473632812 491.67870330810547 205.19485473632812 491.67870330810547 301.42388916015625 435.2831115722656 301.42388916015625
433.296142578125 202.64068603515625 491.73064041137695 202.64068603515625 491.73064041137695 302.4586410522461 433.296142578125 302.4586410522461
435.2518005371094 204.6138458251953 492.2086410522461 204.6138458251953 492.2086410522461 302.50585174560547 435.2518005371094 302.50585174560547
434.00225830078125 202.63507080078125 492.0380058288574 202.63507080078125 492.0380058288574 303.31890869140625 434.00225830078125 303.31890869140625
434.420166015625 204.61021423339844 490.7561721801758 204.61021423339844 490.7561721801758 304.08526611328125 434.420166015625 304.08526611328125
434.294921875 202.80166625976562 490.4530258178711 202.80166625976562 490.4530258178711 300.20159912109375 434.294921875 300.20159912109375
433.9954528808594 201.90621948242188 489.1959648132324 201.90621948242188 489.1959648132324 300.15196228027344 433.9954528808594 300.15196228027344
434.5478515625 203.2405548095703 490.48077392578125 203.2405548095703 490.48077392578125 299.1914825439453 434.5478515625 299.1914825439453
434.2681579589844 203.3736114501953 490.0863342285156 203.3736114501953 490.0863342285156 299.92958068847656 434.2681579589844 299.92958068847656
432.7303161621094 202.58840942382812 489.7874069213867 202.58840942382812 489.7874069213867 298.65211486816406 432.7303161621094 298.65211486816406
434.3705139160156 204.5255126953125 490.18194580078125 204.5255126953125 490.18194580078125 299.17108154296875 434.3705139160156 299.17108154296875
434.6394958496094 203.7877197265625 489.4535331726074 203.7877197265625 489.4535331726074 296.18426513671875 434.6394958496094 296.18426513671875
434.03466796875 203.63670349121094 489.83226776123047 203.63670349121094 489.83226776123047 298.5105514526367 434.03466796875 298.5105514526367
433.3247985839844 203.33621215820312 490.24109649658203 203.33621215820312 490.24109649658203 300.73339080810547 433.3247985839844 300.73339080810547
433.66046142578125 201.7537841796875 490.6875915527344 201.7537841796875 490.6875915527344 299.46744537353516 433.66046142578125 299.46744537353516
429.99200439453125 198.75210571289062 488.5961685180664 198.75210571289062 488.5961685180664 299.88331604003906 429.99200439453125 299.88331604003906
430.4226989746094 198.91995239257812 488.42529296875 198.91995239257812 488.42529296875 300.0757598876953 430.4226989746094 300.0757598876953
431.69140625 200.2110595703125 488.5147476196289 200.2110595703125 488.5147476196289 298.4219512939453 431.69140625 298.4219512939453
429.9497985839844 198.691162109375 487.4789047241211 198.691162109375 487.4789047241211 298.97364807128906 429.9497985839844 298.97364807128906
429.72271728515625 198.8691864013672 487.41194915771484 198.8691864013672 487.41194915771484 300.93858337402344 429.72271728515625 300.93858337402344
430.30255126953125 198.63607788085938 487.6877250671387 198.63607788085938 487.6877250671387 298.25223541259766 430.30255126953125 298.25223541259766
429.5448303222656 198.68197631835938 486.75128173828125 198.68197631835938 486.75128173828125 299.7751693725586 429.5448303222656 299.7751693725586
427.27813720703125 196.8282012939453 485.8397445678711 196.8282012939453 485.8397445678711 301.7440185546875 427.27813720703125 301.7440185546875
428.5084533691406 198.16021728515625 485.7782974243164 198.16021728515625 485.7782974243164 298.5596237182617 428.5084533691406 298.5596237182617
427.83184814453125 195.22837829589844 485.1934928894043 195.22837829589844 485.1934928894043 298.8078918457031 427.83184814453125 298.8078918457031
427.97076416015625 193.65628051757812 484.84534454345703 193.65628051757812 484.84534454345703 294.5846481323242 427.97076416015625 294.5846481323242
428.5106506347656 194.10948181152344 483.70886993408203 194.10948181152344 483.70886993408203 294.52843475341797 428.5106506347656 294.52843475341797
427.24468994140625 195.19253540039062 485.4688911437988 195.19253540039062 485.4688911437988 299.3666458129883 427.24468994140625 299.3666458129883
429.0035095214844 197.60569763183594 485.82368087768555 197.60569763183594 485.82368087768555 295.8057861328125 429.0035095214844 295.8057861328125
429.47698974609375 199.68341064453125 485.97859954833984 199.68341064453125 485.97859954833984 297.26668548583984 429.47698974609375 297.26668548583984
428.84295654296875 197.83273315429688 485.78316497802734 197.83273315429688 485.78316497802734 297.9984436035156 428.84295654296875 297.9984436035156
429.1678771972656 195.5131072998047 485.5703811645508 195.5131072998047 485.5703811645508 294.73765563964844 429.1678771972656 294.73765563964844
429.9425354003906 198.34591674804688 486.0220718383789 198.34591674804688 486.0220718383789 295.63502502441406 429.9425354003906 295.63502502441406
429.2679138183594 196.72535705566406 484.8746871948242 196.72535705566406 484.8746871948242 295.32249450683594 429.2679138183594 295.32249450683594
429.48956298828125 197.0308837890625 485.5154800415039 197.0308837890625 485.5154800415039 295.0886001586914 429.48956298828125 295.0886001586914
428.87615966796875 198.0083465576172 485.2946243286133 198.0083465576172 485.2946243286133 295.56005096435547 428.87615966796875 295.56005096435547
429.9895935058594 197.92898559570312 485.9114875793457 197.92898559570312 485.9114875793457 295.06310272216797 429.9895935058594 295.06310272216797
429.14935302734375 195.2835693359375 485.3838081359863 195.2835693359375 485.3838081359863 293.29821014404297 429.14935302734375 293.29821014404297
427.8081970214844 195.6604766845703 485.041015625 195.6604766845703 485.041015625 293.74356842041016 427.8081970214844 293.74356842041016
430.8056640625 196.6626434326172 485.04779052734375 196.6626434326172 485.04779052734375 292.3614196777344 430.8056640625 292.3614196777344
429.86492919921875 194.64321899414062 485.1318893432617 194.64321899414062 485.1318893432617 292.3323211669922 429.86492919921875 292.3323211669922
428.3187561035156 192.0435791015625 485.01277923583984 192.0435791015625 485.01277923583984 289.61194610595703 428.3187561035156 289.61194610595703
430.75030517578125 194.26394653320312 485.28287506103516 194.26394653320312 485.28287506103516 291.8847885131836 430.75030517578125 291.8847885131836
430.83831787109375 194.44601440429688 484.8181457519531 194.44601440429688 484.8181457519531 291.3807067871094 430.83831787109375 291.3807067871094
429.76763916015625 195.10877990722656 486.1468086242676 195.10877990722656 486.1468086242676 291.5199966430664 429.76763916015625 291.5199966430664
430.0953063964844 195.54071044921875 487.1958122253418 195.54071044921875 487.1958122253418 292.50830078125 430.0953063964844 292.50830078125
430.1566467285156 196.76266479492188 487.53699493408203 196.76266479492188 487.53699493408203 294.2677307128906 430.1566467285156 294.2677307128906
430.4921875 195.9952392578125 487.2503547668457 195.9952392578125 487.2503547668457 290.9864196777344 430.4921875 290.9864196777344
430.58551025390625 194.90676879882812 487.752685546875 194.90676879882812 487.752685546875 289.33441162109375 430.58551025390625 289.33441162109375
431.4962463378906 194.78427124023438 486.9885787963867 194.78427124023438 486.9885787963867 288.2303695678711 431.4962463378906 288.2303695678711
432.4893493652344 195.27517700195312 487.9683609008789 195.27517700195312 487.9683609008789 288.84461212158203 432.4893493652344 288.84461212158203
432.95477294921875 195.83084106445312 487.5758972167969 195.83084106445312 487.5758972167969 289.3999328613281 432.95477294921875 289.3999328613281
431.50726318359375 194.98739624023438 487.35107421875 194.98739624023438 487.35107421875 288.42529296875 431.50726318359375 288.42529296875
431.9900817871094 195.0553436279297 488.0296096801758 195.0553436279297 488.0296096801758 289.6393737792969 431.9900817871094 289.6393737792969
431.8207092285156 193.59591674804688 487.9191207885742 193.59591674804688 487.9191207885742 286.5621795654297 431.8207092285156 286.5621795654297
434.3888244628906 197.69412231445312 489.47374725341797 197.69412231445312 489.47374725341797 290.6362609863281 434.3888244628906 290.6362609863281
432.8045349121094 196.2006378173828 489.42142486572266 196.2006378173828 489.42142486572266 286.2406463623047 432.8045349121094 286.2406463623047
432.1814880371094 191.39134216308594 488.03315353393555 191.39134216308594 488.03315353393555 283.9534225463867 432.1814880371094 283.9534225463867
431.88800048828125 192.8060760498047 489.03789138793945 192.8060760498047 489.03789138793945 286.51302337646484 431.88800048828125 286.51302337646484
431.67626953125 192.26553344726562 489.4082221984863 192.26553344726562 489.4082221984863 286.9166259765625 431.67626953125 286.9166259765625
433.1092224121094 195.1222381591797 490.70402908325195 195.1222381591797 490.70402908325195 289.32495880126953 433.1092224121094 289.32495880126953
432.28326416015625 195.8683624267578 491.3257637023926 195.8683624267578 491.3257637023926 290.1740493774414 432.28326416015625 290.1740493774414
432.1475524902344 193.67454528808594 492.4341850280762 193.67454528808594 492.4341850280762 287.30750274658203 432.1475524902344 287.30750274658203
432.52203369140625 194.42974853515625 494.5739555358887 194.42974853515625 494.5739555358887 291.4625701904297 432.52203369140625 291.4625701904297
433.06494140625 195.30410766601562 495.1294364929199 195.30410766601562 495.1294364929199 293.30458068847656 433.06494140625 293.30458068847656
433.7989807128906 196.42782592773438 497.5888366699219 196.42782592773438 497.5888366699219 297.51280212402344 433.7989807128906 297.51280212402344
435.7972717285156 197.8300018310547 499.0670852661133 197.8300018310547 499.0670852661133 297.7086410522461 435.7972717285156 297.7086410522461
439.79144287109375 197.7555389404297 502.0539245605469 197.7555389404297 502.0539245605469 300.4507293701172 439.79144287109375 300.4507293701172
440.2940368652344 198.48353576660156 502.3241081237793 198.48353576660156 502.3241081237793 301.92125701904297 440.2940368652344 301.92125701904297
440.0833435058594 201.5185546875 501.5980415344238 201.5185546875 501.5980415344238 306.4066162109375 440.0833435058594 306.4066162109375
439.78125 202.1186981201172 501.94671630859375 202.1186981201172 501.94671630859375 307.43212890625 439.78125 307.43212890625
441.51788330078125 199.90847778320312 503.0763740539551 199.90847778320312 503.0763740539551 303.3237609863281 441.51788330078125 303.3237609863281
439.5054626464844 198.2476806640625 502.9956855773926 198.2476806640625 502.9956855773926 302.9638900756836 439.5054626464844 302.9638900756836
440.1963806152344 202.5002899169922 503.7841987609863 202.5002899169922 503.7841987609863 306.22979736328125 440.1963806152344 306.22979736328125
441.84332275390625 202.5028076171875 503.8818054199219 202.5028076171875 503.8818054199219 309.3122329711914 441.84332275390625 309.3122329711914
440.84307861328125 197.85682678222656 505.36698150634766 197.85682678222656 505.36698150634766 303.9907531738281 440.84307861328125 303.9907531738281
441.291015625 199.05581665039062 506.7173538208008 199.05581665039062 506.7173538208008 304.40086364746094 441.291015625 304.40086364746094
437.89312744140625 196.68682861328125 505.60396575927734 196.68682861328125 505.60396575927734 304.45694732666016 437.89312744140625 304.45694732666016
439.7015686035156 198.3640899658203 505.7574920654297 198.3640899658203 505.7574920654297 306.56329345703125 439.7015686035156 306.56329345703125
437.33575439453125 197.11813354492188 504.3633728027344 197.11813354492188 504.3633728027344 305.05360412597656 437.33575439453125 305.05360412597656
439.54736328125 200.89376831054688 504.4635467529297 200.89376831054688 504.4635467529297 309.3173522949219 439.54736328125 309.3173522949219
441.8382263183594 198.0208282470703 505.7944755554199 198.0208282470703 505.7944755554199 303.82659912109375 441.8382263183594 303.82659912109375
439.9200744628906 199.55213928222656 503.96063232421875 199.55213928222656 503.96063232421875 307.3066101074219 439.9200744628906 307.3066101074219
439.4488830566406 199.69161987304688 503.94775390625 199.69161987304688 503.94775390625 306.06615447998047 439.4488830566406 306.06615447998047
437.6227111816406 199.46437072753906 502.5270538330078 199.46437072753906 502.5270538330078 307.8049011230469 437.6227111816406 307.8049011230469
436.5562438964844 199.5013427734375 500.90955352783203 199.5013427734375 500.90955352783203 307.2547836303711 436.5562438964844 307.2547836303711
436.97418212890625 199.14163208007812 500.9263687133789 199.14163208007812 500.9263687133789 306.64427185058594 436.97418212890625 306.64427185058594
435.7066955566406 198.14450073242188 499.8915023803711 198.14450073242188 499.8915023803711 306.2328567504883 435.7066955566406 306.2328567504883
435.75665283203125 197.9180450439453 499.9480438232422 197.9180450439453 499.9480438232422 306.6156997680664 435.75665283203125 306.6156997680664
435.25079345703125 202.20669555664062 497.4049301147461 202.20669555664062 497.4049301147461 306.98595428466797 435.25079345703125 306.98595428466797
436.21533203125 201.25918579101562 497.24755859375 201.25918579101562 497.24755859375 306.49620819091797 436.21533203125 306.49620819091797
434.7806091308594 202.26254272460938 496.5288772583008 202.26254272460938 496.5288772583008 306.3766403198242 434.7806091308594 306.3766403198242
433.43548583984375 202.10215759277344 495.55467987060547 202.10215759277344 495.55467987060547 303.7807922363281 433.43548583984375 303.7807922363281
433.66424560546875 201.14285278320312 495.8582878112793 201.14285278320312 495.8582878112793 302.75772857666016 433.66424560546875 302.75772857666016
431.8490295410156 203.0860595703125 494.08244705200195 203.0860595703125 494.08244705200195 307.68104553222656 431.8490295410156 307.68104553222656
434.75701904296875 201.65545654296875 494.35628509521484 201.65545654296875 494.35628509521484 304.24562072753906 434.75701904296875 304.24562072753906
434.23858642578125 200.2227783203125 494.8965263366699 200.2227783203125 494.8965263366699 302.8587417602539 434.23858642578125 302.8587417602539
429.54534912109375 196.53042602539062 493.9759063720703 196.53042602539062 493.9759063720703 302.2730178833008 429.54534912109375 302.2730178833008
431.8352966308594 199.85304260253906 493.6909065246582 199.85304260253906 493.6909065246582 303.37052154541016 431.8352966308594 303.37052154541016
433.443115234375 201.9373779296875 493.0232925415039 201.9373779296875 493.0232925415039 303.0349884033203 433.443115234375 303.0349884033203
433.00140380859375 200.04867553710938 492.43729400634766 200.04867553710938 492.43729400634766 300.40379333496094 433.00140380859375 300.40379333496094
432.09893798828125 200.50009155273438 490.8618698120117 200.50009155273438 490.8618698120117 301.5448532104492 432.09893798828125 301.5448532104492
431.0391540527344 200.1830291748047 491.23461151123047 200.1830291748047 491.23461151123047 301.6666564941406 431.0391540527344 301.6666564941406
434.1231994628906 200.7115478515625 490.5232238769531 200.7115478515625 490.5232238769531 296.82447814941406 434.1231994628906 296.82447814941406
433.4964904785156 201.7761688232422 490.2385559082031 201.7761688232422 490.2385559082031 297.3273162841797 433.4964904785156 297.3273162841797
432.87664794921875 203.34127807617188 490.5814399719238 203.34127807617188 490.5814399719238 297.83531188964844 432.87664794921875 297.83531188964844
432.6644592285156 203.47317504882812 490.54134368896484 203.47317504882812 490.54134368896484 300.3418426513672 432.6644592285156 300.3418426513672
433.240478515625 201.9542999267578 491.13121795654297 201.9542999267578 491.13121795654297 297.3611755371094 433.240478515625 297.3611755371094
433.40435791015625 201.2646026611328 491.9699897766113 201.2646026611328 491.9699897766113 297.82764434814453 433.40435791015625 297.82764434814453
433.5059509277344 200.89488220214844 492.0103569030762 200.89488220214844 492.0103569030762 297.89119720458984 433.5059509277344 297.89119720458984
434.2757873535156 202.04161071777344 491.51763916015625 202.04161071777344 491.51763916015625 296.8850402832031 434.2757873535156 296.8850402832031
433.6214294433594 202.6937255859375 489.99409103393555 202.6937255859375 489.99409103393555 295.77122497558594 433.6214294433594 295.77122497558594
432.27569580078125 199.40199279785156 491.0984573364258 199.40199279785156 491.0984573364258 294.12408447265625 432.27569580078125 294.12408447265625
430.46331787109375 199.04568481445312 489.17830657958984 199.04568481445312 489.17830657958984 295.2200927734375 430.46331787109375 295.2200927734375
430.4388122558594 199.6918487548828 488.6856880187988 199.6918487548828 488.6856880187988 293.58805084228516 430.4388122558594 293.58805084228516
432.11944580078125 202.43682861328125 488.41259765625 202.43682861328125 488.41259765625 297.07093811035156 432.11944580078125 297.07093811035156
430.955078125 198.35922241210938 487.3318672180176 198.35922241210938 487.3318672180176 293.38672637939453 430.955078125 293.38672637939453
431.18145751953125 198.26449584960938 487.16710662841797 198.26449584960938 487.16710662841797 291.00225830078125 431.18145751953125 291.00225830078125
431.82061767578125 198.8373565673828 487.13580322265625 198.8373565673828 487.13580322265625 293.92576599121094 431.82061767578125 293.92576599121094
432.6058044433594 199.60708618164062 487.5547981262207 199.60708618164062 487.5547981262207 294.9602813720703 432.6058044433594 294.9602813720703
434.0015563964844 200.36798095703125 487.53125 200.36798095703125 487.53125 295.0587387084961 434.0015563964844 295.0587387084961
431.6673278808594 201.1993865966797 486.82080841064453 201.1993865966797 486.82080841064453 295.8731384277344 431.6673278808594 295.8731384277344
432.78619384765625 197.75213623046875 487.1000747680664 197.75213623046875 487.1000747680664 291.61510467529297 432.78619384765625 291.61510467529297
431.48089599609375 198.81785583496094 487.50402069091797 198.81785583496094 487.50402069091797 292.1826171875 431.48089599609375 292.1826171875
435.2138671875 199.7886962890625 487.43999099731445 199.7886962890625 487.43999099731445 292.6063003540039 435.2138671875 292.6063003540039
431.3623962402344 197.40713500976562 487.2257766723633 197.40713500976562 487.2257766723633 292.21195220947266 431.3623962402344 292.21195220947266
432.2704162597656 198.5677490234375 487.2363395690918 198.5677490234375 487.2363395690918 292.01722717285156 432.2704162597656 292.01722717285156
430.3121643066406 195.1141357421875 486.751708984375 195.1141357421875 486.751708984375 291.8416748046875 430.3121643066406 291.8416748046875
430.5443420410156 195.575927734375 486.7401542663574 195.575927734375 486.7401542663574 290.3971939086914 430.5443420410156 290.3971939086914
430.18017578125 198.2171173095703 486.7903518676758 198.2171173095703 486.7903518676758 295.5488815307617 430.18017578125 295.5488815307617
430.14794921875 194.72494506835938 486.92508697509766 194.72494506835938 486.92508697509766 293.8125762939453 430.14794921875 293.8125762939453
430.43994140625 196.09483337402344 486.43023681640625 196.09483337402344 486.43023681640625 292.9208068847656 430.43994140625 292.9208068847656
431.6431579589844 195.76620483398438 486.7144660949707 195.76620483398438 486.7144660949707 293.03601837158203 431.6431579589844 293.03601837158203
428.3056640625 194.1690673828125 485.9498519897461 194.1690673828125 485.9498519897461 292.32032775878906 428.3056640625 292.32032775878906
432.150390625 197.07644653320312 485.6615524291992 197.07644653320312 485.6615524291992 290.88380432128906 432.150390625 290.88380432128906
432.7623596191406 194.2700653076172 486.5796318054199 194.2700653076172 486.5796318054199 287.9083557128906 432.7623596191406 287.9083557128906
431.1419372558594 192.98977661132812 486.57988357543945 192.98977661132812 486.57988357543945 288.1094970703125 431.1419372558594 288.1094970703125
433.263671875 195.97714233398438 487.3401679992676 195.97714233398438 487.3401679992676 289.6950225830078 433.263671875 289.6950225830078
432.6141052246094 193.8603973388672 487.2346725463867 193.8603973388672 487.2346725463867 287.3826141357422 432.6141052246094 287.3826141357422
433.4140625 192.8727264404297 488.25251388549805 192.8727264404297 488.25251388549805 288.0919494628906 433.4140625 288.0919494628906
433.0364685058594 191.89125061035156 487.56433868408203 191.89125061035156 487.56433868408203 288.93019104003906 433.0364685058594 288.93019104003906
433.062255859375 193.50851440429688 487.8597831726074 193.50851440429688 487.8597831726074 290.0004425048828 433.062255859375 290.0004425048828
431.496826171875 193.50086975097656 487.90470123291016 193.50086975097656 487.90470123291016 289.28478240966797 431.496826171875 289.28478240966797
430.44696044921875 194.5908203125 488.01715087890625 194.5908203125 488.01715087890625 291.24849700927734 430.44696044921875 291.24849700927734
429.9066467285156 193.4185028076172 487.4074172973633 193.4185028076172 487.4074172973633 287.8727111816406 429.9066467285156 287.8727111816406
433.1781311035156 194.95419311523438 487.3274345397949 194.95419311523438 487.3274345397949 287.6794738769531 433.1781311035156 287.6794738769531
432.154541015625 194.81764221191406 486.75562286376953 194.81764221191406 486.75562286376953 287.84722900390625 432.154541015625 287.84722900390625
433.8048400878906 193.00985717773438 486.9848518371582 193.00985717773438 486.9848518371582 286.8436279296875 433.8048400878906 286.8436279296875
430.09649658203125 190.75428771972656 486.62261962890625 190.75428771972656 486.62261962890625 287.7865524291992 430.09649658203125 287.7865524291992
433.0576171875 191.13671875 487.09574127197266 191.13671875 487.09574127197266 286.7733840942383 433.0576171875 286.7733840942383
430.62939453125 191.3643798828125 486.9735908508301 191.3643798828125 486.9735908508301 286.92606353759766 430.62939453125 286.92606353759766
433.2149963378906 191.95126342773438 487.8668403625488 191.95126342773438 487.8668403625488 288.7505798339844 433.2149963378906 288.7505798339844
431.68511962890625 191.72030639648438 487.9890937805176 191.72030639648438 487.9890937805176 290.1438980102539 431.68511962890625 290.1438980102539
432.870849609375 191.16546630859375 488.9761734008789 191.16546630859375 488.9761734008789 288.10938262939453 432.870849609375 288.10938262939453
434.19927978515625 191.33738708496094 489.17150115966797 191.33738708496094 489.17150115966797 289.2215881347656 434.19927978515625 289.2215881347656
432.79296875 191.48855590820312 490.14337158203125 191.48855590820312 490.14337158203125 290.10792541503906 432.79296875 290.10792541503906
431.19635009765625 189.11846923828125 489.9378356933594 189.11846923828125 489.9378356933594 291.52992248535156 431.19635009765625 291.52992248535156
431.72857666015625 188.63644409179688 490.3473930358887 188.63644409179688 490.3473930358887 290.92889404296875 431.72857666015625 290.92889404296875
432.9637756347656 188.9499053955078 490.63915252685547 188.9499053955078 490.63915252685547 291.24461364746094 432.9637756347656 291.24461364746094
428.38519287109375 186.3518829345703 489.7835006713867 186.3518829345703 489.7835006713867 288.7627944946289 428.38519287109375 288.7627944946289
429.99395751953125 186.87680053710938 489.96390533447266 186.87680053710938 489.96390533447266 288.86460876464844 429.99395751953125 288.86460876464844
430.5747985839844 187.33822631835938 490.55402755737305 187.33822631835938 490.55402755737305 288.26808166503906 430.5747985839844 288.26808166503906
429.26678466796875 190.18801879882812 490.01483154296875 190.18801879882812 490.01483154296875 289.8681106567383 429.26678466796875 289.8681106567383
431.57757568359375 189.49307250976562 490.37635040283203 189.49307250976562 490.37635040283203 291.07151794433594 431.57757568359375 291.07151794433594
432.62408447265625 188.35829162597656 490.8399467468262 188.35829162597656 490.8399467468262 288.229248046875 432.62408447265625 288.229248046875
429.52288818359375 189.24105834960938 489.25557708740234 189.24105834960938 489.25557708740234 289.87196350097656 429.52288818359375 289.87196350097656
430.43408203125 187.51197814941406 489.96894454956055 187.51197814941406 489.96894454956055 285.8753128051758 430.43408203125 285.8753128051758
430.3828125 190.2790069580078 488.93659591674805 190.2790069580078 488.93659591674805 286.8215026855469 430.3828125 286.8215026855469
430.1226501464844 193.10498046875 488.78266525268555 193.10498046875 488.78266525268555 292.421630859375 430.1226501464844 292.421630859375
431.1724548339844 192.20584106445312 489.7320022583008 192.20584106445312 489.7320022583008 289.9356384277344 431.1724548339844 289.9356384277344
431.9093322753906 192.0172119140625 490.0368118286133 192.0172119140625 490.0368118286133 290.47357177734375 431.9093322753906 290.47357177734375
431.69659423828125 189.9984588623047 489.7261962890625 189.9984588623047 489.7261962890625 289.9324188232422 431.69659423828125 289.9324188232422
432.194580078125 188.41050720214844 490.80644607543945 188.41050720214844 490.80644607543945 286.8877258300781 432.194580078125 286.8877258300781
431.47479248046875 188.74285888671875 489.77508544921875 188.74285888671875 489.77508544921875 289.1574935913086 431.47479248046875 289.1574935913086
431.3534240722656 189.09103393554688 490.3245162963867 189.09103393554688 490.3245162963867 291.00743865966797 431.3534240722656 291.00743865966797
432.17376708984375 187.06851196289062 490.6243209838867 187.06851196289062 490.6243209838867 286.6388473510742 432.17376708984375 286.6388473510742
430.0018005371094 189.8603973388672 489.9127616882324 189.8603973388672 489.9127616882324 292.4170150756836 430.0018005371094 292.4170150756836
430.5962829589844 187.53353881835938 490.68836212158203 187.53353881835938 490.68836212158203 289.8452606201172 430.5962829589844 289.8452606201172
430.26141357421875 188.33517456054688 489.9472541809082 188.33517456054688 489.9472541809082 292.0225524902344 430.26141357421875 292.0225524902344
430.39971923828125 186.7843475341797 489.2998962402344 186.7843475341797 489.2998962402344 289.1850051879883 430.39971923828125 289.1850051879883
431.69744873046875 185.0234375 489.58391189575195 185.0234375 489.58391189575195 285.45338439941406 431.69744873046875 285.45338439941406
426.7724609375 184.00511169433594 488.7686538696289 184.00511169433594 488.7686538696289 289.54393005371094 426.7724609375 289.54393005371094
426.4602966308594 187.9039764404297 488.1208801269531 187.9039764404297 488.1208801269531 294.3980407714844 426.4602966308594 294.3980407714844
427.9815368652344 186.30252075195312 488.7658996582031 186.30252075195312 488.7658996582031 291.2837677001953 427.9815368652344 291.2837677001953
425.41925048828125 185.28480529785156 488.50640869140625 185.28480529785156 488.50640869140625 292.06200408935547 425.41925048828125 292.06200408935547
429.5721130371094 184.42666625976562 489.40911865234375 184.42666625976562 489.40911865234375 286.9155731201172 429.5721130371094 286.9155731201172
428.41143798828125 183.9127960205078 488.87325286865234 183.9127960205078 488.87325286865234 285.36656951904297 428.41143798828125 285.36656951904297
430.8179626464844 183.39114379882812 489.1553726196289 183.39114379882812 489.1553726196289 281.36756134033203 430.8179626464844 281.36756134033203
430.693115234375 183.6725616455078 488.76203536987305 183.6725616455078 488.76203536987305 283.46563720703125 430.693115234375 283.46563720703125
428.4200134277344 183.50762939453125 488.1488571166992 183.50762939453125 488.1488571166992 285.4105453491211 428.4200134277344 285.4105453491211
428.54833984375 186.05123901367188 487.6175765991211 186.05123901367188 487.6175765991211 287.6957244873047 428.54833984375 287.6957244873047
428.095703125 185.07626342773438 488.04100799560547 185.07626342773438 488.04100799560547 285.45018768310547 428.095703125 285.45018768310547
425.7156677246094 187.19203186035156 486.7745246887207 187.19203186035156 486.7745246887207 290.10736083984375 425.7156677246094 290.10736083984375
426.87158203125 186.08993530273438 487.2986030578613 186.08993530273438 487.2986030578613 289.99659729003906 426.87158203125 289.99659729003906
427.2169494628906 186.35704040527344 487.40936279296875 186.35704040527344 487.40936279296875 287.12083435058594 427.2169494628906 287.12083435058594
427.1123962402344 184.2958526611328 486.9468193054199 184.2958526611328 486.9468193054199 283.8717041015625 427.1123962402344 283.8717041015625
426.07781982421875 184.08558654785156 486.3339538574219 184.08558654785156 486.3339538574219 283.1863784790039 426.07781982421875 283.1863784790039
426.91748046875 184.81655883789062 486.5262336730957 184.81655883789062 486.5262336730957 284.83734130859375 426.91748046875 284.83734130859375
427.7245178222656 184.09324645996094 486.9039840698242 184.09324645996094 486.9039840698242 281.3978576660156 427.7245178222656 281.3978576660156
428.27728271484375 183.2633514404297 487.47517013549805 183.2633514404297 487.47517013549805 283.78809356689453 428.27728271484375 283.78809356689453
428.46337890625 184.42257690429688 488.1031799316406 184.42257690429688 488.1031799316406 283.9275665283203 428.46337890625 283.9275665283203
429.248779296875 180.7059326171875 488.6863479614258 180.7059326171875 488.6863479614258 279.73030853271484 429.248779296875 279.73030853271484
432.94512939453125 184.36404418945312 489.93901443481445 184.36404418945312 489.93901443481445 283.4043655395508 432.94512939453125 283.4043655395508
427.81414794921875 180.1342010498047 488.82938385009766 180.1342010498047 488.82938385009766 280.71373748779297 427.81414794921875 280.71373748779297
430.08770751953125 181.0325164794922 490.10042572021484 181.0325164794922 490.10042572021484 281.9434509277344 430.08770751953125 281.9434509277344
427.978271484375 181.7928009033203 489.32548904418945 181.7928009033203 489.32548904418945 283.81260681152344 427.978271484375 283.81260681152344
429.9483947753906 179.42050170898438 490.2219772338867 179.42050170898438 490.2219772338867 281.1961212158203 429.9483947753906 281.1961212158203
428.1642150878906 180.4339599609375 489.8526077270508 180.4339599609375 489.8526077270508 285.9163589477539 428.1642150878906 285.9163589477539
429.30596923828125 180.9944610595703 490.0278205871582 180.9944610595703 490.0278205871582 284.7792739868164 429.30596923828125 284.7792739868164
429.19390869140625 181.7145233154297 489.7957992553711 181.7145233154297 489.7957992553711 286.2880554199219 429.19390869140625 286.2880554199219
430.0726623535156 182.15269470214844 491.4880561828613 182.15269470214844 491.4880561828613 287.55770111083984 430.0726623535156 287.55770111083984
428.02142333984375 181.87953186035156 490.62775802612305 181.87953186035156 490.62775802612305 285.8203430175781 428.02142333984375 285.8203430175781
428.5320739746094 181.3610076904297 490.51079177856445 181.3610076904297 490.51079177856445 286.8780975341797 428.5320739746094 286.8780975341797
429.302490234375 179.32525634765625 491.71280670166016 179.32525634765625 491.71280670166016 287.1058807373047 429.302490234375 287.1058807373047
430.6287536621094 177.73617553710938 492.5502014160156 177.73617553710938 492.5502014160156 284.3391418457031 430.6287536621094 284.3391418457031
430.27099609375 179.5427703857422 491.9829521179199 179.5427703857422 491.9829521179199 287.7431869506836 430.27099609375 287.7431869506836
432.5584411621094 176.03256225585938 493.2657470703125 176.03256225585938 493.2657470703125 278.22083282470703 432.5584411621094 278.22083282470703
430.0263671875 179.2574462890625 491.8752632141113 179.2574462890625 491.8752632141113 283.6538543701172 430.0263671875 283.6538543701172
428.84063720703125 177.46939086914062 492.47457122802734 177.46939086914062 492.47457122802734 283.96717071533203 428.84063720703125 283.96717071533203
428.05828857421875 178.21304321289062 493.1537094116211 178.21304321289062 493.1537094116211 286.72621154785156 428.05828857421875 286.72621154785156
428.8003845214844 178.3902587890625 493.44981384277344 178.3902587890625 493.44981384277344 288.1664047241211 428.8003845214844 288.1664047241211
426.65625 178.76815795898438 492.6733703613281 178.76815795898438 492.6733703613281 290.0278625488281 426.65625 290.0278625488281
432.09326171875 174.987548828125 495.2182388305664 174.987548828125 495.2182388305664 282.5035171508789 432.09326171875 282.5035171508789
430.134765625 177.7126007080078 494.1946258544922 177.7126007080078 494.1946258544922 284.7360610961914 430.134765625 284.7360610961914
429.74652099609375 172.76185607910156 494.7957534790039 172.76185607910156 494.7957534790039 277.79823303222656 429.74652099609375 277.79823303222656
429.6788635253906 176.34963989257812 494.17723083496094 176.34963989257812 494.17723083496094 285.30921936035156 429.6788635253906 285.30921936035156
429.3660583496094 175.2967071533203 493.7186737060547 175.2967071533203 493.7186737060547 279.9662170410156 429.3660583496094 279.9662170410156
428.916748046875 172.82363891601562 493.51480865478516 172.82363891601562 493.51480865478516 278.9331970214844 428.916748046875 278.9331970214844
429.08392333984375 176.54444885253906 493.345458984375 176.54444885253906 493.345458984375 284.1619873046875 429.08392333984375 284.1619873046875
426.90118408203125 176.1361541748047 492.64513397216797 176.1361541748047 492.64513397216797 284.85201263427734 426.90118408203125 284.85201263427734
428.4608459472656 174.43101501464844 492.3256950378418 174.43101501464844 492.3256950378418 279.947021484375 428.4608459472656 279.947021484375
426.53369140625 174.12631225585938 491.70914459228516 174.12631225585938 491.70914459228516 282.41442108154297 426.53369140625 282.41442108154297
430.13140869140625 179.0308074951172 493.59774017333984 179.0308074951172 493.59774017333984 287.16094970703125 430.13140869140625 287.16094970703125
428.3854064941406 175.1090087890625 494.20899200439453 175.1090087890625 494.20899200439453 283.75086975097656 428.3854064941406 283.75086975097656
428.0231018066406 175.40365600585938 492.59622955322266 175.40365600585938 492.59622955322266 281.5433044433594 428.0231018066406 281.5433044433594
430.6338806152344 174.7594757080078 495.0015106201172 174.7594757080078 495.0015106201172 278.17140197753906 430.6338806152344 278.17140197753906
432.06573486328125 172.00418090820312 494.9045639038086 172.00418090820312 494.9045639038086 275.4297790527344 432.06573486328125 275.4297790527344
430.69158935546875 173.5236053466797 494.7167663574219 173.5236053466797 494.7167663574219 278.86511993408203 430.69158935546875 278.86511993408203
430.46319580078125 174.59808349609375 494.07523345947266 174.59808349609375 494.07523345947266 279.42623138427734 430.46319580078125 279.42623138427734
431.2850646972656 170.98684692382812 494.2810363769531 170.98684692382812 494.2810363769531 273.9278106689453 431.2850646972656 273.9278106689453
432.64532470703125 170.00881958007812 495.86762619018555 170.00881958007812 495.86762619018555 271.4854736328125 432.64532470703125 271.4854736328125
434.6219787597656 171.4117431640625 497.0260314941406 171.4117431640625 497.0260314941406 268.6722106933594 434.6219787597656 268.6722106933594
434.25701904296875 171.67745971679688 497.5046081542969 171.67745971679688 497.5046081542969 272.0945816040039 434.25701904296875 272.0945816040039
431.26275634765625 168.945556640625 496.25059509277344 168.945556640625 496.25059509277344 273.72293853759766 431.26275634765625 273.72293853759766
433.8837890625 170.3843994140625 497.5677185058594 170.3843994140625 497.5677185058594 274.07523345947266 433.8837890625 274.07523345947266
432.76885986328125 170.29820251464844 497.5649948120117 170.29820251464844 497.5649948120117 276.2803192138672 432.76885986328125 276.2803192138672
431.6407165527344 168.2830810546875 497.31856536865234 168.2830810546875 497.31856536865234 272.23301696777344 431.6407165527344 272.23301696777344
438.259765625 167.65365600585938 499.4926986694336 167.65365600585938 499.4926986694336 267.7635955810547 438.259765625 267.7635955810547
436.3106384277344 169.36325073242188 498.6382865905762 169.36325073242188 498.6382865905762 269.66949462890625 436.3106384277344 269.66949462890625
434.033447265625 168.02085876464844 496.8353462219238 168.02085876464844 496.8353462219238 273.05987548828125 434.033447265625 273.05987548828125
438.8307189941406 170.01370239257812 499.4138374328613 170.01370239257812 499.4138374328613 273.1907501220703 438.8307189941406 273.1907501220703
438.8059997558594 167.5301971435547 499.4761657714844 167.5301971435547 499.4761657714844 267.80501556396484 438.8059997558594 267.80501556396484
438.41485595703125 168.84429931640625 500.32379150390625 168.84429931640625 500.32379150390625 269.52723693847656 438.41485595703125 269.52723693847656
436.61865234375 168.23428344726562 498.33092498779297 168.23428344726562 498.33092498779297 272.41868591308594 436.61865234375 272.41868591308594
439.8340759277344 168.26602172851562 500.7839775085449 168.26602172851562 500.7839775085449 267.8731155395508 439.8340759277344 267.8731155395508
435.43408203125 166.84255981445312 497.9914665222168 166.84255981445312 497.9914665222168 270.6983184814453 435.43408203125 270.6983184814453
434.8854064941406 167.4925537109375 497.9435806274414 167.4925537109375 497.9435806274414 273.0916519165039 434.8854064941406 273.0916519165039
437.69122314453125 170.1031036376953 498.9144172668457 170.1031036376953 498.9144172668457 274.6299133300781 437.69122314453125 274.6299133300781
435.708984375 167.98126220703125 498.69889068603516 167.98126220703125 498.69889068603516 269.96883392333984 435.708984375 269.96883392333984
436.4395446777344 169.78175354003906 498.29590606689453 169.78175354003906 498.29590606689453 272.58373260498047 436.4395446777344 272.58373260498047
435.4097595214844 167.49093627929688 498.5249328613281 167.49093627929688 498.5249328613281 271.33202362060547 435.4097595214844 271.33202362060547
434.7073669433594 169.91647338867188 497.0468215942383 169.91647338867188 497.0468215942383 275.2181930541992 434.7073669433594 275.2181930541992
434.717529296875 165.12646484375 496.8302688598633 165.12646484375 496.8302688598633 268.81182861328125 434.717529296875 268.81182861328125
433.89117431640625 168.43617248535156 496.33190155029297 168.43617248535156 496.33190155029297 274.4113082885742 433.89117431640625 274.4113082885742
434.10723876953125 170.75778198242188 496.9206237792969 170.75778198242188 496.9206237792969 277.01146697998047 434.10723876953125 277.01146697998047
434.60113525390625 169.5713348388672 496.7148666381836 169.5713348388672 496.7148666381836 273.09324645996094 434.60113525390625 273.09324645996094
437.752197265625 171.34390258789062 497.8532180786133 171.34390258789062 497.8532180786133 270.6541213989258 437.752197265625 270.6541213989258
439.5556640625 170.6540985107422 498.99698638916016 170.6540985107422 498.99698638916016 268.7592544555664 439.5556640625 268.7592544555664
