284.0 228.0 305.0 228.0 305.0 252.0 284.0 252.0
284.4119567871094 227.81710815429688 305.1352424621582 227.81710815429688 305.1352424621582 251.93010711669922 284.4119567871094 251.93010711669922
285.46759033203125 227.8461456298828 306.0025825500488 227.8461456298828 306.0025825500488 251.73183631896973 285.46759033203125 251.73183631896973
285.82781982421875 227.45736694335938 307.15288734436035 227.45736694335938 307.15288734436035 251.96352195739746 285.82781982421875 251.96352195739746
286.71722412109375 226.89993286132812 307.6605911254883 226.89993286132812 307.6605911254883 251.9960994720459 286.71722412109375 251.9960994720459
287.0318908691406 226.8696746826172 307.73379707336426 226.8696746826172 307.73379707336426 251.78859329223633 287.0318908691406 251.78859329223633
287.76806640625 227.99447631835938 308.64722061157227 227.99447631835938 308.64722061157227 251.83024406433105 287.76806640625 251.83024406433105
287.82000732421875 227.9318389892578 309.7348289489746 227.9318389892578 309.7348289489746 251.80971145629883 287.82000732421875 251.80971145629883
288.337158203125 227.81103515625 310.2325630187988 227.81103515625 310.2325630187988 253.01111221313477 288.337158203125 253.01111221313477
289.171630859375 228.3994140625 309.84779357910156 228.3994140625 309.84779357910156 252.72736740112305 289.171630859375 252.72736740112305
290.1529235839844 228.6332244873047 310.73633575439453 228.6332244873047 310.73633575439453 252.15876388549805 290.1529235839844 252.15876388549805
290.7804870605469 228.7555694580078 311.0402240753174 228.7555694580078 311.0402240753174 252.33263778686523 290.7804870605469 252.33263778686523
290.54241943359375 228.8537139892578 311.0092372894287 228.8537139892578 311.0092372894287 252.83373641967773 290.54241943359375 252.83373641967773
290.8524475097656 228.7905731201172 311.6829204559326 228.7905731201172 311.6829204559326 252.85686874389648 290.8524475097656 252.85686874389648
291.1503601074219 228.6912078857422 312.70886421203613 228.6912078857422 312.70886421203613 252.67487716674805 291.1503601074219 252.67487716674805
291.10614013671875 228.69430541992188 312.98851013183594 228.69430541992188 312.98851013183594 252.57238578796387 291.10614013671875 252.57238578796387
292.09661865234375 228.6757354736328 313.65875816345215 228.6757354736328 313.65875816345215 252.4926242828369 292.09661865234375 252.4926242828369
292.845703125 228.8072052001953 314.1570873260498 228.8072052001953 314.1570873260498 252.93148040771484 292.845703125 252.93148040771484
292.8855285644531 229.46829223632812 314.3063545227051 229.46829223632812 314.3063545227051 252.91064834594727 292.8855285644531 252.91064834594727
293.6204528808594 229.581787109375 315.50200843811035 229.581787109375 315.50200843811035 253.08588409423828 293.6204528808594 253.08588409423828
294.9894714355469 229.91683959960938 316.842248916626 229.91683959960938 316.842248916626 253.53866958618164 294.9894714355469 253.53866958618164
295.78857421875 229.34011840820312 317.3379154205322 229.34011840820312 317.3379154205322 253.1249656677246 295.78857421875 253.1249656677246
295.52008056640625 229.8594970703125 318.2933464050293 229.8594970703125 318.2933464050293 253.79369163513184 295.52008056640625 253.79369163513184
296.564208984375 229.1454620361328 319.5357551574707 229.1454620361328 319.5357551574707 253.53386116027832 296.564208984375 253.53386116027832
297.030517578125 229.81103515625 320.47665214538574 229.81103515625 320.47665214538574 254.40509033203125 297.030517578125 254.40509033203125
297.69134521484375 229.1375732421875 320.68948554992676 229.1375732421875 320.68948554992676 253.49871253967285 297.69134521484375 253.49871253967285
298.63568115234375 229.77978515625 321.066349029541 229.77978515625 321.066349029541 254.12189102172852 298.63568115234375 254.12189102172852
299.24371337890625 230.2407989501953 321.1132411956787 230.2407989501953 321.1132411956787 254.28555297851562 299.24371337890625 254.28555297851562
299.6408386230469 230.63626098632812 321.69568252563477 230.63626098632812 321.69568252563477 253.42599868774414 299.6408386230469 253.42599868774414
300.6242980957031 230.51644897460938 322.0586795806885 230.51644897460938 322.0586795806885 254.16754913330078 300.6242980957031 254.16754913330078
301.5094299316406 230.77151489257812 323.45173835754395 230.77151489257812 323.45173835754395 255.27787399291992 301.5094299316406 255.27787399291992
301.8584899902344 231.0236358642578 323.1742534637451 231.0236358642578 323.1742534637451 254.7076759338379 301.8584899902344 254.7076759338379
302.41094970703125 231.42578125 324.15748023986816 231.42578125 324.15748023986816 255.84360122680664 302.41094970703125 255.84360122680664
303.50225830078125 231.146728515625 324.4653034210205 231.146728515625 324.4653034210205 254.78155899047852 303.50225830078125 254.78155899047852
303.3383483886719 230.85546875 326.87940979003906 230.85546875 326.87940979003906 254.7630958557129 303.3383483886719 254.7630958557129
304.2065124511719 230.24844360351562 327.8191795349121 230.24844360351562 327.8191795349121 254.56658363342285 304.2065124511719 254.56658363342285
304.1123962402344 230.78860473632812 327.5949821472168 230.78860473632812 327.5949821472168 254.05165672302246 304.1123962402344 254.05165672302246
305.38226318359375 230.8808135986328 329.3285732269287 230.8808135986328 329.3285732269287 255.1220874786377 305.38226318359375 255.1220874786377
307.4156799316406 230.11972045898438 330.24196434020996 230.11972045898438 330.24196434020996 253.1963596343994 307.4156799316406 253.1963596343994
307.56976318359375 231.35812377929688 329.9302558898926 231.35812377929688 329.9302558898926 256.1474494934082 307.56976318359375 256.1474494934082
308.3946228027344 229.53555297851562 331.2261505126953 229.53555297851562 331.2261505126953 253.65600776672363 308.3946228027344 253.65600776672363
308.7586975097656 230.4351043701172 331.537015914917 230.4351043701172 331.537015914917 253.1950340270996 308.7586975097656 253.1950340270996
309.89984130859375 229.0279541015625 331.24455642700195 229.0279541015625 331.24455642700195 257.6970024108887 309.89984130859375 257.6970024108887
310.51837158203125 229.1853790283203 331.15964698791504 229.1853790283203 331.15964698791504 257.5170383453369 310.51837158203125 257.5170383453369
310.2890625 228.60885620117188 331.7357921600342 228.60885620117188 331.7357921600342 257.04026222229004 310.2890625 257.04026222229004
311.463623046875 229.36093139648438 332.8825492858887 229.36093139648438 332.8825492858887 257.35215759277344 311.463623046875 257.35215759277344
311.7254943847656 228.23611450195312 333.90281105041504 228.23611450195312 333.90281105041504 256.9296627044678 311.7254943847656 256.9296627044678
312.56402587890625 228.53744506835938 335.9791603088379 228.53744506835938 335.9791603088379 257.47919845581055 312.56402587890625 257.47919845581055
313.91143798828125 230.4383087158203 336.4810256958008 230.4383087158203 336.4810256958008 258.70278549194336 313.91143798828125 258.70278549194336
314.2179870605469 230.2498016357422 336.9456043243408 230.2498016357422 336.9456043243408 259.077112197876 314.2179870605469 259.077112197876
314.22625732421875 230.80880737304688 336.4482307434082 230.80880737304688 336.4482307434082 258.2836093902588 314.22625732421875 258.2836093902588
315.08111572265625 231.5537109375 336.95168685913086 231.5537109375 336.95168685913086 259.60748863220215 315.08111572265625 259.60748863220215
315.1614074707031 230.96163940429688 336.640625 230.96163940429688 336.640625 259.87579917907715 315.1614074707031 259.87579917907715
315.67767333984375 232.2465362548828 337.5549259185791 232.2465362548828 337.5549259185791 260.017333984375 315.67767333984375 260.017333984375
315.9132385253906 231.52993774414062 337.3833122253418 231.52993774414062 337.3833122253418 260.66761779785156 315.9132385253906 260.66761779785156
316.12030029296875 231.4010467529297 338.1152858734131 231.4010467529297 338.1152858734131 258.3872470855713 316.12030029296875 258.3872470855713
316.55572509765625 232.70004272460938 338.3959903717041 232.70004272460938 338.3959903717041 259.92919921875 316.55572509765625 259.92919921875
318.2970275878906 234.01846313476562 339.3260555267334 234.01846313476562 339.3260555267334 260.4833526611328 318.2970275878906 260.4833526611328
318.38299560546875 233.36434936523438 339.9044647216797 233.36434936523438 339.9044647216797 260.12806129455566 318.38299560546875 260.12806129455566
320.568359375 234.03262329101562 341.2792739868164 234.03262329101562 341.2792739868164 260.784460067749 320.568359375 260.784460067749
321.46795654296875 234.4560089111328 341.97641372680664 234.4560089111328 341.97641372680664 262.16584396362305 321.46795654296875 262.16584396362305
321.97332763671875 234.731689453125 343.06872177124023 234.731689453125 343.06872177124023 261.8417663574219 321.97332763671875 261.8417663574219
323.3371887207031 235.082763671875 343.5759029388428 235.082763671875 343.5759029388428 261.01699447631836 323.3371887207031 261.01699447631836
323.8048095703125 235.3251953125 344.3354301452637 235.3251953125 344.3354301452637 262.399866104126 323.8048095703125 262.399866104126
324.380859375 233.3674774169922 344.6485824584961 233.3674774169922 344.6485824584961 261.4494876861572 324.380859375 261.4494876861572
325.59039306640625 233.68240356445312 345.7415885925293 233.68240356445312 345.7415885925293 261.9431209564209 325.59039306640625 261.9431209564209
325.88140869140625 233.94369506835938 346.0087242126465 233.94369506835938 346.0087242126465 261.55376052856445 325.88140869140625 261.55376052856445
326.0471496582031 234.2641143798828 346.4651985168457 234.2641143798828 346.4651985168457 261.8157043457031 326.0471496582031 261.8157043457031
327.2768249511719 236.57666015625 347.50196838378906 236.57666015625 347.50196838378906 262.8570976257324 327.2768249511719 262.8570976257324
327.38555908203125 236.93118286132812 347.43848991394043 236.93118286132812 347.43848991394043 262.6331787109375 327.38555908203125 262.6331787109375
328.53472900390625 236.8159637451172 348.8110694885254 236.8159637451172 348.8110694885254 263.3629150390625 328.53472900390625 263.3629150390625
329.4945068359375 235.2826690673828 349.73269271850586 235.2826690673828 349.73269271850586 262.14472007751465 329.4945068359375 262.14472007751465
329.4649658203125 236.0460662841797 348.68037033081055 236.0460662841797 348.68037033081055 263.0880527496338 329.4649658203125 263.0880527496338
330.11041259765625 234.9264373779297 349.674991607666 234.9264373779297 349.674991607666 262.73064613342285 330.11041259765625 262.73064613342285
331.24920654296875 234.01333618164062 350.73989486694336 234.01333618164062 350.73989486694336 261.45005798339844 331.24920654296875 261.45005798339844
331.5002136230469 233.85287475585938 350.5132312774658 233.85287475585938 350.5132312774658 261.4023780822754 331.5002136230469 261.4023780822754
333.01348876953125 234.1081085205078 353.01545333862305 234.1081085205078 353.01545333862305 261.0179748535156 333.01348876953125 261.0179748535156
335.0670471191406 235.65234375 355.5000877380371 235.65234375 355.5000877380371 259.00438499450684 335.0670471191406 259.00438499450684
332.669677734375 235.69155883789062 353.10937881469727 235.69155883789062 353.10937881469727 259.05121421813965 332.669677734375 259.05121421813965
334.425537109375 236.1591339111328 355.001012802124 236.1591339111328 355.001012802124 259.67395973205566 334.425537109375 259.67395973205566
337.2698059082031 234.88491821289062 357.7925567626953 234.88491821289062 357.7925567626953 258.33948707580566 337.2698059082031 258.33948707580566
336.65118408203125 235.8093719482422 357.6587619781494 235.8093719482422 357.6587619781494 259.8180294036865 336.65118408203125 259.8180294036865
337.18023681640625 234.962890625 358.2481327056885 234.962890625 358.2481327056885 259.04048347473145 337.18023681640625 259.04048347473145
333.2611389160156 243.9130859375 354.3344211578369 243.9130859375 354.3344211578369 267.99683570861816 333.2611389160156 267.99683570861816
338.91790771484375 255.7600555419922 360.1912479400635 255.7600555419922 360.1912479400635 280.0724449157715 338.91790771484375 280.0724449157715
324.1917419433594 259.0174255371094 345.4633674621582 259.0174255371094 345.4633674621582 283.32785415649414 324.1917419433594 283.32785415649414
333.69964599609375 251.2984619140625 354.5338478088379 251.2984619140625 354.5338478088379 275.1089782714844 333.69964599609375 275.1089782714844
325.93634033203125 238.84445190429688 346.74817276000977 238.84445190429688 346.74817276000977 262.62940216064453 325.93634033203125 262.62940216064453
324.67877197265625 240.9087371826172 345.27491188049316 240.9087371826172 345.27491188049316 264.4471797943115 324.67877197265625 264.4471797943115
322.19732666015625 237.4479522705078 342.844970703125 237.4479522705078 342.844970703125 261.0452575683594 322.19732666015625 261.0452575683594
327.47308349609375 237.92416381835938 347.8004455566406 237.92416381835938 347.8004455566406 261.1554298400879 327.47308349609375 261.1554298400879
348.36932373046875 235.63290405273438 368.2228813171387 235.63290405273438 368.2228813171387 263.5301151275635 348.36932373046875 263.5301151275635
347.9733581542969 233.90750122070312 368.66613388061523 233.90750122070312 368.66613388061523 263.07631492614746 347.9733581542969 263.07631492614746
348.59307861328125 234.0813446044922 370.11842155456543 234.0813446044922 370.11842155456543 262.6534080505371 348.59307861328125 262.6534080505371
349.4620666503906 234.6455078125 371.3046875 234.6455078125 371.3046875 263.657434463501 349.4620666503906 263.657434463501
351.2541809082031 234.5836181640625 373.08485984802246 234.5836181640625 373.08485984802246 263.9220333099365 351.2541809082031 263.9220333099365
351.8647766113281 235.0352783203125 372.8285732269287 235.0352783203125 372.8285732269287 264.3844699859619 351.8647766113281 264.3844699859619
352.0296630859375 236.5048065185547 372.92192459106445 236.5048065185547 372.92192459106445 265.4322624206543 352.0296630859375 265.4322624206543
352.8807678222656 236.8413543701172 373.4348030090332 236.8413543701172 373.4348030090332 265.87177658081055 352.8807678222656 265.87177658081055
352.62432861328125 243.8145294189453 373.52466201782227 243.8145294189453 373.52466201782227 267.70061111450195 352.62432861328125 267.70061111450195
358.399169921875 240.1602325439453 379.08985137939453 240.1602325439453 379.08985137939453 263.8067111968994 358.399169921875 263.8067111968994
363.43017578125 242.7863311767578 384.1142234802246 242.7863311767578 384.1142234802246 266.4252281188965 363.43017578125 266.4252281188965
360.65557861328125 241.47055053710938 381.3692512512207 241.47055053710938 381.3692512512207 265.1433048248291 360.65557861328125 265.1433048248291
346.364990234375 255.4051055908203 367.19000244140625 255.4051055908203 367.19000244140625 279.20510482788086 346.364990234375 279.20510482788086
347.039306640625 262.65850830078125 367.9434623718262 262.65850830078125 367.9434623718262 286.54895782470703 347.039306640625 286.54895782470703
342.6034240722656 259.95062255859375 363.14027976989746 259.95062255859375 363.14027976989746 283.4213008880615 342.6034240722656 283.4213008880615
347.71844482421875 259.1387939453125 368.5204105377197 259.1387939453125 368.5204105377197 282.91245460510254 347.71844482421875 282.91245460510254
345.2725830078125 265.01361083984375 366.0794334411621 265.01361083984375 366.0794334411621 288.79285621643066 345.2725830078125 288.79285621643066
355.1424865722656 258.6434631347656 375.62844467163086 258.6434631347656 375.62844467163086 282.0559768676758 355.1424865722656 282.0559768676758
347.5512390136719 259.35028076171875 367.9900550842285 259.35028076171875 367.9900550842285 282.7089157104492 347.5512390136719 282.7089157104492
341.99981689453125 246.90756225585938 362.06201934814453 246.90756225585938 362.06201934814453 269.8357810974121 341.99981689453125 269.8357810974121
344.7956848144531 257.76763916015625 364.5256595611572 257.76763916015625 364.5256595611572 280.31616973876953 344.7956848144531 280.31616973876953
345.4078063964844 257.96722412109375 365.24924659729004 257.96722412109375 365.24924659729004 280.64313888549805 345.4078063964844 280.64313888549805
353.8583068847656 251.1145782470703 373.68102073669434 251.1145782470703 373.68102073669434 273.76909255981445 353.8583068847656 273.76909255981445
349.827880859375 247.9340057373047 369.78025817871094 247.9340057373047 369.78025817871094 270.7367057800293 349.827880859375 270.7367057800293
353.4106750488281 247.90298461914062 373.3735294342041 247.90298461914062 373.3735294342041 270.71765518188477 353.4106750488281 270.71765518188477
356.9332275390625 248.641357421875 376.5668830871582 248.641357421875 376.5668830871582 271.0797996520996 356.9332275390625 271.0797996520996
340.97265625 238.06826782226562 360.4843502044678 238.06826782226562 360.4843502044678 260.3673267364502 340.97265625 260.3673267364502
356.2724914550781 242.1036376953125 375.65927505493164 242.1036376953125 375.65927505493164 264.2599391937256 356.2724914550781 264.2599391937256
363.5734558105469 244.1066436767578 383.11493492126465 244.1066436767578 383.11493492126465 266.4397392272949 363.5734558105469 266.4397392272949
363.9771423339844 249.0221710205078 384.0202350616455 249.0221710205078 384.0202350616455 271.92853927612305 363.9771423339844 271.92853927612305
361.056884765625 240.9664764404297 381.12266540527344 240.9664764404297 381.12266540527344 263.89877700805664 361.056884765625 263.89877700805664
367.55169677734375 238.1970977783203 387.9099864959717 238.1970977783203 387.9099864959717 264.0545959472656 367.55169677734375 264.0545959472656
380.94769287109375 243.15090942382812 400.7665824890137 243.15090942382812 400.7665824890137 265.8010444641113 380.94769287109375 265.8010444641113
386.2820739746094 236.89578247070312 406.58778190612793 236.89578247070312 406.58778190612793 263.910343170166 386.2820739746094 263.910343170166
387.04937744140625 238.8282470703125 408.2450408935547 238.8282470703125 408.2450408935547 265.848352432251 387.04937744140625 265.848352432251
387.5245361328125 239.6141815185547 408.43305015563965 239.6141815185547 408.43305015563965 268.4164390563965 387.5245361328125 268.4164390563965
387.7078552246094 239.42135620117188 409.83778953552246 239.42135620117188 409.83778953552246 268.5087070465088 387.7078552246094 268.5087070465088
388.67694091796875 239.96163940429688 410.808385848999 239.96163940429688 410.808385848999 268.693790435791 388.67694091796875 268.693790435791
388.81048583984375 239.409912109375 410.51870346069336 239.409912109375 410.51870346069336 268.07098960876465 388.81048583984375 268.07098960876465
389.45806884765625 239.31198120117188 411.34430503845215 239.31198120117188 411.34430503845215 267.8506889343262 389.45806884765625 267.8506889343262
389.5925598144531 238.99044799804688 412.7789669036865 238.99044799804688 412.7789669036865 267.36766052246094 389.5925598144531 267.36766052246094
390.77398681640625 239.4296875 413.0765895843506 239.4296875 413.0765895843506 267.3468837738037 390.77398681640625 267.3468837738037
391.44403076171875 238.0966033935547 413.58145904541016 238.0966033935547 413.58145904541016 267.46625328063965 391.44403076171875 267.46625328063965
392.2056884765625 239.55191040039062 414.73013496398926 239.55191040039062 414.73013496398926 267.3826503753662 392.2056884765625 267.3826503753662
392.89874267578125 240.21829223632812 415.46813201904297 240.21829223632812 415.46813201904297 268.0821189880371 392.89874267578125 268.0821189880371
394.4275817871094 240.8328857421875 415.6609058380127 240.8328857421875 415.6609058380127 269.95212173461914 394.4275817871094 269.95212173461914
395.6036376953125 240.5104522705078 417.0023994445801 240.5104522705078 417.0023994445801 270.08860206604004 395.6036376953125 270.08860206604004
395.77032470703125 240.84375 418.05333709716797 240.84375 418.05333709716797 269.01153564453125 395.77032470703125 269.01153564453125
395.7344665527344 240.6422576904297 418.1008129119873 240.6422576904297 418.1008129119873 270.8027687072754 395.7344665527344 270.8027687072754
396.78240966796875 239.56832885742188 418.56236839294434 239.56832885742188 418.56236839294434 270.0497703552246 396.78240966796875 270.0497703552246
396.74609375 239.58621215820312 418.9347038269043 239.58621215820312 418.9347038269043 269.2791690826416 396.74609375 269.2791690826416
397.00189208984375 239.84323120117188 418.49952507019043 239.84323120117188 418.49952507019043 269.58547592163086 397.00189208984375 269.58547592163086
397.7624816894531 241.4095458984375 419.309268951416 241.4095458984375 419.309268951416 270.8489933013916 397.7624816894531 270.8489933013916
397.2502136230469 240.7272491455078 418.8395195007324 240.7272491455078 418.8395195007324 270.9022636413574 397.2502136230469 270.9022636413574
396.8280334472656 242.0007781982422 419.38415908813477 242.0007781982422 419.38415908813477 272.7544651031494 396.8280334472656 272.7544651031494
397.02130126953125 241.88583374023438 419.11872482299805 241.88583374023438 419.11872482299805 271.9376106262207 397.02130126953125 271.9376106262207
396.3407287597656 242.9400634765625 419.1634979248047 242.9400634765625 419.1634979248047 273.6220588684082 396.3407287597656 273.6220588684082
396.35321044921875 242.11947631835938 418.90290451049805 242.11947631835938 418.90290451049805 273.4736671447754 396.35321044921875 273.4736671447754
396.165771484375 242.4433135986328 418.35205459594727 242.4433135986328 418.35205459594727 273.79431533813477 396.165771484375 273.79431533813477
395.8993225097656 241.0092010498047 418.50697898864746 241.0092010498047 418.50697898864746 272.9584655761719 395.8993225097656 272.9584655761719
396.3436584472656 239.9173126220703 418.64649772644043 239.9173126220703 418.64649772644043 272.32115936279297 396.3436584472656 272.32115936279297
396.0193786621094 240.67294311523438 418.85820388793945 240.67294311523438 418.85820388793945 273.3575744628906 396.0193786621094 273.3575744628906
395.8153991699219 241.3787841796875 417.859037399292 241.3787841796875 417.859037399292 273.5368957519531 395.8153991699219 273.5368957519531
395.7398681640625 243.0430145263672 418.41152000427246 243.0430145263672 418.41152000427246 274.69272804260254 395.7398681640625 274.69272804260254
395.7630310058594 243.3842010498047 417.40866470336914 243.3842010498047 417.40866470336914 274.21672439575195 395.7630310058594 274.21672439575195
395.69921875 243.79507446289062 418.22284507751465 243.79507446289062 418.22284507751465 274.8116207122803 395.69921875 274.8116207122803
395.63018798828125 243.6035919189453 417.88178062438965 243.6035919189453 417.88178062438965 274.94358253479004 395.63018798828125 274.94358253479004
395.23211669921875 243.4280548095703 417.9057426452637 243.4280548095703 417.9057426452637 276.24024200439453 395.23211669921875 276.24024200439453
395.4451904296875 242.8453369140625 418.0562114715576 242.8453369140625 418.0562114715576 275.33118438720703 395.4451904296875 275.33118438720703
394.6388244628906 244.1643524169922 417.4761619567871 244.1643524169922 417.4761619567871 275.776065826416 394.6388244628906 275.776065826416
394.7753601074219 244.4329376220703 417.0573196411133 244.4329376220703 417.0573196411133 275.9983730316162 394.7753601074219 275.9983730316162
394.3553466796875 243.69082641601562 416.78493881225586 243.69082641601562 416.78493881225586 274.68835067749023 394.3553466796875 274.68835067749023
394.74029541015625 245.13833618164062 417.0084648132324 245.13833618164062 417.0084648132324 276.3429012298584 394.74029541015625 276.3429012298584
393.40380859375 245.1884307861328 417.0231018066406 245.1884307861328 417.0231018066406 276.1985683441162 393.40380859375 276.1985683441162
393.4493103027344 247.2525634765625 415.36540603637695 247.2525634765625 415.36540603637695 277.05236434936523 393.4493103027344 277.05236434936523
393.0026550292969 247.0246124267578 414.38062477111816 247.0246124267578 414.38062477111816 276.7361183166504 393.0026550292969 276.7361183166504
392.6369934082031 246.27587890625 414.8089065551758 246.27587890625 414.8089065551758 276.0769500732422 392.6369934082031 276.0769500732422
391.93817138671875 246.2126007080078 414.31584548950195 246.2126007080078 414.31584548950195 276.7721824645996 391.93817138671875 276.7721824645996
391.4035339355469 245.8144073486328 414.11034774780273 245.8144073486328 414.11034774780273 276.3467216491699 391.4035339355469 276.3467216491699
391.1558532714844 245.55020141601562 413.0158576965332 245.55020141601562 413.0158576965332 275.6505832672119 391.1558532714844 275.6505832672119
391.0657958984375 246.4358367919922 413.4928340911865 246.4358367919922 413.4928340911865 276.28294944763184 391.0657958984375 276.28294944763184
390.6651306152344 245.764892578125 413.23052978515625 245.764892578125 413.23052978515625 277.2863368988037 390.6651306152344 277.2863368988037
390.8650817871094 248.53359985351562 412.9270439147949 248.53359985351562 412.9270439147949 278.25611877441406 390.8650817871094 278.25611877441406
390.753173828125 247.7114715576172 412.8180561065674 247.7114715576172 412.8180561065674 278.4660835266113 390.753173828125 278.4660835266113
389.8682556152344 248.51138305664062 412.3564701080322 248.51138305664062 412.3564701080322 278.74620056152344 389.8682556152344 278.74620056152344
390.20318603515625 248.53671264648438 411.952823638916 248.53671264648438 411.952823638916 278.15887451171875 390.20318603515625 278.15887451171875
389.7304992675781 248.2749786376953 411.9921245574951 248.2749786376953 411.9921245574951 279.00762367248535 389.7304992675781 279.00762367248535
388.98284912109375 248.3858184814453 411.67265701293945 248.3858184814453 411.67265701293945 278.61052322387695 388.98284912109375 278.61052322387695
388.99737548828125 246.64663696289062 411.31879234313965 246.64663696289062 411.31879234313965 277.0711307525635 388.99737548828125 277.0711307525635
387.99127197265625 247.3231964111328 410.9984836578369 247.3231964111328 410.9984836578369 278.06531143188477 387.99127197265625 278.06531143188477
389.0738525390625 247.55184936523438 412.3151111602783 247.55184936523438 412.3151111602783 280.16056060791016 389.0738525390625 280.16056060791016
387.6180114746094 248.53402709960938 410.20991134643555 248.53402709960938 410.20991134643555 279.7997188568115 387.6180114746094 279.7997188568115
387.0734558105469 249.08615112304688 410.2182807922363 249.08615112304688 410.2182807922363 280.4774360656738 387.0734558105469 280.4774360656738
386.67474365234375 249.6675262451172 410.23607444763184 249.6675262451172 410.23607444763184 281.5022315979004 386.67474365234375 281.5022315979004
385.99481201171875 249.4867401123047 409.3451328277588 249.4867401123047 409.3451328277588 280.47698402404785 385.99481201171875 280.47698402404785
386.0662841796875 249.6804656982422 408.84658432006836 249.6804656982422 408.84658432006836 280.8322238922119 386.0662841796875 280.8322238922119
385.2497863769531 249.3902130126953 409.2787437438965 249.3902130126953 409.2787437438965 280.0453681945801 385.2497863769531 280.0453681945801
385.25543212890625 248.4207000732422 408.50714111328125 248.4207000732422 408.50714111328125 279.9784641265869 385.25543212890625 279.9784641265869
385.27264404296875 247.7462615966797 408.40992164611816 247.7462615966797 408.40992164611816 280.6410446166992 385.27264404296875 280.6410446166992
384.97113037109375 249.40328979492188 408.20698165893555 249.40328979492188 408.20698165893555 280.25116539001465 384.97113037109375 280.25116539001465
385.2413024902344 250.1755828857422 408.23985862731934 250.1755828857422 408.23985862731934 281.4390048980713 385.2413024902344 281.4390048980713
385.284423828125 251.69979858398438 408.3885135650635 251.69979858398438 408.3885135650635 283.2435188293457 385.284423828125 283.2435188293457
385.1075439453125 251.0331573486328 408.5785255432129 251.0331573486328 408.5785255432129 282.02590560913086 385.1075439453125 282.02590560913086
384.9791259765625 250.7513427734375 407.56336975097656 250.7513427734375 407.56336975097656 281.7945041656494 384.9791259765625 281.7945041656494
384.5722351074219 250.62109375 407.7842140197754 250.62109375 407.7842140197754 282.21284103393555 384.5722351074219 282.21284103393555
384.91253662109375 250.395751953125 407.8974094390869 250.395751953125 407.8974094390869 282.0675048828125 384.91253662109375 282.0675048828125
384.77484130859375 250.0938720703125 408.24731254577637 250.0938720703125 408.24731254577637 281.784854888916 384.77484130859375 281.784854888916
384.6003112792969 250.114990234375 407.61279296875 250.114990234375 407.61279296875 282.1464157104492 384.6003112792969 282.1464157104492
384.32232666015625 250.71914672851562 408.0826053619385 250.71914672851562 408.0826053619385 282.9257583618164 384.32232666015625 282.9257583618164
384.13873291015625 252.00735473632812 407.5058784484863 252.00735473632812 407.5058784484863 283.3638668060303 384.13873291015625 283.3638668060303
383.4853820800781 252.0421905517578 407.36524200439453 252.0421905517578 407.36524200439453 283.08791732788086 383.4853820800781 283.08791732788086
383.47515869140625 253.43557739257812 407.1625328063965 253.43557739257812 407.1625328063965 283.9864749908447 383.47515869140625 283.9864749908447
382.3333740234375 253.37295532226562 405.8657569885254 253.37295532226562 405.8657569885254 284.5682315826416 382.3333740234375 284.5682315826416
382.37982177734375 253.48806762695312 406.0987491607666 253.48806762695312 406.0987491607666 285.05063247680664 382.37982177734375 285.05063247680664
381.9064025878906 252.72927856445312 405.73735427856445 252.72927856445312 405.73735427856445 284.2445774078369 381.9064025878906 284.2445774078369
381.8031311035156 253.2061004638672 405.4949131011963 253.2061004638672 405.4949131011963 284.41858291625977 381.8031311035156 284.41858291625977
381.4451599121094 252.5303192138672 405.23193359375 252.5303192138672 405.23193359375 284.21605491638184 381.4451599121094 284.21605491638184
381.3312072753906 252.9636993408203 404.6699638366699 252.9636993408203 404.6699638366699 285.3088912963867 381.3312072753906 285.3088912963867
381.2080383300781 252.91738891601562 404.7968463897705 252.91738891601562 404.7968463897705 284.46717262268066 381.2080383300781 284.46717262268066
381.1987609863281 253.43441772460938 404.98266983032227 253.43441772460938 404.98266983032227 286.2665481567383 381.1987609863281 286.2665481567383
380.5612487792969 254.1824493408203 404.244930267334 254.1824493408203 404.244930267334 286.95552825927734 380.5612487792969 286.95552825927734
380.40924072265625 254.0979461669922 404.06457901000977 254.0979461669922 404.06457901000977 286.69096755981445 380.40924072265625 286.69096755981445
380.5239562988281 254.6596221923828 403.712121963501 254.6596221923828 403.712121963501 287.5391845703125 380.5239562988281 287.5391845703125
380.0959777832031 253.6585693359375 404.249942779541 253.6585693359375 404.249942779541 287.097843170166 380.0959777832031 287.097843170166
380.16094970703125 253.6967315673828 403.67895889282227 253.6967315673828 403.67895889282227 287.0392074584961 380.16094970703125 287.0392074584961
379.35797119140625 254.1787109375 403.39352226257324 254.1787109375 403.39352226257324 286.8651657104492 379.35797119140625 286.8651657104492
378.5199279785156 254.46102905273438 402.71336364746094 254.46102905273438 402.71336364746094 287.51580810546875 378.5199279785156 287.51580810546875
378.30474853515625 254.0207061767578 403.2844047546387 254.0207061767578 403.2844047546387 287.26927185058594 378.30474853515625 287.26927185058594
377.8614501953125 255.94375610351562 402.32445907592773 255.94375610351562 402.32445907592773 290.0431022644043 377.8614501953125 290.0431022644043
377.8764953613281 255.44918823242188 402.1786003112793 255.44918823242188 402.1786003112793 288.3027572631836 377.8764953613281 288.3027572631836
377.51446533203125 256.518310546875 401.85901832580566 256.518310546875 401.85901832580566 289.6613578796387 377.51446533203125 289.6613578796387
377.76019287109375 255.9239959716797 401.5845699310303 255.9239959716797 401.5845699310303 289.5049247741699 377.76019287109375 289.5049247741699
376.32928466796875 257.2052307128906 400.7819404602051 257.2052307128906 400.7819404602051 290.7080307006836 376.32928466796875 290.7080307006836
376.4418640136719 256.08990478515625 400.6361427307129 256.08990478515625 400.6361427307129 290.1802291870117 376.4418640136719 290.1802291870117
376.7588806152344 256.15869140625 399.5043716430664 256.15869140625 399.5043716430664 288.10200119018555 376.7588806152344 288.10200119018555
377.20635986328125 254.7990264892578 400.0808162689209 254.7990264892578 400.0808162689209 288.64001846313477 377.20635986328125 288.64001846313477
376.92694091796875 255.3358612060547 400.18873405456543 255.3358612060547 400.18873405456543 288.59691619873047 376.92694091796875 288.59691619873047
376.26190185546875 256.2785339355469 400.3400650024414 256.2785339355469 400.3400650024414 288.88636016845703 376.26190185546875 288.88636016845703
376.4502868652344 258.52703857421875 400.77705001831055 258.52703857421875 400.77705001831055 291.5479049682617 376.4502868652344 291.5479049682617
376.92791748046875 257.1815185546875 400.6882972717285 257.1815185546875 400.6882972717285 290.2720413208008 376.92791748046875 290.2720413208008
376.54571533203125 258.34844970703125 400.2787055969238 258.34844970703125 400.2787055969238 291.4356269836426 376.54571533203125 291.4356269836426
377.10467529296875 258.23272705078125 400.27569580078125 258.23272705078125 400.27569580078125 290.1280460357666 377.10467529296875 290.1280460357666
377.5281982421875 257.27728271484375 400.6941680908203 257.27728271484375 400.6941680908203 290.42102432250977 377.5281982421875 290.42102432250977
377.1145935058594 258.01141357421875 402.0118179321289 258.01141357421875 402.0118179321289 291.7460594177246 377.1145935058594 291.7460594177246
377.0667419433594 257.93670654296875 400.89991760253906 257.93670654296875 400.89991760253906 290.7845993041992 377.0667419433594 290.7845993041992
377.03509521484375 256.58062744140625 402.0753173828125 256.58062744140625 402.0753173828125 289.7812690734863 377.03509521484375 289.7812690734863
377.35968017578125 257.8175964355469 401.70443534851074 257.8175964355469 401.70443534851074 290.9138412475586 377.35968017578125 290.9138412475586
376.8782043457031 258.05767822265625 401.0194435119629 258.05767822265625 401.0194435119629 291.4246520996094 376.8782043457031 291.4246520996094
376.9291076660156 258.0126953125 400.97029304504395 258.0126953125 400.97029304504395 292.05355072021484 376.9291076660156 292.05355072021484
376.70733642578125 260.0710754394531 400.8966884613037 260.0710754394531 400.8966884613037 292.7066116333008 376.70733642578125 292.7066116333008
376.69854736328125 259.7557067871094 401.05978775024414 259.7557067871094 401.05978775024414 292.9570732116699 376.69854736328125 292.9570732116699
377.1667175292969 259.75213623046875 400.92528915405273 259.75213623046875 400.92528915405273 293.5811958312988 377.1667175292969 293.5811958312988
377.0068054199219 260.04791259765625 400.8414421081543 260.04791259765625 400.8414421081543 293.7728042602539 377.0068054199219 293.7728042602539
376.83331298828125 259.07061767578125 400.4538059234619 259.07061767578125 400.4538059234619 292.7435989379883 376.83331298828125 292.7435989379883
376.8388977050781 258.7576599121094 400.82628440856934 258.7576599121094 400.82628440856934 292.7293243408203 376.8388977050781 292.7293243408203
376.8303527832031 258.2630920410156 400.8278617858887 258.2630920410156 400.8278617858887 293.0668258666992 376.8303527832031 293.0668258666992
375.974365234375 259.8088684082031 401.9366207122803 259.8088684082031 401.9366207122803 294.6203308105469 375.974365234375 294.6203308105469
376.39178466796875 260.580810546875 401.01787757873535 260.580810546875 401.01787757873535 294.1533889770508 376.39178466796875 294.1533889770508
376.27630615234375 261.0883483886719 402.34997940063477 261.0883483886719 402.34997940063477 295.9255065917969 376.27630615234375 295.9255065917969
376.9284973144531 261.20855712890625 401.6571559906006 261.20855712890625 401.6571559906006 296.4974555969238 376.9284973144531 296.4974555969238
377.4803161621094 261.7159423828125 402.47616386413574 261.7159423828125 402.47616386413574 296.3614959716797 377.4803161621094 296.3614959716797
378.25128173828125 261.037109375 402.4577579498291 261.037109375 402.4577579498291 295.7832221984863 378.25128173828125 295.7832221984863
377.9827575683594 261.94061279296875 402.9490566253662 261.94061279296875 402.9490566253662 296.45076751708984 377.9827575683594 296.45076751708984
378.0377502441406 261.132568359375 403.314208984375 261.132568359375 403.314208984375 295.7387466430664 378.0377502441406 295.7387466430664
377.97747802734375 260.47894287109375 402.6084041595459 260.47894287109375 402.6084041595459 296.4747505187988 377.97747802734375 296.4747505187988
378.21563720703125 260.9593200683594 402.9590606689453 260.9593200683594 402.9590606689453 296.0525321960449 378.21563720703125 296.0525321960449
377.7771911621094 261.5031433105469 403.1667594909668 261.5031433105469 403.1667594909668 297.1067695617676 377.7771911621094 297.1067695617676
377.77288818359375 261.9344482421875 403.5186519622803 261.9344482421875 403.5186519622803 297.63846588134766 377.77288818359375 297.63846588134766
378.27423095703125 262.76422119140625 403.6377830505371 262.76422119140625 403.6377830505371 297.67219161987305 378.27423095703125 297.67219161987305
378.2436218261719 263.3450012207031 403.70079231262207 263.3450012207031 403.70079231262207 298.8784637451172 378.2436218261719 298.8784637451172
378.070556640625 264.59393310546875 403.5458812713623 264.59393310546875 403.5458812713623 298.8047904968262 378.070556640625 298.8047904968262
378.00201416015625 263.7367248535156 403.50434494018555 263.7367248535156 403.50434494018555 298.98221588134766 378.00201416015625 298.98221588134766
378.31451416015625 264.16815185546875 403.19403076171875 264.16815185546875 403.19403076171875 299.4076919555664 378.31451416015625 299.4076919555664
377.9183044433594 263.05572509765625 403.7350101470947 263.05572509765625 403.7350101470947 298.87733459472656 377.9183044433594 298.87733459472656
378.32733154296875 262.72064208984375 403.6629333496094 262.72064208984375 403.6629333496094 297.3124885559082 378.32733154296875 297.3124885559082
377.9043884277344 263.47943115234375 404.1426544189453 263.47943115234375 404.1426544189453 297.89108657836914 377.9043884277344 297.89108657836914
378.1151123046875 264.0743713378906 403.87714767456055 264.0743713378906 403.87714767456055 299.6513900756836 378.1151123046875 299.6513900756836
377.5310974121094 264.9256591796875 403.9211616516113 264.9256591796875 403.9211616516113 299.2217826843262 377.5310974121094 299.2217826843262
378.5157775878906 264.69549560546875 404.31688499450684 264.69549560546875 404.31688499450684 300.0705261230469 378.5157775878906 300.0705261230469
379.53338623046875 265.523193359375 404.7251167297363 265.523193359375 404.7251167297363 300.1781578063965 379.53338623046875 300.1781578063965
379.6248474121094 265.893798828125 405.0391654968262 265.893798828125 405.0391654968262 300.1608428955078 379.6248474121094 300.1608428955078
379.6559143066406 266.78790283203125 404.9749336242676 266.78790283203125 404.9749336242676 301.84604263305664 379.6559143066406 301.84604263305664
379.7242736816406 266.3204650878906 404.95055770874023 266.3204650878906 404.95055770874023 301.5114059448242 379.7242736816406 301.5114059448242
379.87158203125 265.18212890625 405.29706954956055 265.18212890625 405.29706954956055 299.68245697021484 379.87158203125 299.68245697021484
379.60009765625 265.57672119140625 405.7465305328369 265.57672119140625 405.7465305328369 300.1442184448242 379.60009765625 300.1442184448242
379.9076843261719 264.9490661621094 405.7623348236084 264.9490661621094 405.7623348236084 301.5007095336914 379.9076843261719 301.5007095336914
379.93914794921875 265.0583801269531 405.0302543640137 265.0583801269531 405.0302543640137 300.88469314575195 379.93914794921875 300.88469314575195
379.52935791015625 266.72943115234375 405.48962020874023 266.72943115234375 405.48962020874023 303.2377128601074 379.52935791015625 303.2377128601074
379.45166015625 267.4830017089844 405.4313106536865 267.4830017089844 405.4313106536865 303.7383232116699 379.45166015625 303.7383232116699
379.41253662109375 267.64727783203125 405.3338260650635 267.64727783203125 405.3338260650635 303.5461235046387 379.41253662109375 303.5461235046387
378.67962646484375 267.76751708984375 405.53337478637695 267.76751708984375 405.53337478637695 305.25513458251953 378.67962646484375 305.25513458251953
378.431884765625 268.03875732421875 405.33489990234375 268.03875732421875 405.33489990234375 306.70703887939453 378.431884765625 306.70703887939453
378.82635498046875 268.1426696777344 404.9790153503418 268.1426696777344 404.9790153503418 304.71199798583984 378.82635498046875 304.71199798583984
378.66912841796875 267.4772033691406 405.0379447937012 267.4772033691406 405.0379447937012 304.99675369262695 378.66912841796875 304.99675369262695
378.2245788574219 267.31048583984375 405.45635414123535 267.31048583984375 405.45635414123535 304.55261611938477 378.2245788574219 304.55261611938477
378.698486328125 268.47576904296875 405.2106170654297 268.47576904296875 405.2106170654297 304.8442802429199 378.698486328125 304.8442802429199
378.58526611328125 268.91119384765625 405.54673767089844 268.91119384765625 405.54673767089844 305.8561477661133 378.58526611328125 305.8561477661133
378.8880310058594 269.3260803222656 406.1518669128418 269.3260803222656 406.1518669128418 307.7912063598633 378.8880310058594 307.7912063598633
378.7420349121094 270.1457824707031 406.03502464294434 270.1457824707031 406.03502464294434 307.81856536865234 378.7420349121094 307.81856536865234
378.9000549316406 271.1014404296875 406.8459529876709 271.1014404296875 406.8459529876709 307.8527145385742 378.9000549316406 307.8527145385742
379.68011474609375 270.765869140625 406.6086845397949 270.765869140625 406.6086845397949 308.04931640625 379.68011474609375 308.04931640625
379.9044494628906 270.57257080078125 407.12507247924805 270.57257080078125 407.12507247924805 307.94922256469727 379.9044494628906 307.94922256469727
380.1501770019531 270.0447692871094 407.36798667907715 270.0447692871094 407.36798667907715 307.2572250366211 380.1501770019531 307.2572250366211
380.53948974609375 269.048095703125 407.16208839416504 269.048095703125 407.16208839416504 307.3188819885254 380.53948974609375 307.3188819885254
380.16607666015625 268.9173278808594 407.46403884887695 268.9173278808594 407.46403884887695 307.896671295166 380.16607666015625 307.896671295166
380.1980895996094 269.9987487792969 407.9433250427246 269.9987487792969 407.9433250427246 306.8751335144043 380.1980895996094 306.8751335144043
380.07281494140625 270.6983337402344 407.47096824645996 270.6983337402344 407.47096824645996 308.1307678222656 380.07281494140625 308.1307678222656
379.44952392578125 272.19232177734375 407.22349548339844 272.19232177734375 407.22349548339844 309.0005798339844 379.44952392578125 309.0005798339844
379.3787536621094 271.9065856933594 407.2856750488281 271.9065856933594 407.2856750488281 309.39134979248047 379.3787536621094 309.39134979248047
379.48797607421875 273.29339599609375 407.0695152282715 273.29339599609375 407.0695152282715 310.4957084655762 379.48797607421875 310.4957084655762
379.05487060546875 273.27044677734375 406.8375186920166 273.27044677734375 406.8375186920166 310.22460174560547 379.05487060546875 310.22460174560547
379.18865966796875 273.19036865234375 405.8559875488281 273.19036865234375 405.8559875488281 310.5174751281738 379.18865966796875 310.5174751281738
379.1932678222656 273.1890563964844 406.1742973327637 273.1890563964844 406.1742973327637 310.92529296875 379.1932678222656 310.92529296875
379.21453857421875 272.09375 405.90991592407227 272.09375 405.90991592407227 309.7918510437012 379.21453857421875 309.7918510437012
379.5190124511719 272.30322265625 406.6249656677246 272.30322265625 406.6249656677246 309.9978332519531 379.5190124511719 309.9978332519531
379.4146728515625 272.30718994140625 406.4582099914551 272.30718994140625 406.4582099914551 309.864559173584 379.4146728515625 309.864559173584
379.49249267578125 273.09393310546875 406.75815200805664 273.09393310546875 406.75815200805664 310.92578887939453 379.49249267578125 310.92578887939453
379.68865966796875 274.47369384765625 406.93890380859375 274.47369384765625 406.93890380859375 312.00553131103516 379.68865966796875 312.00553131103516
379.6590576171875 275.9847717285156 407.2632999420166 275.9847717285156 407.2632999420166 312.95851135253906 379.6590576171875 312.95851135253906
379.5870056152344 275.24517822265625 407.4271640777588 275.24517822265625 407.4271640777588 312.9134178161621 379.5870056152344 312.9134178161621
380.03363037109375 275.14288330078125 407.94780349731445 275.14288330078125 407.94780349731445 312.6537055969238 380.03363037109375 312.6537055969238
380.89959716796875 274.97894287109375 408.0279140472412 274.97894287109375 408.0279140472412 312.7543029785156 380.89959716796875 312.7543029785156
380.515869140625 274.95086669921875 408.69746017456055 274.95086669921875 408.69746017456055 312.46636962890625 380.515869140625 312.46636962890625
380.84771728515625 274.5113220214844 408.45672607421875 274.5113220214844 408.45672607421875 312.77672576904297 380.84771728515625 312.77672576904297
380.93072509765625 274.9448547363281 408.71790504455566 274.9448547363281 408.71790504455566 313.42821502685547 380.93072509765625 313.42821502685547
380.92041015625 275.6572265625 409.3544044494629 275.6572265625 409.3544044494629 313.5643653869629 380.92041015625 313.5643653869629
381.5638427734375 275.33636474609375 408.89487075805664 275.33636474609375 408.89487075805664 314.00879669189453 381.5638427734375 314.00879669189453
380.98992919921875 276.3470764160156 409.7290229797363 276.3470764160156 409.7290229797363 314.706298828125 380.98992919921875 314.706298828125
382.2421569824219 277.19769287109375 409.23015213012695 277.19769287109375 409.23015213012695 315.248348236084 382.2421569824219 315.248348236084
381.96356201171875 278.7726745605469 409.4685363769531 278.7726745605469 409.4685363769531 315.80738830566406 381.96356201171875 315.80738830566406
382.9451904296875 278.42425537109375 410.1728630065918 278.42425537109375 410.1728630065918 315.8833236694336 382.9451904296875 315.8833236694336
383.07305908203125 277.96295166015625 409.5134735107422 277.96295166015625 409.5134735107422 315.24649810791016 383.07305908203125 315.24649810791016
382.55474853515625 278.39251708984375 409.54697036743164 278.39251708984375 409.54697036743164 315.2667541503906 382.55474853515625 315.2667541503906
383.1953430175781 277.41326904296875 409.66644287109375 277.41326904296875 409.66644287109375 315.0978355407715 383.1953430175781 315.0978355407715
383.25042724609375 277.965087890625 410.2413749694824 277.965087890625 410.2413749694824 315.11727142333984 383.25042724609375 315.11727142333984
383.81378173828125 277.6715393066406 410.7755546569824 277.6715393066406 410.7755546569824 315.4775810241699 383.81378173828125 315.4775810241699
383.77398681640625 278.390869140625 410.6800422668457 278.390869140625 410.6800422668457 315.3224105834961 383.77398681640625 315.3224105834961
385.22943115234375 279.6340026855469 412.3913974761963 279.6340026855469 412.3913974761963 316.48680877685547 385.22943115234375 316.48680877685547
385.0365905761719 280.2685546875 412.6174659729004 280.2685546875 412.6174659729004 316.6402359008789 385.0365905761719 316.6402359008789
385.48785400390625 281.1278076171875 414.1364288330078 281.1278076171875 414.1364288330078 317.2530517578125 385.48785400390625 317.2530517578125
387.1058654785156 281.0762939453125 414.24049949645996 281.0762939453125 414.24049949645996 318.26811599731445 387.1058654785156 318.26811599731445
386.922119140625 280.5953369140625 414.7169609069824 280.5953369140625 414.7169609069824 317.41467666625977 386.922119140625 317.41467666625977
387.2145080566406 280.49749755859375 414.19809341430664 280.49749755859375 414.19809341430664 317.1153030395508 387.2145080566406 317.1153030395508
388.08074951171875 280.51507568359375 415.17979431152344 280.51507568359375 415.17979431152344 317.66263580322266 388.08074951171875 317.66263580322266
387.7199401855469 280.2129821777344 414.30224990844727 280.2129821777344 414.30224990844727 317.5416450500488 387.7199401855469 317.5416450500488
388.45404052734375 280.26165771484375 416.848669052124 280.26165771484375 416.848669052124 317.9099235534668 388.45404052734375 317.9099235534668
387.92303466796875 281.654052734375 415.874210357666 281.654052734375 415.874210357666 319.14751052856445 387.92303466796875 319.14751052856445
387.8642578125 283.1130676269531 415.97626304626465 283.1130676269531 415.97626304626465 320.7776107788086 387.8642578125 320.7776107788086
387.70660400390625 283.849365234375 416.13433265686035 283.849365234375 416.13433265686035 321.5050811767578 387.70660400390625 321.5050811767578
388.03546142578125 284.22479248046875 416.1496391296387 284.22479248046875 416.1496391296387 323.18447494506836 388.03546142578125 323.18447494506836
387.5423889160156 283.8760681152344 416.10818099975586 283.8760681152344 416.10818099975586 321.67842864990234 387.5423889160156 321.67842864990234
388.3388977050781 283.449462890625 416.11408042907715 283.449462890625 416.11408042907715 320.70386123657227 388.3388977050781 320.70386123657227
388.4832458496094 283.46990966796875 416.16595458984375 283.46990966796875 416.16595458984375 322.51065826416016 388.4832458496094 322.51065826416016
388.122314453125 283.0769958496094 416.09333419799805 283.0769958496094 416.09333419799805 320.7568016052246 388.122314453125 320.7568016052246
388.297119140625 282.8731384277344 415.78246688842773 282.8731384277344 415.78246688842773 320.9819030761719 388.297119140625 320.9819030761719
388.7910461425781 283.5068664550781 415.66956520080566 283.5068664550781 415.66956520080566 321.08163833618164 388.7910461425781 321.08163833618164
388.46759033203125 284.1834716796875 416.904052734375 284.1834716796875 416.904052734375 322.02009201049805 388.46759033203125 322.02009201049805
389.43994140625 284.1407165527344 417.27008628845215 284.1407165527344 417.27008628845215 322.33879470825195 389.43994140625 322.33879470825195
389.8874206542969 286.4433288574219 418.05506896972656 286.4433288574219 418.05506896972656 324.4912414550781 389.8874206542969 324.4912414550781
390.05438232421875 285.74615478515625 417.55805587768555 285.74615478515625 417.55805587768555 322.8080368041992 390.05438232421875 322.8080368041992
391.5382995605469 285.1543884277344 418.9109992980957 285.1543884277344 418.9109992980957 323.92945098876953 391.5382995605469 323.92945098876953
391.08038330078125 284.9931640625 418.8884086608887 284.9931640625 418.8884086608887 323.5747756958008 391.08038330078125 323.5747756958008
391.181396484375 285.2438049316406 419.2280025482178 285.2438049316406 419.2280025482178 324.2049789428711 391.181396484375 324.2049789428711
391.90545654296875 284.4378356933594 419.5229301452637 284.4378356933594 419.5229301452637 324.26549530029297 391.90545654296875 324.26549530029297
390.67864990234375 285.3367614746094 419.0753688812256 285.3367614746094 419.0753688812256 324.4001159667969 390.67864990234375 324.4001159667969
391.6746520996094 286.52398681640625 420.1513328552246 286.52398681640625 420.1513328552246 325.8302993774414 391.6746520996094 325.8302993774414
391.14697265625 287.9831848144531 419.2019691467285 287.9831848144531 419.2019691467285 326.3994560241699 391.14697265625 326.3994560241699
391.61334228515625 289.7176208496094 420.94500160217285 289.7176208496094 420.94500160217285 328.34323501586914 391.61334228515625 328.34323501586914
391.845703125 288.45172119140625 420.0495948791504 288.45172119140625 420.0495948791504 327.75699615478516 391.845703125 327.75699615478516
392.1842041015625 287.7399597167969 420.16514015197754 287.7399597167969 420.16514015197754 327.3254699707031 392.1842041015625 327.3254699707031
392.21551513671875 288.36273193359375 421.2185707092285 288.36273193359375 421.2185707092285 327.3058662414551 392.21551513671875 327.3058662414551
392.0210876464844 287.9498596191406 420.4352684020996 287.9498596191406 420.4352684020996 327.3608169555664 392.0210876464844 327.3608169555664
392.21002197265625 287.5532531738281 420.50037574768066 287.5532531738281 420.50037574768066 328.31252670288086 392.21002197265625 328.31252670288086
392.17877197265625 288.55340576171875 421.18244552612305 288.55340576171875 421.18244552612305 328.06389236450195 392.17877197265625 328.06389236450195
393.3587951660156 287.8938903808594 421.6395683288574 287.8938903808594 421.6395683288574 327.9371109008789 393.3587951660156 327.9371109008789
393.2451171875 290.6466369628906 422.0259552001953 290.6466369628906 422.0259552001953 329.23795318603516 393.2451171875 329.23795318603516
393.1329040527344 290.5447998046875 422.67437171936035 290.5447998046875 422.67437171936035 330.56908416748047 393.1329040527344 330.56908416748047
394.45745849609375 291.1937255859375 423.211483001709 291.1937255859375 423.211483001709 330.49481201171875 394.45745849609375 330.49481201171875
394.482421875 292.1939392089844 423.7703437805176 292.1939392089844 423.7703437805176 331.6352310180664 394.482421875 331.6352310180664
395.439208984375 291.2142333984375 424.0967197418213 291.2142333984375 424.0967197418213 332.78673553466797 395.439208984375 332.78673553466797
395.6249694824219 290.74420166015625 424.5025215148926 290.74420166015625 424.5025215148926 330.0233726501465 395.6249694824219 330.0233726501465
395.9212341308594 290.2378845214844 424.7611885070801 290.2378845214844 424.7611885070801 330.28333282470703 395.9212341308594 330.28333282470703
395.46185302734375 292.24359130859375 424.4814453125 292.24359130859375 424.4814453125 332.1196060180664 395.46185302734375 332.1196060180664
395.24871826171875 292.1379699707031 424.6714382171631 292.1379699707031 424.6714382171631 332.3375778198242 395.24871826171875 332.3375778198242
395.92132568359375 293.2165832519531 425.01889991760254 293.2165832519531 425.01889991760254 334.76111602783203 395.92132568359375 334.76111602783203
395.5185546875 292.9955139160156 425.2124080657959 292.9955139160156 425.2124080657959 333.8825988769531 395.5185546875 333.8825988769531
396.02593994140625 294.06707763671875 425.31150817871094 294.06707763671875 425.31150817871094 333.9822311401367 396.02593994140625 333.9822311401367
395.9515075683594 294.38214111328125 424.6020088195801 294.38214111328125 424.6020088195801 334.11301040649414 395.9515075683594 334.11301040649414
395.48809814453125 294.6748962402344 424.3777313232422 294.6748962402344 424.3777313232422 334.7411308288574 395.48809814453125 334.7411308288574
395.9382629394531 295.01055908203125 424.6722011566162 295.01055908203125 424.6722011566162 334.6647262573242 395.9382629394531 334.6647262573242
396.0361328125 295.34100341796875 424.5884952545166 295.34100341796875 424.5884952545166 335.70061111450195 396.0361328125 335.70061111450195
396.43646240234375 293.8316345214844 424.5092124938965 293.8316345214844 424.5092124938965 333.8855972290039 396.43646240234375 333.8855972290039
396.2073669433594 293.6686096191406 424.19910049438477 293.6686096191406 424.19910049438477 334.2382926940918 396.2073669433594 334.2382926940918
396.3597106933594 293.09637451171875 424.0377540588379 293.09637451171875 424.0377540588379 333.2699661254883 396.3597106933594 333.2699661254883
395.86151123046875 293.82012939453125 424.4956703186035 293.82012939453125 424.4956703186035 334.1858558654785 395.86151123046875 334.1858558654785
395.6204528808594 293.0043029785156 425.63726234436035 293.0043029785156 425.63726234436035 334.4623832702637 395.6204528808594 334.4623832702637
395.8662109375 293.84625244140625 425.0345001220703 293.84625244140625 425.0345001220703 335.1365432739258 395.8662109375 335.1365432739258
396.16925048828125 296.42724609375 424.44346046447754 296.42724609375 424.44346046447754 337.431453704834 396.16925048828125 337.431453704834
395.6477966308594 296.103515625 424.7836856842041 296.103515625 424.7836856842041 337.1438980102539 395.6477966308594 337.1438980102539
395.6459045410156 296.12982177734375 424.57683181762695 296.12982177734375 424.57683181762695 337.3184585571289 395.6459045410156 337.3184585571289
396.45751953125 298.23004150390625 425.6042137145996 298.23004150390625 425.6042137145996 338.70214080810547 396.45751953125 338.70214080810547
396.4737243652344 296.4295349121094 425.91722106933594 296.4295349121094 425.91722106933594 337.9191474914551 396.4737243652344 337.9191474914551
397.5818786621094 296.6916809082031 426.5022087097168 296.6916809082031 426.5022087097168 338.4548873901367 397.5818786621094 338.4548873901367
397.1627502441406 297.7438049316406 426.1343746185303 297.7438049316406 426.1343746185303 339.33917236328125 397.1627502441406 339.33917236328125
396.52178955078125 297.32061767578125 426.0728511810303 297.32061767578125 426.0728511810303 339.8771667480469 396.52178955078125 339.8771667480469
396.9437255859375 297.30023193359375 426.46569442749023 297.30023193359375 426.46569442749023 338.7851028442383 396.9437255859375 338.7851028442383
397.4530944824219 297.9589538574219 426.53420639038086 297.9589538574219 426.53420639038086 338.43743896484375 397.4530944824219 338.43743896484375
397.2425231933594 297.4014587402344 426.46300888061523 297.4014587402344 426.46300888061523 339.25000762939453 397.2425231933594 339.25000762939453
397.5068664550781 296.7369689941406 426.5491371154785 296.7369689941406 426.5491371154785 338.1599006652832 397.5068664550781 338.1599006652832
397.6689147949219 297.41748046875 426.94659423828125 297.41748046875 426.94659423828125 338.82164764404297 397.6689147949219 338.82164764404297
397.52764892578125 298.19134521484375 427.5328254699707 298.19134521484375 427.5328254699707 340.3108673095703 397.52764892578125 340.3108673095703
397.63885498046875 298.2289123535156 426.6806945800781 298.2289123535156 426.6806945800781 340.9049644470215 397.63885498046875 340.9049644470215
397.41119384765625 299.2676696777344 427.4936981201172 299.2676696777344 427.4936981201172 341.24092864990234 397.41119384765625 341.24092864990234
397.2492980957031 300.62774658203125 426.4986267089844 300.62774658203125 426.4986267089844 342.2198371887207 397.2492980957031 342.2198371887207
396.7756652832031 301.04266357421875 426.675989151001 301.04266357421875 426.675989151001 343.2819290161133 396.7756652832031 343.2819290161133
396.48004150390625 301.7256164550781 426.4274845123291 301.7256164550781 426.4274845123291 343.9549674987793 396.48004150390625 343.9549674987793
396.54949951171875 300.2660217285156 426.5217475891113 300.2660217285156 426.5217475891113 343.35037994384766 396.54949951171875 343.35037994384766
396.6311950683594 299.476318359375 426.6634101867676 299.476318359375 426.6634101867676 342.6616439819336 396.6311950683594 342.6616439819336
396.55072021484375 299.9394226074219 426.4163818359375 299.9394226074219 426.4163818359375 343.22183990478516 396.55072021484375 343.22183990478516
396.8405456542969 299.58233642578125 425.8661289215088 299.58233642578125 425.8661289215088 342.2060203552246 396.8405456542969 342.2060203552246
396.71173095703125 298.53948974609375 426.4567470550537 298.53948974609375 426.4567470550537 341.75544357299805 396.71173095703125 341.75544357299805
396.1834411621094 299.17242431640625 426.8655662536621 299.17242431640625 426.8655662536621 343.09362411499023 396.1834411621094 343.09362411499023
396.7019348144531 299.1976318359375 426.8194522857666 299.1976318359375 426.8194522857666 342.42456436157227 396.7019348144531 342.42456436157227
396.2418518066406 299.9978942871094 426.3880157470703 299.9978942871094 426.3880157470703 342.4185333251953 396.2418518066406 342.4185333251953
396.8381652832031 300.7010803222656 427.2865447998047 300.7010803222656 427.2865447998047 344.0997009277344 396.8381652832031 344.0997009277344
397.2225646972656 301.43011474609375 426.8467826843262 301.43011474609375 426.8467826843262 345.0056610107422 397.2225646972656 345.0056610107422
397.30767822265625 302.23309326171875 426.9627628326416 302.23309326171875 426.9627628326416 344.48587799072266 397.30767822265625 344.48587799072266
397.98846435546875 303.3536682128906 427.38672256469727 303.3536682128906 427.38672256469727 344.8958320617676 397.98846435546875 344.8958320617676
397.70367431640625 303.052001953125 427.957275390625 303.052001953125 427.957275390625 345.6391181945801 397.70367431640625 345.6391181945801
398.7167663574219 302.6532287597656 428.4956398010254 302.6532287597656 428.4956398010254 344.2272148132324 398.7167663574219 344.2272148132324
398.47662353515625 302.8228759765625 428.9008331298828 302.8228759765625 428.9008331298828 345.67200469970703 398.47662353515625 345.67200469970703
398.9864196777344 303.5547790527344 428.2369041442871 303.5547790527344 428.2369041442871 345.3322219848633 398.9864196777344 345.3322219848633
398.7124938964844 302.66143798828125 428.64349365234375 302.66143798828125 428.64349365234375 344.9765853881836 398.7124938964844 344.9765853881836
398.82696533203125 302.5685119628906 428.90850257873535 302.5685119628906 428.90850257873535 344.80041122436523 398.82696533203125 344.80041122436523
398.3915100097656 303.44964599609375 428.76726150512695 303.44964599609375 428.76726150512695 345.8892250061035 398.3915100097656 345.8892250061035
399.4493713378906 303.1900939941406 429.1548156738281 303.1900939941406 429.1548156738281 344.6377983093262 399.4493713378906 344.6377983093262
398.9104919433594 304.38262939453125 429.7361259460449 304.38262939453125 429.7361259460449 346.9911193847656 398.9104919433594 346.9911193847656
398.6984558105469 303.46575927734375 430.1681156158447 303.46575927734375 430.1681156158447 346.80777740478516 398.6984558105469 346.80777740478516
398.4258728027344 306.2555847167969 429.27197647094727 306.2555847167969 429.27197647094727 348.3609313964844 398.4258728027344 348.3609313964844
398.51263427734375 305.13397216796875 429.1585273742676 305.13397216796875 429.1585273742676 348.4752502441406 398.51263427734375 348.4752502441406
398.3019104003906 306.1177978515625 429.21556663513184 306.1177978515625 429.21556663513184 349.9352493286133 398.3019104003906 349.9352493286133
397.70953369140625 306.8090515136719 428.97985458374023 306.8090515136719 428.97985458374023 349.8384094238281 397.70953369140625 349.8384094238281
398.51556396484375 307.3372497558594 428.6101493835449 307.3372497558594 428.6101493835449 350.6023139953613 398.51556396484375 350.6023139953613
397.6230773925781 307.33111572265625 428.2289161682129 307.33111572265625 428.2289161682129 350.33215713500977 397.6230773925781 350.33215713500977
398.2425537109375 306.29388427734375 428.087459564209 306.29388427734375 428.087459564209 349.4913864135742 398.2425537109375 349.4913864135742
397.5296936035156 306.7202453613281 427.64588928222656 306.7202453613281 427.64588928222656 349.5640068054199 397.5296936035156 349.5640068054199
397.7653503417969 306.50531005859375 427.7582588195801 306.50531005859375 427.7582588195801 349.2510681152344 397.7653503417969 349.2510681152344
397.6619567871094 305.81512451171875 428.2148094177246 305.81512451171875 428.2148094177246 349.1061706542969 397.6619567871094 349.1061706542969
397.4759216308594 306.1886901855469 428.3409423828125 306.1886901855469 428.3409423828125 349.72467041015625 397.4759216308594 349.72467041015625
396.9088439941406 307.614013671875 428.4579658508301 307.614013671875 428.4579658508301 351.160099029541 396.9088439941406 351.160099029541
397.2428894042969 306.8133544921875 428.46123695373535 306.8133544921875 428.46123695373535 350.90631103515625 397.2428894042969 350.90631103515625
397.6160583496094 307.2980651855469 428.19691467285156 307.2980651855469 428.19691467285156 351.1871337890625 397.6160583496094 351.1871337890625
397.26910400390625 308.6360778808594 428.56117820739746 308.6360778808594 428.56117820739746 352.14982986450195 397.26910400390625 352.14982986450195
397.59136962890625 309.15631103515625 428.55406761169434 309.15631103515625 428.55406761169434 352.2244453430176 397.59136962890625 352.2244453430176
398.39398193359375 309.6885986328125 429.8814754486084 309.6885986328125 429.8814754486084 352.7944755554199 398.39398193359375 352.7944755554199
397.7901916503906 309.660888671875 429.66246604919434 309.660888671875 429.66246604919434 352.5267333984375 397.7901916503906 352.5267333984375
398.8331298828125 309.63116455078125 429.5569190979004 309.63116455078125 429.5569190979004 353.7833595275879 398.8331298828125 353.7833595275879
397.8052062988281 310.5755615234375 429.492223739624 310.5755615234375 429.492223739624 354.39392852783203 397.8052062988281 354.39392852783203
398.1505432128906 309.10589599609375 429.85783767700195 309.10589599609375 429.85783767700195 353.92772674560547 398.1505432128906 353.92772674560547
398.12811279296875 308.37554931640625 429.699426651001 308.37554931640625 429.699426651001 353.0729789733887 398.12811279296875 353.0729789733887
397.78656005859375 310.00762939453125 429.2163028717041 310.00762939453125 429.2163028717041 354.24618911743164 397.78656005859375 354.24618911743164
398.3500671386719 310.15911865234375 429.9775505065918 310.15911865234375 429.9775505065918 354.2799987792969 398.3500671386719 354.2799987792969
397.9240417480469 309.83209228515625 429.6912479400635 309.83209228515625 429.6912479400635 354.7918472290039 397.9240417480469 354.7918472290039
398.11676025390625 310.33685302734375 430.17938232421875 310.33685302734375 430.17938232421875 356.4780387878418 398.11676025390625 356.4780387878418
398.81549072265625 311.0057678222656 429.7071876525879 311.0057678222656 429.7071876525879 356.2844352722168 398.81549072265625 356.2844352722168
397.9594421386719 312.6048889160156 430.4907913208008 312.6048889160156 430.4907913208008 356.5167694091797 397.9594421386719 356.5167694091797
398.5679931640625 312.1435852050781 429.36789894104004 312.1435852050781 429.36789894104004 357.6449737548828 398.5679931640625 357.6449737548828
397.98028564453125 313.43182373046875 428.8153533935547 313.43182373046875 428.8153533935547 358.4418067932129 397.98028564453125 358.4418067932129
397.03802490234375 314.1114807128906 429.347957611084 314.1114807128906 429.347957611084 358.57567596435547 397.03802490234375 358.57567596435547
397.8296813964844 313.6647644042969 428.9931392669678 313.6647644042969 428.9931392669678 357.57181549072266 397.8296813964844 357.57181549072266
397.37933349609375 314.27984619140625 429.0215816497803 314.27984619140625 429.0215816497803 357.3761215209961 397.37933349609375 357.3761215209961
397.3686828613281 314.02752685546875 428.860294342041 314.02752685546875 428.860294342041 358.4220390319824 397.3686828613281 358.4220390319824
397.497314453125 314.0196228027344 429.14190101623535 314.0196228027344 429.14190101623535 357.8800048828125 397.497314453125 357.8800048828125
397.5691223144531 312.9789123535156 428.53941345214844 312.9789123535156 428.53941345214844 357.33333587646484 397.5691223144531 357.33333587646484
396.9997863769531 313.83392333984375 428.50708389282227 313.83392333984375 428.50708389282227 357.6165084838867 396.9997863769531 357.6165084838867
397.3392028808594 314.2335510253906 429.29582595825195 314.2335510253906 429.29582595825195 360.1374397277832 397.3392028808594 360.1374397277832
398.027099609375 315.3168640136719 429.87128829956055 315.3168640136719 429.87128829956055 359.8042221069336 398.027099609375 359.8042221069336
398.08544921875 316.56036376953125 429.70576095581055 316.56036376953125 429.70576095581055 359.9802703857422 398.08544921875 359.9802703857422
398.77215576171875 316.98907470703125 430.1674346923828 316.98907470703125 430.1674346923828 361.02485275268555 398.77215576171875 361.02485275268555
398.865478515625 316.32958984375 430.47192764282227 316.32958984375 430.47192764282227 360.6502876281738 398.865478515625 360.6502876281738
399.4276428222656 316.09698486328125 430.8447017669678 316.09698486328125 430.8447017669678 361.6210403442383 399.4276428222656 361.6210403442383
399.8492126464844 316.76849365234375 430.8692626953125 316.76849365234375 430.8692626953125 361.86173248291016 399.8492126464844 361.86173248291016
399.3338928222656 317.13079833984375 430.7643184661865 317.13079833984375 430.7643184661865 362.0067939758301 399.3338928222656 362.0067939758301
399.8394775390625 315.7101745605469 431.5215358734131 315.7101745605469 431.5215358734131 361.0502624511719 399.8394775390625 361.0502624511719
399.53814697265625 316.3634948730469 430.8051357269287 316.3634948730469 430.8051357269287 361.4261169433594 399.53814697265625 361.4261169433594
399.97991943359375 316.7106628417969 431.88503074645996 316.7106628417969 431.88503074645996 361.4924736022949 399.97991943359375 361.4924736022949
399.76190185546875 316.92681884765625 432.21171951293945 316.92681884765625 432.21171951293945 361.6283645629883 399.76190185546875 361.6283645629883
399.64508056640625 317.5523376464844 431.95175552368164 317.5523376464844 431.95175552368164 363.2036666870117 399.64508056640625 363.2036666870117
399.66326904296875 319.2086181640625 431.4489688873291 319.2086181640625 431.4489688873291 364.39376068115234 399.66326904296875 364.39376068115234
399.6676940917969 319.4330139160156 432.3399543762207 319.4330139160156 432.3399543762207 365.0600471496582 399.6676940917969 365.0600471496582
399.7329406738281 320.8433532714844 432.53599548339844 320.8433532714844 432.53599548339844 365.81386947631836 399.7329406738281 365.81386947631836
399.94805908203125 320.6907653808594 432.0558776855469 320.6907653808594 432.0558776855469 365.8961181640625 399.94805908203125 365.8961181640625
398.4407958984375 322.9256896972656 431.4761734008789 322.9256896972656 431.4761734008789 367.35935974121094 398.4407958984375 367.35935974121094
399.5523376464844 321.534912109375 432.2790756225586 321.534912109375 432.2790756225586 366.79936599731445 399.5523376464844 366.79936599731445
399.4239807128906 322.3182678222656 431.8172607421875 322.3182678222656 431.8172607421875 367.72338485717773 399.4239807128906 367.72338485717773
399.29022216796875 321.54571533203125 431.55102157592773 321.54571533203125 431.55102157592773 368.07703018188477 399.29022216796875 368.07703018188477
400.1051025390625 320.52392578125 432.106876373291 320.52392578125 432.106876373291 366.0312194824219 400.1051025390625 366.0312194824219
400.5688781738281 320.2344665527344 432.31713485717773 320.2344665527344 432.31713485717773 365.76207733154297 400.5688781738281 365.76207733154297
400.16009521484375 320.3033752441406 432.9612693786621 320.3033752441406 432.9612693786621 366.6325569152832 400.16009521484375 366.6325569152832
399.8515625 320.80023193359375 433.75525283813477 320.80023193359375 433.75525283813477 368.3065719604492 399.8515625 368.3065719604492
399.9185485839844 321.255859375 434.3661079406738 321.255859375 434.3661079406738 368.11528396606445 399.9185485839844 368.11528396606445
399.4097595214844 322.3719787597656 434.46520233154297 322.3719787597656 434.46520233154297 370.92070388793945 399.4097595214844 370.92070388793945
401.4053649902344 322.88336181640625 435.3324203491211 322.88336181640625 435.3324203491211 369.9849624633789 401.4053649902344 369.9849624633789
401.7158508300781 323.41046142578125 436.5414695739746 323.41046142578125 436.5414695739746 369.91210174560547 401.7158508300781 369.91210174560547
402.5051574707031 323.42620849609375 436.5051155090332 323.42620849609375 436.5051155090332 369.7739944458008 402.5051574707031 369.7739944458008
402.83465576171875 325.0514831542969 437.5132293701172 325.0514831542969 437.5132293701172 371.46249771118164 402.83465576171875 371.46249771118164
403.9093322753906 325.5992126464844 437.9510612487793 325.5992126464844 437.9510612487793 372.0257225036621 403.9093322753906 372.0257225036621
404.52215576171875 324.582275390625 437.9431381225586 324.582275390625 437.9431381225586 370.6763610839844 404.52215576171875 370.6763610839844
404.47735595703125 325.1563720703125 438.1490058898926 325.1563720703125 438.1490058898926 371.4094047546387 404.47735595703125 371.4094047546387
405.7240295410156 324.1131286621094 439.5529365539551 324.1131286621094 439.5529365539551 371.1626968383789 405.7240295410156 371.1626968383789
405.36724853515625 324.21893310546875 440.06370544433594 324.21893310546875 440.06370544433594 371.0600776672363 405.36724853515625 371.0600776672363
406.017822265625 324.2417907714844 440.1710433959961 324.2417907714844 440.1710433959961 370.6584243774414 406.017822265625 370.6584243774414
406.24993896484375 325.30072021484375 440.1404800415039 325.30072021484375 440.1404800415039 372.12177658081055 406.24993896484375 372.12177658081055
407.2816162109375 325.5832824707031 440.6867446899414 325.5832824707031 440.6867446899414 372.78772735595703 407.2816162109375 372.78772735595703
406.3348693847656 327.83502197265625 441.365909576416 327.83502197265625 441.365909576416 374.25366973876953 406.3348693847656 374.25366973876953
407.0249938964844 328.072509765625 441.42386627197266 328.072509765625 441.42386627197266 374.9773178100586 407.0249938964844 374.9773178100586
406.95989990234375 329.4090576171875 442.8724174499512 329.4090576171875 442.8724174499512 376.2526969909668 406.95989990234375 376.2526969909668
407.85235595703125 329.26715087890625 443.1797981262207 329.26715087890625 443.1797981262207 377.1724166870117 407.85235595703125 377.1724166870117
407.66510009765625 329.40264892578125 441.7950439453125 329.40264892578125 441.7950439453125 376.00135040283203 407.66510009765625 376.00135040283203
408.10675048828125 329.3879089355469 442.7801208496094 329.3879089355469 442.7801208496094 376.9232482910156 408.10675048828125 376.9232482910156
408.6694641113281 328.5246887207031 443.6794624328613 328.5246887207031 443.6794624328613 376.56246185302734 408.6694641113281 376.56246185302734
408.29302978515625 328.78326416015625 442.08913803100586 328.78326416015625 442.08913803100586 376.5386848449707 408.29302978515625 376.5386848449707
408.53643798828125 328.6708068847656 442.6763687133789 328.6708068847656 442.6763687133789 376.43213653564453 408.53643798828125 376.43213653564453
409.0576171875 328.1791076660156 443.6883010864258 328.1791076660156 443.6883010864258 376.29639434814453 409.0576171875 376.29639434814453
409.695068359375 326.75238037109375 443.2154655456543 326.75238037109375 443.2154655456543 376.3365707397461 409.695068359375 376.3365707397461
409.5259094238281 328.6563720703125 443.6128578186035 328.6563720703125 443.6128578186035 376.5361747741699 409.5259094238281 376.5361747741699
410.51727294921875 329.0411071777344 443.17870712280273 329.0411071777344 443.17870712280273 377.2640380859375 410.51727294921875 377.2640380859375
410.0469665527344 330.700439453125 444.06739807128906 330.700439453125 444.06739807128906 379.1933403015137 410.0469665527344 379.1933403015137
410.9916076660156 331.48236083984375 444.08600997924805 331.48236083984375 444.08600997924805 378.6397705078125 410.9916076660156 378.6397705078125
411.66961669921875 332.2830810546875 445.20887756347656 332.2830810546875 445.20887756347656 380.56694412231445 411.66961669921875 380.56694412231445
412.2049865722656 332.50762939453125 445.6469955444336 332.50762939453125 445.6469955444336 379.9494094848633 412.2049865722656 379.9494094848633
413.65447998046875 333.462158203125 446.8171157836914 333.462158203125 446.8171157836914 381.4383735656738 413.65447998046875 381.4383735656738
413.80926513671875 334.0070495605469 447.2900924682617 334.0070495605469 447.2900924682617 381.4912567138672 413.80926513671875 381.4912567138672
414.2190856933594 333.761474609375 447.6916313171387 333.761474609375 447.6916313171387 381.00829315185547 414.2190856933594 381.00829315185547
414.2703552246094 332.46356201171875 448.5793571472168 332.46356201171875 448.5793571472168 380.5664482116699 414.2703552246094 380.5664482116699
414.83905029296875 332.44952392578125 449.3363952636719 332.44952392578125 449.3363952636719 380.8430061340332 414.83905029296875 380.8430061340332
415.21966552734375 332.6767578125 448.8212127685547 332.6767578125 448.8212127685547 381.1052017211914 415.21966552734375 381.1052017211914
415.127685546875 334.0762634277344 448.84276962280273 334.0762634277344 448.84276962280273 382.17079162597656 415.127685546875 382.17079162597656
415.49755859375 333.26055908203125 449.44791412353516 333.26055908203125 449.44791412353516 382.03625869750977 415.49755859375 382.03625869750977
415.4903259277344 333.51654052734375 450.4119682312012 333.51654052734375 450.4119682312012 382.20904541015625 415.4903259277344 382.20904541015625
415.69696044921875 334.13934326171875 450.0142936706543 334.13934326171875 450.0142936706543 382.93847274780273 415.69696044921875 382.93847274780273
415.7718200683594 336.31744384765625 449.70044708251953 336.31744384765625 449.70044708251953 384.6499938964844 415.7718200683594 384.6499938964844
415.7024841308594 337.31707763671875 450.652400970459 337.31707763671875 450.652400970459 386.0697555541992 415.7024841308594 386.0697555541992
415.37530517578125 337.5793762207031 451.14342498779297 337.5793762207031 451.14342498779297 386.3618583679199 415.37530517578125 386.3618583679199
415.56500244140625 337.13702392578125 451.23559188842773 337.13702392578125 451.23559188842773 386.3488235473633 415.56500244140625 386.3488235473633
415.77880859375 337.99810791015625 451.71918869018555 337.99810791015625 451.71918869018555 387.050048828125 415.77880859375 387.050048828125
416.02142333984375 337.14825439453125 451.8542175292969 337.14825439453125 451.8542175292969 386.79308700561523 416.02142333984375 386.79308700561523
416.26934814453125 336.4344177246094 452.178897857666 336.4344177246094 452.178897857666 385.81535720825195 416.26934814453125 385.81535720825195
415.90350341796875 337.8272399902344 452.14490509033203 337.8272399902344 452.14490509033203 386.3303031921387 415.90350341796875 386.3303031921387
416.3954162597656 337.5889892578125 451.4076385498047 337.5889892578125 451.4076385498047 386.7391014099121 416.3954162597656 386.7391014099121
416.00970458984375 336.7265930175781 451.80308532714844 336.7265930175781 451.80308532714844 386.8766059875488 416.00970458984375 386.8766059875488
417.34771728515625 338.255615234375 452.93280029296875 338.255615234375 452.93280029296875 387.3288040161133 417.34771728515625 387.3288040161133
416.951171875 338.7120056152344 451.7700729370117 338.7120056152344 451.7700729370117 387.7510414123535 416.951171875 387.7510414123535
417.66387939453125 340.82373046875 453.75471115112305 340.82373046875 453.75471115112305 390.2704315185547 417.66387939453125 390.2704315185547
417.74444580078125 341.18878173828125 452.999210357666 341.18878173828125 452.999210357666 389.92943954467773 417.74444580078125 389.92943954467773
418.721923828125 342.0759582519531 454.0363464355469 342.0759582519531 454.0363464355469 389.66602325439453 418.721923828125 389.66602325439453
418.6006774902344 342.572265625 454.8401679992676 342.572265625 454.8401679992676 389.62203216552734 418.6006774902344 389.62203216552734
419.3756408691406 342.6514892578125 455.21866607666016 342.6514892578125 455.21866607666016 390.8947944641113 419.3756408691406 390.8947944641113
420.27239990234375 342.26141357421875 456.3803939819336 342.26141357421875 456.3803939819336 391.5233459472656 420.27239990234375 391.5233459472656
420.3816833496094 341.0771484375 456.18688583374023 341.0771484375 456.18688583374023 391.8885498046875 420.3816833496094 391.8885498046875
420.1293029785156 342.0542297363281 456.5230484008789 342.0542297363281 456.5230484008789 391.49317932128906 420.1293029785156 391.49317932128906
420.7784729003906 340.952392578125 456.7657279968262 340.952392578125 456.7657279968262 391.82348251342773 420.7784729003906 391.82348251342773
420.40032958984375 341.763916015625 456.53714752197266 341.763916015625 456.53714752197266 392.5513000488281 420.40032958984375 392.5513000488281
420.38787841796875 342.3133544921875 455.14503479003906 342.3133544921875 455.14503479003906 392.3265914916992 420.38787841796875 392.3265914916992
421.15203857421875 343.4969787597656 456.87560272216797 343.4969787597656 456.87560272216797 394.5889205932617 421.15203857421875 394.5889205932617
420.28289794921875 344.53399658203125 455.9520149230957 344.53399658203125 455.9520149230957 395.3008918762207 420.28289794921875 395.3008918762207
420.38299560546875 346.48126220703125 455.84004974365234 346.48126220703125 455.84004974365234 396.0362319946289 420.38299560546875 396.0362319946289
420.1588439941406 347.771240234375 455.9576606750488 347.771240234375 455.9576606750488 398.04325103759766 420.1588439941406 398.04325103759766
420.169921875 348.1493225097656 455.6259765625 348.1493225097656 455.6259765625 397.6043167114258 420.169921875 397.6043167114258
419.96087646484375 347.43212890625 456.12987518310547 347.43212890625 456.12987518310547 398.8405952453613 419.96087646484375 398.8405952453613
418.5472717285156 349.2640380859375 456.33403396606445 349.2640380859375 456.33403396606445 399.7786293029785 418.5472717285156 399.7786293029785
419.7264099121094 347.7876892089844 455.7053031921387 347.7876892089844 455.7053031921387 399.01651763916016 419.7264099121094 399.01651763916016
419.66461181640625 347.65643310546875 456.09439849853516 347.65643310546875 456.09439849853516 399.06074142456055 419.66461181640625 399.06074142456055
419.89141845703125 346.39276123046875 456.40034103393555 346.39276123046875 456.40034103393555 398.6913070678711 419.89141845703125 398.6913070678711
420.14453125 347.1114501953125 455.52307891845703 347.1114501953125 455.52307891845703 397.72671127319336 420.14453125 397.72671127319336
419.79364013671875 347.2113952636719 456.4379463195801 347.2113952636719 456.4379463195801 398.92901611328125 419.79364013671875 398.92901611328125
420.16961669921875 348.1151428222656 456.1510238647461 348.1151428222656 456.1510238647461 399.1719741821289 420.16961669921875 399.1719741821289
420.0574645996094 348.20184326171875 456.79387283325195 348.20184326171875 456.79387283325195 400.4512405395508 420.0574645996094 400.4512405395508
420.77508544921875 348.64105224609375 456.1651268005371 348.64105224609375 456.1651268005371 400.27934646606445 420.77508544921875 400.27934646606445
420.4608459472656 351.17047119140625 456.09325408935547 351.17047119140625 456.09325408935547 402.1319465637207 420.4608459472656 402.1319465637207
421.37799072265625 351.8020324707031 455.9394226074219 351.8020324707031 455.9394226074219 401.53662872314453 421.37799072265625 401.53662872314453
421.65411376953125 353.19696044921875 457.1575393676758 353.19696044921875 457.1575393676758 402.9950981140137 421.65411376953125 402.9950981140137
422.19952392578125 354.430908203125 458.6052894592285 354.430908203125 458.6052894592285 404.35015869140625 422.19952392578125 404.35015869140625
422.07977294921875 354.1355895996094 459.10651779174805 354.1355895996094 459.10651779174805 404.7503471374512 422.07977294921875 404.7503471374512
422.60382080078125 353.0499572753906 458.4487075805664 353.0499572753906 458.4487075805664 403.9802436828613 422.60382080078125 403.9802436828613
422.7994689941406 352.3592224121094 459.55184173583984 352.3592224121094 459.55184173583984 404.3714599609375 422.7994689941406 404.3714599609375
423.34375 352.519287109375 459.9998664855957 352.519287109375 459.9998664855957 403.9664497375488 423.34375 403.9664497375488
423.25604248046875 352.20794677734375 460.7123222351074 352.20794677734375 460.7123222351074 404.04291915893555 423.25604248046875 404.04291915893555
422.9188537597656 351.54144287109375 460.19498443603516 351.54144287109375 460.19498443603516 404.3516731262207 422.9188537597656 404.3516731262207
423.2568359375 353.4549865722656 460.5723686218262 353.4549865722656 460.5723686218262 406.2030944824219 423.2568359375 406.2030944824219
423.29913330078125 354.1873474121094 460.6078987121582 354.1873474121094 460.6078987121582 408.070068359375 423.29913330078125 408.070068359375
423.3592834472656 354.29156494140625 459.9315986633301 354.29156494140625 459.9315986633301 408.08173751831055 423.3592834472656 408.08173751831055
423.8312072753906 356.5135192871094 461.57596588134766 356.5135192871094 461.57596588134766 409.0794143676758 423.8312072753906 409.0794143676758
423.47711181640625 357.97955322265625 460.85694885253906 357.97955322265625 460.85694885253906 410.4994430541992 423.47711181640625 410.4994430541992
423.1531677246094 359.32696533203125 460.8645439147949 359.32696533203125 460.8645439147949 410.7224807739258 423.1531677246094 410.7224807739258
422.968505859375 359.41400146484375 459.96657943725586 359.41400146484375 459.96657943725586 411.6856994628906 422.968505859375 411.6856994628906
423.6752014160156 358.6610412597656 460.00943756103516 358.6610412597656 460.00943756103516 410.72624588012695 423.6752014160156 410.72624588012695
423.97021484375 358.20843505859375 461.52124786376953 358.20843505859375 461.52124786376953 410.3754577636719 423.97021484375 410.3754577636719
423.586669921875 359.59222412109375 462.10826110839844 359.59222412109375 462.10826110839844 411.3187255859375 423.586669921875 411.3187255859375
424.11273193359375 358.30072021484375 460.46592712402344 358.30072021484375 460.46592712402344 410.7280960083008 424.11273193359375 410.7280960083008
424.2940368652344 357.5421142578125 461.3391914367676 357.5421142578125 461.3391914367676 410.4361267089844 424.2940368652344 410.4361267089844
424.8998107910156 357.5848083496094 462.8063430786133 357.5848083496094 462.8063430786133 410.3618583679199 424.8998107910156 410.3618583679199
424.51385498046875 359.4749450683594 462.31932830810547 359.4749450683594 462.31932830810547 410.5370750427246 424.51385498046875 410.5370750427246
425.22772216796875 360.2376403808594 463.223934173584 360.2376403808594 463.223934173584 413.26953887939453 425.22772216796875 413.26953887939453
425.2743225097656 362.04986572265625 463.01673126220703 362.04986572265625 463.01673126220703 414.2801513671875 425.2743225097656 414.2801513671875
426.36590576171875 362.46075439453125 464.65765380859375 362.46075439453125 464.65765380859375 413.7464408874512 426.36590576171875 413.7464408874512
427.4825744628906 363.7221374511719 465.1790885925293 363.7221374511719 465.1790885925293 415.39155197143555 427.4825744628906 415.39155197143555
427.8455505371094 365.3030700683594 466.64173889160156 365.3030700683594 466.64173889160156 416.56988525390625 427.8455505371094 416.56988525390625
428.6526794433594 364.3645324707031 466.7662048339844 364.3645324707031 466.7662048339844 416.3966979980469 428.6526794433594 416.3966979980469
429.4630432128906 365.19500732421875 466.98975372314453 365.19500732421875 466.98975372314453 417.71809005737305 429.4630432128906 417.71809005737305
430.0615234375 364.487548828125 468.4465026855469 364.487548828125 468.4465026855469 416.82244873046875 430.0615234375 416.82244873046875
431.14044189453125 364.04364013671875 468.8479232788086 364.04364013671875 468.8479232788086 417.18111419677734 431.14044189453125 417.18111419677734
431.350830078125 363.8643493652344 469.97596740722656 363.8643493652344 469.97596740722656 416.2238082885742 431.350830078125 416.2238082885742
432.10418701171875 362.17010498046875 469.5250434875488 362.17010498046875 469.5250434875488 416.5222473144531 432.10418701171875 416.5222473144531
432.130126953125 363.6658630371094 470.1214714050293 363.6658630371094 470.1214714050293 417.4672050476074 432.130126953125 417.4672050476074
433.9716796875 363.1159362792969 471.9393119812012 363.1159362792969 471.9393119812012 417.56021881103516 433.9716796875 417.56021881103516
433.2149963378906 366.1861877441406 471.6797218322754 366.1861877441406 471.6797218322754 420.97064208984375 433.2149963378906 420.97064208984375
433.2937927246094 366.11090087890625 471.68245697021484 366.11090087890625 471.68245697021484 420.9474792480469 433.2937927246094 420.9474792480469
433.52874755859375 367.72821044921875 471.92455291748047 367.72821044921875 471.92455291748047 421.4687919616699 433.52874755859375 421.4687919616699
433.56591796875 368.34637451171875 472.0106010437012 368.34637451171875 472.0106010437012 423.7626419067383 433.56591796875 423.7626419067383
433.4530334472656 370.0234375 472.81734466552734 370.0234375 472.81734466552734 424.76317596435547 433.4530334472656 424.76317596435547
434.896240234375 368.80084228515625 473.92637634277344 368.80084228515625 473.92637634277344 424.2774429321289 434.896240234375 424.2774429321289
434.804443359375 370.5175476074219 473.40235900878906 370.5175476074219 473.40235900878906 425.1466293334961 434.804443359375 425.1466293334961
435.3255310058594 370.5233459472656 473.5995407104492 370.5233459472656 473.5995407104492 425.47783279418945 435.3255310058594 425.47783279418945
437.3401794433594 368.6200256347656 476.51573944091797 368.6200256347656 476.51573944091797 423.1485710144043 437.3401794433594 423.1485710144043
437.730712890625 368.21429443359375 476.9677314758301 368.21429443359375 476.9677314758301 423.64520263671875 437.730712890625 423.64520263671875
438.76971435546875 369.83331298828125 477.3157424926758 369.83331298828125 477.3157424926758 425.6487846374512 438.76971435546875 425.6487846374512
440.11737060546875 370.43023681640625 479.1741752624512 370.43023681640625 479.1741752624512 427.2261161804199 440.11737060546875 427.2261161804199
440.0450744628906 373.1628112792969 480.1944808959961 373.1628112792969 480.1944808959961 428.9219665527344 440.0450744628906 428.9219665527344
441.31109619140625 374.6618957519531 481.65172576904297 374.6618957519531 481.65172576904297 427.82840728759766 441.31109619140625 427.82840728759766
443.6175842285156 374.08575439453125 483.33345794677734 374.08575439453125 483.33345794677734 428.9326972961426 443.6175842285156 428.9326972961426
445.1783142089844 375.45623779296875 485.8277053833008 375.45623779296875 485.8277053833008 429.9913558959961 445.1783142089844 429.9913558959961
446.3321228027344 374.7099304199219 487.0788040161133 374.7099304199219 487.0788040161133 430.48773193359375 446.3321228027344 430.48773193359375
446.6434020996094 375.73370361328125 485.61695098876953 375.73370361328125 485.61695098876953 431.10369873046875 446.6434020996094 431.10369873046875
448.95819091796875 373.20489501953125 488.7576446533203 373.20489501953125 488.7576446533203 429.20320892333984 448.95819091796875 429.20320892333984
448.8756408691406 373.319580078125 489.0357322692871 373.319580078125 489.0357322692871 430.5400199890137 448.8756408691406 430.5400199890137
450.07440185546875 373.8529968261719 490.76244735717773 373.8529968261719 490.76244735717773 432.0838203430176 450.07440185546875 432.0838203430176
449.6854553222656 376.0357360839844 490.2678680419922 376.0357360839844 490.2678680419922 433.75537109375 449.6854553222656 433.75537109375
451.45367431640625 378.0486145019531 491.56908416748047 378.0486145019531 491.56908416748047 436.40982818603516 451.45367431640625 436.40982818603516
452.236572265625 379.1376647949219 492.4696617126465 379.1376647949219 492.4696617126465 437.4770698547363 452.236572265625 437.4770698547363
452.4269104003906 380.739501953125 493.2707290649414 380.739501953125 493.2707290649414 438.67981719970703 452.4269104003906 438.67981719970703
453.6402282714844 381.8460693359375 493.64641189575195 381.8460693359375 493.64641189575195 438.6749801635742 453.6402282714844 438.6749801635742
454.7677307128906 382.60302734375 494.3685989379883 382.60302734375 494.3685989379883 439.6724739074707 454.7677307128906 439.6724739074707
455.1763610839844 382.4594421386719 495.57251739501953 382.4594421386719 495.57251739501953 439.0541687011719 455.1763610839844 439.0541687011719
455.99658203125 381.80841064453125 497.1656265258789 381.80841064453125 497.1656265258789 439.2098693847656 455.99658203125 439.2098693847656
456.56256103515625 382.1954345703125 496.5236511230469 382.1954345703125 496.5236511230469 440.21700286865234 456.56256103515625 440.21700286865234
457.861328125 382.55633544921875 498.4045867919922 382.55633544921875 498.4045867919922 440.1960563659668 457.861328125 440.1960563659668
459.6219177246094 384.86761474609375 500.5300483703613 384.86761474609375 500.5300483703613 441.7065734863281 459.6219177246094 441.7065734863281
461.08245849609375 386.52783203125 502.5926055908203 386.52783203125 502.5926055908203 443.4214172363281 461.08245849609375 443.4214172363281
462.50384521484375 388.1693115234375 503.8328666687012 388.1693115234375 503.8328666687012 442.90424728393555 462.50384521484375 442.90424728393555
465.2997131347656 388.15972900390625 505.9225616455078 388.15972900390625 505.9225616455078 442.80919647216797 465.2997131347656 442.80919647216797
467.5752868652344 388.3926696777344 507.08950424194336 388.3926696777344 507.08950424194336 443.2600402832031 467.5752868652344 443.2600402832031
467.85675048828125 388.73443603515625 507.66357040405273 388.73443603515625 507.66357040405273 443.4896125793457 467.85675048828125 443.4896125793457
469.64971923828125 387.28350830078125 509.27646255493164 387.28350830078125 509.27646255493164 443.6858024597168 469.64971923828125 443.6858024597168
