551.0 32.0 599.0 32.0 599.0 73.0 551.0 73.0
550.1365356445312 32.13578414916992 598.1317329406738 32.13578414916992 598.1317329406738 72.88714599609375 550.1365356445312 72.88714599609375
549.7777709960938 32.242454528808594 596.443058013916 32.242454528808594 596.443058013916 73.08890151977539 549.7777709960938 73.08890151977539
548.349365234375 33.01353073120117 595.7644233703613 33.01353073120117 595.7644233703613 73.57501220703125 548.349365234375 73.57501220703125
547.4500122070312 33.151458740234375 593.205638885498 33.151458740234375 593.205638885498 73.65796279907227 547.4500122070312 73.65796279907227
546.2643432617188 33.67618179321289 593.1253929138184 33.67618179321289 593.1253929138184 74.23551940917969 546.2643432617188 74.23551940917969
543.0685424804688 33.573795318603516 590.9926261901855 33.573795318603516 590.9926261901855 75.0608139038086 543.0685424804688 75.0608139038086
542.4442138671875 34.206031799316406 589.3027877807617 34.206031799316406 589.3027877807617 75.521240234375 542.4442138671875 75.521240234375
540.706787109375 34.34083557128906 589.0399360656738 34.34083557128906 589.0399360656738 75.65015029907227 540.706787109375 75.65015029907227
537.8917236328125 35.0588264465332 586.5244026184082 35.0588264465332 586.5244026184082 76.0799674987793 537.8917236328125 76.0799674987793
535.0226440429688 35.479618072509766 583.6667556762695 35.479618072509766 583.6667556762695 77.44944763183594 535.0226440429688 77.44944763183594
531.8483276367188 36.099456787109375 580.952693939209 36.099456787109375 580.952693939209 77.96202850341797 531.8483276367188 77.96202850341797
529.1824340820312 35.75334548950195 579.3453559875488 35.75334548950195 579.3453559875488 78.62470245361328 529.1824340820312 78.62470245361328
528.22216796875 36.5241813659668 577.8332939147949 36.5241813659668 577.8332939147949 78.7785530090332 528.22216796875 78.7785530090332
526.5856323242188 37.07086181640625 576.6601943969727 37.07086181640625 576.6601943969727 79.10752487182617 526.5856323242188 79.10752487182617
525.25732421875 37.44792938232422 575.0655479431152 37.44792938232422 575.0655479431152 79.60261535644531 525.25732421875 79.60261535644531
523.0828857421875 37.315303802490234 574.0557861328125 37.315303802490234 574.0557861328125 80.59976196289062 523.0828857421875 80.59976196289062
522.4276123046875 38.34904861450195 572.9916801452637 38.34904861450195 572.9916801452637 79.87991333007812 522.4276123046875 79.87991333007812
521.0175170898438 37.95063018798828 571.6015090942383 37.95063018798828 571.6015090942383 81.13138580322266 521.0175170898438 81.13138580322266
519.2597045898438 38.504127502441406 570.7665023803711 38.504127502441406 570.7665023803711 80.655517578125 519.2597045898438 80.655517578125
518.4345703125 38.78760528564453 568.879955291748 38.78760528564453 568.879955291748 81.5219841003418 518.4345703125 81.5219841003418
515.6315307617188 38.696434020996094 567.9266586303711 38.696434020996094 567.9266586303711 81.95843505859375 515.6315307617188 81.95843505859375
514.8558959960938 39.17462921142578 565.9352951049805 39.17462921142578 565.9352951049805 82.22322463989258 514.8558959960938 82.22322463989258
512.7777709960938 39.64237594604492 565.2590103149414 39.64237594604492 565.2590103149414 83.07455825805664 512.7777709960938 83.07455825805664
511.0503845214844 40.204063415527344 563.0311393737793 40.204063415527344 563.0311393737793 83.03436279296875 511.0503845214844 83.03436279296875
509.7559509277344 40.619625091552734 562.8280334472656 40.619625091552734 562.8280334472656 83.2682876586914 509.7559509277344 83.2682876586914
508.222412109375 41.18433380126953 560.0220642089844 41.18433380126953 560.0220642089844 83.69535827636719 508.222412109375 83.69535827636719
506.02142333984375 41.44695281982422 558.2157669067383 41.44695281982422 558.2157669067383 84.65614318847656 506.02142333984375 84.65614318847656
506.27496337890625 41.869911193847656 558.076171875 41.869911193847656 558.076171875 84.33970260620117 506.27496337890625 84.33970260620117
504.2520446777344 42.38546371459961 556.77197265625 42.38546371459961 556.77197265625 84.86763381958008 504.2520446777344 84.86763381958008
502.7080993652344 42.734657287597656 554.5178604125977 42.734657287597656 554.5178604125977 85.38748168945312 502.7080993652344 85.38748168945312
500.81036376953125 42.67987823486328 553.0875434875488 42.67987823486328 553.0875434875488 85.78987121582031 500.81036376953125 85.78987121582031
499.3116760253906 43.2360954284668 553.0217819213867 43.2360954284668 553.0217819213867 85.95639038085938 499.3116760253906 85.95639038085938
498.00634765625 44.042945861816406 550.155632019043 44.042945861816406 550.155632019043 86.83273315429688 498.00634765625 86.83273315429688
495.6546936035156 43.36949157714844 549.4986763000488 43.36949157714844 549.4986763000488 86.32229232788086 495.6546936035156 86.32229232788086
494.3375549316406 43.524818420410156 547.7432441711426 43.524818420410156 547.7432441711426 87.96723937988281 494.3375549316406 87.96723937988281
492.4404296875 43.91583251953125 546.1920776367188 43.91583251953125 546.1920776367188 88.5622329711914 492.4404296875 88.5622329711914
489.8638610839844 45.465999603271484 544.5448837280273 45.465999603271484 544.5448837280273 89.48379135131836 489.8638610839844 89.48379135131836
487.2398376464844 45.056026458740234 542.6889228820801 45.056026458740234 542.6889228820801 90.41634750366211 487.2398376464844 90.41634750366211
487.0069885253906 45.62798309326172 542.499626159668 45.62798309326172 542.499626159668 89.75102233886719 487.0069885253906 89.75102233886719
485.33355712890625 46.2298583984375 541.7283210754395 46.2298583984375 541.7283210754395 89.65000534057617 485.33355712890625 89.65000534057617
483.2478942871094 45.75482177734375 539.1727104187012 45.75482177734375 539.1727104187012 90.81698608398438 483.2478942871094 90.81698608398438
482.328857421875 46.95457077026367 537.6883010864258 46.95457077026367 537.6883010864258 90.52297973632812 482.328857421875 90.52297973632812
479.67291259765625 47.4547004699707 536.1671447753906 47.4547004699707 536.1671447753906 91.69526672363281 479.67291259765625 91.69526672363281
479.77813720703125 47.730430603027344 534.7815933227539 47.730430603027344 534.7815933227539 91.5557861328125 479.77813720703125 91.5557861328125
477.16082763671875 47.34453582763672 534.4312553405762 47.34453582763672 534.4312553405762 91.82165908813477 477.16082763671875 91.82165908813477
474.901611328125 47.82038497924805 530.9103698730469 47.82038497924805 530.9103698730469 93.2684326171875 474.901611328125 93.2684326171875
472.3438415527344 48.64044952392578 529.2179336547852 48.64044952392578 529.2179336547852 94.35773468017578 472.3438415527344 94.35773468017578
470.44671630859375 48.20905303955078 529.429069519043 48.20905303955078 529.429069519043 93.90011978149414 470.44671630859375 93.90011978149414
469.20758056640625 49.910404205322266 527.5120964050293 49.910404205322266 527.5120964050293 94.73539352416992 469.20758056640625 94.73539352416992
467.4271545410156 49.45525360107422 525.6551818847656 49.45525360107422 525.6551818847656 94.903564453125 467.4271545410156 94.903564453125
464.6982421875 49.669837951660156 523.5212097167969 49.669837951660156 523.5212097167969 96.1042594909668 464.6982421875 96.1042594909668
462.21405029296875 51.21525955200195 520.7923698425293 51.21525955200195 520.7923698425293 96.78166580200195 462.21405029296875 96.78166580200195
459.80596923828125 52.07622528076172 518.1079406738281 52.07622528076172 518.1079406738281 96.69416809082031 459.80596923828125 96.69416809082031
457.9886779785156 51.603919982910156 516.3461227416992 51.603919982910156 516.3461227416992 97.12980270385742 457.9886779785156 97.12980270385742
455.5801696777344 52.094871520996094 514.2771682739258 52.094871520996094 514.2771682739258 98.22083282470703 455.5801696777344 98.22083282470703
453.23468017578125 52.555931091308594 512.4924812316895 52.555931091308594 512.4924812316895 98.17850494384766 453.23468017578125 98.17850494384766
451.81451416015625 53.23316192626953 510.6173324584961 53.23316192626953 510.6173324584961 99.38028717041016 451.81451416015625 99.38028717041016
449.3924255371094 53.79054641723633 507.9461860656738 53.79054641723633 507.9461860656738 99.49776077270508 449.3924255371094 99.49776077270508
448.5372009277344 55.11383056640625 505.95482635498047 55.11383056640625 505.95482635498047 99.78645324707031 448.5372009277344 99.78645324707031
445.7896423339844 55.20423126220703 503.94246673583984 55.20423126220703 503.94246673583984 100.17649841308594 445.7896423339844 100.17649841308594
443.0895080566406 56.274436950683594 499.86499786376953 56.274436950683594 499.86499786376953 101.19740295410156 443.0895080566406 101.19740295410156
440.9043884277344 55.993804931640625 500.28832244873047 55.993804931640625 500.28832244873047 101.67838287353516 440.9043884277344 101.67838287353516
438.6966247558594 56.416419982910156 498.9427375793457 56.416419982910156 498.9427375793457 103.15871810913086 438.6966247558594 103.15871810913086
436.8206481933594 56.76781463623047 495.98934173583984 56.76781463623047 495.98934173583984 103.82545852661133 436.8206481933594 103.82545852661133
434.30999755859375 58.25117111206055 493.24332427978516 58.25117111206055 493.24332427978516 104.10309219360352 434.30999755859375 104.10309219360352
431.8353576660156 58.7603645324707 492.7432975769043 58.7603645324707 492.7432975769043 104.91968536376953 431.8353576660156 104.91968536376953
429.2533264160156 58.41425323486328 490.4432563781738 58.41425323486328 490.4432563781738 105.51190185546875 429.2533264160156 105.51190185546875
427.8999938964844 59.83513641357422 488.06383514404297 59.83513641357422 488.06383514404297 106.81053161621094 427.8999938964844 106.81053161621094
426.978515625 60.988037109375 485.5734748840332 60.988037109375 485.5734748840332 106.83293914794922 426.978515625 106.83293914794922
426.939697265625 60.208229064941406 483.7926025390625 60.208229064941406 483.7926025390625 107.40614700317383 426.939697265625 107.40614700317383
424.44610595703125 60.177711486816406 481.8492965698242 60.177711486816406 481.8492965698242 107.82824325561523 424.44610595703125 107.82824325561523
421.09735107421875 61.23884201049805 480.5834426879883 61.23884201049805 480.5834426879883 108.23966979980469 421.09735107421875 108.23966979980469
418.6000061035156 61.791893005371094 478.4456901550293 61.791893005371094 478.4456901550293 109.03781509399414 418.6000061035156 109.03781509399414
418.09869384765625 61.97742462158203 476.2580375671387 61.97742462158203 476.2580375671387 109.73086929321289 418.09869384765625 109.73086929321289
414.5675354003906 63.44047164916992 473.48058319091797 63.44047164916992 473.48058319091797 111.14211654663086 414.5675354003906 111.14211654663086
412.5646057128906 63.81378936767578 472.3453369140625 63.81378936767578 472.3453369140625 111.56083679199219 412.5646057128906 111.56083679199219
409.01873779296875 64.08531951904297 469.07352447509766 64.08531951904297 469.07352447509766 112.68337631225586 409.01873779296875 112.68337631225586
404.8857116699219 66.79130554199219 465.0287780761719 66.79130554199219 465.0287780761719 113.6214714050293 404.8857116699219 113.6214714050293
404.0569763183594 65.80928802490234 462.7772407531738 65.80928802490234 462.7772407531738 114.70051956176758 404.0569763183594 114.70051956176758
400.04803466796875 66.87211608886719 458.9786148071289 66.87211608886719 458.9786148071289 116.6264533996582 400.04803466796875 116.6264533996582
398.5533752441406 69.0605697631836 456.45922088623047 69.0605697631836 456.45922088623047 117.72024536132812 398.5533752441406 117.72024536132812
396.91668701171875 68.19893646240234 455.2787284851074 68.19893646240234 455.2787284851074 118.12931442260742 396.91668701171875 118.12931442260742
395.45758056640625 70.87602233886719 453.38996505737305 70.87602233886719 453.38996505737305 119.22343826293945 395.45758056640625 119.22343826293945
394.3679504394531 69.7402572631836 452.0120429992676 69.7402572631836 452.0120429992676 119.7186050415039 394.3679504394531 119.7186050415039
391.6307067871094 70.50341033935547 450.68155670166016 70.50341033935547 450.68155670166016 120.43003463745117 391.6307067871094 120.43003463745117
390.53179931640625 71.4733657836914 450.0826530456543 71.4733657836914 450.0826530456543 121.08331298828125 390.53179931640625 121.08331298828125
390.6236572265625 72.57125091552734 447.56197357177734 72.57125091552734 447.56197357177734 122.22948455810547 390.6236572265625 122.22948455810547
388.4092102050781 72.92121887207031 447.4063911437988 72.92121887207031 447.4063911437988 122.45281219482422 388.4092102050781 122.45281219482422
385.77203369140625 73.1285629272461 445.3076400756836 73.1285629272461 445.3076400756836 123.80846405029297 385.77203369140625 123.80846405029297
383.57904052734375 74.83393859863281 443.2778091430664 74.83393859863281 443.2778091430664 125.08422470092773 383.57904052734375 125.08422470092773
381.0816345214844 75.5860366821289 442.19245529174805 75.5860366821289 442.19245529174805 125.34762573242188 381.0816345214844 125.34762573242188
380.6278076171875 76.33329772949219 440.14776611328125 76.33329772949219 440.14776611328125 126.95344924926758 380.6278076171875 126.95344924926758
379.0480651855469 77.56928253173828 438.3152961730957 77.56928253173828 438.3152961730957 126.79354095458984 379.0480651855469 126.79354095458984
375.83612060546875 77.4430160522461 438.57392501831055 77.4430160522461 438.57392501831055 128.15245056152344 375.83612060546875 128.15245056152344
373.5889892578125 77.7976303100586 436.7236747741699 77.7976303100586 436.7236747741699 128.9249267578125 373.5889892578125 128.9249267578125
371.62518310546875 78.97848510742188 436.74400329589844 78.97848510742188 436.74400329589844 129.94462966918945 371.62518310546875 129.94462966918945
370.6517639160156 79.57534790039062 435.9549560546875 79.57534790039062 435.9549560546875 131.06568145751953 370.6517639160156 131.06568145751953
370.1260681152344 80.8895492553711 433.1340637207031 80.8895492553711 433.1340637207031 132.14156341552734 370.1260681152344 132.14156341552734
367.75653076171875 81.66730499267578 432.2568817138672 81.66730499267578 432.2568817138672 134.3079605102539 367.75653076171875 134.3079605102539
366.471435546875 82.61788177490234 431.9151611328125 82.61788177490234 431.9151611328125 134.7359619140625 366.471435546875 134.7359619140625
364.5517578125 82.43131256103516 430.30528259277344 82.43131256103516 430.30528259277344 136.52164459228516 364.5517578125 136.52164459228516
363.13006591796875 87.15892028808594 426.8099594116211 87.15892028808594 426.8099594116211 137.8283576965332 363.13006591796875 137.8283576965332
358.0517883300781 88.90245819091797 424.648681640625 88.90245819091797 424.648681640625 142.2181854248047 358.0517883300781 142.2181854248047
354.69427490234375 90.1785659790039 422.8920135498047 90.1785659790039 422.8920135498047 143.96513748168945 354.69427490234375 143.96513748168945
354.69390869140625 90.5816879272461 423.75926208496094 90.5816879272461 423.75926208496094 145.36809539794922 354.69390869140625 145.36809539794922
351.6905517578125 91.89474487304688 422.41444396972656 91.89474487304688 422.41444396972656 148.6122817993164 351.6905517578125 148.6122817993164
350.22174072265625 92.06636047363281 421.3646011352539 92.06636047363281 421.3646011352539 149.04115295410156 350.22174072265625 149.04115295410156
347.51336669921875 91.293701171875 420.2228775024414 91.293701171875 420.2228775024414 150.60943603515625 347.51336669921875 150.60943603515625
344.83367919921875 91.89695739746094 421.49049377441406 91.89695739746094 421.49049377441406 151.38475036621094 344.83367919921875 151.38475036621094
340.8224182128906 95.39021301269531 415.45531463623047 95.39021301269531 415.45531463623047 156.0387840270996 340.8224182128906 156.0387840270996
340.6745910644531 99.93453216552734 416.7807922363281 99.93453216552734 416.7807922363281 161.1871566772461 340.6745910644531 161.1871566772461
341.7757873535156 101.41373443603516 418.79856872558594 101.41373443603516 418.79856872558594 162.28615188598633 341.7757873535156 162.28615188598633
347.29840087890625 103.66740417480469 420.02398681640625 103.66740417480469 420.02398681640625 162.5821876525879 347.29840087890625 162.5821876525879
342.0929260253906 102.44246673583984 419.8638229370117 102.44246673583984 419.8638229370117 163.32892227172852 342.0929260253906 163.32892227172852
346.3177795410156 105.24089050292969 420.9103546142578 105.24089050292969 420.9103546142578 163.8833351135254 346.3177795410156 163.8833351135254
349.01580810546875 105.83586120605469 421.61329650878906 105.83586120605469 421.61329650878906 166.39409637451172 349.01580810546875 166.39409637451172
346.1119689941406 105.9644546508789 420.9819564819336 105.9644546508789 420.9819564819336 166.62277221679688 346.1119689941406 166.62277221679688
344.49609375 105.41912841796875 421.62200927734375 105.41912841796875 421.62200927734375 166.78363800048828 344.49609375 166.78363800048828
346.05157470703125 107.0517807006836 422.8877868652344 107.0517807006836 422.8877868652344 168.70930099487305 346.05157470703125 168.70930099487305
342.2191162109375 106.67491149902344 422.8826904296875 106.67491149902344 422.8826904296875 171.4576644897461 342.2191162109375 171.4576644897461
341.1895751953125 105.5646743774414 423.6097869873047 105.5646743774414 423.6097869873047 173.22966766357422 341.1895751953125 173.22966766357422
340.38531494140625 106.7188720703125 424.16381072998047 106.7188720703125 424.16381072998047 175.0725326538086 340.38531494140625 175.0725326538086
345.34283447265625 108.6883773803711 427.27904510498047 108.6883773803711 427.27904510498047 175.45281219482422 345.34283447265625 175.45281219482422
343.8114013671875 111.25251770019531 425.7136459350586 111.25251770019531 425.7136459350586 177.11602783203125 343.8114013671875 177.11602783203125
348.45220947265625 110.95387268066406 429.7726821899414 110.95387268066406 429.7726821899414 177.55104064941406 348.45220947265625 177.55104064941406
349.7212829589844 111.7965087890625 430.04791259765625 111.7965087890625 430.04791259765625 179.1728057861328 349.7212829589844 179.1728057861328
349.50347900390625 115.70560455322266 429.82066345214844 115.70560455322266 429.82066345214844 181.46598052978516 349.50347900390625 181.46598052978516
353.056640625 117.9912109375 432.0869445800781 117.9912109375 432.0869445800781 183.09422302246094 353.056640625 183.09422302246094
356.7120056152344 117.3394546508789 437.2047882080078 117.3394546508789 437.2047882080078 184.92125701904297 356.7120056152344 184.92125701904297
355.35528564453125 118.42576599121094 436.6775894165039 118.42576599121094 436.6775894165039 185.99910736083984 355.35528564453125 185.99910736083984
357.533447265625 120.38197326660156 438.4613037109375 120.38197326660156 438.4613037109375 189.79886627197266 357.533447265625 189.79886627197266
358.56585693359375 120.60099792480469 439.41770935058594 120.60099792480469 439.41770935058594 188.89859008789062 358.56585693359375 188.89859008789062
359.7983093261719 122.78974914550781 440.0396270751953 122.78974914550781 440.0396270751953 191.08717346191406 359.7983093261719 191.08717346191406
358.8612365722656 123.6916732788086 440.5707244873047 123.6916732788086 440.5707244873047 192.2617645263672 358.8612365722656 192.2617645263672
360.8995056152344 125.3853988647461 441.19617462158203 125.3853988647461 441.19617462158203 192.00731658935547 360.8995056152344 192.00731658935547
360.4200134277344 124.72837829589844 443.3661193847656 124.72837829589844 443.3661193847656 194.91291046142578 360.4200134277344 194.91291046142578
361.75018310546875 126.95832824707031 443.98392486572266 126.95832824707031 443.98392486572266 195.13124084472656 361.75018310546875 195.13124084472656
363.28143310546875 128.27536010742188 444.67283630371094 128.27536010742188 444.67283630371094 196.55608367919922 363.28143310546875 196.55608367919922
367.0960998535156 129.75418090820312 448.9871292114258 129.75418090820312 448.9871292114258 199.93045043945312 367.0960998535156 199.93045043945312
366.15155029296875 132.22427368164062 448.5003890991211 132.22427368164062 448.5003890991211 202.4881591796875 366.15155029296875 202.4881591796875
369.70794677734375 132.8971405029297 452.5789337158203 132.8971405029297 452.5789337158203 203.43954467773438 369.70794677734375 203.43954467773438
367.83642578125 134.1617889404297 452.49224853515625 134.1617889404297 452.49224853515625 205.00421142578125 367.83642578125 205.00421142578125
370.47991943359375 136.25071716308594 454.10945892333984 136.25071716308594 454.10945892333984 206.6926727294922 370.47991943359375 206.6926727294922
372.3473815917969 136.87908935546875 457.39615631103516 136.87908935546875 457.39615631103516 208.17262268066406 372.3473815917969 208.17262268066406
372.1787414550781 139.0889434814453 457.8168182373047 139.0889434814453 457.8168182373047 211.14935302734375 372.1787414550781 211.14935302734375
373.5098571777344 141.78634643554688 458.7314758300781 141.78634643554688 458.7314758300781 212.4210968017578 373.5098571777344 212.4210968017578
372.846923828125 143.1322479248047 458.7278137207031 143.1322479248047 458.7278137207031 214.5595703125 372.846923828125 214.5595703125
376.2217712402344 142.1810760498047 461.0679168701172 142.1810760498047 461.0679168701172 212.35638427734375 376.2217712402344 212.35638427734375
376.76373291015625 145.21229553222656 461.06221771240234 145.21229553222656 461.06221771240234 214.15640258789062 376.76373291015625 214.15640258789062
377.1813659667969 147.70970153808594 464.01487731933594 147.70970153808594 464.01487731933594 217.76016998291016 377.1813659667969 217.76016998291016
378.929931640625 149.60525512695312 465.37374114990234 149.60525512695312 465.37374114990234 219.95472717285156 378.929931640625 219.95472717285156
380.6191101074219 149.64309692382812 467.1150436401367 149.64309692382812 467.1150436401367 220.2173614501953 380.6191101074219 220.2173614501953
382.45294189453125 151.31454467773438 468.31409454345703 151.31454467773438 468.31409454345703 221.99757385253906 382.45294189453125 221.99757385253906
382.6087951660156 153.29684448242188 470.7394485473633 153.29684448242188 470.7394485473633 225.20905303955078 382.6087951660156 225.20905303955078
384.4714050292969 154.27725219726562 473.2375717163086 154.27725219726562 473.2375717163086 227.31844329833984 384.4714050292969 227.31844329833984
384.19451904296875 157.6246795654297 473.60719299316406 157.6246795654297 473.60719299316406 230.69705200195312 384.19451904296875 230.69705200195312
385.49700927734375 159.17189025878906 476.53060150146484 159.17189025878906 476.53060150146484 231.0283660888672 385.49700927734375 231.0283660888672
387.4027404785156 160.42037963867188 477.2992477416992 160.42037963867188 477.2992477416992 232.21265411376953 387.4027404785156 232.21265411376953
389.6078186035156 160.01478576660156 479.60597229003906 160.01478576660156 479.60597229003906 232.03316497802734 389.6078186035156 232.03316497802734
390.4329528808594 160.37655639648438 482.9074401855469 160.37655639648438 482.9074401855469 234.7113494873047 390.4329528808594 234.7113494873047
394.2333068847656 162.94142150878906 486.1182632446289 162.94142150878906 486.1182632446289 238.01361083984375 394.2333068847656 238.01361083984375
396.64495849609375 164.7467041015625 488.8760299682617 164.7467041015625 488.8760299682617 239.03160095214844 396.64495849609375 239.03160095214844
396.661376953125 168.2932586669922 486.6683883666992 168.2932586669922 486.6683883666992 241.04014587402344 396.661376953125 241.04014587402344
403.7579650878906 166.83383178710938 493.91087341308594 166.83383178710938 493.91087341308594 241.35409545898438 403.7579650878906 241.35409545898438
406.03314208984375 169.36190795898438 495.5288543701172 169.36190795898438 495.5288543701172 242.58846282958984 406.03314208984375 242.58846282958984
408.6324768066406 171.12242126464844 497.61095428466797 171.12242126464844 497.61095428466797 244.17669677734375 408.6324768066406 244.17669677734375
407.5701599121094 174.41151428222656 499.4500274658203 174.41151428222656 499.4500274658203 249.085693359375 407.5701599121094 249.085693359375
410.7835998535156 175.92813110351562 501.39707946777344 175.92813110351562 501.39707946777344 249.79972076416016 410.7835998535156 249.79972076416016
413.0365295410156 177.03726196289062 505.96971893310547 177.03726196289062 505.96971893310547 253.14112091064453 413.0365295410156 253.14112091064453
412.15435791015625 179.94309997558594 505.12208557128906 179.94309997558594 505.12208557128906 253.8809814453125 412.15435791015625 253.8809814453125
419.70159912109375 180.41539001464844 511.98897552490234 180.41539001464844 511.98897552490234 257.27146911621094 419.70159912109375 257.27146911621094
421.7591247558594 184.09368896484375 514.2986907958984 184.09368896484375 514.2986907958984 261.37207794189453 421.7591247558594 261.37207794189453
425.730224609375 185.90443420410156 517.2660675048828 185.90443420410156 517.2660675048828 261.81048583984375 425.730224609375 261.81048583984375
427.47723388671875 187.7987060546875 520.554931640625 187.7987060546875 520.554931640625 266.16119384765625 427.47723388671875 266.16119384765625
426.6773376464844 189.8032989501953 521.9305267333984 189.8032989501953 521.9305267333984 266.2091827392578 426.6773376464844 266.2091827392578
433.36358642578125 191.26736450195312 528.7338943481445 191.26736450195312 528.7338943481445 270.85520935058594 433.36358642578125 270.85520935058594
434.35223388671875 194.01522827148438 531.3165893554688 194.01522827148438 531.3165893554688 271.9491729736328 434.35223388671875 271.9491729736328
437.433349609375 195.91250610351562 534.7691802978516 195.91250610351562 534.7691802978516 276.0072555541992 437.433349609375 276.0072555541992
439.36566162109375 197.05104064941406 537.7118377685547 197.05104064941406 537.7118377685547 276.2771453857422 439.36566162109375 276.2771453857422
444.72845458984375 201.03636169433594 540.1703338623047 201.03636169433594 540.1703338623047 280.27713775634766 444.72845458984375 280.27713775634766
446.71539306640625 203.8539276123047 543.4447174072266 203.8539276123047 543.4447174072266 282.9801025390625 446.71539306640625 282.9801025390625
447.7584533691406 206.28857421875 546.2376556396484 206.28857421875 546.2376556396484 285.3090362548828 447.7584533691406 285.3090362548828
450.8033752441406 210.2142333984375 549.6665191650391 210.2142333984375 549.6665191650391 288.65708923339844 450.8033752441406 288.65708923339844
457.06787109375 213.50527954101562 557.0579986572266 213.50527954101562 557.0579986572266 294.2522888183594 457.06787109375 294.2522888183594
460.22564697265625 215.03335571289062 561.4141006469727 215.03335571289062 561.4141006469727 296.5451965332031 460.22564697265625 296.5451965332031
462.76812744140625 218.21337890625 563.6963729858398 218.21337890625 563.6963729858398 300.0753860473633 462.76812744140625 300.0753860473633
471.8856506347656 222.6127166748047 572.5866928100586 222.6127166748047 572.5866928100586 303.54393768310547 471.8856506347656 303.54393768310547
475.35736083984375 227.9369659423828 578.6980743408203 227.9369659423828 578.6980743408203 312.0765075683594 475.35736083984375 312.0765075683594
478.23162841796875 228.62643432617188 580.6487426757812 228.62643432617188 580.6487426757812 309.7537078857422 478.23162841796875 309.7537078857422
485.45489501953125 233.29299926757812 587.8659820556641 233.29299926757812 587.8659820556641 315.1122283935547 485.45489501953125 315.1122283935547
488.93328857421875 239.78408813476562 590.8353500366211 239.78408813476562 590.8353500366211 322.0267868041992 488.93328857421875 322.0267868041992
493.2925720214844 243.055419921875 594.0204925537109 243.055419921875 594.0204925537109 324.5838088989258 493.2925720214844 324.5838088989258
502.11822509765625 246.2270050048828 598.9772872924805 246.2270050048828 598.9772872924805 326.4225769042969 502.11822509765625 326.4225769042969
503.9964294433594 247.4789581298828 600.7985534667969 247.4789581298828 600.7985534667969 327.29225158691406 503.9964294433594 327.29225158691406
508.78173828125 252.9922332763672 605.3965377807617 252.9922332763672 605.3965377807617 331.05523681640625 508.78173828125 331.05523681640625
519.2874145507812 257.0447082519531 611.8002624511719 257.0447082519531 611.8002624511719 336.37813568115234 519.2874145507812 336.37813568115234
522.9993286132812 264.44940185546875 619.3029937744141 264.44940185546875 619.3029937744141 344.4746856689453 522.9993286132812 344.4746856689453
530.9423217773438 265.5821228027344 627.6190795898438 265.5821228027344 627.6190795898438 346.5889205932617 530.9423217773438 346.5889205932617
