416.0 101.0 435.0 101.0 435.0 149.0 416.0 149.0
415.72930908203125 102.0091781616211 432.8699645996094 102.0091781616211 432.8699645996094 148.4800262451172 415.72930908203125 148.4800262451172
414.66259765625 101.84632873535156 432.3812675476074 101.84632873535156 432.3812675476074 149.85483169555664 414.66259765625 149.85483169555664
413.17474365234375 100.5218734741211 431.5009880065918 100.5218734741211 431.5009880065918 150.64337921142578 413.17474365234375 150.64337921142578
411.31396484375 100.66061401367188 430.64765548706055 100.66061401367188 430.64765548706055 151.8471450805664 411.31396484375 151.8471450805664
411.32537841796875 102.26899719238281 429.94333839416504 102.26899719238281 429.94333839416504 149.30383682250977 411.32537841796875 149.30383682250977
407.4363708496094 100.31346893310547 425.54283332824707 100.31346893310547 425.54283332824707 151.9954071044922 407.4363708496094 151.9954071044922
406.43182373046875 101.92462921142578 423.9242305755615 101.92462921142578 423.9242305755615 149.4311752319336 406.43182373046875 149.4311752319336
404.67437744140625 100.72132873535156 422.0463619232178 100.72132873535156 422.0463619232178 148.5158462524414 404.67437744140625 148.5158462524414
403.344970703125 100.79621887207031 420.2726593017578 100.79621887207031 420.2726593017578 147.6467514038086 403.344970703125 147.6467514038086
402.56719970703125 102.08442687988281 419.75024795532227 102.08442687988281 419.75024795532227 148.52927780151367 402.56719970703125 148.52927780151367
401.1189880371094 101.46824645996094 417.7822208404541 101.46824645996094 417.7822208404541 149.78993606567383 401.1189880371094 149.78993606567383
399.45281982421875 103.14268493652344 416.9793586730957 103.14268493652344 416.9793586730957 150.0941047668457 399.45281982421875 150.0941047668457
398.11553955078125 101.52110290527344 415.3681392669678 101.52110290527344 415.3681392669678 149.5814971923828 398.11553955078125 149.5814971923828
396.76434326171875 102.7528305053711 415.2160396575928 102.7528305053711 415.2160396575928 151.65794372558594 396.76434326171875 151.65794372558594
393.56134033203125 102.3817138671875 412.0450687408447 102.3817138671875 412.0450687408447 152.78861236572266 393.56134033203125 152.78861236572266
392.4733581542969 100.61438751220703 411.06547355651855 100.61438751220703 411.06547355651855 150.63847732543945 392.4733581542969 150.63847732543945
390.54254150390625 102.5665054321289 409.53882598876953 102.5665054321289 409.53882598876953 149.3576889038086 390.54254150390625 149.3576889038086
389.56597900390625 103.36004638671875 407.98977851867676 103.36004638671875 407.98977851867676 148.84119033813477 389.56597900390625 148.84119033813477
387.8441467285156 101.96228790283203 406.69994926452637 101.96228790283203 406.69994926452637 150.3035659790039 387.8441467285156 150.3035659790039
386.7749938964844 101.40357971191406 405.2591361999512 101.40357971191406 405.2591361999512 152.3606071472168 386.7749938964844 152.3606071472168
385.3131408691406 102.43072509765625 404.0724849700928 102.43072509765625 404.0724849700928 151.98645782470703 385.3131408691406 151.98645782470703
384.5243225097656 101.50048828125 402.8054542541504 101.50048828125 402.8054542541504 151.57649993896484 384.5243225097656 151.57649993896484
382.3755798339844 100.63490295410156 401.2225284576416 100.63490295410156 401.2225284576416 151.46978759765625 382.3755798339844 151.46978759765625
380.2870178222656 102.11634063720703 400.049036026001 102.11634063720703 400.049036026001 152.79884719848633 380.2870178222656 152.79884719848633
378.9999084472656 100.80406951904297 397.95016860961914 100.80406951904297 397.95016860961914 151.8330078125 378.9999084472656 151.8330078125
376.335693359375 101.46452331542969 395.6491813659668 101.46452331542969 395.6491813659668 150.39996337890625 376.335693359375 150.39996337890625
375.63995361328125 100.97703552246094 394.37771797180176 100.97703552246094 394.37771797180176 149.9585952758789 375.63995361328125 149.9585952758789
373.4773864746094 100.5217514038086 392.9463863372803 100.5217514038086 392.9463863372803 149.7552261352539 373.4773864746094 149.7552261352539
373.18609619140625 99.55023193359375 391.7146587371826 99.55023193359375 391.7146587371826 150.454833984375 373.18609619140625 150.454833984375
371.14703369140625 100.95707702636719 390.1484489440918 100.95707702636719 390.1484489440918 152.18671035766602 371.14703369140625 152.18671035766602
369.7740783691406 101.41311645507812 388.23086166381836 101.41311645507812 388.23086166381836 151.16673278808594 369.7740783691406 151.16673278808594
367.7579650878906 98.92923736572266 386.27617835998535 98.92923736572266 386.27617835998535 151.4970703125 367.7579650878906 151.4970703125
365.892578125 100.30900573730469 385.4108180999756 100.30900573730469 385.4108180999756 152.4660186767578 365.892578125 152.4660186767578
364.8390197753906 100.13497924804688 383.48289489746094 100.13497924804688 383.48289489746094 150.42166900634766 364.8390197753906 150.42166900634766
362.8965148925781 100.4588851928711 382.5460739135742 100.4588851928711 382.5460739135742 151.8937530517578 362.8965148925781 151.8937530517578
361.52154541015625 101.5353775024414 380.70922660827637 101.5353775024414 380.70922660827637 150.3320083618164 361.52154541015625 150.3320083618164
354.5870056152344 100.98576354980469 373.7114505767822 100.98576354980469 373.7114505767822 152.61938858032227 354.5870056152344 152.61938858032227
349.7911071777344 100.8492431640625 369.605770111084 100.8492431640625 369.605770111084 151.47885131835938 349.7911071777344 151.47885131835938
349.54400634765625 100.8930435180664 368.23981285095215 100.8930435180664 368.23981285095215 151.50951766967773 349.54400634765625 151.50951766967773
348.20587158203125 99.81700897216797 366.9074821472168 99.81700897216797 366.9074821472168 150.82029724121094 348.20587158203125 150.82029724121094
346.6729431152344 99.69259643554688 365.035005569458 99.69259643554688 365.035005569458 151.39749908447266 346.6729431152344 151.39749908447266
345.42742919921875 102.93025207519531 364.2738227844238 102.93025207519531 364.2738227844238 152.15929412841797 345.42742919921875 152.15929412841797
344.4856872558594 101.4289321899414 362.2920036315918 101.4289321899414 362.2920036315918 151.35374069213867 344.4856872558594 151.35374069213867
343.93133544921875 102.55142974853516 362.0956382751465 102.55142974853516 362.0956382751465 153.0344123840332 343.93133544921875 153.0344123840332
342.76556396484375 102.29402160644531 360.21562576293945 102.29402160644531 360.21562576293945 152.3975486755371 342.76556396484375 152.3975486755371
340.09832763671875 99.9566879272461 357.6304988861084 99.9566879272461 357.6304988861084 149.72918319702148 340.09832763671875 149.72918319702148
337.22088623046875 103.23591613769531 355.19849014282227 103.23591613769531 355.19849014282227 148.93505096435547 337.22088623046875 148.93505096435547
336.63372802734375 102.99653625488281 354.1260070800781 102.99653625488281 354.1260070800781 151.02837753295898 336.63372802734375 151.02837753295898
335.89947509765625 103.08206939697266 353.039587020874 103.08206939697266 353.039587020874 150.5534439086914 335.89947509765625 150.5534439086914
333.44793701171875 101.86978912353516 351.58308029174805 101.86978912353516 351.58308029174805 151.09263610839844 333.44793701171875 151.09263610839844
332.30682373046875 102.67424011230469 350.5185546875 102.67424011230469 350.5185546875 152.3064727783203 332.30682373046875 152.3064727783203
330.467041015625 103.3127212524414 348.0836753845215 103.3127212524414 348.0836753845215 151.54219436645508 330.467041015625 151.54219436645508
327.9441223144531 102.78226470947266 345.807186126709 102.78226470947266 345.807186126709 149.72726440429688 327.9441223144531 149.72726440429688
325.5555419921875 99.72169494628906 343.07981300354004 99.72169494628906 343.07981300354004 149.11890411376953 325.5555419921875 149.11890411376953
320.9119873046875 100.8455810546875 337.83868980407715 100.8455810546875 337.83868980407715 149.8770980834961 320.9119873046875 149.8770980834961
318.56500244140625 102.9189453125 335.6363124847412 102.9189453125 335.6363124847412 150.6073989868164 318.56500244140625 150.6073989868164
317.019775390625 102.12128448486328 333.745548248291 102.12128448486328 333.745548248291 151.34791946411133 317.019775390625 151.34791946411133
314.952880859375 102.67045593261719 332.38914489746094 102.67045593261719 332.38914489746094 150.06203079223633 314.952880859375 150.06203079223633
312.9998474121094 102.7901611328125 330.72828102111816 102.7901611328125 330.72828102111816 149.25750732421875 312.9998474121094 149.25750732421875
312.09429931640625 103.5385971069336 330.073543548584 103.5385971069336 330.073543548584 148.98939514160156 312.09429931640625 148.98939514160156
311.99810791015625 103.74076843261719 329.50904273986816 103.74076843261719 329.50904273986816 151.1908073425293 311.99810791015625 151.1908073425293
310.7733154296875 102.7626724243164 328.4733066558838 102.7626724243164 328.4733066558838 150.58727264404297 310.7733154296875 150.58727264404297
309.61773681640625 101.90678405761719 327.2585868835449 101.90678405761719 327.2585868835449 151.50708770751953 309.61773681640625 151.50708770751953
307.8631286621094 102.77442932128906 325.66468048095703 102.77442932128906 325.66468048095703 150.98383331298828 307.8631286621094 150.98383331298828
306.30914306640625 102.61869812011719 323.98271560668945 102.61869812011719 323.98271560668945 150.80371475219727 306.30914306640625 150.80371475219727
304.675537109375 105.18814849853516 322.27055740356445 105.18814849853516 322.27055740356445 151.16675186157227 304.675537109375 151.16675186157227
302.60150146484375 103.2777099609375 319.8292541503906 103.2777099609375 319.8292541503906 150.7734031677246 302.60150146484375 150.7734031677246
302.23590087890625 103.0791244506836 318.7777156829834 103.0791244506836 318.7777156829834 151.34195709228516 302.23590087890625 151.34195709228516
300.73480224609375 102.31033325195312 317.71362495422363 102.31033325195312 317.71362495422363 149.99982833862305 300.73480224609375 149.99982833862305
299.3198547363281 103.17881774902344 316.4005641937256 103.17881774902344 316.4005641937256 150.5287094116211 299.3198547363281 150.5287094116211
298.9085388183594 104.7919921875 315.7628765106201 104.7919921875 315.7628765106201 149.18387985229492 298.9085388183594 149.18387985229492
296.82586669921875 102.76251220703125 314.3122749328613 102.76251220703125 314.3122749328613 151.75972747802734 296.82586669921875 151.75972747802734
294.38763427734375 104.3386459350586 311.32491874694824 104.3386459350586 311.32491874694824 150.46223068237305 294.38763427734375 150.46223068237305
293.6299743652344 106.09586334228516 311.1185836791992 106.09586334228516 311.1185836791992 151.82159805297852 293.6299743652344 151.82159805297852
292.73004150390625 104.0905532836914 309.62900161743164 104.0905532836914 309.62900161743164 151.39491271972656 292.73004150390625 151.39491271972656
291.230224609375 102.7196273803711 308.70331382751465 102.7196273803711 308.70331382751465 150.60851669311523 291.230224609375 150.60851669311523
289.94610595703125 105.20521545410156 307.0031929016113 105.20521545410156 307.0031929016113 150.88748931884766 289.94610595703125 150.88748931884766
289.38067626953125 104.52607727050781 306.5774459838867 104.52607727050781 306.5774459838867 151.82072830200195 289.38067626953125 151.82072830200195
287.66497802734375 104.346923828125 305.44847106933594 104.346923828125 305.44847106933594 153.3896598815918 287.66497802734375 153.3896598815918
286.54071044921875 103.4225845336914 304.2059154510498 103.4225845336914 304.2059154510498 151.6325798034668 286.54071044921875 151.6325798034668
284.0322265625 102.75716400146484 301.691442489624 102.75716400146484 301.691442489624 150.6144142150879 284.0322265625 150.6144142150879
282.2734069824219 103.7145004272461 300.1534118652344 103.7145004272461 300.1534118652344 150.8239517211914 282.2734069824219 150.8239517211914
281.0491027832031 104.3738021850586 298.76069831848145 104.3738021850586 298.76069831848145 150.5261573791504 281.0491027832031 150.5261573791504
279.1045227050781 102.37067413330078 296.8987464904785 102.37067413330078 296.8987464904785 149.22475814819336 279.1045227050781 149.22475814819336
278.4700622558594 103.2979507446289 295.79937744140625 103.2979507446289 295.79937744140625 150.22084045410156 278.4700622558594 150.22084045410156
277.36065673828125 103.5048828125 294.54266929626465 103.5048828125 294.54266929626465 150.94161224365234 277.36065673828125 150.94161224365234
274.0229797363281 102.85856628417969 291.43396377563477 102.85856628417969 291.43396377563477 150.2110252380371 274.0229797363281 150.2110252380371
267.2833557128906 105.3339614868164 284.94085121154785 105.3339614868164 284.94085121154785 150.0135154724121 267.2833557128906 150.0135154724121
264.61529541015625 105.06965637207031 281.50353622436523 105.06965637207031 281.50353622436523 151.35065078735352 264.61529541015625 151.35065078735352
263.9043884277344 104.48567199707031 280.7109489440918 104.48567199707031 280.7109489440918 152.7881202697754 263.9043884277344 152.7881202697754
261.7094421386719 103.45222473144531 279.1796360015869 103.45222473144531 279.1796360015869 151.50791931152344 261.7094421386719 151.50791931152344
260.05084228515625 105.54364013671875 276.6038246154785 105.54364013671875 276.6038246154785 152.16030883789062 260.05084228515625 152.16030883789062
258.76043701171875 105.7705078125 275.56564712524414 105.7705078125 275.56564712524414 152.26122283935547 258.76043701171875 152.26122283935547
257.13421630859375 103.76222229003906 274.07543563842773 103.76222229003906 274.07543563842773 151.91429901123047 257.13421630859375 151.91429901123047
255.55636596679688 104.81868743896484 272.42654609680176 104.81868743896484 272.42654609680176 150.7808380126953 255.55636596679688 150.7808380126953
247.91635131835938 103.7266845703125 265.3410224914551 103.7266845703125 265.3410224914551 152.64389419555664 247.91635131835938 152.64389419555664
245.91329956054688 103.65336608886719 262.5965919494629 103.65336608886719 262.5965919494629 151.67640686035156 245.91329956054688 151.67640686035156
244.0745391845703 103.9368667602539 261.08854484558105 103.9368667602539 261.08854484558105 151.36712265014648 244.0745391845703 151.36712265014648
242.35256958007812 102.23504638671875 259.84156036376953 102.23504638671875 259.84156036376953 152.82168197631836 242.35256958007812 152.82168197631836
241.02291870117188 105.22916412353516 257.9624538421631 105.22916412353516 257.9624538421631 153.09264373779297 241.02291870117188 153.09264373779297
239.6486053466797 104.6734619140625 255.9333267211914 104.6734619140625 255.9333267211914 152.39205169677734 239.6486053466797 152.39205169677734
236.62167358398438 106.4926528930664 252.91794776916504 106.4926528930664 252.91794776916504 152.42729568481445 236.62167358398438 152.42729568481445
233.1624755859375 105.27153015136719 249.7733039855957 105.27153015136719 249.7733039855957 151.93016815185547 233.1624755859375 151.93016815185547
226.10403442382812 105.9211654663086 242.6988754272461 105.9211654663086 242.6988754272461 153.05747604370117 226.10403442382812 153.05747604370117
221.50125122070312 105.84622955322266 238.14665031433105 105.84622955322266 238.14665031433105 152.75965118408203 221.50125122070312 152.75965118408203
218.44131469726562 105.0741195678711 236.2176055908203 105.0741195678711 236.2176055908203 152.22447204589844 218.44131469726562 152.22447204589844
216.604248046875 106.26982116699219 234.1686019897461 106.26982116699219 234.1686019897461 151.2819366455078 216.604248046875 151.2819366455078
215.7582550048828 107.90240478515625 232.6655979156494 107.90240478515625 232.6655979156494 153.63656616210938 215.7582550048828 153.63656616210938
215.6365203857422 108.00511169433594 232.28944396972656 108.00511169433594 232.28944396972656 153.61871337890625 215.6365203857422 153.61871337890625
214.13540649414062 106.0841064453125 230.94559478759766 106.0841064453125 230.94559478759766 151.79619598388672 214.13540649414062 151.79619598388672
212.32760620117188 105.5159683227539 229.8003807067871 105.5159683227539 229.8003807067871 153.1802101135254 212.32760620117188 153.1802101135254
210.3522491455078 105.1913833618164 227.97202110290527 105.1913833618164 227.97202110290527 151.8745574951172 210.3522491455078 151.8745574951172
208.78829956054688 105.9405517578125 226.30760955810547 105.9405517578125 226.30760955810547 152.32202911376953 208.78829956054688 152.32202911376953
207.5081024169922 106.32503509521484 223.9247989654541 106.32503509521484 223.9247989654541 152.1907081604004 207.5081024169922 152.1907081604004
204.832275390625 105.20072174072266 221.22557258605957 105.20072174072266 221.22557258605957 152.62203979492188 204.832275390625 152.62203979492188
204.4167938232422 105.2657241821289 221.17796516418457 105.2657241821289 221.17796516418457 151.4652214050293 204.4167938232422 151.4652214050293
203.4615478515625 104.9218521118164 219.42442321777344 104.9218521118164 219.42442321777344 151.6163330078125 203.4615478515625 151.6163330078125
202.540771484375 106.0032730102539 218.7760238647461 106.0032730102539 218.7760238647461 151.65460586547852 202.540771484375 151.65460586547852
201.08004760742188 105.18559265136719 217.51651000976562 105.18559265136719 217.51651000976562 152.57428741455078 201.08004760742188 152.57428741455078
200.0922088623047 107.47843933105469 216.5917625427246 107.47843933105469 216.5917625427246 153.37632751464844 200.0922088623047 153.37632751464844
197.37625122070312 107.0087890625 214.4908790588379 107.0087890625 214.4908790588379 153.38611602783203 197.37625122070312 153.38611602783203
195.99920654296875 107.4238052368164 212.46775245666504 107.4238052368164 212.46775245666504 152.85792922973633 195.99920654296875 152.85792922973633
193.58224487304688 108.6971664428711 211.3559627532959 108.6971664428711 211.3559627532959 152.6644287109375 193.58224487304688 152.6644287109375
192.8760528564453 107.1306381225586 210.3635368347168 107.1306381225586 210.3635368347168 151.85882186889648 192.8760528564453 151.85882186889648
192.61483764648438 108.2913589477539 209.58606338500977 108.2913589477539 209.58606338500977 154.56021881103516 192.61483764648438 154.56021881103516
190.92274475097656 107.28751373291016 209.2126121520996 107.28751373291016 209.2126121520996 153.55480194091797 190.92274475097656 153.55480194091797
189.33438110351562 108.5414810180664 207.05371475219727 108.5414810180664 207.05371475219727 154.9330940246582 189.33438110351562 154.9330940246582
188.0618133544922 108.00187683105469 205.9087371826172 108.00187683105469 205.9087371826172 154.09489822387695 188.0618133544922 154.09489822387695
186.19253540039062 108.77333068847656 204.48441696166992 108.77333068847656 204.48441696166992 153.77394485473633 186.19253540039062 153.77394485473633
184.7268524169922 110.37667083740234 201.72777938842773 110.37667083740234 201.72777938842773 152.69267654418945 184.7268524169922 152.69267654418945
183.64552307128906 109.635009765625 200.09616088867188 109.635009765625 200.09616088867188 152.68542098999023 183.64552307128906 152.68542098999023
181.49844360351562 106.75544738769531 198.44547843933105 106.75544738769531 198.44547843933105 154.4980697631836 181.49844360351562 154.4980697631836
180.1459197998047 106.76619720458984 197.46535873413086 106.76619720458984 197.46535873413086 151.7354393005371 180.1459197998047 151.7354393005371
179.48622131347656 106.69779968261719 196.40442848205566 106.69779968261719 196.40442848205566 151.02852630615234 179.48622131347656 151.02852630615234
177.8160858154297 105.83457946777344 195.28688621520996 105.83457946777344 195.28688621520996 153.49206161499023 177.8160858154297 153.49206161499023
175.8589324951172 107.8974838256836 193.83512496948242 107.8974838256836 193.83512496948242 153.00327682495117 175.8589324951172 153.00327682495117
174.44766235351562 108.95805358886719 192.01908493041992 108.95805358886719 192.01908493041992 153.04576873779297 174.44766235351562 153.04576873779297
173.7996063232422 108.1398696899414 191.24914741516113 108.1398696899414 191.24914741516113 152.70121383666992 173.7996063232422 152.70121383666992
173.0693359375 107.37284088134766 189.75168800354004 107.37284088134766 189.75168800354004 153.41844177246094 173.0693359375 153.41844177246094
171.7754364013672 108.26470947265625 189.12778854370117 108.26470947265625 189.12778854370117 152.28661346435547 171.7754364013672 152.28661346435547
171.23458862304688 108.93562316894531 187.69232368469238 108.93562316894531 187.69232368469238 153.67385482788086 171.23458862304688 153.67385482788086
170.41261291503906 107.75691986083984 186.93198204040527 107.75691986083984 186.93198204040527 152.75643920898438 170.41261291503906 152.75643920898438
168.07278442382812 108.54170989990234 185.38737678527832 108.54170989990234 185.38737678527832 153.44280242919922 168.07278442382812 153.44280242919922
165.25265502929688 107.04838562011719 182.97637367248535 107.04838562011719 182.97637367248535 153.8497543334961 165.25265502929688 153.8497543334961
163.57652282714844 107.92927551269531 180.77048110961914 107.92927551269531 180.77048110961914 153.60877227783203 163.57652282714844 153.60877227783203
162.70846557617188 107.1242446899414 179.58481979370117 107.1242446899414 179.58481979370117 153.33790588378906 162.70846557617188 153.33790588378906
161.7940216064453 109.217529296875 177.91766548156738 109.217529296875 177.91766548156738 152.74208450317383 161.7940216064453 152.74208450317383
160.1929168701172 105.85986328125 176.77038955688477 105.85986328125 176.77038955688477 152.6938018798828 160.1929168701172 152.6938018798828
158.26296997070312 106.55619049072266 175.2182846069336 106.55619049072266 175.2182846069336 152.2767333984375 158.26296997070312 152.2767333984375
157.1236114501953 107.76961517333984 174.05933952331543 107.76961517333984 174.05933952331543 151.81371307373047 157.1236114501953 151.81371307373047
156.33828735351562 108.3756332397461 172.7417163848877 108.3756332397461 172.7417163848877 154.41362762451172 156.33828735351562 154.41362762451172
156.1267852783203 108.25150299072266 171.79659271240234 108.25150299072266 171.79659271240234 153.24404907226562 156.1267852783203 153.24404907226562
154.806884765625 107.50151062011719 170.558575630188 107.50151062011719 170.558575630188 154.4954376220703 154.806884765625 154.4954376220703
153.02847290039062 107.1897201538086 169.21474838256836 107.1897201538086 169.21474838256836 152.5925521850586 153.02847290039062 152.5925521850586
152.3678741455078 106.4378433227539 168.45795822143555 106.4378433227539 168.45795822143555 155.11122512817383 152.3678741455078 155.11122512817383
150.05335998535156 106.31010437011719 166.351713180542 106.31010437011719 166.351713180542 154.22090911865234 150.05335998535156 154.22090911865234
149.03439331054688 106.28499603271484 165.53797912597656 106.28499603271484 165.53797912597656 154.42727279663086 149.03439331054688 154.42727279663086
147.98277282714844 106.40818786621094 164.70269012451172 106.40818786621094 164.70269012451172 154.56562042236328 147.98277282714844 154.56562042236328
145.58236694335938 106.94560241699219 161.90718841552734 106.94560241699219 161.90718841552734 154.5702133178711 145.58236694335938 154.5702133178711
144.7915496826172 106.79243469238281 161.6780948638916 106.79243469238281 161.6780948638916 154.42046356201172 144.7915496826172 154.42046356201172
142.1121368408203 104.62039947509766 160.79850578308105 104.62039947509766 160.79850578308105 151.82805633544922 142.1121368408203 151.82805633544922
141.64163208007812 108.0072021484375 158.9142360687256 108.0072021484375 158.9142360687256 154.06312942504883 141.64163208007812 154.06312942504883
138.82574462890625 108.9382095336914 156.24628067016602 108.9382095336914 156.24628067016602 154.47268676757812 138.82574462890625 154.47268676757812
138.56402587890625 109.8605728149414 155.433198928833 109.8605728149414 155.433198928833 154.17604446411133 138.56402587890625 154.17604446411133
137.09793090820312 107.69637298583984 153.60002899169922 107.69637298583984 153.60002899169922 153.7287940979004 137.09793090820312 153.7287940979004
135.6822967529297 108.56834411621094 153.24058151245117 108.56834411621094 153.24058151245117 152.8486557006836 135.6822967529297 152.8486557006836
134.77670288085938 106.96524810791016 151.7776756286621 106.96524810791016 151.7776756286621 151.8163948059082 134.77670288085938 151.8163948059082
133.8348846435547 107.2849349975586 150.33774757385254 107.2849349975586 150.33774757385254 154.25464248657227 133.8348846435547 154.25464248657227
132.06028747558594 108.20515441894531 149.31739234924316 108.20515441894531 149.31739234924316 154.28475952148438 132.06028747558594 154.28475952148438
131.20225524902344 107.10514068603516 149.44463348388672 107.10514068603516 149.44463348388672 154.04698181152344 131.20225524902344 154.04698181152344
130.40444946289062 108.39375305175781 148.0056915283203 108.39375305175781 148.0056915283203 152.97454071044922 130.40444946289062 152.97454071044922
128.78065490722656 107.23677062988281 146.80482482910156 107.23677062988281 146.80482482910156 152.7286605834961 128.78065490722656 152.7286605834961
127.4886703491211 108.4780502319336 145.85368728637695 108.4780502319336 145.85368728637695 151.88376998901367 127.4886703491211 151.88376998901367
126.40240478515625 107.6131820678711 144.42610359191895 107.6131820678711 144.42610359191895 152.4653205871582 126.40240478515625 152.4653205871582
125.11369323730469 108.52043151855469 143.34668350219727 108.52043151855469 143.34668350219727 153.59594345092773 125.11369323730469 153.59594345092773
124.67765808105469 109.40080261230469 142.75329780578613 109.40080261230469 142.75329780578613 155.07233428955078 124.67765808105469 155.07233428955078
124.32373046875 108.3017807006836 142.65742874145508 108.3017807006836 142.65742874145508 154.3506736755371 124.32373046875 154.3506736755371
122.4753189086914 106.58738708496094 140.58179473876953 106.58738708496094 140.58179473876953 153.65606689453125 122.4753189086914 153.65606689453125
119.12908935546875 107.02168273925781 137.76927375793457 107.02168273925781 137.76927375793457 153.71788787841797 119.12908935546875 153.71788787841797
118.3747329711914 106.5383529663086 137.2457046508789 106.5383529663086 137.2457046508789 152.60776138305664 118.3747329711914 152.60776138305664
117.49560546875 107.0907974243164 135.48836517333984 107.0907974243164 135.48836517333984 154.0423583984375 117.49560546875 154.0423583984375
116.25947570800781 106.06732177734375 134.38393211364746 106.06732177734375 134.38393211364746 153.24882888793945 116.25947570800781 153.24882888793945
115.61328125 105.85920715332031 134.3923110961914 105.85920715332031 134.3923110961914 153.3217544555664 115.61328125 153.3217544555664
114.5538330078125 106.63853454589844 132.74852752685547 106.63853454589844 132.74852752685547 152.14032745361328 114.5538330078125 152.14032745361328
114.11787414550781 107.33552551269531 132.7301483154297 107.33552551269531 132.7301483154297 153.77857208251953 114.11787414550781 153.77857208251953
112.54510498046875 105.46443176269531 131.77634048461914 105.46443176269531 131.77634048461914 152.28489685058594 112.54510498046875 152.28489685058594
111.78531646728516 107.29693603515625 131.19296073913574 107.29693603515625 131.19296073913574 152.68906784057617 111.78531646728516 152.68906784057617
111.34254455566406 104.89163970947266 130.0909080505371 104.89163970947266 130.0909080505371 153.02731323242188 111.34254455566406 153.02731323242188
111.33570861816406 106.86732482910156 129.58462142944336 106.86732482910156 129.58462142944336 153.4575653076172 111.33570861816406 153.4575653076172
110.3183822631836 106.99076080322266 130.14755630493164 106.99076080322266 130.14755630493164 152.79710388183594 110.3183822631836 152.79710388183594
110.32951354980469 104.90789794921875 128.40546798706055 104.90789794921875 128.40546798706055 153.36383819580078 110.32951354980469 153.36383819580078
109.9161376953125 105.5999526977539 128.21921920776367 105.5999526977539 128.21921920776367 153.0041618347168 109.9161376953125 153.0041618347168
107.734130859375 103.71577453613281 126.28069496154785 103.71577453613281 126.28069496154785 152.8597755432129 107.734130859375 152.8597755432129
106.4776611328125 105.7029800415039 125.99967384338379 105.7029800415039 125.99967384338379 152.35920333862305 106.4776611328125 152.35920333862305
106.1976089477539 102.98974609375 124.41547775268555 102.98974609375 124.41547775268555 150.86230087280273 106.1976089477539 150.86230087280273
103.4438705444336 103.21478271484375 123.85454940795898 103.21478271484375 123.85454940795898 152.12581634521484 103.4438705444336 152.12581634521484
104.248046875 104.8559341430664 122.54277038574219 104.8559341430664 122.54277038574219 151.60935974121094 104.248046875 151.60935974121094
103.5382308959961 102.23454284667969 121.75678443908691 102.23454284667969 121.75678443908691 150.68087768554688 103.5382308959961 150.68087768554688
103.0512466430664 104.10398864746094 121.12545585632324 104.10398864746094 121.12545585632324 151.83346939086914 103.0512466430664 151.83346939086914
102.39900207519531 102.2960433959961 120.92271041870117 102.2960433959961 120.92271041870117 151.61842727661133 102.39900207519531 151.61842727661133
102.16233825683594 105.35150146484375 120.57136154174805 105.35150146484375 120.57136154174805 152.11933135986328 102.16233825683594 152.11933135986328
101.78697204589844 104.7912368774414 120.02094650268555 104.7912368774414 120.02094650268555 151.87719345092773 101.78697204589844 151.87719345092773
101.14601135253906 102.8219223022461 119.65629196166992 102.8219223022461 119.65629196166992 150.22568893432617 101.14601135253906 150.22568893432617
100.0178451538086 103.99910736083984 118.94684028625488 103.99910736083984 118.94684028625488 151.94986724853516 100.0178451538086 151.94986724853516
99.30062866210938 105.92951965332031 118.15806579589844 105.92951965332031 118.15806579589844 152.20949172973633 99.30062866210938 152.20949172973633
99.21308898925781 106.4131851196289 117.74384689331055 106.4131851196289 117.74384689331055 152.20853424072266 99.21308898925781 152.20853424072266
97.89947509765625 105.8896713256836 116.27653121948242 105.8896713256836 116.27653121948242 153.46367645263672 97.89947509765625 153.46367645263672
97.40461730957031 107.23175048828125 115.49963569641113 107.23175048828125 115.49963569641113 154.20111465454102 97.40461730957031 154.20111465454102
96.6975326538086 105.73404693603516 115.43315887451172 105.73404693603516 115.43315887451172 152.42505645751953 96.6975326538086 152.42505645751953
95.49887084960938 104.50880432128906 113.98833465576172 104.50880432128906 113.98833465576172 153.64080047607422 95.49887084960938 153.64080047607422
94.25721740722656 103.58872985839844 113.11402893066406 103.58872985839844 113.11402893066406 151.69584274291992 94.25721740722656 151.69584274291992
91.70634460449219 104.03570556640625 110.66915702819824 104.03570556640625 110.66915702819824 151.9978904724121 91.70634460449219 151.9978904724121
91.2913589477539 103.529052734375 109.42347526550293 103.529052734375 109.42347526550293 152.58057022094727 91.2913589477539 152.58057022094727
90.83153533935547 104.02082824707031 108.88717460632324 104.02082824707031 108.88717460632324 153.7364730834961 90.83153533935547 153.7364730834961
90.4737777709961 105.13350677490234 108.63869094848633 105.13350677490234 108.63869094848633 152.9362678527832 90.4737777709961 152.9362678527832
90.3938217163086 104.3240737915039 108.65851211547852 104.3240737915039 108.65851211547852 152.5324478149414 90.3938217163086 152.5324478149414
89.12413024902344 102.97342681884766 107.34370040893555 102.97342681884766 107.34370040893555 150.99670791625977 89.12413024902344 150.99670791625977
88.30146789550781 104.443359375 106.68265151977539 104.443359375 106.68265151977539 151.72167205810547 88.30146789550781 151.72167205810547
88.16200256347656 102.8678207397461 105.8675651550293 102.8678207397461 105.8675651550293 151.4899673461914 88.16200256347656 151.4899673461914
88.85517883300781 103.7901840209961 105.61914443969727 103.7901840209961 105.61914443969727 151.62280654907227 88.85517883300781 151.62280654907227
87.84678649902344 102.77760314941406 105.86773109436035 102.77760314941406 105.86773109436035 152.53894805908203 87.84678649902344 152.53894805908203
87.57965087890625 104.48841857910156 105.33657646179199 104.48841857910156 105.33657646179199 153.28231048583984 87.57965087890625 153.28231048583984
86.93203735351562 103.47718811035156 103.89236831665039 103.47718811035156 103.89236831665039 152.67913818359375 86.93203735351562 152.67913818359375
86.16509246826172 102.9376449584961 103.67241668701172 102.9376449584961 103.67241668701172 153.71397399902344 86.16509246826172 153.71397399902344
85.22039031982422 103.4014892578125 103.3727855682373 103.4014892578125 103.3727855682373 149.26016235351562 85.22039031982422 149.26016235351562
86.02613830566406 103.2154769897461 104.3530158996582 103.2154769897461 104.3530158996582 149.51494979858398 86.02613830566406 149.51494979858398
86.36354064941406 101.54710388183594 104.49943733215332 101.54710388183594 104.49943733215332 147.36409759521484 86.36354064941406 147.36409759521484
84.70690155029297 101.46800231933594 102.72974967956543 101.46800231933594 102.72974967956543 146.99940490722656 84.70690155029297 146.99940490722656
85.14447784423828 101.60152435302734 103.25184631347656 101.60152435302734 103.25184631347656 147.34645462036133 85.14447784423828 147.34645462036133
85.25433349609375 102.81722259521484 103.44632911682129 102.81722259521484 103.44632911682129 148.77594757080078 85.25433349609375 148.77594757080078
65.00186920166016 101.48194885253906 83.05933952331543 101.48194885253906 83.05933952331543 147.10082244873047 65.00186920166016 147.10082244873047
62.67192840576172 100.1240005493164 80.83925247192383 100.1240005493164 80.83925247192383 146.02040100097656 62.67192840576172 146.02040100097656
74.54251098632812 105.4570541381836 92.57919311523438 105.4570541381836 92.57919311523438 151.02340698242188 74.54251098632812 151.02340698242188
73.6515884399414 103.7347183227539 91.70363998413086 103.7347183227539 91.70363998413086 149.33990478515625 73.6515884399414 149.33990478515625
65.54731750488281 104.23149108886719 83.77164649963379 104.23149108886719 83.77164649963379 150.27190399169922 65.54731750488281 150.27190399169922
69.34104919433594 103.3840103149414 87.51295852661133 103.3840103149414 87.51295852661133 149.2919921875 69.34104919433594 149.2919921875
58.878173828125 102.35923767089844 77.1595287322998 102.35923767089844 77.1595287322998 148.54370880126953 58.878173828125 148.54370880126953
67.88336944580078 103.49654388427734 86.20906448364258 103.49654388427734 86.20906448364258 149.79303359985352 67.88336944580078 149.79303359985352
72.4479751586914 102.2214126586914 90.5298900604248 102.2214126586914 90.5298900604248 147.90203857421875 72.4479751586914 147.90203857421875
72.64987182617188 102.26090240478516 90.53707313537598 102.26090240478516 90.53707313537598 147.44962310791016 72.64987182617188 147.44962310791016
60.3937873840332 103.35758209228516 78.60271072387695 103.35758209228516 78.60271072387695 149.35906982421875 60.3937873840332 149.35906982421875
65.12281799316406 102.97859954833984 83.23969078063965 102.97859954833984 83.23969078063965 148.74754333496094 65.12281799316406 148.74754333496094
67.05352783203125 102.3929443359375 85.1865119934082 102.3929443359375 85.1865119934082 148.20258712768555 67.05352783203125 148.20258712768555
73.36756896972656 103.95597839355469 88.95057392120361 103.95597839355469 88.95057392120361 152.15966415405273 73.36756896972656 152.15966415405273
71.290771484375 102.68145751953125 87.74179458618164 102.68145751953125 87.74179458618164 149.8287124633789 71.290771484375 149.8287124633789
69.9632568359375 104.52496337890625 87.6605339050293 104.52496337890625 87.6605339050293 149.5922966003418 69.9632568359375 149.5922966003418
68.587890625 102.40986633300781 86.88135719299316 102.40986633300781 86.88135719299316 149.70373916625977 68.587890625 149.70373916625977
67.73484802246094 100.91260528564453 86.29459190368652 100.91260528564453 86.29459190368652 150.33485794067383 67.73484802246094 150.33485794067383
67.09502410888672 102.41242980957031 84.93102073669434 102.41242980957031 84.93102073669434 149.8326644897461 67.09502410888672 149.8326644897461
67.34498596191406 103.85270690917969 85.09150314331055 103.85270690917969 85.09150314331055 150.4930534362793 67.34498596191406 150.4930534362793
66.23400115966797 102.23658752441406 83.88574981689453 102.23658752441406 83.88574981689453 150.5859146118164 66.23400115966797 150.5859146118164
65.45369720458984 102.02123260498047 83.57080459594727 102.02123260498047 83.57080459594727 149.4868278503418 65.45369720458984 149.4868278503418
63.999656677246094 103.0931625366211 81.13528633117676 103.0931625366211 81.13528633117676 148.4328384399414 63.999656677246094 148.4328384399414
62.151084899902344 102.147216796875 80.40268516540527 102.147216796875 80.40268516540527 150.77117156982422 62.151084899902344 150.77117156982422
61.687164306640625 101.8604965209961 80.2425708770752 101.8604965209961 80.2425708770752 148.8341827392578 61.687164306640625 148.8341827392578
61.00543212890625 101.0189208984375 79.48801612854004 101.0189208984375 79.48801612854004 149.6849136352539 61.00543212890625 149.6849136352539
59.563758850097656 100.82295989990234 78.70859146118164 100.82295989990234 78.70859146118164 148.1303253173828 59.563758850097656 148.1303253173828
58.980445861816406 100.59315490722656 78.20816802978516 100.59315490722656 78.20816802978516 149.85497665405273 58.980445861816406 149.85497665405273
58.00848388671875 99.51106262207031 77.1041088104248 99.51106262207031 77.1041088104248 147.92259979248047 58.00848388671875 147.92259979248047
57.491416931152344 101.2880630493164 75.87784194946289 101.2880630493164 75.87784194946289 150.34860229492188 57.491416931152344 150.34860229492188
57.49669647216797 96.86666870117188 77.72880744934082 96.86666870117188 77.72880744934082 147.97938537597656 57.49669647216797 147.97938537597656
52.93439483642578 99.03311157226562 71.90306282043457 99.03311157226562 71.90306282043457 149.09243774414062 52.93439483642578 149.09243774414062
51.6024169921875 100.73472595214844 70.7310848236084 100.73472595214844 70.7310848236084 150.1274757385254 51.6024169921875 150.1274757385254
49.939151763916016 98.28392791748047 68.5454158782959 98.28392791748047 68.5454158782959 147.6154441833496 49.939151763916016 147.6154441833496
47.50102615356445 99.60356140136719 66.63785362243652 99.60356140136719 66.63785362243652 149.2416000366211 47.50102615356445 149.2416000366211
46.65380096435547 98.83219909667969 65.3127613067627 98.83219909667969 65.3127613067627 150.53064727783203 46.65380096435547 150.53064727783203
43.89801788330078 98.57723999023438 64.06155204772949 98.57723999023438 64.06155204772949 149.23768615722656 43.89801788330078 149.23768615722656
42.60979080200195 100.38825225830078 62.238426208496094 100.38825225830078 62.238426208496094 151.63685989379883 42.60979080200195 151.63685989379883
40.88142013549805 100.2338638305664 60.111663818359375 100.2338638305664 60.111663818359375 150.55520629882812 40.88142013549805 150.55520629882812
39.617828369140625 100.67461395263672 59.421791076660156 100.67461395263672 59.421791076660156 151.1611328125 39.617828369140625 151.1611328125
39.17995071411133 99.88691711425781 57.80885314941406 99.88691711425781 57.80885314941406 150.85847854614258 39.17995071411133 150.85847854614258
37.93488311767578 99.69841003417969 57.295379638671875 99.69841003417969 57.295379638671875 151.2007064819336 37.93488311767578 151.2007064819336
36.81754684448242 100.63509368896484 56.247934341430664 100.63509368896484 56.247934341430664 150.5514144897461 36.81754684448242 150.5514144897461
35.456626892089844 99.9891128540039 55.51313591003418 99.9891128540039 55.51313591003418 151.1029815673828 35.456626892089844 151.1029815673828
34.96501922607422 99.85789489746094 54.96714401245117 99.85789489746094 54.96714401245117 150.2081069946289 34.96501922607422 150.2081069946289
34.32003402709961 99.81466674804688 54.106292724609375 99.81466674804688 54.106292724609375 150.34496307373047 34.32003402709961 150.34496307373047
33.7301139831543 99.628173828125 52.639413833618164 99.628173828125 52.639413833618164 150.5311737060547 33.7301139831543 150.5311737060547
32.89080047607422 99.0543441772461 52.0540714263916 99.0543441772461 52.0540714263916 152.29719161987305 32.89080047607422 152.29719161987305
31.031625747680664 99.7040023803711 50.01345252990723 99.7040023803711 50.01345252990723 152.1925163269043 31.031625747680664 152.1925163269043
30.635009765625 95.46910095214844 49.89296531677246 95.46910095214844 49.89296531677246 149.9789810180664 30.635009765625 149.9789810180664
29.8205623626709 97.9412841796875 49.04247283935547 97.9412841796875 49.04247283935547 150.45792770385742 29.8205623626709 150.45792770385742
28.197830200195312 98.74604797363281 47.73982620239258 98.74604797363281 47.73982620239258 150.5572967529297 28.197830200195312 150.5572967529297
27.481801986694336 97.95843505859375 46.9063835144043 97.95843505859375 46.9063835144043 149.2678337097168 27.481801986694336 149.2678337097168
26.37627601623535 97.41915130615234 45.873313903808594 97.41915130615234 45.873313903808594 149.47816467285156 26.37627601623535 149.47816467285156
25.707061767578125 97.88127136230469 46.07576370239258 97.88127136230469 46.07576370239258 150.10318756103516 25.707061767578125 150.10318756103516
