189.0 248.0 202.0 248.0 202.0 276.0 189.0 276.0
188.8907928466797 247.18453979492188 201.99582386016846 247.18453979492188 201.99582386016846 276.39190673828125 188.8907928466797 276.39190673828125
189.02108764648438 248.21243286132812 201.9333848953247 248.21243286132812 201.9333848953247 275.862548828125 189.02108764648438 275.862548828125
188.9521026611328 247.7243194580078 201.8988037109375 247.7243194580078 201.8988037109375 275.5860996246338 188.9521026611328 275.5860996246338
188.9576416015625 248.19003295898438 202.14170837402344 248.19003295898438 202.14170837402344 276.1835422515869 188.9576416015625 276.1835422515869
188.66204833984375 248.37109375 202.23912048339844 248.37109375 202.23912048339844 276.1487922668457 188.66204833984375 276.1487922668457
188.93426513671875 248.1483154296875 202.4872055053711 248.1483154296875 202.4872055053711 275.9500370025635 188.93426513671875 275.9500370025635
188.80718994140625 248.19497680664062 202.17663383483887 248.19497680664062 202.17663383483887 276.437744140625 188.80718994140625 276.437744140625
188.9425048828125 248.73715209960938 202.1429500579834 248.73715209960938 202.1429500579834 276.3251247406006 188.9425048828125 276.3251247406006
188.91250610351562 247.7596893310547 202.2970380783081 247.7596893310547 202.2970380783081 276.13542556762695 188.91250610351562 276.13542556762695
188.6897430419922 248.11154174804688 202.42603588104248 248.11154174804688 202.42603588104248 275.4864101409912 188.6897430419922 275.4864101409912
188.46432495117188 248.7495574951172 202.03726482391357 248.7495574951172 202.03726482391357 275.7868347167969 188.46432495117188 275.7868347167969
188.74493408203125 247.71017456054688 202.05404949188232 247.71017456054688 202.05404949188232 276.6675605773926 188.74493408203125 276.6675605773926
188.4549560546875 247.9827880859375 202.4367799758911 247.9827880859375 202.4367799758911 276.5218162536621 188.4549560546875 276.5218162536621
188.77142333984375 247.6222686767578 202.2019748687744 247.6222686767578 202.2019748687744 276.1047248840332 188.77142333984375 276.1047248840332
188.4942169189453 248.4627227783203 202.15122413635254 248.4627227783203 202.15122413635254 276.8287696838379 188.4942169189453 276.8287696838379
188.57968139648438 248.422607421875 202.2125120162964 248.422607421875 202.2125120162964 276.3794345855713 188.57968139648438 276.3794345855713
188.48997497558594 247.3568572998047 201.71501445770264 247.3568572998047 201.71501445770264 276.60040283203125 188.48997497558594 276.60040283203125
187.4917449951172 249.23721313476562 201.84507942199707 249.23721313476562 201.84507942199707 276.7063903808594 187.4917449951172 276.7063903808594
187.65701293945312 247.882080078125 202.3183183670044 247.882080078125 202.3183183670044 278.13714599609375 187.65701293945312 278.13714599609375
187.7689666748047 246.6041259765625 202.68088722229004 246.6041259765625 202.68088722229004 277.1622428894043 187.7689666748047 277.1622428894043
187.74330139160156 247.3829345703125 202.56649494171143 247.3829345703125 202.56649494171143 278.656530380249 187.74330139160156 278.656530380249
187.42869567871094 247.493408203125 202.42919635772705 247.493408203125 202.42919635772705 278.1703701019287 187.42869567871094 278.1703701019287
187.66671752929688 245.84872436523438 202.2783079147339 245.84872436523438 202.2783079147339 277.8228511810303 187.66671752929688 277.8228511810303
187.28744506835938 247.1313018798828 202.24351501464844 247.1313018798828 202.24351501464844 279.22308349609375 187.28744506835938 279.22308349609375
187.4468231201172 246.69161987304688 202.3827362060547 246.69161987304688 202.3827362060547 278.7412223815918 187.4468231201172 278.7412223815918
187.4365997314453 248.33718872070312 203.00039386749268 248.33718872070312 203.00039386749268 279.58515548706055 187.4365997314453 279.58515548706055
187.42945861816406 246.85440063476562 202.9101047515869 246.85440063476562 202.9101047515869 278.25922203063965 187.42945861816406 278.25922203063965
186.92254638671875 246.9801025390625 203.67463302612305 246.9801025390625 203.67463302612305 278.79734802246094 186.92254638671875 278.79734802246094
187.5718231201172 248.2854766845703 202.8047971725464 248.2854766845703 202.8047971725464 278.24840927124023 187.5718231201172 278.24840927124023
187.4523468017578 247.5835418701172 202.47936820983887 247.5835418701172 202.47936820983887 277.9027557373047 187.4523468017578 277.9027557373047
187.42581176757812 247.85824584960938 202.6248140335083 247.85824584960938 202.6248140335083 279.17197608947754 187.42581176757812 279.17197608947754
187.39566040039062 247.352783203125 202.28737354278564 247.352783203125 202.28737354278564 279.41700744628906 187.39566040039062 279.41700744628906
187.5917205810547 247.13766479492188 203.58163738250732 247.13766479492188 203.58163738250732 278.8606758117676 187.5917205810547 278.8606758117676
187.32260131835938 247.43228149414062 202.9050998687744 247.43228149414062 202.9050998687744 278.69713973999023 187.32260131835938 278.69713973999023
187.31382751464844 248.8430938720703 202.88316822052002 248.8430938720703 202.88316822052002 278.76056480407715 187.31382751464844 278.76056480407715
187.15328979492188 247.2895050048828 202.21852684020996 247.2895050048828 202.21852684020996 278.8959503173828 187.15328979492188 278.8959503173828
187.3130340576172 247.41671752929688 202.5234146118164 247.41671752929688 202.5234146118164 278.2369270324707 187.3130340576172 278.2369270324707
187.40298461914062 248.4743194580078 202.45867919921875 248.4743194580078 202.45867919921875 279.510461807251 187.40298461914062 279.510461807251
187.47299194335938 247.588134765625 202.1511745452881 247.588134765625 202.1511745452881 279.1063175201416 187.47299194335938 279.1063175201416
187.65713500976562 248.6093292236328 202.20962715148926 248.6093292236328 202.20962715148926 279.0185432434082 187.65713500976562 279.0185432434082
187.42298889160156 247.1365966796875 202.18923664093018 247.1365966796875 202.18923664093018 279.5262222290039 187.42298889160156 279.5262222290039
187.81080627441406 247.99130249023438 202.16201210021973 247.99130249023438 202.16201210021973 279.55029678344727 187.81080627441406 279.55029678344727
187.84036254882812 247.75271606445312 201.87096405029297 247.75271606445312 201.87096405029297 279.2622833251953 187.84036254882812 279.2622833251953
187.99484252929688 247.91610717773438 202.10553169250488 247.91610717773438 202.10553169250488 278.87495040893555 187.99484252929688 278.87495040893555
187.64759826660156 248.14987182617188 201.97587871551514 248.14987182617188 201.97587871551514 279.62629318237305 187.64759826660156 279.62629318237305
187.80264282226562 247.99789428710938 202.03726196289062 247.99789428710938 202.03726196289062 278.2206001281738 187.80264282226562 278.2206001281738
187.69619750976562 248.13427734375 202.22195625305176 248.13427734375 202.22195625305176 280.0693168640137 187.69619750976562 280.0693168640137
187.89794921875 247.725830078125 202.14342975616455 247.725830078125 202.14342975616455 279.79940032958984 187.89794921875 279.79940032958984
187.83993530273438 248.42431640625 202.1532688140869 248.42431640625 202.1532688140869 279.5969886779785 187.83993530273438 279.5969886779785
187.9349365234375 248.642578125 202.28565406799316 248.642578125 202.28565406799316 279.4011631011963 187.9349365234375 279.4011631011963
187.4102325439453 248.8424072265625 202.20362663269043 248.8424072265625 202.20362663269043 280.0417079925537 187.4102325439453 280.0417079925537
187.665771484375 247.84988403320312 201.85094451904297 247.84988403320312 201.85094451904297 281.1445846557617 187.665771484375 281.1445846557617
187.64242553710938 248.24142456054688 202.46052265167236 248.24142456054688 202.46052265167236 280.55382537841797 187.64242553710938 280.55382537841797
187.57583618164062 247.90512084960938 201.7965259552002 247.90512084960938 201.7965259552002 279.6316776275635 187.57583618164062 279.6316776275635
187.79214477539062 248.2307891845703 202.2981996536255 248.2307891845703 202.2981996536255 279.8776741027832 187.79214477539062 279.8776741027832
187.71359252929688 248.3438262939453 202.3361530303955 248.3438262939453 202.3361530303955 279.35962295532227 187.71359252929688 279.35962295532227
187.60818481445312 248.10110473632812 202.2426700592041 248.10110473632812 202.2426700592041 279.2689456939697 187.60818481445312 279.2689456939697
187.33209228515625 248.4420623779297 202.1778335571289 248.4420623779297 202.1778335571289 280.5995101928711 187.33209228515625 280.5995101928711
187.52354431152344 248.9789581298828 202.2075777053833 248.9789581298828 202.2075777053833 280.39684104919434 187.52354431152344 280.39684104919434
187.73828125 246.82186889648438 202.3068027496338 246.82186889648438 202.3068027496338 279.917724609375 187.73828125 279.917724609375
187.2188720703125 247.570068359375 202.02463340759277 247.570068359375 202.02463340759277 280.6149482727051 187.2188720703125 280.6149482727051
187.35508728027344 247.68545532226562 202.29354858398438 247.68545532226562 202.29354858398438 279.9800033569336 187.35508728027344 279.9800033569336
187.52191162109375 247.9771270751953 202.3955898284912 247.9771270751953 202.3955898284912 279.8633785247803 187.52191162109375 279.8633785247803
187.48818969726562 247.08767700195312 202.51532459259033 247.08767700195312 202.51532459259033 279.13033294677734 187.48818969726562 279.13033294677734
187.25340270996094 247.62680053710938 202.11233043670654 247.62680053710938 202.11233043670654 279.8364028930664 187.25340270996094 279.8364028930664
187.54495239257812 248.0763702392578 202.36879444122314 248.0763702392578 202.36879444122314 280.0928726196289 187.54495239257812 280.0928726196289
187.4715576171875 247.2401123046875 202.08728790283203 247.2401123046875 202.08728790283203 280.3670463562012 187.4715576171875 280.3670463562012
187.7622528076172 248.2288055419922 202.50487804412842 248.2288055419922 202.50487804412842 279.9154510498047 187.7622528076172 279.9154510498047
187.5640411376953 247.6029052734375 201.95006561279297 247.6029052734375 201.95006561279297 280.2234687805176 187.5640411376953 280.2234687805176
187.28787231445312 247.48062133789062 202.15528297424316 247.48062133789062 202.15528297424316 280.4770202636719 187.28787231445312 280.4770202636719
187.59506225585938 248.0515899658203 202.27779865264893 248.0515899658203 202.27779865264893 279.9089756011963 187.59506225585938 279.9089756011963
187.4393310546875 248.20883178710938 202.47175121307373 248.20883178710938 202.47175121307373 279.2446041107178 187.4393310546875 279.2446041107178
187.56814575195312 247.92135620117188 202.30940437316895 247.92135620117188 202.30940437316895 280.1269874572754 187.56814575195312 280.1269874572754
187.51231384277344 248.5034942626953 202.57764625549316 248.5034942626953 202.57764625549316 281.12454986572266 187.51231384277344 281.12454986572266
187.34922790527344 248.88784790039062 202.5476713180542 248.88784790039062 202.5476713180542 279.94440269470215 187.34922790527344 279.94440269470215
187.53201293945312 248.3975830078125 202.39825916290283 248.3975830078125 202.39825916290283 280.22271156311035 187.53201293945312 280.22271156311035
187.4476776123047 248.336669921875 202.25854206085205 248.336669921875 202.25854206085205 280.8460006713867 187.4476776123047 280.8460006713867
187.52146911621094 247.7524871826172 202.23102378845215 247.7524871826172 202.23102378845215 280.99292373657227 187.52146911621094 280.99292373657227
187.19790649414062 248.7185516357422 202.34208393096924 248.7185516357422 202.34208393096924 280.80469512939453 187.19790649414062 280.80469512939453
187.57843017578125 248.34756469726562 201.91650199890137 248.34756469726562 201.91650199890137 281.01447677612305 187.57843017578125 281.01447677612305
187.5382843017578 248.9235382080078 202.36316680908203 248.9235382080078 202.36316680908203 280.1136169433594 187.5382843017578 280.1136169433594
187.53115844726562 248.58328247070312 202.33957195281982 248.58328247070312 202.33957195281982 280.044864654541 187.53115844726562 280.044864654541
187.5725555419922 248.2158660888672 202.2046537399292 248.2158660888672 202.2046537399292 279.7353916168213 187.5725555419922 279.7353916168213
187.5477294921875 248.5441436767578 202.15206146240234 248.5441436767578 202.15206146240234 280.44941329956055 187.5477294921875 280.44941329956055
187.63870239257812 248.39492797851562 202.16071891784668 248.39492797851562 202.16071891784668 279.9551887512207 187.63870239257812 279.9551887512207
187.5833740234375 247.8608856201172 202.01630210876465 247.8608856201172 202.01630210876465 280.3316879272461 187.5833740234375 280.3316879272461
187.53407287597656 247.8733367919922 202.3289976119995 247.8733367919922 202.3289976119995 279.59218978881836 187.53407287597656 279.59218978881836
187.70309448242188 249.0223388671875 202.44779777526855 249.0223388671875 202.44779777526855 278.779239654541 187.70309448242188 278.779239654541
187.63983154296875 247.7664337158203 202.16779899597168 247.7664337158203 202.16779899597168 279.8794708251953 187.63983154296875 279.8794708251953
187.6165771484375 248.40737915039062 202.2192783355713 248.40737915039062 202.2192783355713 280.47484588623047 187.6165771484375 280.47484588623047
187.1781768798828 247.8183135986328 201.9500093460083 247.8183135986328 201.9500093460083 280.24818420410156 187.1781768798828 280.24818420410156
187.58828735351562 247.39492797851562 202.2564573287964 247.39492797851562 202.2564573287964 279.83446502685547 187.58828735351562 279.83446502685547
187.39874267578125 247.70761108398438 202.40393352508545 247.70761108398438 202.40393352508545 280.8902587890625 187.39874267578125 280.8902587890625
187.375 247.45877075195312 202.41164684295654 247.45877075195312 202.41164684295654 280.81212615966797 187.375 280.81212615966797
187.03115844726562 247.242919921875 202.36245918273926 247.242919921875 202.36245918273926 280.7500228881836 187.03115844726562 280.7500228881836
187.53131103515625 247.3544921875 203.22822284698486 247.3544921875 203.22822284698486 281.0122985839844 187.53131103515625 281.0122985839844
187.28848266601562 247.93612670898438 202.74417400360107 247.93612670898438 202.74417400360107 282.2948417663574 187.28848266601562 282.2948417663574
187.37509155273438 247.06570434570312 202.4245204925537 247.06570434570312 202.4245204925537 280.9177131652832 187.37509155273438 280.9177131652832
187.25393676757812 248.4164276123047 201.82941436767578 248.4164276123047 201.82941436767578 283.94295501708984 187.25393676757812 283.94295501708984
186.9111328125 248.32119750976562 201.96001720428467 248.32119750976562 201.96001720428467 283.15811920166016 186.9111328125 283.15811920166016
187.51251220703125 248.1290283203125 202.35247039794922 248.1290283203125 202.35247039794922 283.02111053466797 187.51251220703125 283.02111053466797
186.7943572998047 248.9796142578125 201.56985759735107 248.9796142578125 201.56985759735107 283.92595291137695 186.7943572998047 283.92595291137695
185.7506866455078 251.05307006835938 200.3836088180542 251.05307006835938 200.3836088180542 282.57014083862305 185.7506866455078 282.57014083862305
186.4630889892578 249.1759490966797 200.85663318634033 249.1759490966797 200.85663318634033 283.2052536010742 186.4630889892578 283.2052536010742
186.2974853515625 250.52880859375 202.29260063171387 250.52880859375 202.29260063171387 284.7112731933594 186.2974853515625 284.7112731933594
186.2369842529297 251.6438751220703 201.8474245071411 251.6438751220703 201.8474245071411 284.98668670654297 186.2369842529297 284.98668670654297
186.61544799804688 253.45230102539062 201.040433883667 253.45230102539062 201.040433883667 284.5215091705322 186.61544799804688 284.5215091705322
185.38803100585938 253.36825561523438 201.09651374816895 253.36825561523438 201.09651374816895 285.4115524291992 185.38803100585938 285.4115524291992
185.09637451171875 255.3400115966797 199.42865180969238 255.3400115966797 199.42865180969238 286.2095432281494 185.09637451171875 286.2095432281494
184.39923095703125 254.75271606445312 198.83981609344482 254.75271606445312 198.83981609344482 285.855525970459 184.39923095703125 285.855525970459
183.0950927734375 255.7241973876953 198.82007026672363 255.7241973876953 198.82007026672363 287.5868682861328 183.0950927734375 287.5868682861328
182.84547424316406 253.8621063232422 198.04521942138672 253.8621063232422 198.04521942138672 285.8321781158447 182.84547424316406 285.8321781158447
180.91297912597656 254.408447265625 196.96213722229004 254.408447265625 196.96213722229004 287.04566955566406 180.91297912597656 287.04566955566406
181.57034301757812 252.9687957763672 196.90508270263672 252.9687957763672 196.90508270263672 285.811767578125 181.57034301757812 285.811767578125
179.01766967773438 255.14797973632812 194.03580951690674 255.14797973632812 194.03580951690674 288.4068298339844 179.01766967773438 288.4068298339844
180.50990295410156 254.50045776367188 195.05298328399658 254.50045776367188 195.05298328399658 288.32971954345703 180.50990295410156 288.32971954345703
186.4804229736328 247.85986328125 200.62908744812012 247.85986328125 200.62908744812012 280.8579559326172 186.4804229736328 280.8579559326172
187.96923828125 246.8773651123047 202.09398365020752 246.8773651123047 202.09398365020752 279.4584159851074 187.96923828125 279.4584159851074
186.85598754882812 248.65414428710938 202.19481372833252 248.65414428710938 202.19481372833252 279.6517143249512 186.85598754882812 279.6517143249512
186.892822265625 246.7411346435547 201.8365602493286 246.7411346435547 201.8365602493286 279.2660140991211 186.892822265625 279.2660140991211
186.25802612304688 247.4962615966797 201.82244110107422 247.4962615966797 201.82244110107422 278.4108695983887 186.25802612304688 278.4108695983887
186.77847290039062 247.61386108398438 201.56949424743652 247.61386108398438 201.56949424743652 279.0498161315918 186.77847290039062 279.0498161315918
187.19827270507812 246.3752899169922 201.79955768585205 246.3752899169922 201.79955768585205 279.3947525024414 187.19827270507812 279.3947525024414
187.08016967773438 247.7913818359375 202.35013103485107 247.7913818359375 202.35013103485107 280.69144439697266 187.08016967773438 280.69144439697266
186.91812133789062 247.686279296875 203.0397186279297 247.686279296875 203.0397186279297 281.3722152709961 186.91812133789062 281.3722152709961
187.05584716796875 249.1482391357422 203.0172634124756 249.1482391357422 203.0172634124756 283.7495460510254 187.05584716796875 283.7495460510254
186.344970703125 249.59695434570312 202.41487503051758 249.59695434570312 202.41487503051758 283.36608123779297 186.344970703125 283.36608123779297
187.01080322265625 250.6283721923828 202.51261711120605 250.6283721923828 202.51261711120605 284.0567054748535 187.01080322265625 284.0567054748535
186.71490478515625 252.3094482421875 201.9048433303833 252.3094482421875 201.9048433303833 284.5277900695801 186.71490478515625 284.5277900695801
186.07376098632812 249.8970947265625 202.21286010742188 249.8970947265625 202.21286010742188 283.97010040283203 186.07376098632812 283.97010040283203
186.29025268554688 248.9812774658203 201.90334510803223 248.9812774658203 201.90334510803223 284.17013931274414 186.29025268554688 284.17013931274414
185.6479034423828 248.26675415039062 202.2057228088379 248.26675415039062 202.2057228088379 283.9091567993164 185.6479034423828 283.9091567993164
185.36048889160156 249.62796020507812 201.18694496154785 249.62796020507812 201.18694496154785 284.4781723022461 185.36048889160156 284.4781723022461
185.52525329589844 248.6416015625 201.8564109802246 248.6416015625 201.8564109802246 284.9164390563965 185.52525329589844 284.9164390563965
185.72042846679688 251.440673828125 201.91913414001465 251.440673828125 201.91913414001465 286.1181755065918 185.72042846679688 286.1181755065918
186.2457733154297 249.17941284179688 202.59789657592773 249.17941284179688 202.59789657592773 284.91579818725586 186.2457733154297 284.91579818725586
185.62936401367188 251.3874053955078 203.0395622253418 251.3874053955078 203.0395622253418 285.76185607910156 185.62936401367188 285.76185607910156
185.88479614257812 250.6631317138672 202.30224990844727 250.6631317138672 202.30224990844727 285.85462188720703 185.88479614257812 285.85462188720703
185.41281127929688 250.46963500976562 202.20681381225586 250.46963500976562 202.20681381225586 286.5135383605957 185.41281127929688 286.5135383605957
185.8995819091797 252.3077392578125 202.15890502929688 252.3077392578125 202.15890502929688 287.42694091796875 185.8995819091797 287.42694091796875
184.98995971679688 250.668212890625 201.20159530639648 250.668212890625 201.20159530639648 284.83471298217773 184.98995971679688 284.83471298217773
183.6004180908203 253.47940063476562 200.00850105285645 253.47940063476562 200.00850105285645 287.72388458251953 183.6004180908203 287.72388458251953
180.78823852539062 255.1852264404297 197.36441040039062 255.1852264404297 197.36441040039062 288.9263916015625 180.78823852539062 288.9263916015625
181.8037567138672 254.13461303710938 198.76227188110352 254.13461303710938 198.76227188110352 288.3582878112793 181.8037567138672 288.3582878112793
182.6842803955078 255.78182983398438 198.11134910583496 255.78182983398438 198.11134910583496 289.0093574523926 182.6842803955078 289.0093574523926
181.1053466796875 254.67630004882812 197.2008762359619 254.67630004882812 197.2008762359619 288.8975143432617 181.1053466796875 288.8975143432617
180.73509216308594 255.7301788330078 196.95501708984375 255.7301788330078 196.95501708984375 288.40903091430664 180.73509216308594 288.40903091430664
178.4370880126953 254.8557586669922 194.88434219360352 254.8557586669922 194.88434219360352 288.5137481689453 178.4370880126953 288.5137481689453
178.72848510742188 251.56494140625 194.90576553344727 251.56494140625 194.90576553344727 286.9241256713867 178.72848510742188 286.9241256713867
177.4398193359375 254.33737182617188 193.8001766204834 254.33737182617188 193.8001766204834 288.4441909790039 177.4398193359375 288.4441909790039
178.256591796875 254.76998901367188 193.44054222106934 254.76998901367188 193.44054222106934 288.86688232421875 178.256591796875 288.86688232421875
177.87200927734375 253.9351348876953 193.42005729675293 253.9351348876953 193.42005729675293 288.1543617248535 177.87200927734375 288.1543617248535
177.39422607421875 253.74172973632812 193.39143562316895 253.74172973632812 193.39143562316895 287.74488067626953 177.39422607421875 287.74488067626953
177.0004119873047 254.22830200195312 193.30261039733887 254.22830200195312 193.30261039733887 288.7048683166504 177.0004119873047 288.7048683166504
176.84603881835938 255.88589477539062 193.0430564880371 255.88589477539062 193.0430564880371 289.4202461242676 176.84603881835938 289.4202461242676
175.84432983398438 254.42782592773438 191.74344444274902 254.42782592773438 191.74344444274902 287.80738830566406 175.84432983398438 287.80738830566406
174.91558837890625 255.2863311767578 191.055082321167 255.2863311767578 191.055082321167 289.27027130126953 174.91558837890625 289.27027130126953
174.74502563476562 256.4417419433594 190.76647567749023 256.4417419433594 190.76647567749023 289.2268981933594 174.74502563476562 289.2268981933594
174.70343017578125 257.3387451171875 190.47902870178223 257.3387451171875 190.47902870178223 290.73017501831055 174.70343017578125 290.73017501831055
175.02423095703125 255.57901000976562 191.36772537231445 255.57901000976562 191.36772537231445 290.3787612915039 175.02423095703125 290.3787612915039
174.48220825195312 256.3294372558594 190.26604747772217 256.3294372558594 190.26604747772217 289.7520637512207 174.48220825195312 289.7520637512207
174.11634826660156 257.580078125 189.88181495666504 257.580078125 189.88181495666504 289.56488037109375 174.11634826660156 289.56488037109375
173.5941619873047 258.78411865234375 189.21782398223877 258.78411865234375 189.21782398223877 290.3407325744629 173.5941619873047 290.3407325744629
173.18820190429688 258.35296630859375 187.73195838928223 258.35296630859375 187.73195838928223 289.6779842376709 173.18820190429688 289.6779842376709
173.43746948242188 256.6851501464844 189.31547832489014 256.6851501464844 189.31547832489014 289.655517578125 173.43746948242188 289.655517578125
172.76004028320312 255.96261596679688 188.46728515625 255.96261596679688 188.46728515625 290.6244354248047 172.76004028320312 290.6244354248047
174.564208984375 257.1828918457031 190.09351539611816 257.1828918457031 190.09351539611816 290.61355209350586 174.564208984375 290.61355209350586
174.00775146484375 257.9798278808594 189.14874839782715 257.9798278808594 189.14874839782715 291.5960807800293 174.00775146484375 291.5960807800293
174.17408752441406 257.6251220703125 189.12117767333984 257.6251220703125 189.12117767333984 291.43368911743164 174.17408752441406 291.43368911743164
173.5620880126953 257.24432373046875 188.84815216064453 257.24432373046875 188.84815216064453 292.6450538635254 173.5620880126953 292.6450538635254
173.7762908935547 257.4334716796875 189.65499305725098 257.4334716796875 189.65499305725098 292.4106864929199 173.7762908935547 292.4106864929199
173.118896484375 257.5818786621094 188.73250007629395 257.5818786621094 188.73250007629395 292.9310417175293 173.118896484375 292.9310417175293
172.66323852539062 257.1702880859375 189.0820655822754 257.1702880859375 189.0820655822754 292.42317962646484 172.66323852539062 292.42317962646484
172.1102294921875 256.026611328125 188.58134078979492 256.026611328125 188.58134078979492 292.4896049499512 172.1102294921875 292.4896049499512
172.5744171142578 257.19049072265625 189.0449047088623 257.19049072265625 189.0449047088623 293.58802032470703 172.5744171142578 293.58802032470703
172.46231079101562 257.85504150390625 188.6929588317871 257.85504150390625 188.6929588317871 294.1562805175781 172.46231079101562 294.1562805175781
172.62564086914062 259.977294921875 188.11836433410645 259.977294921875 188.11836433410645 293.346248626709 172.62564086914062 293.346248626709
171.44012451171875 258.3006591796875 187.13851642608643 258.3006591796875 187.13851642608643 292.11258697509766 171.44012451171875 292.11258697509766
177.7781982421875 253.4900665283203 193.46302318572998 253.4900665283203 193.46302318572998 287.2727737426758 177.7781982421875 287.2727737426758
183.2634735107422 249.33798217773438 199.32171058654785 249.33798217773438 199.32171058654785 282.47186279296875 183.2634735107422 282.47186279296875
186.2679443359375 247.2984161376953 202.09660053253174 247.2984161376953 202.09660053253174 279.2495822906494 186.2679443359375 279.2495822906494
186.97256469726562 247.75723266601562 201.765362739563 247.75723266601562 201.765362739563 279.9613151550293 186.97256469726562 279.9613151550293
186.62391662597656 247.68978881835938 201.62910652160645 247.68978881835938 201.62910652160645 279.6728458404541 186.62391662597656 279.6728458404541
186.86782836914062 247.5045623779297 201.71936321258545 247.5045623779297 201.71936321258545 279.7127151489258 186.86782836914062 279.7127151489258
186.9025421142578 247.02871704101562 201.32964038848877 247.02871704101562 201.32964038848877 279.3995895385742 186.9025421142578 279.3995895385742
187.0507354736328 246.66116333007812 201.35616302490234 246.66116333007812 201.35616302490234 278.93053436279297 187.0507354736328 278.93053436279297
187.70372009277344 247.30606079101562 202.29657554626465 247.30606079101562 202.29657554626465 277.5554084777832 187.70372009277344 277.5554084777832
188.05203247070312 245.96994018554688 202.00152015686035 245.96994018554688 202.00152015686035 276.9579372406006 188.05203247070312 276.9579372406006
188.00924682617188 246.205322265625 202.1709499359131 246.205322265625 202.1709499359131 276.71339988708496 188.00924682617188 276.71339988708496
188.60128784179688 247.0124969482422 202.61952018737793 247.0124969482422 202.61952018737793 277.7239227294922 188.60128784179688 277.7239227294922
188.82077026367188 247.59228515625 202.46569633483887 247.59228515625 202.46569633483887 277.15460205078125 188.82077026367188 277.15460205078125
188.43026733398438 247.53378295898438 202.72434997558594 247.53378295898438 202.72434997558594 277.09412574768066 188.43026733398438 277.09412574768066
187.4756622314453 244.30313110351562 203.21453380584717 244.30313110351562 203.21453380584717 278.2022361755371 187.4756622314453 278.2022361755371
187.89598083496094 247.1256561279297 203.03742218017578 247.1256561279297 203.03742218017578 276.9380989074707 187.89598083496094 276.9380989074707
187.3633270263672 247.8516845703125 202.46086883544922 247.8516845703125 202.46086883544922 279.6652488708496 187.3633270263672 279.6652488708496
187.5447235107422 248.70413208007812 203.20028686523438 248.70413208007812 203.20028686523438 280.60633850097656 187.5447235107422 280.60633850097656
186.31292724609375 247.50723266601562 202.412202835083 247.50723266601562 202.412202835083 279.8686981201172 186.31292724609375 279.8686981201172
186.39645385742188 249.06405639648438 202.08889293670654 249.06405639648438 202.08889293670654 283.0328140258789 186.39645385742188 283.0328140258789
186.63748168945312 246.27978515625 202.5022792816162 246.27978515625 202.5022792816162 278.5154228210449 186.63748168945312 278.5154228210449
186.1211395263672 247.26541137695312 202.188720703125 247.26541137695312 202.188720703125 281.52685546875 186.1211395263672 281.52685546875
186.37986755371094 248.04244995117188 202.0915069580078 248.04244995117188 202.0915069580078 283.73586654663086 186.37986755371094 283.73586654663086
186.4793701171875 248.041748046875 202.3433713912964 248.041748046875 202.3433713912964 281.92426681518555 186.4793701171875 281.92426681518555
187.08155822753906 247.76992797851562 202.74249076843262 247.76992797851562 202.74249076843262 281.85192108154297 187.08155822753906 281.85192108154297
186.9180908203125 248.35244750976562 202.3681812286377 248.35244750976562 202.3681812286377 283.7516860961914 186.9180908203125 283.7516860961914
186.54122924804688 247.61257934570312 202.56028175354004 247.61257934570312 202.56028175354004 281.9183578491211 186.54122924804688 281.9183578491211
186.7991943359375 248.1991729736328 202.82987594604492 248.1991729736328 202.82987594604492 281.04664611816406 186.7991943359375 281.04664611816406
186.89158630371094 248.19277954101562 203.25343322753906 248.19277954101562 203.25343322753906 280.96451568603516 186.89158630371094 280.96451568603516
186.33181762695312 248.4102783203125 202.6078701019287 248.4102783203125 202.6078701019287 282.0567970275879 186.33181762695312 282.0567970275879
186.75584411621094 248.90225219726562 202.6512575149536 248.90225219726562 202.6512575149536 282.15674591064453 186.75584411621094 282.15674591064453
186.36904907226562 248.5147705078125 202.7819118499756 248.5147705078125 202.7819118499756 281.8451614379883 186.36904907226562 281.8451614379883
186.83685302734375 249.1370391845703 203.23740196228027 249.1370391845703 203.23740196228027 282.1776695251465 186.83685302734375 282.1776695251465
186.58499145507812 248.2078857421875 203.3155632019043 248.2078857421875 203.3155632019043 281.9436264038086 186.58499145507812 281.9436264038086
186.5578155517578 247.8090057373047 203.31538009643555 247.8090057373047 203.31538009643555 280.57554626464844 186.5578155517578 280.57554626464844
186.91647338867188 247.7852325439453 202.44673919677734 247.7852325439453 202.44673919677734 281.0192756652832 186.91647338867188 281.0192756652832
186.469482421875 248.30197143554688 202.7820224761963 248.30197143554688 202.7820224761963 281.5864372253418 186.469482421875 281.5864372253418
186.7525177001953 248.98886108398438 202.85408401489258 248.98886108398438 202.85408401489258 282.09794998168945 186.7525177001953 282.09794998168945
186.5381622314453 248.1173095703125 202.58360862731934 248.1173095703125 202.58360862731934 281.14454650878906 186.5381622314453 281.14454650878906
187.06417846679688 249.3506317138672 202.75619792938232 249.3506317138672 202.75619792938232 281.12177085876465 187.06417846679688 281.12177085876465
186.88003540039062 248.169677734375 202.76470756530762 248.169677734375 202.76470756530762 280.5809631347656 186.88003540039062 280.5809631347656
186.4828338623047 247.4429168701172 202.89233016967773 247.4429168701172 202.89233016967773 280.7433280944824 186.4828338623047 280.7433280944824
186.82626342773438 248.2401580810547 202.98726844787598 248.2401580810547 202.98726844787598 280.65957260131836 186.82626342773438 280.65957260131836
187.0613555908203 247.4542694091797 202.5171709060669 247.4542694091797 202.5171709060669 281.01842498779297 187.0613555908203 281.01842498779297
187.1103057861328 247.99072265625 202.96336364746094 247.99072265625 202.96336364746094 281.7332649230957 187.1103057861328 281.7332649230957
187.11676025390625 247.704345703125 203.14967727661133 247.704345703125 203.14967727661133 280.8808784484863 187.11676025390625 280.8808784484863
187.16986083984375 248.4461212158203 203.21471977233887 248.4461212158203 203.21471977233887 281.24202728271484 187.16986083984375 281.24202728271484
186.73001098632812 247.4167022705078 203.27161026000977 247.4167022705078 203.27161026000977 280.7235794067383 186.73001098632812 280.7235794067383
186.94912719726562 246.3143310546875 202.88292503356934 246.3143310546875 202.88292503356934 280.9959259033203 186.94912719726562 280.9959259033203
186.93246459960938 249.802978515625 202.90396404266357 249.802978515625 202.90396404266357 283.11804580688477 186.93246459960938 283.11804580688477
187.16575622558594 248.2606964111328 202.52051830291748 248.2606964111328 202.52051830291748 281.6811065673828 187.16575622558594 281.6811065673828
186.8997802734375 246.66781616210938 202.3939266204834 246.66781616210938 202.3939266204834 281.31922149658203 186.8997802734375 281.31922149658203
186.88145446777344 248.3641815185547 202.48280334472656 248.3641815185547 202.48280334472656 282.44363021850586 186.88145446777344 282.44363021850586
186.55398559570312 248.9143524169922 202.17335987091064 248.9143524169922 202.17335987091064 282.88768005371094 186.55398559570312 282.88768005371094
186.23245239257812 247.7416534423828 201.6733522415161 247.7416534423828 201.6733522415161 281.9915084838867 186.23245239257812 281.9915084838867
187.02987670898438 247.8958282470703 202.6245241165161 247.8958282470703 202.6245241165161 281.0859603881836 187.02987670898438 281.0859603881836
186.6768341064453 247.5637664794922 202.51822662353516 247.5637664794922 202.51822662353516 279.59316635131836 186.6768341064453 279.59316635131836
186.9470977783203 244.8186798095703 203.0541648864746 244.8186798095703 203.0541648864746 278.1443519592285 186.9470977783203 278.1443519592285
186.06533813476562 241.03085327148438 202.2654685974121 241.03085327148438 202.2654685974121 275.9234428405762 186.06533813476562 275.9234428405762
186.52285766601562 242.8876190185547 202.8210906982422 242.8876190185547 202.8210906982422 276.8493881225586 186.52285766601562 276.8493881225586
185.307373046875 238.2267608642578 201.08712196350098 238.2267608642578 201.08712196350098 272.2139091491699 185.307373046875 272.2139091491699
184.12782287597656 239.917236328125 200.01001167297363 239.917236328125 200.01001167297363 274.1250228881836 184.12782287597656 274.1250228881836
183.41265869140625 241.18875122070312 199.0869541168213 241.18875122070312 199.0869541168213 274.94876861572266 183.41265869140625 274.94876861572266
182.71969604492188 241.13546752929688 198.3904390335083 241.13546752929688 198.3904390335083 274.8878364562988 182.71969604492188 274.8878364562988
186.26046752929688 243.3634796142578 201.72836017608643 243.3634796142578 201.72836017608643 276.67893981933594 186.26046752929688 276.67893981933594
186.05892944335938 242.4248809814453 201.51535320281982 242.4248809814453 201.51535320281982 275.7156410217285 186.05892944335938 275.7156410217285
191.03189086914062 242.77194213867188 206.71069526672363 242.77194213867188 206.71069526672363 276.54167556762695 191.03189086914062 276.54167556762695
205.09109497070312 242.9563751220703 220.45754528045654 242.9563751220703 220.45754528045654 276.0533447265625 205.09109497070312 276.0533447265625
205.3594970703125 243.04959106445312 220.80110359191895 243.04959106445312 220.80110359191895 276.30843353271484 205.3594970703125 276.30843353271484
206.21163940429688 243.15176391601562 221.56546306610107 243.15176391601562 221.56546306610107 276.2215347290039 206.21163940429688 276.2215347290039
197.9237823486328 248.46902465820312 213.23220348358154 248.46902465820312 213.23220348358154 281.4410057067871 197.9237823486328 281.4410057067871
202.22674560546875 248.5354461669922 217.68343925476074 248.5354461669922 217.68343925476074 281.82678604125977 202.22674560546875 281.82678604125977
203.71022033691406 246.08297729492188 219.13090705871582 246.08297729492188 219.13090705871582 279.2967643737793 203.71022033691406 279.2967643737793
186.65321350097656 250.6894989013672 201.83068084716797 250.6894989013672 201.83068084716797 283.3794288635254 186.65321350097656 283.3794288635254
179.9617919921875 257.5177307128906 195.05090522766113 257.5177307128906 195.05090522766113 290.01736068725586 179.9617919921875 290.01736068725586
184.9029998779297 252.23379516601562 200.26466846466064 252.23379516601562 200.26466846466064 285.3204650878906 184.9029998779297 285.3204650878906
187.3274688720703 248.296142578125 202.9156322479248 248.296142578125 202.9156322479248 281.8706474304199 187.3274688720703 281.8706474304199
183.64259338378906 248.0010986328125 199.34390830993652 248.0010986328125 199.34390830993652 281.8193130493164 183.64259338378906 281.8193130493164
186.90634155273438 248.4083709716797 202.7506866455078 248.4083709716797 202.7506866455078 282.5346488952637 186.90634155273438 282.5346488952637
176.5178680419922 251.9139862060547 192.73146438598633 251.9139862060547 192.73146438598633 286.83557510375977 176.5178680419922 286.83557510375977
176.04473876953125 251.97769165039062 192.32716369628906 251.97769165039062 192.32716369628906 287.04752349853516 176.04473876953125 287.04752349853516
175.1268768310547 253.49307250976562 191.36462020874023 253.49307250976562 191.36462020874023 288.46666717529297 175.1268768310547 288.46666717529297
186.01084899902344 248.2042694091797 202.26830101013184 248.2042694091797 202.26830101013184 283.22031021118164 186.01084899902344 283.22031021118164
176.87826538085938 247.6688232421875 192.93089866638184 247.6688232421875 192.93089866638184 282.2437171936035 176.87826538085938 282.2437171936035
175.2909393310547 249.2294464111328 191.31330490112305 249.2294464111328 191.31330490112305 283.73914337158203 175.2909393310547 283.73914337158203
171.26400756835938 248.92044067382812 187.22128868103027 248.92044067382812 187.22128868103027 283.28995513916016 171.26400756835938 283.28995513916016
179.70254516601562 252.90518188476562 195.50866413116455 252.90518188476562 195.50866413116455 286.9491157531738 179.70254516601562 286.9491157531738
185.8104248046875 252.54248046875 201.50036144256592 252.54248046875 201.50036144256592 286.33617401123047 185.8104248046875 286.33617401123047
188.588623046875 251.1663818359375 204.49234008789062 251.1663818359375 204.49234008789062 285.42052459716797 188.588623046875 285.42052459716797
182.7633819580078 251.56503295898438 198.57459259033203 251.56503295898438 198.57459259033203 285.619930267334 182.7633819580078 285.619930267334
182.51748657226562 252.87246704101562 198.31103515625 252.87246704101562 198.31103515625 286.8893241882324 182.51748657226562 286.8893241882324
186.89561462402344 251.2339324951172 203.00687217712402 251.2339324951172 203.00687217712402 285.9350929260254 186.89561462402344 285.9350929260254
188.05587768554688 252.08914184570312 204.36098670959473 252.08914184570312 204.36098670959473 287.2078323364258 188.05587768554688 287.2078323364258
187.5663604736328 249.6632080078125 204.13761138916016 249.6632080078125 204.13761138916016 285.3551254272461 187.5663604736328 285.3551254272461
188.3985595703125 251.4512176513672 204.9872341156006 251.4512176513672 204.9872341156006 287.1806640625 188.3985595703125 287.1806640625
184.83840942382812 249.20443725585938 201.3656520843506 249.20443725585938 201.3656520843506 284.8015670776367 184.83840942382812 284.8015670776367
184.35537719726562 249.5428924560547 200.62588500976562 249.5428924560547 200.62588500976562 284.58705139160156 184.35537719726562 284.58705139160156
184.71224975585938 249.8515625 200.97032165527344 249.8515625 200.97032165527344 284.86893463134766 184.71224975585938 284.86893463134766
181.6395721435547 252.89382934570312 197.94807052612305 252.89382934570312 197.94807052612305 288.01981353759766 181.6395721435547 288.01981353759766
186.26730346679688 248.65328979492188 202.26417350769043 248.65328979492188 202.26417350769043 284.8693656921387 186.26730346679688 284.8693656921387
186.9330596923828 247.46762084960938 203.1242904663086 247.46762084960938 203.1242904663086 285.85429763793945 186.9330596923828 285.85429763793945
186.88250732421875 248.2774200439453 204.36054039001465 248.2774200439453 204.36054039001465 284.5842819213867 186.88250732421875 284.5842819213867
186.53488159179688 249.31649780273438 202.9355754852295 249.31649780273438 202.9355754852295 285.68746185302734 186.53488159179688 285.68746185302734
186.48544311523438 250.15438842773438 202.56989860534668 250.15438842773438 202.56989860534668 286.63764572143555 186.48544311523438 286.63764572143555
186.71505737304688 249.497802734375 202.5770387649536 249.497802734375 202.5770387649536 284.66696548461914 186.71505737304688 284.66696548461914
186.3199920654297 248.2687530517578 203.3813018798828 248.2687530517578 203.3813018798828 283.3228874206543 186.3199920654297 283.3228874206543
186.2797393798828 249.0821075439453 203.21453475952148 249.0821075439453 203.21453475952148 284.1371726989746 186.2797393798828 284.1371726989746
186.39334106445312 252.40023803710938 202.22339630126953 252.40023803710938 202.22339630126953 286.6819725036621 186.39334106445312 286.6819725036621
186.3854217529297 249.6625518798828 202.89402770996094 249.6625518798828 202.89402770996094 285.41455459594727 186.3854217529297 285.41455459594727
186.4716339111328 249.0128936767578 203.2664031982422 249.0128936767578 203.2664031982422 284.33995056152344 186.4716339111328 284.33995056152344
186.25515747070312 250.2978973388672 202.80037879943848 250.2978973388672 202.80037879943848 286.0182571411133 186.25515747070312 286.0182571411133
186.22787475585938 249.5516357421875 202.64211082458496 249.5516357421875 202.64211082458496 285.1872749328613 186.22787475585938 285.1872749328613
186.74362182617188 247.83560180664062 202.96153831481934 247.83560180664062 202.96153831481934 283.5276336669922 186.74362182617188 283.5276336669922
186.74661254882812 249.3087158203125 203.57407569885254 249.3087158203125 203.57407569885254 284.6880874633789 186.74661254882812 284.6880874633789
186.29629516601562 249.21902465820312 202.45696258544922 249.21902465820312 202.45696258544922 284.3673210144043 186.29629516601562 284.3673210144043
186.76998901367188 248.1351318359375 203.99562454223633 248.1351318359375 203.99562454223633 282.73735427856445 186.76998901367188 282.73735427856445
186.52304077148438 247.3405303955078 204.16289901733398 247.3405303955078 204.16289901733398 282.5134620666504 186.52304077148438 282.5134620666504
186.54270935058594 247.09201049804688 202.8928279876709 247.09201049804688 202.8928279876709 282.034122467041 186.54270935058594 282.034122467041
186.22396850585938 248.2433319091797 203.00444984436035 248.2433319091797 203.00444984436035 282.6764144897461 186.22396850585938 282.6764144897461
186.48355102539062 249.45492553710938 203.41093826293945 249.45492553710938 203.41093826293945 282.33776092529297 186.48355102539062 282.33776092529297
186.7993927001953 248.70675659179688 202.74732398986816 248.70675659179688 202.74732398986816 281.6912422180176 186.7993927001953 281.6912422180176
186.5367889404297 248.54931640625 202.42953777313232 248.54931640625 202.42953777313232 281.9380798339844 186.5367889404297 281.9380798339844
186.61029052734375 248.3782196044922 202.27163124084473 248.3782196044922 202.27163124084473 282.45508575439453 186.61029052734375 282.45508575439453
186.11793518066406 249.05123901367188 202.80786514282227 249.05123901367188 202.80786514282227 282.0055465698242 186.11793518066406 282.0055465698242
186.60980224609375 248.39553833007812 203.0111026763916 248.39553833007812 203.0111026763916 282.7567901611328 186.60980224609375 282.7567901611328
186.91098022460938 247.87167358398438 203.31303024291992 247.87167358398438 203.31303024291992 281.6310691833496 186.91098022460938 281.6310691833496
186.6454315185547 248.2078094482422 203.0044059753418 248.2078094482422 203.0044059753418 282.0998229980469 186.6454315185547 282.0998229980469
186.7002716064453 248.35763549804688 203.24835777282715 248.35763549804688 203.24835777282715 282.85009002685547 186.7002716064453 282.85009002685547
186.47268676757812 247.72171020507812 203.23049354553223 247.72171020507812 203.23049354553223 281.9493942260742 186.47268676757812 281.9493942260742
186.5391845703125 247.9271697998047 202.7255401611328 247.9271697998047 202.7255401611328 282.73706817626953 186.5391845703125 282.73706817626953
186.86004638671875 247.77978515625 202.11519050598145 247.77978515625 202.11519050598145 282.8796501159668 186.86004638671875 282.8796501159668
186.87356567382812 248.68661499023438 202.77758598327637 248.68661499023438 202.77758598327637 282.1019172668457 186.87356567382812 282.1019172668457
186.81838989257812 248.34298706054688 203.15215492248535 248.34298706054688 203.15215492248535 281.71965408325195 186.81838989257812 281.71965408325195
187.00604248046875 248.91934204101562 203.3598747253418 248.91934204101562 203.3598747253418 282.0136604309082 187.00604248046875 282.0136604309082
186.8814697265625 248.1279754638672 203.21076583862305 248.1279754638672 203.21076583862305 282.0746612548828 186.8814697265625 282.0746612548828
186.54190063476562 248.451171875 203.7485008239746 248.451171875 203.7485008239746 282.6314125061035 186.54190063476562 282.6314125061035
186.9989776611328 249.05215454101562 203.6578025817871 249.05215454101562 203.6578025817871 283.1552314758301 186.9989776611328 283.1552314758301
186.1307830810547 248.60525512695312 203.09690475463867 248.60525512695312 203.09690475463867 282.803035736084 186.1307830810547 282.803035736084
186.4805908203125 248.2897186279297 203.22126960754395 248.2897186279297 203.22126960754395 281.65857315063477 186.4805908203125 281.65857315063477
186.45742797851562 249.5863800048828 203.01441955566406 249.5863800048828 203.01441955566406 282.0720443725586 186.45742797851562 282.0720443725586
186.13082885742188 248.394775390625 203.22867965698242 248.394775390625 203.22867965698242 281.7778129577637 186.13082885742188 281.7778129577637
186.58114624023438 248.8259735107422 203.2026481628418 248.8259735107422 203.2026481628418 281.5026969909668 186.58114624023438 281.5026969909668
186.671630859375 249.0699005126953 203.16635513305664 249.0699005126953 203.16635513305664 281.81647872924805 186.671630859375 281.81647872924805
186.51393127441406 247.7761688232422 203.38727951049805 247.7761688232422 203.38727951049805 281.8804359436035 186.51393127441406 281.8804359436035
186.4603271484375 248.1923370361328 203.1885051727295 248.1923370361328 203.1885051727295 281.4224624633789 186.4603271484375 281.4224624633789
186.539306640625 248.1853790283203 203.57201766967773 248.1853790283203 203.57201766967773 282.12652587890625 186.539306640625 282.12652587890625
186.3837890625 247.91677856445312 203.19448852539062 247.91677856445312 203.19448852539062 282.54089736938477 186.3837890625 282.54089736938477
186.68087768554688 248.64352416992188 203.8124237060547 248.64352416992188 203.8124237060547 281.955078125 186.68087768554688 281.955078125
186.3526153564453 248.8782196044922 203.4805507659912 248.8782196044922 203.4805507659912 282.99282455444336 186.3526153564453 282.99282455444336
186.8934783935547 249.05215454101562 203.96694564819336 249.05215454101562 203.96694564819336 283.07741928100586 186.8934783935547 283.07741928100586
186.646728515625 247.390380859375 202.96743392944336 247.390380859375 202.96743392944336 281.68336486816406 186.646728515625 281.68336486816406
186.58731079101562 248.75894165039062 203.7230110168457 248.75894165039062 203.7230110168457 282.8395576477051 186.58731079101562 282.8395576477051
186.62477111816406 248.9373321533203 203.61251258850098 248.9373321533203 203.61251258850098 283.8260726928711 186.62477111816406 283.8260726928711
186.48170471191406 248.02664184570312 203.23065757751465 248.02664184570312 203.23065757751465 283.1512031555176 186.48170471191406 283.1512031555176
186.93495178222656 248.20449829101562 203.89644241333008 248.20449829101562 203.89644241333008 283.23314666748047 186.93495178222656 283.23314666748047
186.82275390625 247.2614288330078 203.65218544006348 247.2614288330078 203.65218544006348 282.6895446777344 186.82275390625 282.6895446777344
186.7040252685547 247.02890014648438 203.49189376831055 247.02890014648438 203.49189376831055 281.1350784301758 186.7040252685547 281.1350784301758
186.96664428710938 246.44564819335938 203.7310390472412 246.44564819335938 203.7310390472412 280.64432525634766 186.96664428710938 280.64432525634766
186.7242889404297 247.0526580810547 202.59488677978516 247.0526580810547 202.59488677978516 283.3156929016113 186.7242889404297 283.3156929016113
186.74539184570312 247.5285186767578 203.17164993286133 247.5285186767578 203.17164993286133 282.5175361633301 186.74539184570312 282.5175361633301
186.5322723388672 246.6881866455078 203.19436645507812 246.6881866455078 203.19436645507812 281.69705963134766 186.5322723388672 281.69705963134766
186.6008758544922 246.27841186523438 202.17039966583252 246.27841186523438 202.17039966583252 281.31364822387695 186.6008758544922 281.31364822387695
186.2990264892578 246.86795043945312 202.84215927124023 246.86795043945312 202.84215927124023 282.4838676452637 186.2990264892578 282.4838676452637
186.02536010742188 245.9707794189453 201.93772888183594 245.9707794189453 201.93772888183594 279.55871963500977 186.02536010742188 279.55871963500977
186.2392120361328 246.7216796875 202.40625 246.7216796875 202.40625 279.80725860595703 186.2392120361328 279.80725860595703
186.57553100585938 246.30545043945312 202.32491779327393 246.30545043945312 202.32491779327393 279.7569770812988 186.57553100585938 279.7569770812988
186.16685485839844 245.8052520751953 202.06453895568848 245.8052520751953 202.06453895568848 279.05989837646484 186.16685485839844 279.05989837646484
185.81515502929688 247.1772918701172 201.56003761291504 247.1772918701172 201.56003761291504 280.756649017334 185.81515502929688 280.756649017334
185.5692596435547 246.4999542236328 201.55630016326904 246.4999542236328 201.55630016326904 278.27703857421875 185.5692596435547 278.27703857421875
185.98776245117188 246.0125274658203 201.54495525360107 246.0125274658203 201.54495525360107 275.65992736816406 185.98776245117188 275.65992736816406
185.80014038085938 247.08700561523438 201.2887897491455 247.08700561523438 201.2887897491455 276.13519859313965 185.80014038085938 276.13519859313965
186.51394653320312 245.1562957763672 202.1576280593872 245.1562957763672 202.1576280593872 273.8460235595703 186.51394653320312 273.8460235595703
184.63894653320312 246.6675567626953 200.41679191589355 246.6675567626953 200.41679191589355 275.98769760131836 184.63894653320312 275.98769760131836
186.314697265625 245.11105346679688 202.3928985595703 245.11105346679688 202.3928985595703 274.3067512512207 186.314697265625 274.3067512512207
187.69158935546875 243.8008575439453 203.3307008743286 243.8008575439453 203.3307008743286 273.0337333679199 187.69158935546875 273.0337333679199
186.88357543945312 245.55905151367188 202.22047901153564 245.55905151367188 202.22047901153564 273.64125061035156 186.88357543945312 273.64125061035156
186.85580444335938 244.35336303710938 202.5507411956787 244.35336303710938 202.5507411956787 272.40107345581055 186.85580444335938 272.40107345581055
187.0941619873047 244.870361328125 202.40960502624512 244.870361328125 202.40960502624512 274.2001705169678 187.0941619873047 274.2001705169678
186.69712829589844 245.4032745361328 201.8657054901123 245.4032745361328 201.8657054901123 274.37339782714844 186.69712829589844 274.37339782714844
186.49404907226562 246.26901245117188 201.56897258758545 246.26901245117188 201.56897258758545 274.1669063568115 186.49404907226562 274.1669063568115
188.4403076171875 244.7042236328125 203.51437950134277 244.7042236328125 203.51437950134277 273.1996955871582 188.4403076171875 273.1996955871582
187.5978240966797 244.8262176513672 202.539288520813 244.8262176513672 202.539288520813 272.8621940612793 187.5978240966797 272.8621940612793
187.15231323242188 245.4376983642578 202.55563831329346 245.4376983642578 202.55563831329346 274.3499813079834 187.15231323242188 274.3499813079834
187.890380859375 245.0593719482422 202.71591758728027 245.0593719482422 202.71591758728027 274.08974266052246 187.890380859375 274.08974266052246
187.9453887939453 244.65283203125 202.54991912841797 244.65283203125 202.54991912841797 273.3074493408203 187.9453887939453 273.3074493408203
187.64505004882812 244.5039825439453 202.6436710357666 244.5039825439453 202.6436710357666 273.73022079467773 187.64505004882812 273.73022079467773
185.94180297851562 246.1191864013672 200.89227294921875 246.1191864013672 200.89227294921875 275.113805770874 185.94180297851562 275.113805770874
184.49740600585938 246.5009002685547 199.47902488708496 246.5009002685547 199.47902488708496 275.29055404663086 184.49740600585938 275.29055404663086
186.86521911621094 245.2334442138672 201.4242763519287 245.2334442138672 201.4242763519287 275.46298599243164 186.86521911621094 275.46298599243164
186.97610473632812 243.7186279296875 202.28575706481934 243.7186279296875 202.28575706481934 276.6932373046875 186.97610473632812 276.6932373046875
186.2353515625 245.55712890625 202.00747871398926 245.55712890625 202.00747871398926 276.80417823791504 186.2353515625 276.80417823791504
186.7107391357422 245.26138305664062 202.06039428710938 245.26138305664062 202.06039428710938 275.0767421722412 186.7107391357422 275.0767421722412
187.3687744140625 245.86865234375 202.44606590270996 245.86865234375 202.44606590270996 275.4995307922363 187.3687744140625 275.4995307922363
187.6707763671875 245.5258026123047 203.06494140625 245.5258026123047 203.06494140625 275.64113426208496 187.6707763671875 275.64113426208496
187.1806182861328 245.7755126953125 202.49506378173828 245.7755126953125 202.49506378173828 275.1845645904541 187.1806182861328 275.1845645904541
187.16360473632812 244.9857940673828 202.49810600280762 244.9857940673828 202.49810600280762 275.5699157714844 187.16360473632812 275.5699157714844
187.18026733398438 247.08251953125 202.58346557617188 247.08251953125 202.58346557617188 276.5418243408203 187.18026733398438 276.5418243408203
186.78414916992188 245.57266235351562 202.37081146240234 245.57266235351562 202.37081146240234 275.7011604309082 186.78414916992188 275.7011604309082
187.15798950195312 245.4077911376953 202.7103214263916 245.4077911376953 202.7103214263916 276.4998836517334 187.15798950195312 276.4998836517334
187.14712524414062 246.55325317382812 202.505389213562 246.55325317382812 202.505389213562 275.7017765045166 187.14712524414062 275.7017765045166
187.4420166015625 246.4274139404297 202.04235553741455 246.4274139404297 202.04235553741455 276.7598686218262 187.4420166015625 276.7598686218262
187.894287109375 245.91659545898438 202.8184413909912 245.91659545898438 202.8184413909912 276.7376708984375 187.894287109375 276.7376708984375
187.52598571777344 245.5955810546875 202.8631591796875 245.5955810546875 202.8631591796875 276.25290298461914 187.52598571777344 276.25290298461914
187.3776397705078 246.6460418701172 202.13029193878174 246.6460418701172 202.13029193878174 277.4236660003662 187.3776397705078 277.4236660003662
187.51220703125 246.7318572998047 202.3087558746338 246.7318572998047 202.3087558746338 277.78822326660156 187.51220703125 277.78822326660156
187.20864868164062 246.6416473388672 202.9329605102539 246.6416473388672 202.9329605102539 277.90090560913086 187.20864868164062 277.90090560913086
186.7528839111328 246.1743621826172 202.6378993988037 246.1743621826172 202.6378993988037 278.0020942687988 186.7528839111328 278.0020942687988
187.08584594726562 245.93502807617188 202.68578052520752 245.93502807617188 202.68578052520752 278.02539443969727 187.08584594726562 278.02539443969727
187.08993530273438 247.4808349609375 202.6642198562622 247.4808349609375 202.6642198562622 278.1057319641113 187.08993530273438 278.1057319641113
187.2209014892578 245.4734344482422 202.4036226272583 245.4734344482422 202.4036226272583 279.21776580810547 187.2209014892578 279.21776580810547
187.02545166015625 247.7721710205078 202.55687713623047 247.7721710205078 202.55687713623047 279.22479820251465 187.02545166015625 279.22479820251465
186.9327392578125 247.4360809326172 202.48697471618652 247.4360809326172 202.48697471618652 279.2587070465088 186.9327392578125 279.2587070465088
187.00238037109375 246.56167602539062 202.12968635559082 246.56167602539062 202.12968635559082 279.21340560913086 187.00238037109375 279.21340560913086
186.8162384033203 246.916748046875 202.2088222503662 246.916748046875 202.2088222503662 280.2809867858887 186.8162384033203 280.2809867858887
187.06979370117188 247.0489959716797 202.60678100585938 247.0489959716797 202.60678100585938 279.6323356628418 187.06979370117188 279.6323356628418
187.2769317626953 247.5145721435547 203.13765239715576 247.5145721435547 203.13765239715576 278.33791160583496 187.2769317626953 278.33791160583496
187.37591552734375 248.246826171875 202.85064888000488 248.246826171875 202.85064888000488 279.99305152893066 187.37591552734375 279.99305152893066
187.093994140625 247.42410278320312 202.60405445098877 247.42410278320312 202.60405445098877 279.55253982543945 187.093994140625 279.55253982543945
187.00338745117188 246.9148406982422 202.32101726531982 246.9148406982422 202.32101726531982 280.0876998901367 187.00338745117188 280.0876998901367
187.16851806640625 248.0013885498047 202.36422538757324 248.0013885498047 202.36422538757324 279.78476905822754 187.16851806640625 279.78476905822754
187.26976013183594 247.4484100341797 202.40659046173096 247.4484100341797 202.40659046173096 280.0219497680664 187.26976013183594 280.0219497680664
187.0660400390625 247.73147583007812 202.39863872528076 247.73147583007812 202.39863872528076 279.69787979125977 187.0660400390625 279.69787979125977
187.04742431640625 247.6295928955078 202.64729595184326 247.6295928955078 202.64729595184326 280.3565101623535 187.04742431640625 280.3565101623535
187.37509155273438 247.6259307861328 202.448148727417 247.6259307861328 202.448148727417 280.49122619628906 187.37509155273438 280.49122619628906
186.99423217773438 248.18844604492188 202.2125759124756 248.18844604492188 202.2125759124756 279.3743324279785 186.99423217773438 279.3743324279785
187.31503295898438 247.6026611328125 202.16702270507812 247.6026611328125 202.16702270507812 280.4476547241211 187.31503295898438 280.4476547241211
187.0497283935547 247.32034301757812 202.23926067352295 247.32034301757812 202.23926067352295 280.6748161315918 187.0497283935547 280.6748161315918
186.8727264404297 248.13052368164062 202.2235164642334 248.13052368164062 202.2235164642334 281.28382110595703 186.8727264404297 281.28382110595703
187.05393981933594 247.28372192382812 202.28396892547607 247.28372192382812 202.28396892547607 279.9987602233887 187.05393981933594 279.9987602233887
186.96246337890625 247.96560668945312 202.36071586608887 247.96560668945312 202.36071586608887 281.58164978027344 186.96246337890625 281.58164978027344
186.92453002929688 247.7003936767578 202.6529026031494 247.7003936767578 202.6529026031494 280.8548164367676 186.92453002929688 280.8548164367676
187.1107177734375 247.005615234375 202.48287200927734 247.005615234375 202.48287200927734 280.25020599365234 187.1107177734375 280.25020599365234
186.91201782226562 248.54336547851562 202.51207447052002 248.54336547851562 202.51207447052002 280.6851692199707 186.91201782226562 280.6851692199707
187.2170867919922 247.4840850830078 202.5274782180786 247.4840850830078 202.5274782180786 279.76025772094727 187.2170867919922 279.76025772094727
186.89569091796875 247.0373077392578 202.70579528808594 247.0373077392578 202.70579528808594 280.9352149963379 186.89569091796875 280.9352149963379
186.66429138183594 247.12844848632812 202.88151359558105 247.12844848632812 202.88151359558105 280.45020294189453 186.66429138183594 280.45020294189453
186.80410766601562 248.2585906982422 202.7837953567505 248.2585906982422 202.7837953567505 280.80860137939453 186.80410766601562 280.80860137939453
186.79034423828125 247.8417205810547 202.56130027770996 247.8417205810547 202.56130027770996 281.3390998840332 186.79034423828125 281.3390998840332
186.61776733398438 248.1141815185547 202.29784107208252 248.1141815185547 202.29784107208252 281.83505630493164 186.61776733398438 281.83505630493164
186.73916625976562 247.55062866210938 202.92062759399414 247.55062866210938 202.92062759399414 280.4938430786133 186.73916625976562 280.4938430786133
187.04251098632812 248.4595947265625 202.3799467086792 248.4595947265625 202.3799467086792 281.22711181640625 187.04251098632812 281.22711181640625
186.729736328125 248.26675415039062 203.0501194000244 248.26675415039062 203.0501194000244 281.2054748535156 186.729736328125 281.2054748535156
186.69287109375 248.49990844726562 203.24210929870605 248.49990844726562 203.24210929870605 280.8801803588867 186.69287109375 280.8801803588867
186.83421325683594 248.06005859375 202.65632438659668 248.06005859375 202.65632438659668 280.5067253112793 186.83421325683594 280.5067253112793
186.7982635498047 247.4189910888672 202.71773529052734 247.4189910888672 202.71773529052734 280.9808883666992 186.7982635498047 280.9808883666992
186.91647338867188 247.6011505126953 203.19867324829102 247.6011505126953 203.19867324829102 280.6498222351074 186.91647338867188 280.6498222351074
186.2940216064453 247.2139892578125 202.8529396057129 247.2139892578125 202.8529396057129 281.1811294555664 186.2940216064453 281.1811294555664
186.36251831054688 247.202392578125 203.03599739074707 247.202392578125 203.03599739074707 281.0421447753906 186.36251831054688 281.0421447753906
186.80096435546875 246.91830444335938 203.0783920288086 246.91830444335938 203.0783920288086 281.42926025390625 186.80096435546875 281.42926025390625
186.71163940429688 247.89950561523438 203.07861709594727 247.89950561523438 203.07861709594727 281.55924224853516 186.71163940429688 281.55924224853516
186.82846069335938 248.2181854248047 203.46750831604004 248.2181854248047 203.46750831604004 280.7099723815918 186.82846069335938 280.7099723815918
186.97854614257812 247.6217803955078 204.08028030395508 247.6217803955078 204.08028030395508 281.1852569580078 186.97854614257812 281.1852569580078
186.58328247070312 247.5509796142578 203.44405364990234 247.5509796142578 203.44405364990234 281.6706008911133 186.58328247070312 281.6706008911133
186.6160888671875 247.44668579101562 203.9815330505371 247.44668579101562 203.9815330505371 281.11811447143555 186.6160888671875 281.11811447143555
186.21408081054688 247.10726928710938 203.8690700531006 247.10726928710938 203.8690700531006 281.1947593688965 186.21408081054688 281.1947593688965
186.7353057861328 247.3017578125 203.8182716369629 247.3017578125 203.8182716369629 281.9955177307129 186.7353057861328 281.9955177307129
186.5907440185547 246.02944946289062 203.93334770202637 246.02944946289062 203.93334770202637 282.04933166503906 186.5907440185547 282.04933166503906
186.63609313964844 247.0204620361328 204.00272369384766 247.0204620361328 204.00272369384766 281.83972930908203 186.63609313964844 281.83972930908203
186.40707397460938 247.1219940185547 203.96968841552734 247.1219940185547 203.96968841552734 281.43233489990234 186.40707397460938 281.43233489990234
186.6715087890625 246.38919067382812 204.33343124389648 246.38919067382812 204.33343124389648 281.49781799316406 186.6715087890625 281.49781799316406
186.5938720703125 246.745849609375 204.04841232299805 246.745849609375 204.04841232299805 282.0518569946289 186.5938720703125 282.0518569946289
186.38449096679688 246.2711639404297 203.78864288330078 246.2711639404297 203.78864288330078 280.9826354980469 186.38449096679688 280.9826354980469
186.625 247.4038848876953 203.7702407836914 247.4038848876953 203.7702407836914 282.0860710144043 186.625 282.0860710144043
187.1023712158203 246.53976440429688 203.66251754760742 246.53976440429688 203.66251754760742 282.08301544189453 187.1023712158203 282.08301544189453
186.65185546875 246.62060546875 203.57945823669434 246.62060546875 203.57945823669434 281.4774589538574 186.65185546875 281.4774589538574
186.65325927734375 247.09127807617188 203.65490913391113 247.09127807617188 203.65490913391113 280.6392288208008 186.65325927734375 280.6392288208008
186.62026977539062 245.8170928955078 203.0232276916504 245.8170928955078 203.0232276916504 281.7182502746582 186.62026977539062 281.7182502746582
186.52230834960938 246.685791015625 202.9900016784668 246.685791015625 202.9900016784668 281.0956039428711 186.52230834960938 281.0956039428711
186.5221405029297 245.2589569091797 203.01813316345215 245.2589569091797 203.01813316345215 280.84532165527344 186.5221405029297 280.84532165527344
186.73898315429688 246.73532104492188 202.91991806030273 246.73532104492188 202.91991806030273 280.30882263183594 186.73898315429688 280.30882263183594
186.3255615234375 246.03909301757812 202.57315635681152 246.03909301757812 202.57315635681152 280.75740814208984 186.3255615234375 280.75740814208984
186.30172729492188 246.55078125 202.61624145507812 246.55078125 202.61624145507812 280.57849884033203 186.30172729492188 280.57849884033203
186.27011108398438 245.01803588867188 202.55385398864746 245.01803588867188 202.55385398864746 280.3797721862793 186.27011108398438 280.3797721862793
186.61190795898438 246.48904418945312 202.3908977508545 246.48904418945312 202.3908977508545 279.9159469604492 186.61190795898438 279.9159469604492
186.38186645507812 245.7020721435547 202.31026458740234 245.7020721435547 202.31026458740234 279.69057846069336 186.38186645507812 279.69057846069336
186.75355529785156 245.7554168701172 202.32743072509766 245.7554168701172 202.32743072509766 278.8460235595703 186.75355529785156 278.8460235595703
186.5537109375 245.18496704101562 201.99569416046143 245.18496704101562 201.99569416046143 279.81324005126953 186.5537109375 279.81324005126953
186.67050170898438 246.43783569335938 201.8996810913086 246.43783569335938 201.8996810913086 278.7936668395996 186.67050170898438 278.7936668395996
186.7855224609375 246.9415740966797 201.95059490203857 246.9415740966797 201.95059490203857 279.7392883300781 186.7855224609375 279.7392883300781
186.9964599609375 246.5332794189453 202.35557556152344 246.5332794189453 202.35557556152344 279.50077056884766 186.9964599609375 279.50077056884766
186.69969177246094 246.8447265625 201.805269241333 246.8447265625 201.805269241333 279.09594345092773 186.69969177246094 279.09594345092773
186.9949951171875 247.76602172851562 202.36042976379395 247.76602172851562 202.36042976379395 280.2746353149414 186.9949951171875 280.2746353149414
186.80923461914062 247.69577026367188 202.5453395843506 247.69577026367188 202.5453395843506 279.7442092895508 186.80923461914062 279.7442092895508
187.00833129882812 248.1000518798828 202.00047874450684 248.1000518798828 202.00047874450684 280.07887268066406 187.00833129882812 280.07887268066406
186.79891967773438 247.3480682373047 201.85688304901123 247.3480682373047 201.85688304901123 279.37475967407227 186.79891967773438 279.37475967407227
186.75241088867188 248.1789093017578 202.22945880889893 248.1789093017578 202.22945880889893 279.2141056060791 186.75241088867188 279.2141056060791
186.8952178955078 247.03494262695312 202.2171401977539 247.03494262695312 202.2171401977539 279.51774978637695 186.8952178955078 279.51774978637695
186.93930053710938 247.64181518554688 202.073468208313 247.64181518554688 202.073468208313 279.53132247924805 186.93930053710938 279.53132247924805
187.03744506835938 247.9521942138672 202.418231010437 247.9521942138672 202.418231010437 278.80278968811035 187.03744506835938 278.80278968811035
186.42349243164062 247.2100067138672 202.11706733703613 247.2100067138672 202.11706733703613 278.2517547607422 186.42349243164062 278.2517547607422
186.89694213867188 247.77163696289062 202.07332801818848 247.77163696289062 202.07332801818848 279.0764675140381 186.89694213867188 279.0764675140381
186.5803985595703 248.47085571289062 201.9036045074463 248.47085571289062 201.9036045074463 279.3763999938965 186.5803985595703 279.3763999938965
187.2397918701172 247.6122589111328 202.03829956054688 247.6122589111328 202.03829956054688 278.7466640472412 187.2397918701172 278.7466640472412
186.83290100097656 247.4290008544922 202.35510540008545 247.4290008544922 202.35510540008545 279.5469970703125 186.83290100097656 279.5469970703125
186.82044982910156 248.3829803466797 202.33168506622314 248.3829803466797 202.33168506622314 280.3818416595459 186.82044982910156 280.3818416595459
187.00096130371094 248.0485076904297 202.26651287078857 248.0485076904297 202.26651287078857 280.1716766357422 187.00096130371094 280.1716766357422
186.4121856689453 247.4796600341797 202.27563190460205 247.4796600341797 202.27563190460205 279.763973236084 186.4121856689453 279.763973236084
187.2024688720703 247.367919921875 202.08106994628906 247.367919921875 202.08106994628906 279.4934310913086 187.2024688720703 279.4934310913086
186.9033203125 248.1717071533203 202.38174629211426 248.1717071533203 202.38174629211426 279.4927215576172 186.9033203125 279.4927215576172
186.8065643310547 248.3785400390625 202.37675189971924 248.3785400390625 202.37675189971924 279.6023750305176 186.8065643310547 279.6023750305176
186.94192504882812 248.64584350585938 202.43300819396973 248.64584350585938 202.43300819396973 280.0276126861572 186.94192504882812 280.0276126861572
187.20132446289062 247.0917510986328 201.81995964050293 247.0917510986328 201.81995964050293 279.7322578430176 187.20132446289062 279.7322578430176
187.18141174316406 247.0185089111328 202.41125202178955 247.0185089111328 202.41125202178955 280.68946838378906 187.18141174316406 280.68946838378906
186.9239044189453 248.26718139648438 202.52174949645996 248.26718139648438 202.52174949645996 280.05756759643555 186.9239044189453 280.05756759643555
186.86569213867188 246.8656463623047 201.94990253448486 246.8656463623047 201.94990253448486 280.32205963134766 186.86569213867188 280.32205963134766
187.42176818847656 248.1932373046875 202.1365261077881 248.1932373046875 202.1365261077881 280.3779754638672 187.42176818847656 280.3779754638672
186.9573974609375 247.78378295898438 202.03441047668457 247.78378295898438 202.03441047668457 280.897216796875 186.9573974609375 280.897216796875
187.24432373046875 247.9779815673828 202.11151599884033 247.9779815673828 202.11151599884033 280.1960105895996 187.24432373046875 280.1960105895996
187.1614990234375 247.955322265625 202.27577781677246 247.955322265625 202.27577781677246 279.7260284423828 187.1614990234375 279.7260284423828
187.50814819335938 247.6776123046875 201.93241691589355 247.6776123046875 201.93241691589355 279.75178146362305 187.50814819335938 279.75178146362305
187.46878051757812 247.78280639648438 202.26045417785645 247.78280639648438 202.26045417785645 279.1294136047363 187.46878051757812 279.1294136047363
187.4089813232422 247.2173309326172 201.72555255889893 247.2173309326172 201.72555255889893 280.01659393310547 187.4089813232422 280.01659393310547
187.52432250976562 247.08816528320312 201.92817211151123 247.08816528320312 201.92817211151123 279.86185455322266 187.52432250976562 279.86185455322266
187.3986358642578 247.6649169921875 202.12260627746582 247.6649169921875 202.12260627746582 279.81649017333984 187.3986358642578 279.81649017333984
187.46633911132812 247.4558563232422 201.95040321350098 247.4558563232422 201.95040321350098 280.4101104736328 187.46633911132812 280.4101104736328
187.1240234375 248.2230224609375 202.375150680542 248.2230224609375 202.375150680542 279.8969783782959 187.1240234375 279.8969783782959
187.22703552246094 247.51754760742188 202.4316177368164 247.51754760742188 202.4316177368164 280.29136657714844 187.22703552246094 280.29136657714844
186.93545532226562 247.4986114501953 202.24272441864014 247.4986114501953 202.24272441864014 280.22645568847656 186.93545532226562 280.22645568847656
187.00271606445312 247.7148895263672 202.4634838104248 247.7148895263672 202.4634838104248 280.2542304992676 187.00271606445312 280.2542304992676
186.97317504882812 247.90518188476562 202.40198707580566 247.90518188476562 202.40198707580566 280.7292366027832 186.97317504882812 280.7292366027832
187.1732177734375 247.4373016357422 202.8823299407959 247.4373016357422 202.8823299407959 279.8698272705078 187.1732177734375 279.8698272705078
187.14454650878906 247.8888397216797 202.380859375 247.8888397216797 202.380859375 280.5796890258789 187.14454650878906 280.5796890258789
186.91006469726562 247.4348602294922 202.55452728271484 247.4348602294922 202.55452728271484 280.23917388916016 186.91006469726562 280.23917388916016
187.00794982910156 247.56167602539062 202.1843614578247 247.56167602539062 202.1843614578247 280.30872344970703 187.00794982910156 280.30872344970703
187.27902221679688 248.27145385742188 202.47732067108154 248.27145385742188 202.47732067108154 281.020938873291 187.27902221679688 281.020938873291
187.130126953125 248.73074340820312 202.64804553985596 248.73074340820312 202.64804553985596 279.5751037597656 187.130126953125 279.5751037597656
187.08633422851562 248.36935424804688 202.417950630188 248.36935424804688 202.417950630188 280.49235916137695 187.08633422851562 280.49235916137695
187.16470336914062 247.4112548828125 202.22146892547607 247.4112548828125 202.22146892547607 280.8870048522949 187.16470336914062 280.8870048522949
186.6608428955078 247.7237091064453 202.28013134002686 247.7237091064453 202.28013134002686 281.58683013916016 186.6608428955078 281.58683013916016
187.11167907714844 247.8791046142578 202.42083549499512 247.8791046142578 202.42083549499512 280.09447479248047 187.11167907714844 280.09447479248047
187.20008850097656 247.3350830078125 202.46823596954346 247.3350830078125 202.46823596954346 280.4502944946289 187.20008850097656 280.4502944946289
187.259521484375 248.21267700195312 202.26908111572266 248.21267700195312 202.26908111572266 281.7053451538086 187.259521484375 281.7053451538086
187.04783630371094 247.81515502929688 202.28300762176514 247.81515502929688 202.28300762176514 280.6131591796875 187.04783630371094 280.6131591796875
187.15963745117188 248.1304168701172 202.2621841430664 248.1304168701172 202.2621841430664 280.6602325439453 187.15963745117188 280.6602325439453
186.9256591796875 247.46780395507812 202.07512187957764 247.46780395507812 202.07512187957764 280.9971046447754 186.9256591796875 280.9971046447754
187.21646118164062 247.96871948242188 202.52164268493652 247.96871948242188 202.52164268493652 280.0834732055664 187.21646118164062 280.0834732055664
187.03912353515625 248.62109375 202.38218688964844 248.62109375 202.38218688964844 280.9181900024414 187.03912353515625 280.9181900024414
187.21324157714844 247.86099243164062 202.55223846435547 247.86099243164062 202.55223846435547 280.39020919799805 187.21324157714844 280.39020919799805
187.14230346679688 247.62423706054688 202.21522045135498 247.62423706054688 202.21522045135498 280.69686126708984 187.14230346679688 280.69686126708984
186.86654663085938 247.79443359375 202.41061401367188 247.79443359375 202.41061401367188 280.98143768310547 186.86654663085938 280.98143768310547
186.6525115966797 247.2467041015625 202.29052257537842 247.2467041015625 202.29052257537842 281.15515899658203 186.6525115966797 281.15515899658203
187.06692504882812 247.15792846679688 202.24423789978027 247.15792846679688 202.24423789978027 280.6462707519531 187.06692504882812 280.6462707519531
187.0209503173828 247.7124481201172 202.22565269470215 247.7124481201172 202.22565269470215 280.85034561157227 187.0209503173828 280.85034561157227
187.0733184814453 247.9857635498047 202.26621532440186 247.9857635498047 202.26621532440186 281.68444061279297 187.0733184814453 281.68444061279297
186.7960662841797 247.0771942138672 202.06695556640625 247.0771942138672 202.06695556640625 281.08407974243164 186.7960662841797 281.08407974243164
187.00997924804688 247.6668243408203 202.36674690246582 247.6668243408203 202.36674690246582 280.2440757751465 187.00997924804688 280.2440757751465
187.02305603027344 247.03396606445312 202.20374870300293 247.03396606445312 202.20374870300293 281.57799911499023 187.02305603027344 281.57799911499023
186.9615478515625 246.8895263671875 202.59271049499512 246.8895263671875 202.59271049499512 280.7305145263672 186.9615478515625 280.7305145263672
186.95242309570312 247.77822875976562 202.4024782180786 247.77822875976562 202.4024782180786 280.8939018249512 186.95242309570312 280.8939018249512
187.01718139648438 246.7517852783203 202.54926872253418 246.7517852783203 202.54926872253418 280.2781982421875 187.01718139648438 280.2781982421875
186.98715209960938 248.83740234375 202.36517143249512 248.83740234375 202.36517143249512 280.2836036682129 186.98715209960938 280.2836036682129
186.7827606201172 247.67626953125 202.50845050811768 247.67626953125 202.50845050811768 280.40881729125977 186.7827606201172 280.40881729125977
186.63558959960938 247.3981170654297 202.49392700195312 247.3981170654297 202.49392700195312 281.5263252258301 186.63558959960938 281.5263252258301
186.98880004882812 248.1763458251953 202.42434692382812 248.1763458251953 202.42434692382812 280.74053955078125 186.98880004882812 280.74053955078125
187.03585815429688 248.03073120117188 202.5292100906372 248.03073120117188 202.5292100906372 281.02649688720703 187.03585815429688 281.02649688720703
186.70506286621094 247.6041259765625 202.51475715637207 247.6041259765625 202.51475715637207 280.3799514770508 186.70506286621094 280.3799514770508
187.04446411132812 248.9311981201172 202.39401817321777 248.9311981201172 202.39401817321777 280.7490634918213 187.04446411132812 280.7490634918213
187.09730529785156 248.06356811523438 202.53915405273438 248.06356811523438 202.53915405273438 281.8087844848633 187.09730529785156 281.8087844848633
187.1938934326172 247.07937622070312 202.15379810333252 247.07937622070312 202.15379810333252 280.52725982666016 187.1938934326172 280.52725982666016
187.1409149169922 247.3564453125 202.6912031173706 247.3564453125 202.6912031173706 279.7399787902832 187.1409149169922 279.7399787902832
186.83888244628906 247.1807861328125 202.4890842437744 247.1807861328125 202.4890842437744 280.41693115234375 186.83888244628906 280.41693115234375
187.17608642578125 248.2236785888672 202.27792358398438 248.2236785888672 202.27792358398438 281.5687942504883 187.17608642578125 281.5687942504883
186.96563720703125 248.6420135498047 202.86596202850342 248.6420135498047 202.86596202850342 281.29381561279297 186.96563720703125 281.29381561279297
187.1141357421875 248.88247680664062 202.3297758102417 248.88247680664062 202.3297758102417 281.3897895812988 187.1141357421875 281.3897895812988
187.30526733398438 248.0120086669922 202.57699012756348 248.0120086669922 202.57699012756348 280.2230987548828 187.30526733398438 280.2230987548828
187.02818298339844 247.8970184326172 202.50430488586426 247.8970184326172 202.50430488586426 280.35970306396484 187.02818298339844 280.35970306396484
186.82351684570312 248.2270050048828 202.21329498291016 248.2270050048828 202.21329498291016 281.5294990539551 186.82351684570312 281.5294990539551
187.17344665527344 247.60140991210938 202.39588356018066 247.60140991210938 202.39588356018066 280.4419822692871 187.17344665527344 280.4419822692871
187.0621795654297 247.0763702392578 202.26901721954346 247.0763702392578 202.26901721954346 281.38676834106445 187.0621795654297 281.38676834106445
186.7713623046875 247.4291534423828 202.4139585494995 247.4291534423828 202.4139585494995 280.02439880371094 186.7713623046875 280.02439880371094
187.1309051513672 248.2546844482422 202.48380851745605 248.2546844482422 202.48380851745605 279.3346138000488 187.1309051513672 279.3346138000488
187.09695434570312 248.03622436523438 202.46927165985107 248.03622436523438 202.46927165985107 281.1412925720215 187.09695434570312 281.1412925720215
187.0783233642578 247.3399200439453 202.38894367218018 247.3399200439453 202.38894367218018 281.332088470459 187.0783233642578 281.332088470459
186.7837677001953 248.23974609375 202.50513648986816 248.23974609375 202.50513648986816 280.9749450683594 186.7837677001953 280.9749450683594
187.23800659179688 247.6332550048828 201.95241355895996 247.6332550048828 201.95241355895996 281.23900985717773 187.23800659179688 281.23900985717773
187.1853485107422 246.9526824951172 202.40570545196533 246.9526824951172 202.40570545196533 280.8722724914551 187.1853485107422 280.8722724914551
187.01309204101562 247.6632843017578 202.42782592773438 247.6632843017578 202.42782592773438 280.7941780090332 187.01309204101562 280.7941780090332
187.2750244140625 248.9662322998047 202.7223253250122 248.9662322998047 202.7223253250122 280.38640213012695 187.2750244140625 280.38640213012695
187.20916748046875 248.7659454345703 202.11477947235107 248.7659454345703 202.11477947235107 280.35580825805664 187.20916748046875 280.35580825805664
187.20603942871094 246.90283203125 202.11597442626953 246.90283203125 202.11597442626953 281.39453887939453 187.20603942871094 281.39453887939453
187.0996856689453 247.52554321289062 202.45242309570312 247.52554321289062 202.45242309570312 280.6570014953613 187.0996856689453 280.6570014953613
187.44491577148438 247.0321502685547 201.87266540527344 247.0321502685547 201.87266540527344 280.40035247802734 187.44491577148438 280.40035247802734
187.36386108398438 248.01834106445312 202.0567274093628 248.01834106445312 202.0567274093628 280.7575912475586 187.36386108398438 280.7575912475586
187.53042602539062 248.05789184570312 201.99349689483643 248.05789184570312 201.99349689483643 281.1166801452637 187.53042602539062 281.1166801452637
186.98031616210938 247.82778930664062 202.58121967315674 247.82778930664062 202.58121967315674 280.8990821838379 186.98031616210938 280.8990821838379
187.09507751464844 247.4773406982422 202.32630920410156 247.4773406982422 202.32630920410156 280.99692153930664 187.09507751464844 280.99692153930664
186.6917724609375 247.84408569335938 202.43464851379395 247.84408569335938 202.43464851379395 281.57047271728516 186.6917724609375 281.57047271728516
186.91351318359375 247.8943634033203 202.59831714630127 247.8943634033203 202.59831714630127 281.3747024536133 186.91351318359375 281.3747024536133
186.6321563720703 247.79330444335938 202.56197357177734 247.79330444335938 202.56197357177734 281.3557434082031 186.6321563720703 281.3557434082031
187.1474151611328 247.751708984375 202.3703489303589 247.751708984375 202.3703489303589 280.63475036621094 187.1474151611328 280.63475036621094
187.01641845703125 247.7537384033203 202.47956657409668 247.7537384033203 202.47956657409668 281.61339569091797 187.01641845703125 281.61339569091797
186.94140625 247.85519409179688 202.51146125793457 247.85519409179688 202.51146125793457 281.98592376708984 186.94140625 281.98592376708984
186.97802734375 248.5766143798828 202.84689140319824 248.5766143798828 202.84689140319824 281.2504539489746 186.97802734375 281.2504539489746
186.9835662841797 248.12973022460938 202.39621543884277 248.12973022460938 202.39621543884277 281.56193923950195 186.9835662841797 281.56193923950195
187.22076416015625 247.5268096923828 202.49838829040527 247.5268096923828 202.49838829040527 280.7229537963867 187.22076416015625 280.7229537963867
187.1219940185547 247.85403442382812 202.34886932373047 247.85403442382812 202.34886932373047 282.1056823730469 187.1219940185547 282.1056823730469
187.23184204101562 247.82455444335938 202.55501747131348 247.82455444335938 202.55501747131348 280.4197082519531 187.23184204101562 280.4197082519531
186.92694091796875 248.0411376953125 202.76856231689453 248.0411376953125 202.76856231689453 280.56351470947266 186.92694091796875 280.56351470947266
186.78448486328125 247.0029754638672 202.5954179763794 247.0029754638672 202.5954179763794 280.1602210998535 186.78448486328125 280.1602210998535
186.9257354736328 248.67343139648438 202.7489528656006 248.67343139648438 202.7489528656006 281.94495010375977 186.9257354736328 281.94495010375977
186.7184295654297 247.6730499267578 202.83335876464844 247.6730499267578 202.83335876464844 281.05337142944336 186.7184295654297 281.05337142944336
186.93661499023438 248.6864776611328 202.64664459228516 248.6864776611328 202.64664459228516 282.4932060241699 186.93661499023438 282.4932060241699
186.9734344482422 248.7296905517578 202.56870460510254 248.7296905517578 202.56870460510254 281.9905776977539 186.9734344482422 281.9905776977539
186.65956115722656 248.533447265625 202.62173652648926 248.533447265625 202.62173652648926 282.39765548706055 186.65956115722656 282.39765548706055
186.54164123535156 246.89279174804688 202.7296085357666 246.89279174804688 202.7296085357666 280.6099052429199 186.54164123535156 280.6099052429199
187.06045532226562 248.367431640625 202.9218168258667 248.367431640625 202.9218168258667 282.5374298095703 187.06045532226562 282.5374298095703
186.31698608398438 247.9889373779297 203.14128875732422 247.9889373779297 203.14128875732422 282.8369369506836 186.31698608398438 282.8369369506836
186.69491577148438 248.2054443359375 202.87481880187988 248.2054443359375 202.87481880187988 281.8826026916504 186.69491577148438 281.8826026916504
186.76365661621094 248.66073608398438 202.87195205688477 248.66073608398438 202.87195205688477 282.2849578857422 186.76365661621094 282.2849578857422
187.30752563476562 248.5933837890625 203.15028190612793 248.5933837890625 203.15028190612793 282.46120834350586 187.30752563476562 282.46120834350586
186.8035888671875 247.5319366455078 202.60719871520996 247.5319366455078 202.60719871520996 281.99352264404297 186.8035888671875 281.99352264404297
186.35629272460938 247.4982147216797 202.48617935180664 247.4982147216797 202.48617935180664 281.98950958251953 186.35629272460938 281.98950958251953
186.8289794921875 247.86160278320312 202.94751167297363 247.86160278320312 202.94751167297363 281.2587356567383 186.8289794921875 281.2587356567383
187.0616455078125 247.46823120117188 203.00561714172363 247.46823120117188 203.00561714172363 282.3503608703613 187.0616455078125 282.3503608703613
186.6138458251953 247.47323608398438 203.56994819641113 247.47323608398438 203.56994819641113 281.63440322875977 186.6138458251953 281.63440322875977
187.03123474121094 247.7108154296875 203.13379287719727 247.7108154296875 203.13379287719727 282.6840286254883 187.03123474121094 282.6840286254883
186.60536193847656 247.30810546875 203.0224609375 247.30810546875 203.0224609375 282.0185432434082 186.60536193847656 282.0185432434082
186.7751922607422 247.51980590820312 203.17256546020508 247.51980590820312 203.17256546020508 281.5517921447754 186.7751922607422 281.5517921447754
186.60528564453125 248.26571655273438 202.89964294433594 248.26571655273438 202.89964294433594 283.5705337524414 186.60528564453125 283.5705337524414
186.68887329101562 247.3785858154297 203.14727020263672 247.3785858154297 203.14727020263672 282.0036964416504 186.68887329101562 282.0036964416504
186.75143432617188 248.676513671875 203.14231300354004 248.676513671875 203.14231300354004 282.16086196899414 186.75143432617188 282.16086196899414
186.93418884277344 247.82211303710938 203.2261848449707 247.82211303710938 203.2261848449707 282.3880081176758 186.93418884277344 282.3880081176758
186.87843322753906 247.9341278076172 203.5473747253418 247.9341278076172 203.5473747253418 281.7920570373535 186.87843322753906 281.7920570373535
187.0454864501953 248.4301300048828 203.4375705718994 248.4301300048828 203.4375705718994 281.99407958984375 187.0454864501953 281.99407958984375
186.89279174804688 247.4272003173828 203.2068042755127 247.4272003173828 203.2068042755127 282.6288528442383 186.89279174804688 282.6288528442383
187.07858276367188 248.12887573242188 203.38091278076172 248.12887573242188 203.38091278076172 281.7806167602539 187.07858276367188 281.7806167602539
186.802490234375 247.5405731201172 203.70513343811035 247.5405731201172 203.70513343811035 281.8319435119629 186.802490234375 281.8319435119629
186.9200439453125 247.19482421875 203.3520050048828 247.19482421875 203.3520050048828 282.41162490844727 186.9200439453125 282.41162490844727
186.5773162841797 247.4054412841797 203.34907150268555 247.4054412841797 203.34907150268555 281.3819160461426 186.5773162841797 281.3819160461426
186.50550842285156 248.162353515625 203.64018440246582 248.162353515625 203.64018440246582 283.01053619384766 186.50550842285156 283.01053619384766
187.08615112304688 247.7985076904297 203.53664016723633 247.7985076904297 203.53664016723633 282.60994720458984 187.08615112304688 282.60994720458984
186.66519165039062 247.37686157226562 204.0202293395996 247.37686157226562 204.0202293395996 282.8945541381836 186.66519165039062 282.8945541381836
186.5560760498047 247.43807983398438 204.17356300354004 247.43807983398438 204.17356300354004 282.5588569641113 186.5560760498047 282.5588569641113
186.85549926757812 247.2767333984375 204.47576522827148 247.2767333984375 204.47576522827148 282.7972297668457 186.85549926757812 282.7972297668457
186.1415557861328 247.51425170898438 203.85548782348633 247.51425170898438 203.85548782348633 282.4648895263672 186.1415557861328 282.4648895263672
186.95965576171875 247.0638427734375 203.82683753967285 247.0638427734375 203.82683753967285 282.64041900634766 186.95965576171875 282.64041900634766
186.8103790283203 246.43417358398438 204.1722183227539 246.43417358398438 204.1722183227539 282.90936279296875 186.8103790283203 282.90936279296875
186.7726287841797 246.9989471435547 204.05891036987305 246.9989471435547 204.05891036987305 282.24147033691406 186.7726287841797 282.24147033691406
186.674560546875 247.2512969970703 203.91852378845215 247.2512969970703 203.91852378845215 283.5123062133789 186.674560546875 283.5123062133789
186.93443298339844 247.27536010742188 204.28879356384277 247.27536010742188 204.28879356384277 282.78322982788086 186.93443298339844 282.78322982788086
186.50384521484375 247.0771484375 203.67998886108398 247.0771484375 203.67998886108398 282.7989387512207 186.50384521484375 282.7989387512207
187.0132293701172 247.5482177734375 204.3169002532959 247.5482177734375 204.3169002532959 282.69762420654297 187.0132293701172 282.69762420654297
186.7724609375 248.468017578125 204.14154434204102 248.468017578125 204.14154434204102 284.05376052856445 186.7724609375 284.05376052856445
186.76748657226562 247.38497924804688 203.67773628234863 247.38497924804688 203.67773628234863 283.5609703063965 186.76748657226562 283.5609703063965
186.57984924316406 247.14804077148438 203.95734024047852 247.14804077148438 203.95734024047852 283.7713432312012 186.57984924316406 283.7713432312012
