173.0 109.0 203.0 109.0 203.0 138.0 173.0 138.0
173.04110717773438 108.89664459228516 202.51494979858398 108.89664459228516 202.51494979858398 138.31798553466797 173.04110717773438 138.31798553466797
172.7831268310547 108.94358825683594 202.44817543029785 108.94358825683594 202.44817543029785 137.73216819763184 172.7831268310547 137.73216819763184
172.86874389648438 108.91554260253906 202.5788173675537 108.91554260253906 202.5788173675537 137.9485740661621 172.86874389648438 137.9485740661621
172.98240661621094 109.47019958496094 202.08136367797852 109.47019958496094 202.08136367797852 137.75070190429688 172.98240661621094 137.75070190429688
172.72300720214844 109.3238525390625 202.50988388061523 109.3238525390625 202.50988388061523 137.3666114807129 172.72300720214844 137.3666114807129
173.1186981201172 109.03382873535156 202.50625610351562 109.03382873535156 202.50625610351562 137.63154983520508 173.1186981201172 137.63154983520508
172.87315368652344 109.01850891113281 202.66733741760254 109.01850891113281 202.66733741760254 137.3752384185791 172.87315368652344 137.3752384185791
173.6455535888672 108.881591796875 202.60648155212402 108.881591796875 202.60648155212402 137.3846492767334 173.6455535888672 137.3846492767334
172.7049560546875 109.06111145019531 203.1687355041504 109.06111145019531 203.1687355041504 137.59149742126465 172.7049560546875 137.59149742126465
173.42050170898438 108.8652572631836 202.49123001098633 108.8652572631836 202.49123001098633 137.65640449523926 173.42050170898438 137.65640449523926
173.09695434570312 109.0072021484375 202.77888107299805 109.0072021484375 202.77888107299805 137.70676803588867 173.09695434570312 137.70676803588867
173.06263732910156 109.06669616699219 202.32494735717773 109.06669616699219 202.32494735717773 137.22230911254883 173.06263732910156 137.22230911254883
172.92056274414062 109.2183837890625 201.99847412109375 109.2183837890625 201.99847412109375 137.60044479370117 172.92056274414062 137.60044479370117
172.92800903320312 108.842529296875 202.46178245544434 108.842529296875 202.46178245544434 137.4989070892334 172.92800903320312 137.4989070892334
173.2299041748047 109.25291442871094 202.1160011291504 109.25291442871094 202.1160011291504 137.2998390197754 173.2299041748047 137.2998390197754
172.9259796142578 108.7844009399414 203.07397079467773 108.7844009399414 203.07397079467773 137.9477367401123 172.9259796142578 137.9477367401123
173.07888793945312 108.8613510131836 202.31353378295898 108.8613510131836 202.31353378295898 137.78843879699707 173.07888793945312 137.78843879699707
172.58615112304688 108.9261703491211 202.58064651489258 108.9261703491211 202.58064651489258 138.27404594421387 172.58615112304688 138.27404594421387
173.4801025390625 108.9758071899414 202.29569625854492 108.9758071899414 202.29569625854492 138.04091262817383 173.4801025390625 138.04091262817383
173.5928955078125 109.26676177978516 202.10976600646973 109.26676177978516 202.10976600646973 137.82316398620605 173.5928955078125 137.82316398620605
172.7908477783203 109.00350189208984 202.4310417175293 109.00350189208984 202.4310417175293 137.87900161743164 172.7908477783203 137.87900161743164
173.1543426513672 109.40116882324219 202.25380897521973 109.40116882324219 202.25380897521973 138.04473304748535 173.1543426513672 138.04473304748535
173.01522827148438 109.42790222167969 202.67775917053223 109.42790222167969 202.67775917053223 137.86420059204102 173.01522827148438 137.86420059204102
172.9295196533203 108.66378021240234 203.040283203125 108.66378021240234 203.040283203125 137.88817596435547 172.9295196533203 137.88817596435547
172.7570343017578 109.78404235839844 202.8644142150879 109.78404235839844 202.8644142150879 137.2436923980713 172.7570343017578 137.2436923980713
172.82962036132812 108.9012222290039 202.4613437652588 108.9012222290039 202.4613437652588 137.56315994262695 172.82962036132812 137.56315994262695
172.33651733398438 109.22801208496094 202.2642364501953 109.22801208496094 202.2642364501953 138.05323791503906 172.33651733398438 138.05323791503906
172.65101623535156 109.1982421875 202.8164405822754 109.1982421875 202.8164405822754 137.9504451751709 172.65101623535156 137.9504451751709
173.1690673828125 109.2448959350586 202.51032066345215 109.2448959350586 202.51032066345215 138.04741668701172 173.1690673828125 138.04741668701172
172.810791015625 109.3049087524414 202.50339317321777 109.3049087524414 202.50339317321777 138.25520133972168 172.810791015625 138.25520133972168
173.48114013671875 109.26728820800781 202.41579627990723 109.26728820800781 202.41579627990723 138.43499755859375 173.48114013671875 138.43499755859375
173.4988250732422 108.84307861328125 203.2625617980957 108.84307861328125 203.2625617980957 138.47266006469727 173.4988250732422 138.47266006469727
173.4588623046875 108.77232360839844 203.1713809967041 108.77232360839844 203.1713809967041 137.95580101013184 173.4588623046875 137.95580101013184
173.5939483642578 109.52152252197266 202.9347686767578 109.52152252197266 202.9347686767578 138.04896926879883 173.5939483642578 138.04896926879883
174.330810546875 108.96707916259766 203.36558532714844 108.96707916259766 203.36558532714844 137.58044815063477 174.330810546875 137.58044815063477
174.10699462890625 109.21923828125 203.1373233795166 109.21923828125 203.1373233795166 138.24129676818848 174.10699462890625 138.24129676818848
174.1476287841797 108.71650695800781 203.30288314819336 108.71650695800781 203.30288314819336 138.08588218688965 174.1476287841797 138.08588218688965
173.98519897460938 108.52645111083984 204.1712131500244 108.52645111083984 204.1712131500244 138.58246612548828 173.98519897460938 138.58246612548828
174.49740600585938 108.92555236816406 204.08581924438477 108.92555236816406 204.08581924438477 137.98077774047852 174.49740600585938 137.98077774047852
174.59092712402344 108.9286117553711 204.17499160766602 108.9286117553711 204.17499160766602 138.303861618042 174.59092712402344 138.303861618042
174.654541015625 108.48822021484375 204.8035182952881 108.48822021484375 204.8035182952881 138.3212776184082 174.654541015625 138.3212776184082
174.52032470703125 107.9093246459961 204.75185012817383 107.9093246459961 204.75185012817383 138.98337936401367 174.52032470703125 138.98337936401367
174.61972045898438 107.5831298828125 205.28395462036133 107.5831298828125 205.28395462036133 138.03196716308594 174.61972045898438 138.03196716308594
174.7342071533203 107.15254211425781 205.5876579284668 107.15254211425781 205.5876579284668 138.9055690765381 174.7342071533203 138.9055690765381
174.95462036132812 106.8764877319336 206.01344680786133 106.8764877319336 206.01344680786133 138.27161979675293 174.95462036132812 138.27161979675293
175.45303344726562 107.02290344238281 205.43142700195312 107.02290344238281 205.43142700195312 138.68341445922852 175.45303344726562 138.68341445922852
175.06541442871094 105.6653823852539 206.32442092895508 105.6653823852539 206.32442092895508 139.28857421875 175.06541442871094 139.28857421875
175.85951232910156 105.95941162109375 205.79578590393066 105.95941162109375 205.79578590393066 138.60222244262695 175.85951232910156 138.60222244262695
175.3632049560547 104.57994079589844 205.55694961547852 104.57994079589844 205.55694961547852 138.3940887451172 175.3632049560547 138.3940887451172
175.8798370361328 104.26655578613281 205.9158172607422 104.26655578613281 205.9158172607422 138.37443161010742 175.8798370361328 138.37443161010742
176.17369079589844 104.01241302490234 205.44729232788086 104.01241302490234 205.44729232788086 138.23638916015625 176.17369079589844 138.23638916015625
174.8616180419922 104.08348083496094 205.5890293121338 104.08348083496094 205.5890293121338 138.140869140625 174.8616180419922 138.140869140625
175.14352416992188 103.49952697753906 205.08856773376465 103.49952697753906 205.08856773376465 137.11518096923828 175.14352416992188 137.11518096923828
174.5228271484375 103.19877624511719 204.61581993103027 103.19877624511719 204.61581993103027 138.11977767944336 174.5228271484375 138.11977767944336
175.40504455566406 102.7883529663086 204.51361083984375 102.7883529663086 204.51361083984375 138.53295135498047 175.40504455566406 138.53295135498047
174.84500122070312 102.09256744384766 203.8106632232666 102.09256744384766 203.8106632232666 137.32915496826172 174.84500122070312 137.32915496826172
175.17764282226562 101.87495422363281 204.17698097229004 101.87495422363281 204.17698097229004 137.7904815673828 175.17764282226562 137.7904815673828
174.6826934814453 102.4090805053711 203.44945335388184 102.4090805053711 203.44945335388184 137.55659103393555 174.6826934814453 137.55659103393555
174.26849365234375 102.3431396484375 203.0750846862793 102.3431396484375 203.0750846862793 137.2734031677246 174.26849365234375 137.2734031677246
173.63638305664062 100.91859436035156 202.81455612182617 100.91859436035156 202.81455612182617 137.38788604736328 173.63638305664062 137.38788604736328
174.37510681152344 102.38160705566406 202.7168674468994 102.38160705566406 202.7168674468994 137.7937240600586 174.37510681152344 137.7937240600586
174.1956329345703 100.96233367919922 202.8729248046875 100.96233367919922 202.8729248046875 137.43511199951172 174.1956329345703 137.43511199951172
174.23922729492188 101.35074615478516 203.31167602539062 101.35074615478516 203.31167602539062 136.91711807250977 174.23922729492188 136.91711807250977
174.30470275878906 102.03349304199219 201.89231491088867 102.03349304199219 201.89231491088867 137.17444610595703 174.30470275878906 137.17444610595703
173.34390258789062 101.49397277832031 200.57582664489746 101.49397277832031 200.57582664489746 136.3992691040039 173.34390258789062 136.3992691040039
173.0399169921875 101.82029724121094 200.5152244567871 101.82029724121094 200.5152244567871 135.5417137145996 173.0399169921875 135.5417137145996
172.43299865722656 103.47538757324219 199.86668014526367 103.47538757324219 199.86668014526367 136.7751693725586 172.43299865722656 136.7751693725586
171.96453857421875 103.46097564697266 199.43485641479492 103.46097564697266 199.43485641479492 136.37173080444336 171.96453857421875 136.37173080444336
171.3284454345703 103.77589416503906 198.55221557617188 103.77589416503906 198.55221557617188 136.22414779663086 171.3284454345703 136.22414779663086
170.9746551513672 103.5877914428711 197.9212703704834 103.5877914428711 197.9212703704834 135.9326515197754 170.9746551513672 135.9326515197754
171.32797241210938 103.9632568359375 197.8801383972168 103.9632568359375 197.8801383972168 136.78890991210938 171.32797241210938 136.78890991210938
170.63682556152344 105.6192855834961 197.5222053527832 105.6192855834961 197.5222053527832 137.3519515991211 170.63682556152344 137.3519515991211
169.11996459960938 106.38932037353516 196.68046951293945 106.38932037353516 196.68046951293945 137.28253936767578 169.11996459960938 137.28253936767578
167.90541076660156 104.68634033203125 196.09804153442383 104.68634033203125 196.09804153442383 137.35479354858398 167.90541076660156 137.35479354858398
169.0735626220703 104.39847564697266 196.55400466918945 104.39847564697266 196.55400466918945 136.24834060668945 169.0735626220703 136.24834060668945
167.7751007080078 104.6522216796875 196.95849227905273 104.6522216796875 196.95849227905273 136.69681549072266 167.7751007080078 136.69681549072266
166.9586181640625 102.2206802368164 200.22064971923828 102.2206802368164 200.22064971923828 134.3740119934082 166.9586181640625 134.3740119934082
166.77859497070312 103.28895568847656 197.24960708618164 103.28895568847656 197.24960708618164 135.999267578125 166.77859497070312 135.999267578125
162.0185089111328 94.4552230834961 193.5555019378662 94.4552230834961 193.5555019378662 125.25863456726074 162.0185089111328 125.25863456726074
163.86370849609375 95.68644714355469 194.16012001037598 95.68644714355469 194.16012001037598 126.24072265625 163.86370849609375 126.24072265625
161.6157989501953 94.98680114746094 192.72748374938965 94.98680114746094 192.72748374938965 125.05867576599121 161.6157989501953 125.05867576599121
162.44058227539062 93.47279357910156 191.17567443847656 93.47279357910156 191.17567443847656 123.04593849182129 162.44058227539062 123.04593849182129
163.1134033203125 92.3042984008789 191.2091064453125 92.3042984008789 191.2091064453125 122.42224884033203 163.1134033203125 122.42224884033203
161.93539428710938 93.9072265625 191.01767539978027 93.9072265625 191.01767539978027 124.55791091918945 161.93539428710938 124.55791091918945
163.127197265625 97.6102066040039 191.04396438598633 97.6102066040039 191.04396438598633 129.28974723815918 163.127197265625 129.28974723815918
161.7846221923828 96.14537048339844 190.71149826049805 96.14537048339844 190.71149826049805 128.76030731201172 161.7846221923828 128.76030731201172
162.34365844726562 93.59711456298828 190.45542335510254 93.59711456298828 190.45542335510254 127.29310989379883 162.34365844726562 127.29310989379883
162.8343505859375 95.3213882446289 190.39438247680664 95.3213882446289 190.39438247680664 128.44729232788086 162.8343505859375 128.44729232788086
161.0309295654297 96.7994613647461 189.54201316833496 96.7994613647461 189.54201316833496 131.3479232788086 161.0309295654297 131.3479232788086
159.92861938476562 95.25483703613281 189.04842567443848 95.25483703613281 189.04842567443848 130.5577163696289 159.92861938476562 130.5577163696289
159.93466186523438 93.5307388305664 189.15651321411133 93.5307388305664 189.15651321411133 129.22258377075195 159.93466186523438 129.22258377075195
158.19760131835938 95.1789779663086 187.05307960510254 95.1789779663086 187.05307960510254 130.58222579956055 158.19760131835938 130.58222579956055
154.89517211914062 93.90692901611328 185.4973487854004 93.90692901611328 185.4973487854004 128.45806121826172 154.89517211914062 128.45806121826172
154.22882080078125 92.94148254394531 185.72538375854492 92.94148254394531 185.72538375854492 128.3365707397461 154.22882080078125 128.3365707397461
152.4982452392578 91.74107360839844 184.64104843139648 91.74107360839844 184.64104843139648 126.96114349365234 152.4982452392578 126.96114349365234
150.36160278320312 92.75196838378906 183.71961212158203 92.75196838378906 183.71961212158203 128.0415382385254 150.36160278320312 128.0415382385254
150.65158081054688 93.41448211669922 183.49409103393555 93.41448211669922 183.49409103393555 129.0917510986328 150.65158081054688 129.0917510986328
150.00186157226562 94.14215850830078 182.65658569335938 94.14215850830078 182.65658569335938 129.13090896606445 150.00186157226562 129.13090896606445
150.1554718017578 92.20269775390625 182.37157821655273 92.20269775390625 182.37157821655273 128.38739776611328 150.1554718017578 128.38739776611328
149.1009521484375 91.59281158447266 182.24839401245117 91.59281158447266 182.24839401245117 127.41859436035156 149.1009521484375 127.41859436035156
150.68991088867188 93.72928619384766 182.9529037475586 93.72928619384766 182.9529037475586 129.50563430786133 150.68991088867188 129.50563430786133
150.81216430664062 92.84873962402344 182.76857376098633 92.84873962402344 182.76857376098633 128.3764305114746 150.81216430664062 128.3764305114746
150.6925811767578 93.42366027832031 182.66785049438477 93.42366027832031 182.66785049438477 128.5632553100586 150.6925811767578 128.5632553100586
150.8138885498047 94.21150970458984 183.0655288696289 94.21150970458984 183.0655288696289 129.09212112426758 150.8138885498047 129.09212112426758
150.8892059326172 91.80049896240234 183.6729393005371 91.80049896240234 183.6729393005371 126.60519409179688 150.8892059326172 126.60519409179688
151.04837036132812 93.64095306396484 183.59848022460938 93.64095306396484 183.59848022460938 127.35502624511719 151.04837036132812 127.35502624511719
150.920654296875 92.46995544433594 183.6090202331543 92.46995544433594 183.6090202331543 126.51799392700195 150.920654296875 126.51799392700195
151.16461181640625 91.97972106933594 184.20037460327148 91.97972106933594 184.20037460327148 126.85870361328125 151.16461181640625 126.85870361328125
150.41140747070312 93.21637725830078 183.85089111328125 93.21637725830078 183.85089111328125 126.73956680297852 150.41140747070312 126.73956680297852
150.06832885742188 91.94212341308594 183.56823348999023 91.94212341308594 183.56823348999023 126.46334457397461 150.06832885742188 126.46334457397461
149.53616333007812 93.40460205078125 183.06397247314453 93.40460205078125 183.06397247314453 127.69451904296875 149.53616333007812 127.69451904296875
149.44122314453125 94.3191909790039 181.85715866088867 94.3191909790039 181.85715866088867 127.46549224853516 149.44122314453125 127.46549224853516
149.2657012939453 95.29374694824219 181.13511657714844 95.29374694824219 181.13511657714844 128.88452911376953 149.2657012939453 128.88452911376953
148.6914520263672 96.6527328491211 180.4690456390381 96.6527328491211 180.4690456390381 129.87748336791992 148.6914520263672 129.87748336791992
149.33740234375 98.07032775878906 180.9844627380371 98.07032775878906 180.9844627380371 131.9575538635254 149.33740234375 131.9575538635254
148.82949829101562 97.8877944946289 180.03860473632812 97.8877944946289 180.03860473632812 130.94841766357422 148.82949829101562 130.94841766357422
151.080810546875 99.088134765625 180.2635955810547 99.088134765625 180.2635955810547 132.36212539672852 151.080810546875 132.36212539672852
149.29550170898438 99.3302230834961 179.75547790527344 99.3302230834961 179.75547790527344 131.41967010498047 149.29550170898438 131.41967010498047
148.3965301513672 100.42595672607422 178.45046043395996 100.42595672607422 178.45046043395996 132.79656982421875 148.3965301513672 132.79656982421875
149.3115692138672 100.64808654785156 178.77999877929688 100.64808654785156 178.77999877929688 132.96340560913086 149.3115692138672 132.96340560913086
148.91700744628906 99.9814682006836 178.82444381713867 99.9814682006836 178.82444381713867 132.53397750854492 148.91700744628906 132.53397750854492
148.83517456054688 100.30357360839844 178.1286106109619 100.30357360839844 178.1286106109619 131.57592391967773 148.83517456054688 131.57592391967773
147.59722900390625 100.72773742675781 178.01242637634277 100.72773742675781 178.01242637634277 131.07238388061523 147.59722900390625 131.07238388061523
148.28463745117188 101.25940704345703 177.14705276489258 101.25940704345703 177.14705276489258 131.10941314697266 148.28463745117188 131.10941314697266
148.87734985351562 101.12091064453125 177.7494602203369 101.12091064453125 177.7494602203369 132.62238121032715 148.87734985351562 132.62238121032715
148.02554321289062 100.54219055175781 177.49690628051758 100.54219055175781 177.49690628051758 130.5312614440918 148.02554321289062 130.5312614440918
148.6113739013672 101.11031341552734 177.03317642211914 101.11031341552734 177.03317642211914 131.88811492919922 148.6113739013672 131.88811492919922
147.76596069335938 101.38056182861328 177.52721214294434 101.38056182861328 177.52721214294434 131.9592628479004 147.76596069335938 131.9592628479004
146.68338012695312 101.1715087890625 176.97382164001465 101.1715087890625 176.97382164001465 132.15896606445312 146.68338012695312 132.15896606445312
147.00796508789062 101.26567077636719 177.63010025024414 101.26567077636719 177.63010025024414 132.10051345825195 147.00796508789062 132.10051345825195
148.561279296875 100.7398910522461 178.32650184631348 100.7398910522461 178.32650184631348 130.8501091003418 148.561279296875 130.8501091003418
146.3595428466797 100.96760559082031 177.23224449157715 100.96760559082031 177.23224449157715 131.70339584350586 146.3595428466797 131.70339584350586
147.46829223632812 101.22511291503906 177.8834285736084 101.22511291503906 177.8834285736084 131.5143642425537 147.46829223632812 131.5143642425537
147.7869110107422 101.79210662841797 177.2372589111328 101.79210662841797 177.2372589111328 131.32233047485352 147.7869110107422 131.32233047485352
147.70831298828125 101.01749420166016 177.85035133361816 101.01749420166016 177.85035133361816 130.46081924438477 147.70831298828125 130.46081924438477
147.8470916748047 101.84688568115234 177.3050022125244 101.84688568115234 177.3050022125244 132.19610214233398 147.8470916748047 132.19610214233398
149.29689025878906 102.0537109375 177.85708618164062 102.0537109375 177.85708618164062 131.6809902191162 149.29689025878906 131.6809902191162
149.16734313964844 101.8346176147461 178.0524444580078 101.8346176147461 178.0524444580078 131.16016960144043 149.16734313964844 131.16016960144043
148.8817138671875 101.54322052001953 177.71834754943848 101.54322052001953 177.71834754943848 130.98993301391602 148.8817138671875 130.98993301391602
148.4712371826172 101.7330551147461 177.74877548217773 101.7330551147461 177.74877548217773 130.440824508667 148.4712371826172 130.440824508667
146.80355834960938 101.41630554199219 177.1227912902832 101.41630554199219 177.1227912902832 130.1156463623047 146.80355834960938 130.1156463623047
147.75323486328125 102.01054382324219 178.3057403564453 102.01054382324219 178.3057403564453 128.6208610534668 147.75323486328125 128.6208610534668
145.5084686279297 102.5737533569336 176.61419677734375 102.5737533569336 176.61419677734375 127.93353652954102 145.5084686279297 127.93353652954102
144.63600158691406 100.7710952758789 176.86391830444336 100.7710952758789 176.86391830444336 124.81947135925293 144.63600158691406 124.81947135925293
146.1389923095703 101.24916076660156 177.67079734802246 101.24916076660156 177.67079734802246 126.93941307067871 146.1389923095703 126.93941307067871
148.1441650390625 101.67345428466797 178.5560817718506 101.67345428466797 178.5560817718506 128.861722946167 148.1441650390625 128.861722946167
149.3269500732422 101.46111297607422 178.07421493530273 101.46111297607422 178.07421493530273 130.77969551086426 149.3269500732422 130.77969551086426
147.5674285888672 101.0893325805664 177.9212760925293 101.0893325805664 177.9212760925293 131.45191764831543 147.5674285888672 131.45191764831543
148.37197875976562 101.0646743774414 178.13554763793945 101.0646743774414 178.13554763793945 131.4936809539795 148.37197875976562 131.4936809539795
148.3153533935547 100.97858428955078 177.31952285766602 100.97858428955078 177.31952285766602 131.4217758178711 148.3153533935547 131.4217758178711
147.81631469726562 100.94901275634766 177.5987033843994 100.94901275634766 177.5987033843994 131.31960678100586 147.81631469726562 131.31960678100586
148.4150848388672 101.47542572021484 177.32229232788086 101.47542572021484 177.32229232788086 132.44693183898926 148.4150848388672 132.44693183898926
147.36614990234375 100.75597381591797 177.55735206604004 100.75597381591797 177.55735206604004 131.68821907043457 147.36614990234375 131.68821907043457
147.93460083007812 100.97296142578125 177.52162170410156 100.97296142578125 177.52162170410156 131.86476135253906 147.93460083007812 131.86476135253906
148.05567932128906 101.10200500488281 177.06284523010254 101.10200500488281 177.06284523010254 130.92118453979492 148.05567932128906 130.92118453979492
148.77845764160156 101.2447738647461 177.71807479858398 101.2447738647461 177.71807479858398 131.5797233581543 148.77845764160156 131.5797233581543
149.3854522705078 101.36445617675781 177.6273708343506 101.36445617675781 177.6273708343506 131.17458534240723 149.3854522705078 131.17458534240723
147.6410675048828 101.3812255859375 177.74680137634277 101.3812255859375 177.74680137634277 131.85133361816406 147.6410675048828 131.85133361816406
147.67697143554688 101.62171936035156 177.11659622192383 101.62171936035156 177.11659622192383 131.98829650878906 147.67697143554688 131.98829650878906
147.9313201904297 100.92436981201172 177.46153831481934 100.92436981201172 177.46153831481934 130.39861679077148 147.9313201904297 130.39861679077148
147.4585723876953 101.79204559326172 177.37069129943848 101.79204559326172 177.37069129943848 132.71080780029297 147.4585723876953 132.71080780029297
147.33338928222656 102.28102111816406 176.81593322753906 102.28102111816406 176.81593322753906 132.49348068237305 147.33338928222656 132.49348068237305
147.86001586914062 102.53743743896484 178.0926513671875 102.53743743896484 178.0926513671875 131.75799942016602 147.86001586914062 131.75799942016602
141.8789825439453 101.37740325927734 174.34525299072266 101.37740325927734 174.34525299072266 132.7615089416504 141.8789825439453 132.7615089416504
146.4288787841797 115.47807312011719 179.3983917236328 115.47807312011719 179.3983917236328 147.34865188598633 146.4288787841797 147.34865188598633
157.31333923339844 127.87784576416016 190.29096221923828 127.87784576416016 190.29096221923828 159.75626373291016 157.31333923339844 159.75626373291016
175.13302612304688 149.0941619873047 208.54185104370117 149.0941619873047 208.54185104370117 181.38941192626953 175.13302612304688 181.38941192626953
187.34207153320312 164.04888916015625 220.30398559570312 164.04888916015625 220.30398559570312 195.91212463378906 187.34207153320312 195.91212463378906
186.50857543945312 163.4659881591797 219.80226516723633 163.4659881591797 219.80226516723633 195.64994049072266 186.50857543945312 195.64994049072266
166.92196655273438 155.55307006835938 200.23424530029297 155.55307006835938 200.23424530029297 187.7549934387207 166.92196655273438 187.7549934387207
171.94869995117188 155.61752319335938 204.4245834350586 155.61752319335938 204.4245834350586 187.01092529296875 171.94869995117188 187.01092529296875
187.7211151123047 125.58482360839844 219.60187149047852 125.58482360839844 219.60187149047852 156.40293312072754 187.7211151123047 156.40293312072754
188.66424560546875 117.6198501586914 220.47544860839844 117.6198501586914 220.47544860839844 148.37072563171387 188.66424560546875 148.37072563171387
188.8443145751953 122.5315170288086 220.71706581115723 122.5315170288086 220.71706581115723 153.341890335083 188.8443145751953 153.341890335083
189.1720733642578 124.8067855834961 221.00054550170898 124.8067855834961 221.00054550170898 155.57435417175293 189.1720733642578 155.57435417175293
188.17514038085938 125.5705795288086 219.91414833068848 125.5705795288086 219.91414833068848 156.25166130065918 188.17514038085938 156.25166130065918
188.4962158203125 131.37765502929688 219.84632301330566 131.37765502929688 219.84632301330566 161.68280029296875 188.4962158203125 161.68280029296875
187.89071655273438 122.34571838378906 219.5141716003418 122.34571838378906 219.5141716003418 152.91510009765625 187.89071655273438 152.91510009765625
189.33035278320312 122.24820709228516 221.72957611083984 122.24820709228516 221.72957611083984 153.56749725341797 189.33035278320312 153.56749725341797
187.64608764648438 126.53861236572266 220.22297286987305 126.53861236572266 220.22297286987305 158.0296401977539 187.64608764648438 158.0296401977539
186.97230529785156 122.34519958496094 220.28771209716797 122.34519958496094 220.28771209716797 154.55012893676758 186.97230529785156 154.55012893676758
187.44679260253906 125.863037109375 220.9471778869629 125.863037109375 220.9471778869629 158.24677658081055 187.44679260253906 158.24677658081055
186.68875122070312 128.90603637695312 219.57437133789062 128.90603637695312 219.57437133789062 160.6955051422119 186.68875122070312 160.6955051422119
189.11415100097656 129.8737030029297 221.8166618347168 129.8737030029297 221.8166618347168 161.4861660003662 189.11415100097656 161.4861660003662
186.58554077148438 125.87020111083984 219.12664794921875 125.87020111083984 219.12664794921875 157.3266429901123 186.58554077148438 157.3266429901123
187.45761108398438 125.03517150878906 220.2017707824707 125.03517150878906 220.2017707824707 156.68789291381836 187.45761108398438 156.68789291381836
189.2614288330078 119.8089370727539 221.79866409301758 119.8089370727539 221.79866409301758 151.2616310119629 189.2614288330078 151.2616310119629
188.63922119140625 121.3640365600586 220.7558364868164 121.3640365600586 220.7558364868164 152.4101333618164 188.63922119140625 152.4101333618164
188.99761962890625 122.82649993896484 221.18941116333008 122.82649993896484 221.18941116333008 153.94526481628418 188.99761962890625 153.94526481628418
187.23606872558594 123.50093841552734 220.09568405151367 123.50093841552734 220.09568405151367 155.2652702331543 187.23606872558594 155.2652702331543
186.8287811279297 122.60255432128906 219.81697845458984 122.60255432128906 219.81697845458984 154.49118423461914 186.8287811279297 154.49118423461914
187.1034698486328 121.57167053222656 220.07910919189453 121.57167053222656 220.07910919189453 153.4481601715088 187.1034698486328 153.4481601715088
187.2014923095703 124.13502502441406 219.84811782836914 124.13502502441406 219.84811782836914 155.69346237182617 187.2014923095703 155.69346237182617
187.32823181152344 121.38093566894531 220.38164901733398 121.38093566894531 220.38164901733398 153.3326015472412 187.32823181152344 153.3326015472412
188.2759246826172 123.709716796875 221.79177474975586 123.709716796875 221.79177474975586 156.10840606689453 188.2759246826172 156.10840606689453
185.96087646484375 124.42912292480469 219.6624641418457 124.42912292480469 219.6624641418457 157.0073585510254 185.96087646484375 157.0073585510254
186.21084594726562 123.29026794433594 219.7264175415039 123.29026794433594 219.7264175415039 155.68869018554688 186.21084594726562 155.68869018554688
185.69778442382812 127.6353988647461 219.16426849365234 127.6353988647461 219.16426849365234 159.9863739013672 185.69778442382812 159.9863739013672
187.50411987304688 123.7230453491211 220.86132431030273 123.7230453491211 220.86132431030273 155.9683837890625 187.50411987304688 155.9683837890625
188.8488311767578 126.69478607177734 222.45553970336914 126.69478607177734 222.45553970336914 159.1813087463379 188.8488311767578 159.1813087463379
187.77403259277344 126.38226318359375 221.32281875610352 126.38226318359375 221.32281875610352 158.81279754638672 187.77403259277344 158.81279754638672
187.9811248779297 118.43992614746094 222.55478286743164 118.43992614746094 222.55478286743164 151.86116790771484 187.9811248779297 151.86116790771484
188.2299041748047 116.65513610839844 223.2194595336914 116.65513610839844 223.2194595336914 150.4784164428711 188.2299041748047 150.4784164428711
184.47494506835938 125.6968002319336 219.8829803466797 125.6968002319336 219.8829803466797 159.92461013793945 184.47494506835938 159.92461013793945
187.9596405029297 123.63780212402344 222.61100006103516 123.63780212402344 222.61100006103516 157.13416290283203 187.9596405029297 157.13416290283203
188.20245361328125 124.1859359741211 222.57007598876953 124.1859359741211 222.57007598876953 157.40802001953125 188.20245361328125 157.40802001953125
186.97360229492188 120.50007629394531 221.25908660888672 120.50007629394531 221.25908660888672 153.64275741577148 186.97360229492188 153.64275741577148
186.32171630859375 117.9212417602539 220.62081146240234 117.9212417602539 220.62081146240234 151.07707977294922 186.32171630859375 151.07707977294922
187.85952758789062 120.33660888671875 222.33726501464844 120.33660888671875 222.33726501464844 153.66513442993164 187.85952758789062 153.66513442993164
188.24598693847656 118.58409118652344 222.42209243774414 118.58409118652344 222.42209243774414 151.62104034423828 188.24598693847656 151.62104034423828
186.9368133544922 124.75834655761719 221.4870147705078 124.75834655761719 221.4870147705078 158.15692138671875 186.9368133544922 158.15692138671875
188.15512084960938 124.60479736328125 222.48652267456055 124.60479736328125 222.48652267456055 157.79186248779297 188.15512084960938 157.79186248779297
189.6668701171875 127.37684631347656 223.62604904174805 127.37684631347656 223.62604904174805 160.20409774780273 189.6668701171875 160.20409774780273
187.81201171875 126.51375579833984 222.5559310913086 126.51375579833984 222.5559310913086 160.09959411621094 187.81201171875 160.09959411621094
184.8195037841797 132.98794555664062 219.24808502197266 132.98794555664062 219.24808502197266 166.2689552307129 184.8195037841797 166.2689552307129
185.4435272216797 129.86270141601562 220.51577758789062 129.86270141601562 220.51577758789062 163.76592636108398 185.4435272216797 163.76592636108398
187.10409545898438 127.68782806396484 222.03641891479492 127.68782806396484 222.03641891479492 161.45579147338867 187.10409545898438 161.45579147338867
185.45468139648438 132.63296508789062 220.85924911499023 132.63296508789062 220.85924911499023 166.85743713378906 185.45468139648438 166.85743713378906
186.4286651611328 131.2449493408203 221.98302459716797 131.2449493408203 221.98302459716797 165.61421966552734 186.4286651611328 165.61421966552734
186.80612182617188 128.486572265625 222.7769660949707 128.486572265625 222.7769660949707 163.2584457397461 186.80612182617188 163.2584457397461
184.97579956054688 128.68409729003906 221.31427383422852 128.68409729003906 221.31427383422852 163.81134796142578 184.97579956054688 163.81134796142578
185.966064453125 132.4945831298828 222.00028228759766 132.4945831298828 222.00028228759766 167.32772064208984 185.966064453125 167.32772064208984
185.69384765625 124.12907409667969 221.64665985107422 124.12907409667969 221.64665985107422 158.88351821899414 185.69384765625 158.88351821899414
184.9154052734375 129.1073760986328 221.54674530029297 129.1073760986328 221.54674530029297 164.5177345275879 184.9154052734375 164.5177345275879
184.45578002929688 134.64950561523438 221.3469009399414 134.64950561523438 221.3469009399414 170.31098556518555 184.45578002929688 170.31098556518555
184.16673278808594 132.1254119873047 220.53470611572266 132.1254119873047 220.53470611572266 167.28118133544922 184.16673278808594 167.28118133544922
186.10568237304688 129.9684600830078 221.27587127685547 129.9684600830078 221.27587127685547 163.96636581420898 186.10568237304688 163.96636581420898
186.87550354003906 129.00840759277344 222.23883819580078 129.00840759277344 222.23883819580078 163.19302368164062 186.87550354003906 163.19302368164062
186.81210327148438 126.33680725097656 222.17419815063477 126.33680725097656 222.17419815063477 160.52022552490234 186.81210327148438 160.52022552490234
188.69534301757812 122.46318054199219 223.80599212646484 122.46318054199219 223.80599212646484 156.4035301208496 188.69534301757812 156.4035301208496
188.27011108398438 141.24563598632812 222.97156524658203 141.24563598632812 222.97156524658203 174.7904281616211 188.27011108398438 174.7904281616211
186.05780029296875 143.32627868652344 221.26593017578125 143.32627868652344 221.26593017578125 177.36085510253906 186.05780029296875 177.36085510253906
185.92276000976562 138.0550079345703 221.71873092651367 138.0550079345703 221.71873092651367 172.65783309936523 185.92276000976562 172.65783309936523
