431.0 127.0 495.0 127.0 495.0 176.0 431.0 176.0
431.16241455078125 127.92991638183594 495.9912109375 127.92991638183594 495.9912109375 175.93796157836914 431.16241455078125 175.93796157836914
432.3080139160156 128.8975830078125 496.0791816711426 128.8975830078125 496.0791816711426 177.26363372802734 432.3080139160156 177.26363372802734
432.75823974609375 128.79342651367188 496.1090278625488 128.79342651367188 496.1090278625488 178.7233009338379 432.75823974609375 178.7233009338379
433.9547424316406 129.4126434326172 498.4352493286133 129.4126434326172 498.4352493286133 179.87711715698242 433.9547424316406 179.87711715698242
434.45037841796875 129.97689819335938 499.2610168457031 129.97689819335938 499.2610168457031 180.73067092895508 434.45037841796875 180.73067092895508
435.11822509765625 132.2493896484375 499.6676025390625 132.2493896484375 499.6676025390625 182.24396514892578 435.11822509765625 182.24396514892578
435.97479248046875 132.4274444580078 500.01839447021484 132.4274444580078 500.01839447021484 182.96367263793945 435.97479248046875 182.96367263793945
435.76708984375 133.1246795654297 501.9967803955078 133.1246795654297 501.9967803955078 185.14922714233398 435.76708984375 185.14922714233398
436.47576904296875 135.8889617919922 501.41392517089844 135.8889617919922 501.41392517089844 186.98388671875 436.47576904296875 186.98388671875
437.5169982910156 135.97781372070312 502.77894592285156 135.97781372070312 502.77894592285156 188.0156135559082 437.5169982910156 188.0156135559082
437.943115234375 137.5477294921875 503.50594329833984 137.5477294921875 503.50594329833984 189.02689361572266 437.943115234375 189.02689361572266
439.0076599121094 138.566650390625 502.9929618835449 138.566650390625 502.9929618835449 190.69990158081055 439.0076599121094 190.69990158081055
439.5391540527344 140.21810913085938 503.93412017822266 140.21810913085938 503.93412017822266 190.81258392333984 439.5391540527344 190.81258392333984
439.07769775390625 140.37692260742188 504.9431915283203 140.37692260742188 504.9431915283203 191.91464233398438 439.07769775390625 191.91464233398438
438.9786071777344 140.43405151367188 504.7860412597656 140.43405151367188 504.7860412597656 193.94477081298828 438.9786071777344 193.94477081298828
439.66522216796875 144.3931427001953 505.8672637939453 144.3931427001953 505.8672637939453 195.50240325927734 439.66522216796875 195.50240325927734
439.600341796875 143.83584594726562 506.30655670166016 143.83584594726562 506.30655670166016 196.94747924804688 439.600341796875 196.94747924804688
439.96258544921875 144.4014129638672 507.20668029785156 144.4014129638672 507.20668029785156 198.7705535888672 439.96258544921875 198.7705535888672
439.78497314453125 145.65548706054688 506.7220687866211 145.65548706054688 506.7220687866211 200.06378173828125 439.78497314453125 200.06378173828125
440.07696533203125 148.31173706054688 506.4406280517578 148.31173706054688 506.4406280517578 201.44794464111328 440.07696533203125 201.44794464111328
440.59381103515625 147.59588623046875 506.4449005126953 147.59588623046875 506.4449005126953 202.96397018432617 440.59381103515625 202.96397018432617
440.2804260253906 150.24497985839844 506.5891418457031 150.24497985839844 506.5891418457031 204.8965301513672 440.2804260253906 204.8965301513672
439.23394775390625 149.78758239746094 506.43267822265625 149.78758239746094 506.43267822265625 205.37049865722656 439.23394775390625 205.37049865722656
438.8525390625 151.3170928955078 507.33373260498047 151.3170928955078 507.33373260498047 206.47989654541016 438.8525390625 206.47989654541016
438.9288024902344 150.75221252441406 506.59876251220703 150.75221252441406 506.59876251220703 207.5339012145996 438.9288024902344 207.5339012145996
439.59478759765625 152.09747314453125 507.2834014892578 152.09747314453125 507.2834014892578 209.42734909057617 439.59478759765625 209.42734909057617
438.61541748046875 154.01803588867188 507.0320129394531 154.01803588867188 507.0320129394531 211.32391357421875 438.61541748046875 211.32391357421875
438.740478515625 155.87579345703125 505.81895446777344 155.87579345703125 505.81895446777344 212.07503128051758 438.740478515625 212.07503128051758
438.5526428222656 154.7428741455078 507.0956268310547 154.7428741455078 507.0956268310547 214.0008316040039 438.5526428222656 214.0008316040039
437.48944091796875 156.99497985839844 506.49279022216797 156.99497985839844 506.49279022216797 215.35527801513672 437.48944091796875 215.35527801513672
438.7669372558594 159.70773315429688 505.67574310302734 159.70773315429688 505.67574310302734 217.02914428710938 438.7669372558594 217.02914428710938
438.2964782714844 161.07620239257812 505.66062927246094 161.07620239257812 505.66062927246094 219.1945571899414 438.2964782714844 219.1945571899414
436.32586669921875 162.1493377685547 505.33453369140625 162.1493377685547 505.33453369140625 220.44843292236328 436.32586669921875 220.44843292236328
435.17803955078125 163.6879425048828 505.20947265625 163.6879425048828 505.20947265625 220.71453094482422 435.17803955078125 220.71453094482422
433.3326721191406 164.89599609375 504.8499450683594 164.89599609375 504.8499450683594 223.95328521728516 433.3326721191406 223.95328521728516
432.41339111328125 166.8734893798828 504.3447265625 166.8734893798828 504.3447265625 224.43445205688477 432.41339111328125 224.43445205688477
432.25518798828125 171.1998748779297 501.9778747558594 171.1998748779297 501.9778747558594 225.15842056274414 432.25518798828125 225.15842056274414
432.1234436035156 169.67221069335938 504.0804214477539 169.67221069335938 504.0804214477539 227.8538703918457 432.1234436035156 227.8538703918457
430.57916259765625 172.0794677734375 503.9185791015625 172.0794677734375 503.9185791015625 230.0721321105957 430.57916259765625 230.0721321105957
430.51763916015625 174.8849334716797 502.33191680908203 174.8849334716797 502.33191680908203 231.04918670654297 430.51763916015625 231.04918670654297
428.2420349121094 175.50247192382812 501.8612518310547 175.50247192382812 501.8612518310547 233.24558639526367 428.2420349121094 233.24558639526367
425.89190673828125 178.3177032470703 500.9331817626953 178.3177032470703 500.9331817626953 234.6315574645996 425.89190673828125 234.6315574645996
425.40264892578125 178.28775024414062 501.60778045654297 178.28775024414062 501.60778045654297 236.58190155029297 425.40264892578125 236.58190155029297
422.4176330566406 180.85459899902344 499.1269989013672 180.85459899902344 499.1269989013672 237.95999908447266 422.4176330566406 237.95999908447266
422.5701599121094 182.70254516601562 497.7763900756836 182.70254516601562 497.7763900756836 241.54054641723633 422.5701599121094 241.54054641723633
420.2356872558594 184.8507843017578 497.16139221191406 184.8507843017578 497.16139221191406 244.5782127380371 420.2356872558594 244.5782127380371
419.3392639160156 185.53311157226562 496.4557800292969 185.53311157226562 496.4557800292969 245.6847038269043 419.3392639160156 245.6847038269043
413.7425842285156 186.6778106689453 494.26707458496094 186.6778106689453 494.26707458496094 247.9755630493164 413.7425842285156 247.9755630493164
410.67156982421875 190.01040649414062 492.32389068603516 190.01040649414062 492.32389068603516 250.905029296875 410.67156982421875 250.905029296875
411.051025390625 189.56222534179688 492.5824432373047 189.56222534179688 492.5824432373047 251.77436447143555 411.051025390625 251.77436447143555
407.51971435546875 190.61520385742188 490.22815704345703 190.61520385742188 490.22815704345703 255.40126037597656 407.51971435546875 255.40126037597656
406.55804443359375 195.11671447753906 488.1876754760742 195.11671447753906 488.1876754760742 257.73890686035156 406.55804443359375 257.73890686035156
403.2503662109375 197.4398651123047 485.62012481689453 197.4398651123047 485.62012481689453 260.2979393005371 403.2503662109375 260.2979393005371
401.14801025390625 199.55227661132812 483.97838592529297 199.55227661132812 483.97838592529297 261.9321823120117 401.14801025390625 261.9321823120117
398.11199951171875 201.22940063476562 480.4028091430664 201.22940063476562 480.4028091430664 266.1250762939453 398.11199951171875 266.1250762939453
398.74639892578125 202.5182342529297 479.80149841308594 202.5182342529297 479.80149841308594 267.7486343383789 398.74639892578125 267.7486343383789
394.3355407714844 204.2032928466797 477.26705169677734 204.2032928466797 477.26705169677734 268.91092681884766 394.3355407714844 268.91092681884766
389.5853576660156 206.36929321289062 476.55369567871094 206.36929321289062 476.55369567871094 272.75785064697266 389.5853576660156 272.75785064697266
387.85760498046875 208.7735137939453 473.29984283447266 208.7735137939453 473.29984283447266 276.4901580810547 387.85760498046875 276.4901580810547
378.81396484375 212.8033905029297 471.0340042114258 212.8033905029297 471.0340042114258 280.681396484375 378.81396484375 280.681396484375
377.03985595703125 211.6208953857422 469.1997833251953 211.6208953857422 469.1997833251953 284.5558090209961 377.03985595703125 284.5558090209961
375.98626708984375 210.27114868164062 469.18912506103516 210.27114868164062 469.18912506103516 287.28582763671875 375.98626708984375 287.28582763671875
368.5987243652344 215.5509490966797 463.90065002441406 215.5509490966797 463.90065002441406 291.3167037963867 368.5987243652344 291.3167037963867
363.20001220703125 216.64431762695312 461.41099548339844 216.64431762695312 461.41099548339844 295.44510650634766 363.20001220703125 295.44510650634766
357.899658203125 217.2776641845703 457.2169189453125 217.2776641845703 457.2169189453125 299.2174072265625 357.899658203125 299.2174072265625
356.5271911621094 220.6986846923828 454.2548599243164 220.6986846923828 454.2548599243164 300.9592590332031 356.5271911621094 300.9592590332031
347.6344909667969 224.9003448486328 448.40367126464844 224.9003448486328 448.40367126464844 304.9514465332031 347.6344909667969 304.9514465332031
343.6282653808594 225.25390625 447.5991744995117 225.25390625 447.5991744995117 308.3944549560547 343.6282653808594 308.3944549560547
339.24591064453125 228.7021484375 443.49046325683594 228.7021484375 443.49046325683594 310.4891815185547 339.24591064453125 310.4891815185547
336.8271789550781 230.17898559570312 441.8783264160156 230.17898559570312 441.8783264160156 314.64141845703125 336.8271789550781 314.64141845703125
330.4407043457031 235.64462280273438 435.1488571166992 235.64462280273438 435.1488571166992 317.9682922363281 330.4407043457031 317.9682922363281
324.94061279296875 238.7057647705078 431.0643310546875 238.7057647705078 431.0643310546875 322.66202545166016 324.94061279296875 322.66202545166016
321.31170654296875 241.3952178955078 427.08787536621094 241.3952178955078 427.08787536621094 324.87992095947266 321.31170654296875 324.87992095947266
313.43914794921875 243.52517700195312 419.86402893066406 243.52517700195312 419.86402893066406 328.7438735961914 313.43914794921875 328.7438735961914
310.1560974121094 245.20077514648438 417.67393493652344 245.20077514648438 417.67393493652344 332.6660919189453 310.1560974121094 332.6660919189453
305.9031066894531 250.20352172851562 411.0551300048828 250.20352172851562 411.0551300048828 336.0694046020508 305.9031066894531 336.0694046020508
300.2270812988281 252.19546508789062 406.94581604003906 252.19546508789062 406.94581604003906 338.9759292602539 300.2270812988281 338.9759292602539
288.3163146972656 258.60601806640625 397.16050720214844 258.60601806640625 397.16050720214844 345.4484100341797 288.3163146972656 345.4484100341797
282.7829895019531 260.545166015625 394.4234924316406 260.545166015625 394.4234924316406 350.4564208984375 282.7829895019531 350.4564208984375
274.7611999511719 261.04058837890625 386.86183166503906 261.04058837890625 386.86183166503906 353.7377471923828 274.7611999511719 353.7377471923828
263.74652099609375 268.81768798828125 377.64949798583984 268.81768798828125 377.64949798583984 359.46185302734375 263.74652099609375 359.46185302734375
258.69842529296875 275.31683349609375 371.98221588134766 275.31683349609375 371.98221588134766 363.6341781616211 258.69842529296875 363.6341781616211
246.37454223632812 275.9571838378906 364.05176544189453 275.9571838378906 364.05176544189453 369.3023223876953 246.37454223632812 369.3023223876953
241.109375 282.79742431640625 356.1191864013672 282.79742431640625 356.1191864013672 375.22728729248047 241.109375 375.22728729248047
233.5565185546875 286.26397705078125 349.45384216308594 286.26397705078125 349.45384216308594 379.0561065673828 233.5565185546875 379.0561065673828
219.7270050048828 292.34161376953125 337.35499572753906 292.34161376953125 337.35499572753906 386.57952880859375 219.7270050048828 386.57952880859375
208.9958038330078 294.88592529296875 328.2451477050781 294.88592529296875 328.2451477050781 390.05582427978516 208.9958038330078 390.05582427978516
194.87306213378906 302.8744812011719 313.3788833618164 302.8744812011719 313.3788833618164 396.54471588134766 194.87306213378906 396.54471588134766
184.9957733154297 304.9349365234375 303.0640335083008 304.9349365234375 303.0640335083008 399.7135696411133 184.9957733154297 399.7135696411133
169.28941345214844 315.871337890625 288.8462371826172 315.871337890625 288.8462371826172 409.01981353759766 169.28941345214844 409.01981353759766
158.16464233398438 316.5583801269531 279.21239471435547 316.5583801269531 279.21239471435547 410.2321548461914 158.16464233398438 410.2321548461914
146.79165649414062 320.850830078125 269.4728088378906 320.850830078125 269.4728088378906 416.48126220703125 146.79165649414062 416.48126220703125
133.5255584716797 329.9792175292969 257.6358642578125 329.9792175292969 257.6358642578125 424.9189453125 133.5255584716797 424.9189453125
128.88796997070312 333.3030700683594 252.27297973632812 333.3030700683594 252.27297973632812 428.29351806640625 128.88796997070312 428.29351806640625
101.10920715332031 345.20208740234375 227.4779815673828 345.20208740234375 227.4779815673828 437.71656799316406 101.10920715332031 437.71656799316406
86.1154556274414 349.6046142578125 214.23657989501953 349.6046142578125 214.23657989501953 442.681396484375 86.1154556274414 442.681396484375
72.72639465332031 361.7901306152344 196.55226135253906 361.7901306152344 196.55226135253906 452.65907287597656 72.72639465332031 452.65907287597656
59.65283203125 366.03607177734375 181.4142837524414 366.03607177734375 181.4142837524414 456.22779846191406 59.65283203125 456.22779846191406
33.52622604370117 376.4061279296875 161.18731307983398 376.4061279296875 161.18731307983398 468.2710723876953 33.52622604370117 468.2710723876953
12.513412475585938 378.0850524902344 148.81976318359375 378.0850524902344 148.81976318359375 477.1245574951172 12.513412475585938 477.1245574951172
2.264683485031128 385.5992126464844 134.911869764328 385.5992126464844 134.911869764328 483.2288055419922 2.264683485031128 483.2288055419922
0.0 388.0657653808594 128.03524780273438 388.0657653808594 128.03524780273438 490.1062927246094 0.0 490.1062927246094
-12.367704391479492 393.5868225097656 109.02836799621582 393.5868225097656 109.02836799621582 486.53063201904297 -12.367704391479492 486.53063201904297
-13.252673149108887 398.24774169921875 106.71934986114502 398.24774169921875 106.71934986114502 490.10125732421875 -13.252673149108887 490.10125732421875
-6.263820648193359 399.20050048828125 113.94439315795898 399.20050048828125 113.94439315795898 491.23484802246094 -6.263820648193359 491.23484802246094
-0.9481460452079773 354.4287414550781 118.47488862276077 354.4287414550781 118.47488862276077 445.86194610595703 -0.9481460452079773 445.86194610595703
-5.352268218994141 351.1590881347656 113.55289840698242 351.1590881347656 113.55289840698242 442.19580841064453 -5.352268218994141 442.19580841064453
-5.162152290344238 372.8726501464844 112.1549711227417 372.8726501464844 112.1549711227417 462.6935272216797 -5.162152290344238 462.6935272216797
