157.0 175.0 170.0 175.0 170.0 187.0 157.0 187.0
158.028076171875 174.5064239501953 170.15680694580078 174.5064239501953 170.15680694580078 187.60818004608154 158.028076171875 187.60818004608154
158.3026123046875 174.59364318847656 170.7157850265503 174.59364318847656 170.7157850265503 187.65544414520264 158.3026123046875 187.65544414520264
158.54502868652344 174.770263671875 170.86005115509033 174.770263671875 170.86005115509033 187.8475980758667 158.54502868652344 187.8475980758667
159.54324340820312 175.9156036376953 170.90794277191162 175.9156036376953 170.90794277191162 188.5514669418335 159.54324340820312 188.5514669418335
159.45164489746094 176.54786682128906 171.02810859680176 176.54786682128906 171.02810859680176 188.2373218536377 159.45164489746094 188.2373218536377
159.92413330078125 176.7271728515625 171.5112428665161 176.7271728515625 171.5112428665161 188.7806158065796 159.92413330078125 188.7806158065796
160.04962158203125 177.19313049316406 171.931303024292 177.19313049316406 171.931303024292 188.67682933807373 160.04962158203125 188.67682933807373
160.1243896484375 177.1549835205078 172.3283567428589 177.1549835205078 172.3283567428589 188.6477975845337 160.1243896484375 188.6477975845337
161.1685028076172 176.6705322265625 172.9966173171997 176.6705322265625 172.9966173171997 188.77852153778076 161.1685028076172 188.77852153778076
161.70956420898438 176.25143432617188 173.79089546203613 176.25143432617188 173.79089546203613 188.5944004058838 161.70956420898438 188.5944004058838
161.72369384765625 176.03932189941406 174.56551933288574 176.03932189941406 174.56551933288574 188.97084999084473 161.72369384765625 188.97084999084473
162.7309112548828 176.06307983398438 175.28218936920166 176.06307983398438 175.28218936920166 188.83461952209473 162.7309112548828 188.83461952209473
163.5497589111328 176.89183044433594 175.70263481140137 176.89183044433594 175.70263481140137 188.7862377166748 163.5497589111328 188.7862377166748
165.009033203125 177.56100463867188 177.12555503845215 177.56100463867188 177.12555503845215 189.4728422164917 165.009033203125 189.4728422164917
165.97763061523438 178.13674926757812 177.70941162109375 178.13674926757812 177.70941162109375 189.67160511016846 165.97763061523438 189.67160511016846
166.78750610351562 178.4334259033203 178.75341701507568 178.4334259033203 178.75341701507568 189.66697120666504 166.78750610351562 189.66697120666504
167.85824584960938 178.50938415527344 180.22279167175293 178.50938415527344 180.22279167175293 189.44637489318848 167.85824584960938 189.44637489318848
169.0203857421875 178.23556518554688 181.8805389404297 178.23556518554688 181.8805389404297 189.4139461517334 169.0203857421875 189.4139461517334
169.6078643798828 178.0591583251953 181.6105251312256 178.0591583251953 181.6105251312256 189.3064546585083 169.6078643798828 189.3064546585083
170.2966766357422 177.35972595214844 182.6065092086792 177.35972595214844 182.6065092086792 189.52314567565918 170.2966766357422 189.52314567565918
170.66958618164062 178.01318359375 182.92104625701904 178.01318359375 182.92104625701904 189.1815700531006 170.66958618164062 189.1815700531006
171.3148956298828 177.76141357421875 183.15568447113037 177.76141357421875 183.15568447113037 189.82190227508545 171.3148956298828 189.82190227508545
171.6288604736328 178.72146606445312 184.23503303527832 178.72146606445312 184.23503303527832 190.4091854095459 171.6288604736328 190.4091854095459
171.8808135986328 179.42349243164062 184.8104372024536 179.42349243164062 184.8104372024536 191.01601696014404 171.8808135986328 191.01601696014404
172.30136108398438 180.21389770507812 184.9872226715088 180.21389770507812 184.9872226715088 191.22315216064453 172.30136108398438 191.22315216064453
173.09088134765625 179.8304901123047 185.6978054046631 179.8304901123047 185.6978054046631 191.55133819580078 173.09088134765625 191.55133819580078
173.42471313476562 179.61598205566406 185.93455982208252 179.61598205566406 185.93455982208252 191.02867126464844 173.42471313476562 191.02867126464844
174.1143341064453 179.14370727539062 186.67875862121582 179.14370727539062 186.67875862121582 190.57044410705566 174.1143341064453 190.57044410705566
174.63836669921875 178.68942260742188 187.7330379486084 178.68942260742188 187.7330379486084 190.37587547302246 174.63836669921875 190.37587547302246
175.69873046875 178.7744598388672 188.7123851776123 178.7744598388672 188.7123851776123 190.52087020874023 175.69873046875 190.52087020874023
176.55160522460938 178.85243225097656 189.48356437683105 178.85243225097656 189.48356437683105 191.16675662994385 176.55160522460938 191.16675662994385
176.97572326660156 179.4005889892578 190.1907138824463 179.4005889892578 190.1907138824463 191.17258262634277 176.97572326660156 191.17258262634277
178.4271697998047 180.0088348388672 191.2220697402954 180.0088348388672 191.2220697402954 191.64968490600586 178.4271697998047 191.64968490600586
178.9326629638672 179.94412231445312 191.86999797821045 179.94412231445312 191.86999797821045 192.31323051452637 178.9326629638672 192.31323051452637
179.14833068847656 180.85122680664062 192.17636585235596 180.85122680664062 192.17636585235596 192.8771095275879 179.14833068847656 192.8771095275879
180.73512268066406 180.08261108398438 193.86049842834473 180.08261108398438 193.86049842834473 192.5277681350708 180.73512268066406 192.5277681350708
181.04127502441406 179.86978149414062 194.4561891555786 179.86978149414062 194.4561891555786 192.25278282165527 181.04127502441406 192.25278282165527
182.30319213867188 178.85470581054688 195.5540370941162 178.85470581054688 195.5540370941162 191.60472297668457 182.30319213867188 191.60472297668457
181.7676239013672 179.2273712158203 195.51158905029297 179.2273712158203 195.51158905029297 191.9141139984131 181.7676239013672 191.9141139984131
183.2030487060547 178.63681030273438 196.1700258255005 178.63681030273438 196.1700258255005 192.51662158966064 183.2030487060547 192.51662158966064
183.56649780273438 178.8721160888672 196.08494472503662 178.8721160888672 196.08494472503662 193.18289947509766 183.56649780273438 193.18289947509766
183.74185180664062 179.97055053710938 196.8512601852417 179.97055053710938 196.8512601852417 193.98205375671387 183.74185180664062 193.98205375671387
183.7917022705078 180.07180786132812 196.85318565368652 180.07180786132812 196.85318565368652 194.17207622528076 183.7917022705078 194.17207622528076
184.1211395263672 180.69705200195312 197.47043800354004 180.69705200195312 197.47043800354004 194.55184173583984 184.1211395263672 194.55184173583984
184.24412536621094 181.04885864257812 197.98803234100342 181.04885864257812 197.98803234100342 194.1346254348755 184.24412536621094 194.1346254348755
184.88174438476562 180.74581909179688 197.7741117477417 180.74581909179688 197.7741117477417 194.46212005615234 184.88174438476562 194.46212005615234
184.86782836914062 180.34396362304688 198.45648384094238 180.34396362304688 198.45648384094238 194.5204677581787 184.86782836914062 194.5204677581787
185.94827270507812 180.07174682617188 198.9749879837036 180.07174682617188 198.9749879837036 194.25850868225098 185.94827270507812 194.25850868225098
186.0395965576172 180.4309844970703 199.2469253540039 180.4309844970703 199.2469253540039 193.90875244140625 186.0395965576172 193.90875244140625
186.44923400878906 180.7414093017578 199.41258430480957 180.7414093017578 199.41258430480957 194.22199058532715 186.44923400878906 194.22199058532715
185.97689819335938 181.3411865234375 199.8157901763916 181.3411865234375 199.8157901763916 194.11555290222168 185.97689819335938 194.11555290222168
187.2391357421875 181.282470703125 200.13424491882324 181.282470703125 200.13424491882324 194.44801330566406 187.2391357421875 194.44801330566406
187.4942626953125 182.38233947753906 200.29839611053467 182.38233947753906 200.29839611053467 195.44160175323486 187.4942626953125 195.44160175323486
185.8282470703125 184.6555633544922 199.47286224365234 184.6555633544922 199.47286224365234 197.25059509277344 185.8282470703125 197.25059509277344
188.51524353027344 183.76589965820312 201.22947216033936 183.76589965820312 201.22947216033936 196.20867443084717 188.51524353027344 196.20867443084717
188.3138427734375 184.29360961914062 202.11190795898438 184.29360961914062 202.11190795898438 197.03028678894043 188.3138427734375 197.03028678894043
190.5987091064453 183.14382934570312 204.19311332702637 183.14382934570312 204.19311332702637 195.44897079467773 190.5987091064453 195.44897079467773
190.37863159179688 182.3184356689453 202.76415824890137 182.3184356689453 202.76415824890137 195.10951137542725 190.37863159179688 195.10951137542725
190.7271728515625 181.7559814453125 204.0606231689453 181.7559814453125 204.0606231689453 194.8988218307495 190.7271728515625 194.8988218307495
191.55075073242188 182.2635498046875 204.60875129699707 182.2635498046875 204.60875129699707 194.46011543273926 191.55075073242188 194.46011543273926
191.59500122070312 182.92523193359375 204.84261798858643 182.92523193359375 204.84261798858643 194.79916191101074 191.59500122070312 194.79916191101074
191.66708374023438 183.21267700195312 204.80950450897217 183.21267700195312 204.80950450897217 196.02943420410156 191.66708374023438 196.02943420410156
191.56222534179688 183.90731811523438 204.45619678497314 183.90731811523438 204.45619678497314 196.20073318481445 191.56222534179688 196.20073318481445
191.9980926513672 184.07736206054688 204.1479434967041 184.07736206054688 204.1479434967041 196.4095220565796 191.9980926513672 196.4095220565796
191.78005981445312 184.5826416015625 204.5899477005005 184.5826416015625 204.5899477005005 196.98372077941895 191.78005981445312 196.98372077941895
191.953369140625 184.17430114746094 204.90085792541504 184.17430114746094 204.90085792541504 196.71215724945068 191.953369140625 196.71215724945068
192.41189575195312 183.7694091796875 204.99678993225098 183.7694091796875 204.99678993225098 196.7838897705078 192.41189575195312 196.7838897705078
192.7255401611328 183.8103485107422 205.3142547607422 183.8103485107422 205.3142547607422 196.63575172424316 192.7255401611328 196.63575172424316
193.28887939453125 182.4973602294922 205.97362899780273 182.4973602294922 205.97362899780273 196.9700345993042 193.28887939453125 196.9700345993042
193.50502014160156 183.14114379882812 206.6803560256958 183.14114379882812 206.6803560256958 196.86780738830566 193.50502014160156 196.86780738830566
193.89553833007812 184.28062438964844 207.29207134246826 184.28062438964844 207.29207134246826 196.79303455352783 193.89553833007812 196.79303455352783
194.45816040039062 184.66201782226562 208.08748054504395 184.66201782226562 208.08748054504395 197.8476438522339 194.45816040039062 197.8476438522339
195.3552703857422 185.64633178710938 207.9228343963623 185.64633178710938 207.9228343963623 197.53322505950928 195.3552703857422 197.53322505950928
195.70675659179688 185.47055053710938 209.27527046203613 185.47055053710938 209.27527046203613 198.47718238830566 195.70675659179688 198.47718238830566
196.5568084716797 185.59326171875 209.68302726745605 185.59326171875 209.68302726745605 198.20822525024414 196.5568084716797 198.20822525024414
197.1347198486328 185.504638671875 210.23919677734375 185.504638671875 210.23919677734375 198.7235517501831 197.1347198486328 198.7235517501831
197.88577270507812 185.20811462402344 211.15659618377686 185.20811462402344 211.15659618377686 198.38227367401123 197.88577270507812 198.38227367401123
198.853515625 185.64141845703125 211.34855842590332 185.64141845703125 211.34855842590332 197.1187505722046 198.853515625 197.1187505722046
198.5850372314453 185.09922790527344 211.6210994720459 185.09922790527344 211.6210994720459 197.21381378173828 198.5850372314453 197.21381378173828
199.22662353515625 184.4366455078125 211.81237983703613 184.4366455078125 211.81237983703613 197.4343090057373 199.22662353515625 197.4343090057373
198.78253173828125 185.7062225341797 211.77440643310547 185.7062225341797 211.77440643310547 197.6604518890381 198.78253173828125 197.6604518890381
199.3263702392578 186.31295776367188 212.41022491455078 186.31295776367188 212.41022491455078 198.332612991333 199.3263702392578 198.332612991333
199.4287109375 187.35472106933594 212.13561344146729 187.35472106933594 212.13561344146729 199.3258514404297 199.4287109375 199.3258514404297
199.2781219482422 187.36172485351562 212.11380767822266 187.36172485351562 212.11380767822266 199.23770904541016 199.2781219482422 199.23770904541016
199.07846069335938 187.35842895507812 212.22451496124268 187.35842895507812 212.22451496124268 199.67516326904297 199.07846069335938 199.67516326904297
199.1388702392578 187.77847290039062 211.82452583312988 187.77847290039062 211.82452583312988 199.24737930297852 199.1388702392578 199.24737930297852
199.80126953125 187.00372314453125 212.30332851409912 187.00372314453125 212.30332851409912 199.14764881134033 199.80126953125 199.14764881134033
199.86325073242188 186.89633178710938 213.00452995300293 186.89633178710938 213.00452995300293 198.86928844451904 199.86325073242188 198.86928844451904
200.7948455810547 187.03860473632812 213.83207988739014 187.03860473632812 213.83207988739014 198.50951766967773 200.7948455810547 198.50951766967773
201.60391235351562 186.9671173095703 214.55895709991455 186.9671173095703 214.55895709991455 198.79945182800293 201.60391235351562 198.79945182800293
202.04788208007812 187.35572814941406 214.96601390838623 187.35572814941406 214.96601390838623 199.21127891540527 202.04788208007812 199.21127891540527
202.6304168701172 187.58663940429688 215.1487340927124 187.58663940429688 215.1487340927124 199.59939098358154 202.6304168701172 199.59939098358154
202.86245727539062 187.791748046875 215.9641933441162 187.791748046875 215.9641933441162 200.6860475540161 202.86245727539062 200.6860475540161
203.44076538085938 188.55584716796875 216.51560020446777 188.55584716796875 216.51560020446777 200.84665775299072 203.44076538085938 200.84665775299072
204.6322021484375 189.01956176757812 217.01793098449707 189.01956176757812 217.01793098449707 200.9702606201172 204.6322021484375 200.9702606201172
205.42019653320312 188.8360595703125 217.09757804870605 188.8360595703125 217.09757804870605 200.68289375305176 205.42019653320312 200.68289375305176
205.2774200439453 188.80453491210938 217.50300788879395 188.80453491210938 217.50300788879395 200.31945610046387 205.2774200439453 200.31945610046387
205.4016571044922 188.31826782226562 217.76753330230713 188.31826782226562 217.76753330230713 199.96034049987793 205.4016571044922 199.96034049987793
205.7824249267578 188.27294921875 218.37303733825684 188.27294921875 218.37303733825684 200.20243167877197 205.7824249267578 200.20243167877197
206.5958709716797 187.84585571289062 218.22053050994873 187.84585571289062 218.22053050994873 200.08983612060547 206.5958709716797 200.08983612060547
205.8349151611328 188.22702026367188 218.65996074676514 188.22702026367188 218.65996074676514 200.7700080871582 205.8349151611328 200.7700080871582
206.23617553710938 189.02272033691406 218.74218559265137 189.02272033691406 218.74218559265137 201.0802764892578 206.23617553710938 201.0802764892578
205.96533203125 189.21865844726562 218.602614402771 189.21865844726562 218.602614402771 202.207124710083 205.96533203125 202.207124710083
205.46994018554688 189.39498901367188 219.3013916015625 189.39498901367188 219.3013916015625 202.19728088378906 205.46994018554688 202.19728088378906
205.71932983398438 190.04483032226562 218.79274463653564 190.04483032226562 218.79274463653564 202.29711723327637 205.71932983398438 202.29711723327637
205.6412811279297 189.96209716796875 218.8803424835205 189.96209716796875 218.8803424835205 203.60855865478516 205.6412811279297 203.60855865478516
205.6630401611328 190.87399291992188 218.6978883743286 190.87399291992188 218.6978883743286 202.93961906433105 205.6630401611328 202.93961906433105
205.3453369140625 190.76754760742188 219.21764659881592 190.76754760742188 219.21764659881592 203.09500980377197 205.3453369140625 203.09500980377197
205.550537109375 190.4072723388672 219.3767910003662 190.4072723388672 219.3767910003662 202.945782661438 205.550537109375 202.945782661438
206.2347412109375 189.69924926757812 219.8917875289917 189.69924926757812 219.8917875289917 203.2317705154419 206.2347412109375 203.2317705154419
206.3071746826172 189.81101989746094 219.19880485534668 189.81101989746094 219.19880485534668 202.8860626220703 206.3071746826172 202.8860626220703
206.41445922851562 190.1776885986328 219.30052947998047 190.1776885986328 219.30052947998047 203.2878017425537 206.41445922851562 203.2878017425537
206.6248779296875 191.27066040039062 219.75736045837402 191.27066040039062 219.75736045837402 204.01562595367432 206.6248779296875 204.01562595367432
207.18313598632812 191.54269409179688 220.29627513885498 191.54269409179688 220.29627513885498 204.80190086364746 207.18313598632812 204.80190086364746
207.18838500976562 192.61480712890625 220.224627494812 192.61480712890625 220.224627494812 205.00248622894287 207.18838500976562 205.00248622894287
207.5602569580078 191.99398803710938 221.38689708709717 191.99398803710938 221.38689708709717 204.99020385742188 207.5602569580078 204.99020385742188
208.10986328125 192.34310913085938 221.16491413116455 192.34310913085938 221.16491413116455 204.91306495666504 208.10986328125 204.91306495666504
208.3834686279297 191.61770629882812 221.4019594192505 191.61770629882812 221.4019594192505 205.0492296218872 208.3834686279297 205.0492296218872
208.3888397216797 191.89256286621094 221.6412706375122 191.89256286621094 221.6412706375122 204.74004077911377 208.3888397216797 204.74004077911377
208.32656860351562 191.866455078125 221.68099784851074 191.866455078125 221.68099784851074 204.40229415893555 208.32656860351562 204.40229415893555
209.045654296875 191.60269165039062 221.4305419921875 191.60269165039062 221.4305419921875 204.6641845703125 209.045654296875 204.6641845703125
209.052734375 191.5985107421875 221.44604015350342 191.5985107421875 221.44604015350342 204.7353973388672 209.052734375 204.7353973388672
207.7567901611328 192.3447723388672 221.4767665863037 192.3447723388672 221.4767665863037 205.41216850280762 207.7567901611328 205.41216850280762
207.7362823486328 192.82284545898438 221.2673168182373 192.82284545898438 221.2673168182373 206.31621265411377 207.7362823486328 206.31621265411377
208.004638671875 193.54779052734375 220.91789531707764 193.54779052734375 220.91789531707764 206.848970413208 208.004638671875 206.848970413208
207.7505340576172 194.3291015625 220.98533821105957 194.3291015625 220.98533821105957 207.1632890701294 207.7505340576172 207.1632890701294
207.20095825195312 193.65548706054688 221.18685913085938 193.65548706054688 221.18685913085938 207.4652805328369 207.20095825195312 207.4652805328369
207.05038452148438 193.83164978027344 220.35228538513184 193.83164978027344 220.35228538513184 207.43306159973145 207.05038452148438 207.43306159973145
206.83358764648438 193.62728881835938 219.88314628601074 193.62728881835938 219.88314628601074 207.0672550201416 206.83358764648438 207.0672550201416
206.69497680664062 193.36416625976562 220.44192790985107 193.36416625976562 220.44192790985107 206.4056797027588 206.69497680664062 206.4056797027588
207.0666961669922 193.43637084960938 220.30673503875732 193.43637084960938 220.30673503875732 206.0732479095459 207.0666961669922 206.0732479095459
207.0933837890625 193.2668914794922 220.8162441253662 193.2668914794922 220.8162441253662 206.50566577911377 207.0933837890625 206.50566577911377
207.42019653320312 193.0858612060547 221.05138206481934 193.0858612060547 221.05138206481934 207.27295684814453 207.42019653320312 207.27295684814453
207.66842651367188 194.27593994140625 220.69481086730957 194.27593994140625 220.69481086730957 206.96685981750488 207.66842651367188 206.96685981750488
207.49093627929688 194.3602294921875 220.93111610412598 194.3602294921875 220.93111610412598 207.9312162399292 207.49093627929688 207.9312162399292
208.18017578125 194.67440795898438 220.98130321502686 194.67440795898438 220.98130321502686 208.56800365447998 208.18017578125 208.56800365447998
207.95065307617188 195.77175903320312 220.575834274292 195.77175903320312 220.575834274292 208.02362251281738 207.95065307617188 208.02362251281738
208.6586456298828 195.59237670898438 221.58011627197266 195.59237670898438 221.58011627197266 208.70838451385498 208.6586456298828 208.70838451385498
208.8976593017578 195.44769287109375 221.87031364440918 195.44769287109375 221.87031364440918 208.64162254333496 208.8976593017578 208.64162254333496
208.9139404296875 195.5792999267578 222.81570148468018 195.5792999267578 222.81570148468018 208.1039333343506 208.9139404296875 208.1039333343506
208.67276000976562 194.89797973632812 222.51729106903076 194.89797973632812 222.51729106903076 208.27528381347656 208.67276000976562 208.27528381347656
208.8726043701172 194.35897827148438 221.7130584716797 194.35897827148438 221.7130584716797 208.12125873565674 208.8726043701172 208.12125873565674
208.18228149414062 194.5634002685547 221.8225326538086 194.5634002685547 221.8225326538086 208.5468521118164 208.18228149414062 208.5468521118164
207.85995483398438 195.0590057373047 221.68323802947998 195.0590057373047 221.68323802947998 208.51328563690186 207.85995483398438 208.51328563690186
207.5069580078125 195.68099975585938 221.32204246520996 195.68099975585938 221.32204246520996 209.90655708312988 207.5069580078125 209.90655708312988
207.2596893310547 196.66395568847656 220.43922901153564 196.66395568847656 220.43922901153564 210.46749114990234 207.2596893310547 210.46749114990234
206.6073455810547 197.75747680664062 219.53037071228027 197.75747680664062 219.53037071228027 210.53645515441895 206.6073455810547 210.53645515441895
205.5139923095703 197.19497680664062 218.9715118408203 197.19497680664062 218.9715118408203 211.39472484588623 205.5139923095703 211.39472484588623
205.1930389404297 197.6289520263672 218.23713397979736 197.6289520263672 218.23713397979736 211.41768074035645 205.1930389404297 211.41768074035645
204.99655151367188 197.4880828857422 218.07833671569824 197.4880828857422 218.07833671569824 210.8004961013794 204.99655151367188 210.8004961013794
204.54977416992188 197.01913452148438 217.74011993408203 197.01913452148438 217.74011993408203 210.82427978515625 204.54977416992188 210.82427978515625
204.6099853515625 197.05502319335938 217.6451234817505 197.05502319335938 217.6451234817505 209.81435680389404 204.6099853515625 209.81435680389404
204.42410278320312 196.77703857421875 217.63956451416016 196.77703857421875 217.63956451416016 210.24942302703857 204.42410278320312 210.24942302703857
204.17848205566406 196.6063690185547 217.43313026428223 196.6063690185547 217.43313026428223 210.36948680877686 204.17848205566406 210.36948680877686
204.4119415283203 197.58853149414062 217.65837574005127 197.58853149414062 217.65837574005127 210.56897258758545 204.4119415283203 210.56897258758545
204.4268341064453 197.92105102539062 217.55706977844238 197.92105102539062 217.55706977844238 212.1108570098877 204.4268341064453 212.1108570098877
204.76608276367188 198.43649291992188 218.35582542419434 198.43649291992188 218.35582542419434 212.49590873718262 204.76608276367188 212.49590873718262
205.10812377929688 199.46493530273438 218.25079154968262 199.46493530273438 218.25079154968262 212.78844738006592 205.10812377929688 212.78844738006592
205.11691284179688 199.3751983642578 218.26064109802246 199.3751983642578 218.26064109802246 212.2386932373047 205.11691284179688 212.2386932373047
205.3135223388672 199.17404174804688 218.46148681640625 199.17404174804688 218.46148681640625 212.44430541992188 205.3135223388672 212.44430541992188
205.00759887695312 198.96978759765625 218.54482078552246 198.96978759765625 218.54482078552246 212.30123329162598 205.00759887695312 212.30123329162598
204.82974243164062 198.629638671875 218.273211479187 198.629638671875 218.273211479187 212.6712236404419 204.82974243164062 212.6712236404419
204.3781280517578 198.4500274658203 217.70437812805176 198.4500274658203 217.70437812805176 212.4218921661377 204.3781280517578 212.4218921661377
203.75967407226562 198.65078735351562 217.5002040863037 198.65078735351562 217.5002040863037 212.0669174194336 203.75967407226562 212.0669174194336
203.7379150390625 198.9869842529297 216.84317779541016 198.9869842529297 216.84317779541016 212.64634704589844 203.7379150390625 212.64634704589844
203.14553833007812 199.404541015625 216.2891969680786 199.404541015625 216.2891969680786 213.0881404876709 203.14553833007812 213.0881404876709
202.53134155273438 200.8281707763672 216.13443756103516 200.8281707763672 216.13443756103516 213.7840061187744 202.53134155273438 213.7840061187744
201.9169921875 200.8558807373047 215.91559314727783 200.8558807373047 215.91559314727783 214.58209419250488 201.9169921875 214.58209419250488
201.63980102539062 201.49197387695312 215.7110366821289 201.49197387695312 215.7110366821289 214.81892108917236 201.63980102539062 214.81892108917236
200.93533325195312 201.43508911132812 214.89732837677002 201.43508911132812 214.89732837677002 215.01132678985596 200.93533325195312 215.01132678985596
200.7550506591797 201.17660522460938 214.36447620391846 201.17660522460938 214.36447620391846 215.44739818572998 200.7550506591797 215.44739818572998
200.15158081054688 200.9680938720703 214.40548706054688 200.9680938720703 214.40548706054688 214.54724884033203 200.15158081054688 214.54724884033203
199.91995239257812 201.08004760742188 213.90191173553467 201.08004760742188 213.90191173553467 213.94198417663574 199.91995239257812 213.94198417663574
200.42579650878906 201.12014770507812 213.73834037780762 201.12014770507812 213.73834037780762 213.55721378326416 200.42579650878906 213.55721378326416
200.75146484375 200.707763671875 214.59309577941895 200.707763671875 214.59309577941895 214.61431884765625 200.75146484375 214.61431884765625
201.1425018310547 201.2996063232422 214.13194274902344 201.2996063232422 214.13194274902344 214.7276439666748 201.1425018310547 214.7276439666748
200.9311981201172 201.6826629638672 214.37181091308594 201.6826629638672 214.37181091308594 215.52371978759766 200.9311981201172 215.52371978759766
200.57989501953125 202.21694946289062 214.5638828277588 202.21694946289062 214.5638828277588 215.45655059814453 200.57989501953125 215.45655059814453
201.15809631347656 202.62171936035156 214.719970703125 202.62171936035156 214.719970703125 216.13372993469238 201.15809631347656 216.13372993469238
201.39511108398438 202.8369140625 214.8603286743164 202.8369140625 214.8603286743164 216.5776596069336 201.39511108398438 216.5776596069336
201.86680603027344 203.48936462402344 215.66168212890625 203.48936462402344 215.66168212890625 216.9710464477539 201.86680603027344 216.9710464477539
201.6307373046875 203.18820190429688 215.5562915802002 203.18820190429688 215.5562915802002 216.93027782440186 201.6307373046875 216.93027782440186
201.7528076171875 203.121337890625 215.50499439239502 203.121337890625 215.50499439239502 216.41541862487793 201.7528076171875 216.41541862487793
201.77989196777344 202.39459228515625 215.43166542053223 202.39459228515625 215.43166542053223 216.195330619812 201.77989196777344 216.195330619812
201.7274932861328 202.84793090820312 214.96319007873535 202.84793090820312 214.96319007873535 216.24241638183594 201.7274932861328 216.24241638183594
201.42465209960938 203.25576782226562 215.07848644256592 203.25576782226562 215.07848644256592 216.996844291687 201.42465209960938 216.996844291687
201.07034301757812 204.29092407226562 214.42728900909424 204.29092407226562 214.42728900909424 217.83536052703857 201.07034301757812 217.83536052703857
200.3065643310547 204.7026824951172 214.37983989715576 204.7026824951172 214.37983989715576 218.4901943206787 200.3065643310547 218.4901943206787
199.90640258789062 205.40536499023438 213.44066429138184 205.40536499023438 213.44066429138184 218.48487091064453 199.90640258789062 218.48487091064453
199.50404357910156 205.3383331298828 213.18973350524902 205.3383331298828 213.18973350524902 218.8998622894287 199.50404357910156 218.8998622894287
198.9269561767578 205.27597045898438 212.32166862487793 205.27597045898438 212.32166862487793 219.09511852264404 198.9269561767578 219.09511852264404
198.84414672851562 204.92361450195312 212.28256225585938 204.92361450195312 212.28256225585938 219.0443296432495 198.84414672851562 219.0443296432495
198.64535522460938 204.81869506835938 211.9367036819458 204.81869506835938 211.9367036819458 219.02707862854004 198.64535522460938 219.02707862854004
198.44046020507812 204.7542724609375 212.07514476776123 204.7542724609375 212.07514476776123 218.8243808746338 198.44046020507812 218.8243808746338
198.87088012695312 204.8385009765625 211.77862739562988 204.8385009765625 211.77862739562988 219.0044755935669 198.87088012695312 219.0044755935669
199.00802612304688 205.3802947998047 211.82466888427734 205.3802947998047 211.82466888427734 218.893705368042 199.00802612304688 218.893705368042
199.36398315429688 205.7133026123047 212.5011978149414 205.7133026123047 212.5011978149414 219.82140922546387 199.36398315429688 219.82140922546387
199.64218139648438 206.41848754882812 212.50751495361328 206.41848754882812 212.50751495361328 220.3530731201172 199.64218139648438 220.3530731201172
199.7627716064453 206.84326171875 212.93301963806152 206.84326171875 212.93301963806152 221.52725410461426 199.7627716064453 221.52725410461426
200.10133361816406 207.4844512939453 213.3296718597412 207.4844512939453 213.3296718597412 221.16213417053223 200.10133361816406 221.16213417053223
200.24703979492188 207.75595092773438 213.63219451904297 207.75595092773438 213.63219451904297 221.69579792022705 200.24703979492188 221.69579792022705
200.22557067871094 207.4479217529297 213.8373622894287 207.4479217529297 213.8373622894287 221.95133018493652 200.22557067871094 221.95133018493652
200.71170043945312 206.6997528076172 214.204496383667 206.6997528076172 214.204496383667 221.73279094696045 200.71170043945312 221.73279094696045
200.1932830810547 206.64462280273438 214.26751708984375 206.64462280273438 214.26751708984375 221.2799892425537 200.1932830810547 221.2799892425537
200.37911987304688 206.9862518310547 213.88946533203125 206.9862518310547 213.88946533203125 221.31698417663574 200.37911987304688 221.31698417663574
199.7559051513672 206.9080810546875 213.63427925109863 206.9080810546875 213.63427925109863 221.70802116394043 199.7559051513672 221.70802116394043
199.63980102539062 207.779541015625 213.30441856384277 207.779541015625 213.30441856384277 222.03649139404297 199.63980102539062 222.03649139404297
198.80490112304688 208.69967651367188 212.40846729278564 208.69967651367188 212.40846729278564 222.84354972839355 198.80490112304688 222.84354972839355
199.12380981445312 209.2553253173828 212.5361042022705 209.2553253173828 212.5361042022705 223.3744888305664 199.12380981445312 223.3744888305664
198.16061401367188 209.4947509765625 212.19876670837402 209.4947509765625 212.19876670837402 224.49120044708252 198.16061401367188 224.49120044708252
197.8230743408203 210.0974578857422 211.88482666015625 210.0974578857422 211.88482666015625 223.8899097442627 197.8230743408203 223.8899097442627
197.5071563720703 210.02261352539062 211.7925157546997 210.02261352539062 211.7925157546997 224.72042274475098 197.5071563720703 224.72042274475098
197.3392333984375 209.94131469726562 211.78339958190918 209.94131469726562 211.78339958190918 224.44477558135986 197.3392333984375 224.44477558135986
197.4892120361328 209.5451202392578 211.54664611816406 209.5451202392578 211.54664611816406 224.2091999053955 197.4892120361328 224.2091999053955
197.58782958984375 209.0718231201172 211.9110288619995 209.0718231201172 211.9110288619995 224.01818084716797 197.58782958984375 224.01818084716797
197.8550262451172 209.01193237304688 211.98773765563965 209.01193237304688 211.98773765563965 224.30820751190186 197.8550262451172 224.30820751190186
197.8422393798828 209.2646026611328 212.2440013885498 209.2646026611328 212.2440013885498 223.85332775115967 197.8422393798828 223.85332775115967
198.43643188476562 209.95309448242188 212.59754371643066 209.95309448242188 212.59754371643066 225.19877338409424 198.43643188476562 225.19877338409424
198.1707305908203 210.64895629882812 212.01087188720703 210.64895629882812 212.01087188720703 226.07544422149658 198.1707305908203 226.07544422149658
198.09707641601562 211.46044921875 211.72624397277832 211.46044921875 211.72624397277832 226.21767616271973 198.09707641601562 226.21767616271973
199.0042724609375 211.77011108398438 212.93635272979736 211.77011108398438 212.93635272979736 226.81439399719238 199.0042724609375 226.81439399719238
199.21681213378906 211.8839569091797 213.27348041534424 211.8839569091797 213.27348041534424 226.90300178527832 199.21681213378906 226.90300178527832
199.05960083007812 211.9154510498047 213.2877426147461 211.9154510498047 213.2877426147461 227.0784149169922 199.05960083007812 227.0784149169922
199.59518432617188 212.06704711914062 213.4893741607666 212.06704711914062 213.4893741607666 226.4309597015381 199.59518432617188 226.4309597015381
199.66500854492188 211.6903533935547 212.57906818389893 211.6903533935547 212.57906818389893 226.33008098602295 199.66500854492188 226.33008098602295
199.40786743164062 211.71206665039062 212.9800844192505 211.71206665039062 212.9800844192505 226.22365283966064 199.40786743164062 226.22365283966064
199.39498901367188 211.9267120361328 212.96436023712158 211.9267120361328 212.96436023712158 226.03326988220215 199.39498901367188 226.03326988220215
198.84951782226562 212.4752655029297 212.5748929977417 212.4752655029297 212.5748929977417 227.15044116973877 198.84951782226562 227.15044116973877
198.61294555664062 213.3054656982422 212.44413566589355 213.3054656982422 212.44413566589355 228.09764862060547 198.61294555664062 228.09764862060547
198.07528686523438 213.86776733398438 212.2161693572998 213.86776733398438 212.2161693572998 229.61737823486328 198.07528686523438 229.61737823486328
197.90255737304688 214.5692138671875 211.75073528289795 214.5692138671875 211.75073528289795 230.07519340515137 197.90255737304688 230.07519340515137
197.37619018554688 214.3544464111328 211.60084533691406 214.3544464111328 211.60084533691406 229.53562355041504 197.37619018554688 229.53562355041504
197.51287841796875 214.65176391601562 211.075177192688 214.65176391601562 211.075177192688 229.12421989440918 197.51287841796875 229.12421989440918
196.9243927001953 214.0858612060547 210.85416889190674 214.0858612060547 210.85416889190674 229.59056854248047 196.9243927001953 229.59056854248047
196.5622100830078 213.8329620361328 211.10106658935547 213.8329620361328 211.10106658935547 229.06711292266846 196.5622100830078 229.06711292266846
196.37701416015625 213.7289276123047 210.57751941680908 213.7289276123047 210.57751941680908 228.97381782531738 196.37701416015625 228.97381782531738
196.33273315429688 213.59170532226562 210.7711238861084 213.59170532226562 210.7711238861084 229.442964553833 196.33273315429688 229.442964553833
196.35684204101562 213.5135040283203 210.30859184265137 213.5135040283203 210.30859184265137 229.92060470581055 196.35684204101562 229.92060470581055
195.80709838867188 213.98220825195312 210.32452392578125 213.98220825195312 210.32452392578125 230.25560188293457 195.80709838867188 230.25560188293457
196.18515014648438 214.5221405029297 210.42761993408203 214.5221405029297 210.42761993408203 230.64021682739258 196.18515014648438 230.64021682739258
196.39219665527344 215.5546112060547 211.04709339141846 215.5546112060547 211.04709339141846 231.72641372680664 196.39219665527344 231.72641372680664
196.40240478515625 215.85546875 211.43191051483154 215.85546875 211.43191051483154 232.14605522155762 196.40240478515625 232.14605522155762
196.9525909423828 216.0060272216797 211.91500663757324 216.0060272216797 211.91500663757324 232.15195846557617 196.9525909423828 232.15195846557617
197.3977508544922 216.0756378173828 211.95059394836426 216.0756378173828 211.95059394836426 231.72329235076904 197.3977508544922 231.72329235076904
196.76268005371094 216.50845336914062 211.6888780593872 216.50845336914062 211.6888780593872 232.02421379089355 196.76268005371094 232.02421379089355
196.8992156982422 215.346923828125 211.6356430053711 215.346923828125 211.6356430053711 231.4264144897461 196.8992156982422 231.4264144897461
196.45230102539062 215.22299194335938 211.3871717453003 215.22299194335938 211.3871717453003 230.4617862701416 196.45230102539062 230.4617862701416
196.10409545898438 215.7180938720703 210.8974323272705 215.7180938720703 210.8974323272705 231.7599983215332 196.10409545898438 231.7599983215332
193.63389587402344 217.1014862060547 210.5336208343506 217.1014862060547 210.5336208343506 232.7012176513672 193.63389587402344 232.7012176513672
195.03076171875 217.210693359375 210.37533569335938 217.210693359375 210.37533569335938 232.7852144241333 195.03076171875 232.7852144241333
194.73960876464844 217.8564910888672 209.486102104187 217.8564910888672 209.486102104187 234.3352565765381 194.73960876464844 234.3352565765381
193.97439575195312 218.54873657226562 209.1098804473877 218.54873657226562 209.1098804473877 234.10328483581543 193.97439575195312 234.10328483581543
194.0750732421875 218.27963256835938 209.10288429260254 218.27963256835938 209.10288429260254 234.44954109191895 194.0750732421875 234.44954109191895
193.51766967773438 218.929931640625 208.4119930267334 218.929931640625 208.4119930267334 234.39908123016357 193.51766967773438 234.39908123016357
193.3493194580078 218.6549072265625 207.94935035705566 218.6549072265625 207.94935035705566 234.8485221862793 193.3493194580078 234.8485221862793
192.70266723632812 218.472900390625 208.32244110107422 218.472900390625 208.32244110107422 235.18516540527344 192.70266723632812 235.18516540527344
193.12916564941406 217.85214233398438 209.24776077270508 217.85214233398438 209.24776077270508 234.0549831390381 193.12916564941406 234.0549831390381
192.27871704101562 218.85403442382812 207.62503242492676 218.85403442382812 207.62503242492676 233.63881969451904 192.27871704101562 233.63881969451904
189.37167358398438 218.4479522705078 207.15314292907715 218.4479522705078 207.15314292907715 234.8616065979004 189.37167358398438 234.8616065979004
192.52407836914062 218.836181640625 208.89507484436035 218.836181640625 208.89507484436035 235.3911952972412 192.52407836914062 235.3911952972412
192.6961212158203 219.3455352783203 209.12564086914062 219.3455352783203 209.12564086914062 235.1244068145752 192.6961212158203 235.1244068145752
190.38612365722656 220.36514282226562 209.05222702026367 220.36514282226562 209.05222702026367 237.59537887573242 190.38612365722656 237.59537887573242
193.40347290039062 220.78439331054688 212.10394859313965 220.78439331054688 212.10394859313965 238.04636001586914 193.40347290039062 238.04636001586914
194.90830993652344 220.57418823242188 211.84525680541992 220.57418823242188 211.84525680541992 235.3330078125 194.90830993652344 235.3330078125
195.2527618408203 221.0709991455078 211.6291961669922 221.0709991455078 211.6291961669922 236.05454444885254 195.2527618408203 236.05454444885254
195.7529296875 220.68505859375 212.61674118041992 220.68505859375 212.61674118041992 236.99046325683594 195.7529296875 236.99046325683594
195.81729125976562 220.1417236328125 213.0649757385254 220.1417236328125 213.0649757385254 237.06602096557617 195.81729125976562 237.06602096557617
196.0736846923828 220.3499298095703 213.10405349731445 220.3499298095703 213.10405349731445 236.50990676879883 196.0736846923828 236.50990676879883
193.43612670898438 221.000244140625 211.7200584411621 221.000244140625 211.7200584411621 237.87771224975586 193.43612670898438 237.87771224975586
196.25149536132812 221.28390502929688 213.76349258422852 221.28390502929688 213.76349258422852 237.41948318481445 196.25149536132812 237.41948318481445
196.46548461914062 221.6798858642578 214.4248924255371 221.6798858642578 214.4248924255371 238.33649826049805 196.46548461914062 238.33649826049805
196.32626342773438 222.9544677734375 214.00823402404785 222.9544677734375 214.00823402404785 239.15199661254883 196.32626342773438 239.15199661254883
196.41395568847656 223.6198272705078 213.57620429992676 223.6198272705078 213.57620429992676 240.1598014831543 196.41395568847656 240.1598014831543
197.12863159179688 224.7986297607422 212.1436538696289 224.7986297607422 212.1436538696289 240.4426908493042 197.12863159179688 240.4426908493042
197.39682006835938 224.199951171875 212.51056098937988 224.199951171875 212.51056098937988 240.53907012939453 197.39682006835938 240.53907012939453
197.56216430664062 223.97119140625 213.4044189453125 223.97119140625 213.4044189453125 240.56343460083008 197.56216430664062 240.56343460083008
197.5359649658203 223.5700225830078 213.7790641784668 223.5700225830078 213.7790641784668 239.95287704467773 197.5359649658203 239.95287704467773
197.9755096435547 223.44833374023438 213.78895378112793 223.44833374023438 213.78895378112793 239.4809341430664 197.9755096435547 239.4809341430664
198.5980224609375 223.3207550048828 214.42040729522705 223.3207550048828 214.42040729522705 239.4475154876709 198.5980224609375 239.4475154876709
198.9021759033203 223.8892059326172 214.70145225524902 223.8892059326172 214.70145225524902 240.4051456451416 198.9021759033203 240.4051456451416
198.8665313720703 224.17745971679688 214.8508653640747 224.17745971679688 214.8508653640747 241.13460731506348 198.8665313720703 241.13460731506348
199.9944305419922 225.31314086914062 216.0088596343994 225.31314086914062 216.0088596343994 242.27496910095215 199.9944305419922 242.27496910095215
200.12428283691406 225.80093383789062 216.44763565063477 225.80093383789062 216.44763565063477 243.05206298828125 200.12428283691406 243.05206298828125
200.8248291015625 226.419677734375 216.68306255340576 226.419677734375 216.68306255340576 243.21645545959473 200.8248291015625 243.21645545959473
201.31167602539062 226.2643280029297 217.02563285827637 226.2643280029297 217.02563285827637 243.24438285827637 201.31167602539062 243.24438285827637
202.05038452148438 226.162353515625 217.94008445739746 226.162353515625 217.94008445739746 243.21735954284668 202.05038452148438 243.21735954284668
202.9001007080078 226.01016235351562 217.9076919555664 226.01016235351562 217.9076919555664 243.11422538757324 202.9001007080078 243.11422538757324
202.47369384765625 226.21267700195312 218.28028106689453 226.21267700195312 218.28028106689453 242.76996231079102 202.47369384765625 242.76996231079102
202.33810424804688 226.18063354492188 218.00522422790527 226.18063354492188 218.00522422790527 242.61395645141602 202.33810424804688 242.61395645141602
203.157958984375 225.6275177001953 218.29290962219238 225.6275177001953 218.29290962219238 242.1935577392578 203.157958984375 242.1935577392578
203.14230346679688 226.4166259765625 218.58654975891113 226.4166259765625 218.58654975891113 243.39342308044434 203.14230346679688 243.39342308044434
203.0263671875 227.416015625 218.10822868347168 227.416015625 218.10822868347168 243.83261489868164 203.0263671875 243.83261489868164
202.6148681640625 228.5467987060547 218.6678810119629 228.5467987060547 218.6678810119629 245.57447052001953 202.6148681640625 245.57447052001953
202.60391235351562 229.62698364257812 217.9523105621338 229.62698364257812 217.9523105621338 245.95959281921387 202.60391235351562 245.95959281921387
201.99612426757812 229.7730712890625 218.21640586853027 229.7730712890625 218.21640586853027 246.72879600524902 201.99612426757812 246.72879600524902
201.79330444335938 230.2978515625 217.6031894683838 230.2978515625 217.6031894683838 246.36821365356445 201.79330444335938 246.36821365356445
202.25563049316406 229.70712280273438 217.44471549987793 229.70712280273438 217.44471549987793 247.19983291625977 202.25563049316406 247.19983291625977
202.09072875976562 229.63516235351562 217.87134838104248 229.63516235351562 217.87134838104248 245.9124870300293 202.09072875976562 245.9124870300293
202.3153076171875 229.2762451171875 218.66251373291016 229.2762451171875 218.66251373291016 246.21094512939453 202.3153076171875 246.21094512939453
202.8348846435547 229.4818572998047 218.88312149047852 229.4818572998047 218.88312149047852 246.70697784423828 202.8348846435547 246.70697784423828
203.23541259765625 229.51364135742188 219.11983013153076 229.51364135742188 219.11983013153076 246.39264488220215 203.23541259765625 246.39264488220215
203.64181518554688 229.7520294189453 219.22442817687988 229.7520294189453 219.22442817687988 246.94525909423828 203.64181518554688 246.94525909423828
203.76113891601562 231.1212158203125 219.369047164917 231.1212158203125 219.369047164917 247.85624885559082 203.76113891601562 247.85624885559082
204.154541015625 231.9188232421875 220.00002479553223 231.9188232421875 220.00002479553223 248.91645622253418 204.154541015625 248.91645622253418
205.10244750976562 232.31039428710938 220.41165733337402 232.31039428710938 220.41165733337402 249.85043334960938 205.10244750976562 249.85043334960938
204.79336547851562 232.9901123046875 222.38269424438477 232.9901123046875 222.38269424438477 250.16996002197266 204.79336547851562 250.16996002197266
205.478271484375 233.25955200195312 222.1160430908203 233.25955200195312 222.1160430908203 249.75042343139648 205.478271484375 249.75042343139648
206.6635284423828 232.6013946533203 222.97286987304688 232.6013946533203 222.97286987304688 249.26025772094727 206.6635284423828 249.26025772094727
206.431640625 232.16464233398438 222.3613796234131 232.16464233398438 222.3613796234131 249.44890594482422 206.431640625 249.44890594482422
206.877685546875 231.825927734375 223.34720993041992 231.825927734375 223.34720993041992 249.19188499450684 206.877685546875 249.19188499450684
206.7648468017578 232.2388458251953 222.5338487625122 232.2388458251953 222.5338487625122 248.9473991394043 206.7648468017578 248.9473991394043
206.6405792236328 233.1325225830078 222.75043487548828 233.1325225830078 222.75043487548828 249.04471111297607 206.6405792236328 249.04471111297607
207.07113647460938 233.65615844726562 222.65045928955078 233.65615844726562 222.65045928955078 249.62031269073486 207.07113647460938 249.62031269073486
205.9715118408203 233.7779083251953 222.09834671020508 233.7779083251953 222.09834671020508 252.16177940368652 205.9715118408203 252.16177940368652
205.8850555419922 234.8262176513672 222.10454940795898 234.8262176513672 222.10454940795898 251.94329833984375 205.8850555419922 251.94329833984375
205.6875762939453 235.5489959716797 221.82421493530273 235.5489959716797 221.82421493530273 252.60210037231445 205.6875762939453 252.60210037231445
204.2361602783203 236.46078491210938 220.3159942626953 236.46078491210938 220.3159942626953 253.1563377380371 204.2361602783203 253.1563377380371
203.86770629882812 236.67105102539062 221.28127670288086 236.67105102539062 221.28127670288086 254.19369888305664 203.86770629882812 254.19369888305664
202.89254760742188 236.52792358398438 219.92435264587402 236.52792358398438 219.92435264587402 254.2560634613037 202.89254760742188 254.2560634613037
202.75128173828125 236.6853485107422 219.74241828918457 236.6853485107422 219.74241828918457 253.92061233520508 202.75128173828125 253.92061233520508
203.1556396484375 236.77865600585938 220.56255722045898 236.77865600585938 220.56255722045898 253.84657669067383 203.1556396484375 253.84657669067383
203.11643981933594 236.94580078125 219.51930618286133 236.94580078125 219.51930618286133 253.8665714263916 203.11643981933594 253.8665714263916
202.8568878173828 237.98193359375 220.22945594787598 237.98193359375 220.22945594787598 255.9256935119629 202.8568878173828 255.9256935119629
203.45742797851562 238.5459747314453 220.9638843536377 238.5459747314453 220.9638843536377 256.45069122314453 203.45742797851562 256.45069122314453
203.56333923339844 239.28323364257812 220.7354278564453 239.28323364257812 220.7354278564453 257.1178398132324 203.56333923339844 257.1178398132324
204.28970336914062 239.8134307861328 221.06380462646484 239.8134307861328 221.06380462646484 257.5592613220215 204.28970336914062 257.5592613220215
204.35665893554688 240.0988311767578 221.3577003479004 240.0988311767578 221.3577003479004 257.8841209411621 204.35665893554688 257.8841209411621
205.5350341796875 239.90225219726562 223.20056343078613 239.90225219726562 223.20056343078613 257.82007026672363 205.5350341796875 257.82007026672363
205.8614959716797 239.7141571044922 223.17412567138672 239.7141571044922 223.17412567138672 258.0072898864746 205.8614959716797 258.0072898864746
205.59140014648438 239.2776336669922 222.86869430541992 239.2776336669922 222.86869430541992 257.4177589416504 205.59140014648438 257.4177589416504
205.69979858398438 239.34280395507812 222.99784469604492 239.34280395507812 222.99784469604492 257.71581077575684 205.69979858398438 257.71581077575684
204.9932403564453 239.44094848632812 222.54575157165527 239.44094848632812 222.54575157165527 257.66186141967773 204.9932403564453 257.66186141967773
205.0247039794922 239.3719024658203 222.03947830200195 239.3719024658203 222.03947830200195 257.73913192749023 205.0247039794922 257.73913192749023
205.38742065429688 239.23095703125 222.22069358825684 239.23095703125 222.22069358825684 257.2599792480469 205.38742065429688 257.2599792480469
204.96224975585938 240.60549926757812 220.94228172302246 240.60549926757812 220.94228172302246 258.726863861084 204.96224975585938 258.726863861084
203.62454223632812 241.5780487060547 221.14772987365723 241.5780487060547 221.14772987365723 260.6775779724121 203.62454223632812 260.6775779724121
203.4771270751953 242.4893035888672 220.52788734436035 242.4893035888672 220.52788734436035 260.9411277770996 203.4771270751953 260.9411277770996
202.839599609375 242.09707641601562 220.69703102111816 242.09707641601562 220.69703102111816 261.50796127319336 202.839599609375 261.50796127319336
201.3379669189453 242.4365692138672 219.31319618225098 242.4365692138672 219.31319618225098 260.8671474456787 201.3379669189453 260.8671474456787
201.33987426757812 242.0499725341797 219.7378273010254 242.0499725341797 219.7378273010254 260.9292621612549 201.33987426757812 260.9292621612549
199.7947998046875 242.1204833984375 218.72991180419922 242.1204833984375 218.72991180419922 262.00610733032227 199.7947998046875 262.00610733032227
199.37069702148438 242.3332977294922 218.9163417816162 242.3332977294922 218.9163417816162 262.3111343383789 199.37069702148438 262.3111343383789
200.9167022705078 242.60873413085938 219.73437118530273 242.60873413085938 219.73437118530273 262.13311195373535 200.9167022705078 262.13311195373535
201.74021911621094 242.51724243164062 220.89709091186523 242.51724243164062 220.89709091186523 262.6267795562744 201.74021911621094 262.6267795562744
201.50439453125 243.06588745117188 221.15301704406738 243.06588745117188 221.15301704406738 263.7906188964844 201.50439453125 263.7906188964844
201.89804077148438 244.35726928710938 220.8507423400879 244.35726928710938 220.8507423400879 263.4996166229248 201.89804077148438 263.4996166229248
204.90719604492188 244.77334594726562 224.18621826171875 244.77334594726562 224.18621826171875 264.28748512268066 204.90719604492188 264.28748512268066
205.37673950195312 245.0985870361328 224.13165855407715 245.0985870361328 224.13165855407715 265.0890941619873 205.37673950195312 265.0890941619873
206.0518035888672 244.83529663085938 225.25448989868164 244.83529663085938 225.25448989868164 265.2975254058838 206.0518035888672 265.2975254058838
206.0775909423828 245.0185546875 224.5291404724121 245.0185546875 224.5291404724121 264.84350204467773 206.0775909423828 264.84350204467773
207.86557006835938 244.4974822998047 227.15858840942383 244.4974822998047 227.15858840942383 264.68409538269043 207.86557006835938 264.68409538269043
208.1572265625 244.0926971435547 227.0976505279541 244.0926971435547 227.0976505279541 264.5998344421387 208.1572265625 264.5998344421387
208.8902130126953 244.072021484375 227.50340270996094 244.072021484375 227.50340270996094 265.077787399292 208.8902130126953 265.077787399292
208.93307495117188 244.27340698242188 227.9038429260254 244.27340698242188 227.9038429260254 264.356014251709 208.93307495117188 264.356014251709
209.22640991210938 245.24215698242188 227.91330909729004 245.24215698242188 227.91330909729004 265.6983528137207 209.22640991210938 265.6983528137207
209.5652313232422 245.9480438232422 228.5781135559082 245.9480438232422 228.5781135559082 264.77656745910645 209.5652313232422 264.77656745910645
209.33438110351562 246.4117889404297 228.47709274291992 246.4117889404297 228.47709274291992 266.8019905090332 209.33438110351562 266.8019905090332
208.7821502685547 247.23764038085938 227.99700546264648 247.23764038085938 227.99700546264648 267.2929344177246 208.7821502685547 267.2929344177246
209.34335327148438 247.7869873046875 227.97026443481445 247.7869873046875 227.97026443481445 267.5122356414795 209.34335327148438 267.5122356414795
209.16238403320312 247.4466094970703 228.0895175933838 247.4466094970703 228.0895175933838 266.9982089996338 209.16238403320312 266.9982089996338
208.45809936523438 247.3711700439453 227.08833694458008 247.3711700439453 227.08833694458008 267.73175621032715 208.45809936523438 267.73175621032715
209.0387420654297 247.445556640625 227.61240005493164 247.445556640625 227.61240005493164 267.5754642486572 209.0387420654297 267.5754642486572
209.6823272705078 247.23641967773438 228.40535354614258 247.23641967773438 228.40535354614258 267.07548904418945 209.6823272705078 267.07548904418945
210.2302703857422 248.2224578857422 228.68505477905273 248.2224578857422 228.68505477905273 267.33422470092773 210.2302703857422 267.33422470092773
211.00546264648438 248.4901580810547 229.8837490081787 248.4901580810547 229.8837490081787 268.0243282318115 211.00546264648438 268.0243282318115
212.2803192138672 249.4238739013672 229.45767974853516 249.4238739013672 229.45767974853516 268.01195907592773 212.2803192138672 268.01195907592773
213.2074737548828 249.9622802734375 231.42920112609863 249.9622802734375 231.42920112609863 268.7476863861084 213.2074737548828 268.7476863861084
213.13534545898438 250.48947143554688 230.83270645141602 250.48947143554688 230.83270645141602 268.7350425720215 213.13534545898438 268.7350425720215
214.12710571289062 250.96298217773438 232.2500286102295 250.96298217773438 232.2500286102295 270.168909072876 214.12710571289062 270.168909072876
215.1635284423828 250.7732391357422 234.02960968017578 250.7732391357422 234.02960968017578 269.33521842956543 215.1635284423828 269.33521842956543
217.19955444335938 250.26535034179688 235.9717140197754 250.26535034179688 235.9717140197754 269.27782249450684 217.19955444335938 269.27782249450684
217.80776977539062 250.227783203125 236.33323860168457 250.227783203125 236.33323860168457 268.1784439086914 217.80776977539062 268.1784439086914
218.0915985107422 250.19198608398438 236.28839492797852 250.19198608398438 236.28839492797852 268.22658920288086 218.0915985107422 268.22658920288086
217.73696899414062 249.4711151123047 235.99248123168945 249.4711151123047 235.99248123168945 268.02423667907715 217.73696899414062 268.02423667907715
218.22021484375 249.9108428955078 236.5739974975586 249.9108428955078 236.5739974975586 268.56950759887695 218.22021484375 268.56950759887695
218.04690551757812 251.1793670654297 236.36500358581543 251.1793670654297 236.36500358581543 269.9300193786621 218.04690551757812 269.9300193786621
218.15609741210938 252.2998809814453 236.64212608337402 252.2998809814453 236.64212608337402 271.31235122680664 218.15609741210938 271.31235122680664
218.40597534179688 252.75320434570312 236.85987091064453 252.75320434570312 236.85987091064453 271.76623153686523 218.40597534179688 271.76623153686523
218.2535858154297 253.95199584960938 237.09408950805664 253.95199584960938 237.09408950805664 272.4601707458496 218.2535858154297 272.4601707458496
217.92160034179688 254.3635711669922 236.43353652954102 254.3635711669922 236.43353652954102 272.43792724609375 217.92160034179688 272.43792724609375
217.38351440429688 254.15463256835938 236.1147632598877 254.15463256835938 236.1147632598877 273.1610469818115 217.38351440429688 273.1610469818115
216.7300262451172 254.0072784423828 236.03413772583008 254.0072784423828 236.03413772583008 273.3779602050781 216.7300262451172 273.3779602050781
215.5741729736328 254.1430206298828 234.72101974487305 254.1430206298828 234.72101974487305 273.4847469329834 215.5741729736328 273.4847469329834
217.74203491210938 253.63095092773438 236.7652530670166 253.63095092773438 236.7652530670166 272.66037368774414 217.74203491210938 272.66037368774414
219.2359619140625 253.7180633544922 238.06597518920898 253.7180633544922 238.06597518920898 272.4362277984619 219.2359619140625 272.4362277984619
219.70480346679688 253.52734375 239.42978477478027 253.52734375 239.42978477478027 271.93600845336914 219.70480346679688 271.93600845336914
220.7636260986328 253.70126342773438 239.75095748901367 253.70126342773438 239.75095748901367 273.1830463409424 220.7636260986328 273.1830463409424
220.5184326171875 254.9154510498047 239.6679573059082 254.9154510498047 239.6679573059082 273.1735324859619 220.5184326171875 273.1735324859619
222.46267700195312 256.7547302246094 241.4302577972412 256.7547302246094 241.4302577972412 274.0787982940674 222.46267700195312 274.0787982940674
223.6026611328125 256.7865295410156 242.40967750549316 256.7865295410156 242.40967750549316 275.0716152191162 223.6026611328125 275.0716152191162
225.4268341064453 256.59967041015625 243.92437362670898 256.59967041015625 243.92437362670898 275.93061447143555 225.4268341064453 275.93061447143555
225.2327117919922 256.782470703125 244.3153305053711 256.782470703125 244.3153305053711 275.0717258453369 225.2327117919922 275.0717258453369
226.45986938476562 256.4033203125 245.05890464782715 256.4033203125 245.05890464782715 274.6655158996582 226.45986938476562 274.6655158996582
226.13333129882812 255.55715942382812 245.3612289428711 255.55715942382812 245.3612289428711 274.6966323852539 226.13333129882812 274.6966323852539
226.24569702148438 256.12261962890625 245.05124855041504 256.12261962890625 245.05124855041504 274.98940086364746 226.24569702148438 274.98940086364746
226.90420532226562 256.2475891113281 246.07208633422852 256.2475891113281 246.07208633422852 274.10126876831055 226.90420532226562 274.10126876831055
225.24685668945312 257.58514404296875 244.87908363342285 257.58514404296875 244.87908363342285 276.32326889038086 225.24685668945312 276.32326889038086
226.2503662109375 258.5303955078125 245.6297378540039 258.5303955078125 245.6297378540039 276.8954277038574 226.2503662109375 276.8954277038574
225.9833526611328 259.9895935058594 245.0493278503418 259.9895935058594 245.0493278503418 277.7277431488037 225.9833526611328 277.7277431488037
227.36865234375 260.6758117675781 245.70262908935547 260.6758117675781 245.70262908935547 278.4989070892334 227.36865234375 278.4989070892334
226.88754272460938 261.4720153808594 245.6414451599121 261.4720153808594 245.6414451599121 279.15330505371094 226.88754272460938 279.15330505371094
227.19485473632812 261.67205810546875 245.99369621276855 261.67205810546875 245.99369621276855 279.6075973510742 227.19485473632812 279.6075973510742
227.659912109375 261.48565673828125 247.17191696166992 261.48565673828125 247.17191696166992 279.3274574279785 227.659912109375 279.3274574279785
228.989990234375 261.4029235839844 248.2145595550537 261.4029235839844 248.2145595550537 279.3239269256592 228.989990234375 279.3239269256592
229.7310028076172 260.3690490722656 248.98971939086914 260.3690490722656 248.98971939086914 278.47666931152344 229.7310028076172 278.47666931152344
231.36734008789062 259.75537109375 250.50250434875488 259.75537109375 250.50250434875488 278.1020698547363 231.36734008789062 278.1020698547363
232.5290985107422 260.0966796875 251.43147659301758 260.0966796875 251.43147659301758 278.8395290374756 232.5290985107422 278.8395290374756
234.22412109375 260.31512451171875 253.3950138092041 260.31512451171875 253.3950138092041 277.7675266265869 234.22412109375 277.7675266265869
235.72586059570312 260.6842956542969 254.7760353088379 260.6842956542969 254.7760353088379 280.1690616607666 235.72586059570312 280.1690616607666
237.3365478515625 262.2470397949219 257.6941261291504 262.2470397949219 257.6941261291504 280.2314453125 237.3365478515625 280.2314453125
239.38717651367188 263.0583801269531 258.7859745025635 263.0583801269531 258.7859745025635 281.98145484924316 239.38717651367188 281.98145484924316
241.46450805664062 263.1043395996094 261.0254325866699 263.1043395996094 261.0254325866699 282.4724006652832 241.46450805664062 282.4724006652832
242.28955078125 262.9865417480469 260.88709831237793 262.9865417480469 260.88709831237793 281.7506275177002 242.28955078125 281.7506275177002
245.2390594482422 262.23248291015625 264.139461517334 262.23248291015625 264.139461517334 282.5233554840088 245.2390594482422 282.5233554840088
246.64743041992188 262.61761474609375 265.2924118041992 262.61761474609375 265.2924118041992 281.2016372680664 246.64743041992188 281.2016372680664
247.0187530517578 262.5168762207031 265.87015533447266 262.5168762207031 265.87015533447266 281.80363273620605 247.0187530517578 281.80363273620605
248.64437866210938 262.1316833496094 266.3395576477051 262.1316833496094 266.3395576477051 281.35106468200684 248.64437866210938 281.35106468200684
248.23788452148438 262.92230224609375 266.4459934234619 262.92230224609375 266.4459934234619 283.2428550720215 248.23788452148438 283.2428550720215
249.4466094970703 263.330810546875 267.59890365600586 263.330810546875 267.59890365600586 282.74173164367676 249.4466094970703 282.74173164367676
249.43246459960938 264.7637939453125 267.81545066833496 264.7637939453125 267.81545066833496 283.67448234558105 249.43246459960938 283.67448234558105
250.49551391601562 264.8256530761719 268.18785095214844 264.8256530761719 268.18785095214844 285.0276393890381 250.49551391601562 285.0276393890381
250.7242889404297 265.45465087890625 268.73482513427734 265.45465087890625 268.73482513427734 287.2356834411621 250.7242889404297 287.2356834411621
251.33822631835938 266.3426208496094 269.1891384124756 266.3426208496094 269.1891384124756 286.000186920166 251.33822631835938 286.000186920166
252.0283203125 266.74822998046875 269.4682197570801 266.74822998046875 269.4682197570801 286.75161361694336 252.0283203125 286.75161361694336
252.4503173828125 266.04364013671875 270.58001136779785 266.04364013671875 270.58001136779785 286.56711196899414 252.4503173828125 286.56711196899414
253.11392211914062 266.3139343261719 270.75336265563965 266.3139343261719 270.75336265563965 284.99797439575195 253.11392211914062 284.99797439575195
253.69784545898438 267.44903564453125 272.70702171325684 267.44903564453125 272.70702171325684 285.5398254394531 253.69784545898438 285.5398254394531
256.670166015625 265.9053039550781 274.38044357299805 265.9053039550781 274.38044357299805 284.87170028686523 256.670166015625 284.87170028686523
257.4828186035156 267.03533935546875 275.65319442749023 267.03533935546875 275.65319442749023 285.07599449157715 257.4828186035156 285.07599449157715
258.1100158691406 268.64190673828125 275.73163414001465 268.64190673828125 275.73163414001465 288.5041847229004 258.1100158691406 288.5041847229004
260.04705810546875 268.9090576171875 277.35573387145996 268.9090576171875 277.35573387145996 288.20881843566895 260.04705810546875 288.20881843566895
261.89447021484375 269.6107177734375 280.1369323730469 269.6107177734375 280.1369323730469 288.57813453674316 261.89447021484375 288.57813453674316
262.8965759277344 269.48712158203125 281.8146152496338 269.48712158203125 281.8146152496338 290.46389961242676 262.8965759277344 290.46389961242676
265.6115417480469 270.87176513671875 284.31751823425293 270.87176513671875 284.31751823425293 289.0507106781006 265.6115417480469 289.0507106781006
266.6287536621094 270.660400390625 285.49022483825684 270.660400390625 285.49022483825684 290.8267059326172 266.6287536621094 290.8267059326172
267.8218078613281 270.1603698730469 286.5373725891113 270.1603698730469 286.5373725891113 290.50007247924805 267.8218078613281 290.50007247924805
263.841064453125 271.1343688964844 284.7508888244629 271.1343688964844 284.7508888244629 290.43570709228516 263.841064453125 290.43570709228516
268.77740478515625 270.6214599609375 287.98632431030273 270.6214599609375 287.98632431030273 290.6763210296631 268.77740478515625 290.6763210296631
269.0830383300781 271.20880126953125 287.9488334655762 271.20880126953125 287.9488334655762 291.756799697876 269.0830383300781 291.756799697876
269.8304748535156 271.60552978515625 288.2287120819092 271.60552978515625 288.2287120819092 292.50978660583496 269.8304748535156 292.50978660583496
269.823486328125 273.1608581542969 288.28110694885254 273.1608581542969 288.28110694885254 294.77559661865234 269.823486328125 294.77559661865234
269.6809387207031 273.51580810546875 289.25281143188477 273.51580810546875 289.25281143188477 295.1315059661865 269.6809387207031 295.1315059661865
270.4707336425781 273.8074645996094 290.065221786499 273.8074645996094 290.065221786499 295.2530632019043 270.4707336425781 295.2530632019043
270.0393981933594 275.4582214355469 289.0126361846924 275.4582214355469 289.0126361846924 296.05646896362305 270.0393981933594 296.05646896362305
270.19317626953125 275.0328369140625 289.1677894592285 275.0328369140625 289.1677894592285 297.039587020874 270.19317626953125 297.039587020874
270.8662414550781 274.92681884765625 289.83325958251953 274.92681884765625 289.83325958251953 296.06274604797363 270.8662414550781 296.06274604797363
271.0483703613281 274.6460876464844 290.4535312652588 274.6460876464844 290.4535312652588 295.84136962890625 271.0483703613281 295.84136962890625
271.8895568847656 273.5068359375 291.48681831359863 273.5068359375 291.48681831359863 295.21973037719727 271.8895568847656 295.21973037719727
272.61865234375 273.41998291015625 292.1931629180908 273.41998291015625 292.1931629180908 295.5270347595215 272.61865234375 295.5270347595215
273.5196228027344 274.5219421386719 293.40244483947754 274.5219421386719 293.40244483947754 295.96204566955566 273.5196228027344 295.96204566955566
274.1591796875 275.89434814453125 293.60139083862305 275.89434814453125 293.60139083862305 297.25056076049805 274.1591796875 297.25056076049805
275.8644104003906 276.285400390625 295.36095809936523 276.285400390625 295.36095809936523 297.0891933441162 275.8644104003906 297.0891933441162
277.0916748046875 277.14215087890625 297.4841060638428 277.14215087890625 297.4841060638428 298.9044132232666 277.0916748046875 298.9044132232666
277.8213806152344 277.95159912109375 298.7807960510254 277.95159912109375 298.7807960510254 300.0928535461426 277.8213806152344 300.0928535461426
279.23736572265625 278.6334533691406 299.4479866027832 278.6334533691406 299.4479866027832 301.2760314941406 279.23736572265625 301.2760314941406
280.0203857421875 278.4169006347656 300.581090927124 278.4169006347656 300.581090927124 300.4122886657715 280.0203857421875 300.4122886657715
280.83087158203125 278.53717041015625 301.70520401000977 278.53717041015625 301.70520401000977 300.907413482666 280.83087158203125 300.907413482666
281.99420166015625 277.6553649902344 301.8949375152588 277.6553649902344 301.8949375152588 299.8253974914551 281.99420166015625 299.8253974914551
282.25347900390625 278.2322692871094 302.0145015716553 278.2322692871094 302.0145015716553 300.08336639404297 282.25347900390625 300.08336639404297
282.15716552734375 278.09100341796875 302.8447208404541 278.09100341796875 302.8447208404541 299.9137477874756 282.15716552734375 299.9137477874756
281.59600830078125 278.92767333984375 302.5825614929199 278.92767333984375 302.5825614929199 301.3079948425293 281.59600830078125 301.3079948425293
281.3985900878906 280.0460510253906 302.2375545501709 280.0460510253906 302.2375545501709 302.15773010253906 281.3985900878906 302.15773010253906
281.6878662109375 281.3877868652344 302.2055606842041 281.3877868652344 302.2055606842041 304.78882217407227 281.6878662109375 304.78882217407227
281.42169189453125 282.3050842285156 302.24781799316406 282.3050842285156 302.24781799316406 304.75174140930176 281.42169189453125 304.75174140930176
281.6058654785156 283.3556213378906 301.9907989501953 283.3556213378906 301.9907989501953 306.5853385925293 281.6058654785156 306.5853385925293
280.21649169921875 284.5196228027344 301.44684982299805 284.5196228027344 301.44684982299805 307.8007354736328 280.21649169921875 307.8007354736328
280.14959716796875 283.69232177734375 301.89005279541016 283.69232177734375 301.89005279541016 307.5032386779785 280.14959716796875 307.5032386779785
279.9783020019531 284.5127258300781 301.6358394622803 284.5127258300781 301.6358394622803 307.9391441345215 279.9783020019531 307.9391441345215
282.35198974609375 283.27496337890625 303.4845943450928 283.27496337890625 303.4845943450928 306.56674575805664 282.35198974609375 306.56674575805664
282.3644104003906 283.6468200683594 303.83764457702637 283.6468200683594 303.83764457702637 305.7715263366699 282.3644104003906 305.7715263366699
282.7060546875 284.6985778808594 304.586669921875 284.6985778808594 304.586669921875 307.6530952453613 282.7060546875 307.6530952453613
283.36865234375 285.43328857421875 304.5751094818115 285.43328857421875 304.5751094818115 309.0268497467041 283.36865234375 309.0268497467041
284.0280456542969 287.02484130859375 304.8660316467285 287.02484130859375 304.8660316467285 308.9029026031494 284.0280456542969 308.9029026031494
284.84417724609375 288.3121643066406 308.7681140899658 288.3121643066406 308.7681140899658 310.968318939209 284.84417724609375 310.968318939209
287.4736328125 289.11688232421875 309.65818214416504 289.11688232421875 309.65818214416504 311.3176097869873 287.4736328125 311.3176097869873
285.4737854003906 294.032470703125 309.71106338500977 294.032470703125 309.71106338500977 316.4052925109863 285.4737854003906 316.4052925109863
286.3121643066406 295.2328186035156 310.4820785522461 295.2328186035156 310.4820785522461 317.54345893859863 286.3121643066406 317.54345893859863
287.41156005859375 294.19036865234375 311.6966094970703 294.19036865234375 311.6966094970703 316.6072883605957 287.41156005859375 316.6072883605957
289.56915283203125 294.6406555175781 313.42612075805664 294.6406555175781 313.42612075805664 316.6624240875244 289.56915283203125 316.6624240875244
289.5897521972656 294.521240234375 313.2421531677246 294.521240234375 313.2421531677246 316.3541774749756 289.5897521972656 316.3541774749756
287.0090637207031 307.8578186035156 310.4913139343262 307.8578186035156 310.4913139343262 329.53369140625 287.0090637207031 329.53369140625
291.7289123535156 305.48431396484375 315.38615226745605 305.48431396484375 315.38615226745605 327.32171630859375 291.7289123535156 327.32171630859375
297.95404052734375 302.5747375488281 321.5968780517578 302.5747375488281 321.5968780517578 324.3988437652588 297.95404052734375 324.3988437652588
297.6650390625 305.80096435546875 320.9883975982666 305.80096435546875 320.9883975982666 327.33016777038574 297.6650390625 327.33016777038574
300.81585693359375 303.6361083984375 321.423885345459 303.6361083984375 321.423885345459 324.705509185791 300.81585693359375 324.705509185791
300.79541015625 302.89398193359375 324.3472957611084 302.89398193359375 324.3472957611084 324.6341304779053 300.79541015625 324.6341304779053
302.91143798828125 302.4026794433594 324.62710189819336 302.4026794433594 324.62710189819336 323.4608860015869 302.91143798828125 323.4608860015869
300.57122802734375 302.60467529296875 324.3325881958008 302.60467529296875 324.3325881958008 324.5381851196289 300.57122802734375 324.5381851196289
304.0447082519531 302.66290283203125 324.57656478881836 302.66290283203125 324.57656478881836 321.7124996185303 304.0447082519531 321.7124996185303
305.3036193847656 302.7922058105469 325.6242027282715 302.7922058105469 325.6242027282715 321.993106842041 305.3036193847656 321.993106842041
305.7947692871094 303.6444396972656 326.0559501647949 303.6444396972656 326.0559501647949 323.7161388397217 305.7947692871094 323.7161388397217
304.91412353515625 305.838134765625 325.3651485443115 305.838134765625 325.3651485443115 326.79467964172363 304.91412353515625 326.79467964172363
304.40576171875 306.27056884765625 325.38875579833984 306.27056884765625 325.38875579833984 327.19482421875 304.40576171875 327.19482421875
304.99017333984375 306.92425537109375 326.00868225097656 306.92425537109375 326.00868225097656 327.2222709655762 304.99017333984375 327.2222709655762
303.20172119140625 308.69854736328125 322.9125061035156 308.69854736328125 322.9125061035156 331.2426452636719 303.20172119140625 331.2426452636719
303.67718505859375 307.5556640625 324.2572822570801 307.5556640625 324.2572822570801 330.6818733215332 303.67718505859375 330.6818733215332
303.7309265136719 307.957275390625 324.3586082458496 307.957275390625 324.3586082458496 330.9521369934082 303.7309265136719 330.9521369934082
306.0680236816406 306.70098876953125 327.8618812561035 306.70098876953125 327.8618812561035 329.5411014556885 306.0680236816406 329.5411014556885
307.0023498535156 306.30908203125 329.9287223815918 306.30908203125 329.9287223815918 328.70532417297363 307.0023498535156 328.70532417297363
308.84930419921875 307.3917541503906 330.5509223937988 307.3917541503906 330.5509223937988 330.05088996887207 308.84930419921875 330.05088996887207
310.4748229980469 308.32568359375 332.4040470123291 308.32568359375 332.4040470123291 329.5910930633545 310.4748229980469 329.5910930633545
312.2557678222656 310.06719970703125 334.16150856018066 310.06719970703125 334.16150856018066 331.371545791626 312.2557678222656 331.371545791626
312.85687255859375 311.25543212890625 335.31825256347656 311.25543212890625 335.31825256347656 332.2202339172363 312.85687255859375 332.2202339172363
316.5276794433594 311.6649475097656 337.7909126281738 311.6649475097656 337.7909126281738 332.4007453918457 316.5276794433594 332.4007453918457
317.09259033203125 313.48486328125 338.2122802734375 313.48486328125 338.2122802734375 333.0795707702637 317.09259033203125 333.0795707702637
317.7742004394531 314.1143798828125 339.2962169647217 314.1143798828125 339.2962169647217 333.67073249816895 317.7742004394531 333.67073249816895
319.9539794921875 313.28778076171875 342.0348606109619 313.28778076171875 342.0348606109619 334.16344833374023 319.9539794921875 334.16344833374023
319.6435241699219 313.2456359863281 341.9431381225586 313.2456359863281 341.9431381225586 334.3467140197754 319.6435241699219 334.3467140197754
319.9786071777344 314.3232116699219 340.99378395080566 314.3232116699219 340.99378395080566 334.5147476196289 319.9786071777344 334.5147476196289
321.18707275390625 313.0478210449219 342.2778015136719 313.0478210449219 342.2778015136719 335.1873435974121 321.18707275390625 335.1873435974121
320.4975891113281 313.7030334472656 341.38537979125977 313.7030334472656 341.38537979125977 335.8311576843262 320.4975891113281 335.8311576843262
321.21417236328125 314.9903869628906 341.8560428619385 314.9903869628906 341.8560428619385 337.3334083557129 321.21417236328125 337.3334083557129
320.9637145996094 316.1644592285156 341.93606185913086 316.1644592285156 341.93606185913086 339.07921409606934 320.9637145996094 339.07921409606934
320.7787170410156 318.20379638671875 341.70617485046387 318.20379638671875 341.70617485046387 341.8252582550049 320.7787170410156 341.8252582550049
320.6573181152344 319.89031982421875 341.63534355163574 319.89031982421875 341.63534355163574 344.5940456390381 320.6573181152344 344.5940456390381
320.3559875488281 319.75823974609375 341.59689140319824 319.75823974609375 341.59689140319824 343.98622131347656 320.3559875488281 343.98622131347656
320.6217956542969 320.38568115234375 341.62112045288086 320.38568115234375 341.62112045288086 344.1441535949707 320.6217956542969 344.1441535949707
320.6981201171875 319.5126953125 342.03837966918945 319.5126953125 342.03837966918945 343.27417182922363 320.6981201171875 343.27417182922363
322.96282958984375 318.45245361328125 344.4433650970459 318.45245361328125 344.4433650970459 343.1320686340332 322.96282958984375 343.1320686340332
323.9369201660156 318.26898193359375 345.29826736450195 318.26898193359375 345.29826736450195 342.1875400543213 323.9369201660156 342.1875400543213
325.27008056640625 318.85894775390625 346.56332778930664 318.85894775390625 346.56332778930664 342.62990951538086 325.27008056640625 342.62990951538086
325.29351806640625 320.5464782714844 346.6153621673584 320.5464782714844 346.6153621673584 343.7764644622803 325.29351806640625 343.7764644622803
326.71295166015625 321.38214111328125 348.90166664123535 321.38214111328125 348.90166664123535 344.66879653930664 326.71295166015625 344.66879653930664
328.3906555175781 323.386962890625 349.9212188720703 323.386962890625 349.9212188720703 346.2412929534912 328.3906555175781 346.2412929534912
328.33245849609375 325.1932678222656 350.39512634277344 325.1932678222656 350.39512634277344 348.7417469024658 328.33245849609375 348.7417469024658
329.55743408203125 327.0136413574219 351.6754379272461 327.0136413574219 351.6754379272461 350.464807510376 329.55743408203125 350.464807510376
332.1128234863281 327.35540771484375 353.1673946380615 327.35540771484375 353.1673946380615 350.2253074645996 332.1128234863281 350.2253074645996
332.95037841796875 327.433837890625 354.66161727905273 327.433837890625 354.66161727905273 349.257869720459 332.95037841796875 349.257869720459
334.0569763183594 326.51678466796875 355.7781524658203 326.51678466796875 355.7781524658203 349.35485458374023 334.0569763183594 349.35485458374023
334.9121398925781 325.3895568847656 356.9713134765625 325.3895568847656 356.9713134765625 348.27330589294434 334.9121398925781 348.27330589294434
333.8654479980469 326.34710693359375 355.94260025024414 326.34710693359375 355.94260025024414 350.8991527557373 333.8654479980469 350.8991527557373
334.5537414550781 327.052490234375 356.4082489013672 327.052490234375 356.4082489013672 351.67920875549316 334.5537414550781 351.67920875549316
333.6311950683594 328.4550476074219 355.4760437011719 328.4550476074219 355.4760437011719 353.32152366638184 333.6311950683594 353.32152366638184
335.06134033203125 330.6401062011719 357.2176761627197 330.6401062011719 357.2176761627197 355.1742191314697 335.06134033203125 355.1742191314697
333.45703125 331.8077392578125 356.7691764831543 331.8077392578125 356.7691764831543 357.38071060180664 333.45703125 357.38071060180664
335.1567687988281 332.7295837402344 357.517147064209 332.7295837402344 357.517147064209 357.94719314575195 335.1567687988281 357.94719314575195
334.7413330078125 334.2890625 357.3567543029785 334.2890625 357.3567543029785 359.8489112854004 334.7413330078125 359.8489112854004
335.0518493652344 334.95166015625 357.2988166809082 334.95166015625 357.2988166809082 359.55692863464355 335.0518493652344 359.55692863464355
336.4542541503906 333.2361755371094 359.51466369628906 333.2361755371094 359.51466369628906 358.51208114624023 336.4542541503906 358.51208114624023
338.02520751953125 333.2208251953125 361.2257652282715 333.2208251953125 361.2257652282715 358.137752532959 338.02520751953125 358.137752532959
338.2926330566406 333.3811950683594 361.8990669250488 333.3811950683594 361.8990669250488 358.16248512268066 338.2926330566406 358.16248512268066
338.41107177734375 333.8363342285156 362.5184020996094 333.8363342285156 362.5184020996094 358.1399517059326 338.41107177734375 358.1399517059326
339.49853515625 335.6054992675781 363.89538764953613 335.6054992675781 363.89538764953613 359.9008140563965 339.49853515625 359.9008140563965
339.78228759765625 337.431884765625 365.38058853149414 337.431884765625 365.38058853149414 362.4045066833496 339.78228759765625 362.4045066833496
337.96942138671875 337.49908447265625 365.3442325592041 337.49908447265625 365.3442325592041 362.76807022094727 337.96942138671875 362.76807022094727
344.38018798828125 340.12713623046875 369.3246021270752 340.12713623046875 369.3246021270752 363.25527000427246 344.38018798828125 363.25527000427246
340.933837890625 341.3756408691406 368.7021427154541 341.3756408691406 368.7021427154541 367.007848739624 340.933837890625 367.007848739624
343.7313537597656 342.7873840332031 371.312442779541 342.7873840332031 371.312442779541 368.2467784881592 343.7313537597656 368.2467784881592
344.0687255859375 344.94525146484375 371.47496604919434 344.94525146484375 371.47496604919434 370.24324798583984 344.0687255859375 370.24324798583984
349.36798095703125 342.89410400390625 377.2242012023926 342.89410400390625 377.2242012023926 368.6074638366699 349.36798095703125 368.6074638366699
352.1988525390625 340.7706604003906 377.7174873352051 340.7706604003906 377.7174873352051 367.3818302154541 352.1988525390625 367.3818302154541
353.9443359375 340.7853698730469 379.30568504333496 340.7853698730469 379.30568504333496 366.5061492919922 353.9443359375 366.5061492919922
356.31390380859375 342.7648010253906 378.9134750366211 342.7648010253906 378.9134750366211 368.5288791656494 356.31390380859375 368.5288791656494
357.5794677734375 342.8554992675781 380.0108280181885 342.8554992675781 380.0108280181885 367.70581436157227 357.5794677734375 367.70581436157227
357.775634765625 344.3346252441406 380.9917297363281 344.3346252441406 380.9917297363281 372.16441917419434 357.775634765625 372.16441917419434
358.7705993652344 347.18157958984375 381.4362678527832 347.18157958984375 381.4362678527832 373.66016006469727 358.7705993652344 373.66016006469727
360.45684814453125 348.65948486328125 382.6877632141113 348.65948486328125 382.6877632141113 374.43205642700195 360.45684814453125 374.43205642700195
360.8567199707031 350.17059326171875 383.0384922027588 350.17059326171875 383.0384922027588 375.8921871185303 360.8567199707031 375.8921871185303
361.67974853515625 349.7961120605469 384.6405906677246 349.7961120605469 384.6405906677246 376.2741584777832 361.67974853515625 376.2741584777832
362.36309814453125 351.3059387207031 385.3188591003418 351.3059387207031 385.3188591003418 378.0222682952881 362.36309814453125 378.0222682952881
364.510009765625 349.52325439453125 387.4318389892578 349.52325439453125 387.4318389892578 376.0477104187012 364.510009765625 376.0477104187012
364.98443603515625 350.1071472167969 387.9925937652588 350.1071472167969 387.9925937652588 376.910364151001 364.98443603515625 376.910364151001
365.868408203125 351.4561767578125 388.685977935791 351.4561767578125 388.685977935791 377.1686820983887 365.868408203125 377.1686820983887
368.060546875 351.17645263671875 390.4611167907715 351.17645263671875 390.4611167907715 376.75897216796875 368.060546875 376.75897216796875
370.2594299316406 354.2034606933594 392.4305839538574 354.2034606933594 392.4305839538574 379.4672031402588 370.2594299316406 379.4672031402588
371.70513916015625 354.3541564941406 394.08837127685547 354.3541564941406 394.08837127685547 379.92059326171875 371.70513916015625 379.92059326171875
374.63885498046875 356.4306335449219 397.94455337524414 356.4306335449219 397.94455337524414 382.572021484375 374.63885498046875 382.572021484375
375.18951416015625 358.31842041015625 399.40904808044434 358.31842041015625 399.40904808044434 384.0073890686035 375.18951416015625 384.0073890686035
378.83575439453125 359.5730285644531 401.6580295562744 359.5730285644531 401.6580295562744 384.2726860046387 378.83575439453125 384.2726860046387
381.37506103515625 359.24151611328125 405.3598384857178 359.24151611328125 405.3598384857178 385.37701988220215 381.37506103515625 385.37701988220215
382.17352294921875 360.41583251953125 405.94880294799805 360.41583251953125 405.94880294799805 386.26991271972656 382.17352294921875 386.26991271972656
383.77862548828125 361.04864501953125 407.1579246520996 361.04864501953125 407.1579246520996 386.6438751220703 383.77862548828125 386.6438751220703
385.261474609375 360.7545471191406 408.85264015197754 360.7545471191406 408.85264015197754 385.6359519958496 385.261474609375 385.6359519958496
386.5172424316406 362.10272216796875 409.1625785827637 362.10272216796875 409.1625785827637 387.33058738708496 386.5172424316406 387.33058738708496
387.6239929199219 363.4802551269531 410.1210460662842 363.4802551269531 410.1210460662842 388.81983375549316 387.6239929199219 388.81983375549316
388.8951110839844 364.18133544921875 412.31740951538086 364.18133544921875 412.31740951538086 390.6159782409668 388.8951110839844 390.6159782409668
388.7911071777344 367.1895751953125 411.87438011169434 367.1895751953125 411.87438011169434 394.50653076171875 388.7911071777344 394.50653076171875
389.0108947753906 368.21112060546875 412.6264228820801 368.21112060546875 412.6264228820801 395.77045249938965 389.0108947753906 395.77045249938965
389.1483459472656 369.9579772949219 413.1000919342041 369.9579772949219 413.1000919342041 397.3953399658203 389.1483459472656 397.3953399658203
391.1680908203125 369.75531005859375 414.6288070678711 369.75531005859375 414.6288070678711 396.7807865142822 391.1680908203125 396.7807865142822
391.605712890625 369.8048095703125 415.8295192718506 369.8048095703125 415.8295192718506 396.5963020324707 391.605712890625 396.5963020324707
392.60430908203125 370.623046875 417.4881401062012 370.623046875 417.4881401062012 397.360107421875 392.60430908203125 397.360107421875
394.0339050292969 370.1939697265625 419.5954990386963 370.1939697265625 419.5954990386963 397.0420265197754 394.0339050292969 397.0420265197754
394.69622802734375 370.43609619140625 420.6438846588135 370.43609619140625 420.6438846588135 397.28729248046875 394.69622802734375 397.28729248046875
397.78729248046875 371.3019714355469 424.36876487731934 371.3019714355469 424.36876487731934 397.37846755981445 397.78729248046875 397.37846755981445
398.3727722167969 372.4406433105469 425.0681400299072 372.4406433105469 425.0681400299072 398.7891597747803 398.3727722167969 398.7891597747803
401.60137939453125 373.5368957519531 428.3548221588135 373.5368957519531 428.3548221588135 400.31488037109375 401.60137939453125 400.31488037109375
403.91973876953125 376.66363525390625 430.0633296966553 376.66363525390625 430.0633296966553 402.3604793548584 403.91973876953125 402.3604793548584
406.349365234375 378.8516540527344 430.52698135375977 378.8516540527344 430.52698135375977 403.41911697387695 406.349365234375 403.41911697387695
408.0948791503906 378.2734069824219 435.1546974182129 378.2734069824219 435.1546974182129 404.0175476074219 408.0948791503906 404.0175476074219
410.8053283691406 380.5143737792969 435.49461555480957 380.5143737792969 435.49461555480957 406.75944900512695 410.8053283691406 406.75944900512695
410.290283203125 379.7921142578125 436.56849098205566 379.7921142578125 436.56849098205566 406.4369354248047 410.290283203125 406.4369354248047
414.2918395996094 380.13116455078125 439.4517250061035 380.13116455078125 439.4517250061035 405.9285526275635 414.2918395996094 405.9285526275635
415.2169494628906 380.6595764160156 439.37120628356934 380.6595764160156 439.37120628356934 407.4698143005371 415.2169494628906 407.4698143005371
415.93841552734375 380.92437744140625 440.0944061279297 380.92437744140625 440.0944061279297 406.58433532714844 415.93841552734375 406.58433532714844
415.97772216796875 381.8094177246094 441.1737403869629 381.8094177246094 441.1737403869629 409.5284614562988 415.97772216796875 409.5284614562988
418.31298828125 383.89520263671875 443.4458541870117 383.89520263671875 443.4458541870117 411.0060634613037 418.31298828125 411.0060634613037
418.71881103515625 386.6883239746094 444.2308006286621 386.6883239746094 444.2308006286621 414.3417720794678 418.71881103515625 414.3417720794678
420.2975158691406 387.6914367675781 446.1637935638428 387.6914367675781 446.1637935638428 416.12229347229004 420.2975158691406 416.12229347229004
422.2978515625 388.92095947265625 447.6308879852295 388.92095947265625 447.6308879852295 416.1154384613037 422.2978515625 416.1154384613037
421.92645263671875 390.9730529785156 447.36550521850586 390.9730529785156 447.36550521850586 418.66147232055664 421.92645263671875 418.66147232055664
422.83172607421875 391.4488830566406 448.1780815124512 391.4488830566406 448.1780815124512 419.9254665374756 422.83172607421875 419.9254665374756
424.4496154785156 390.2363586425781 450.0099983215332 390.2363586425781 450.0099983215332 419.4804286956787 424.4496154785156 419.4804286956787
427.33001708984375 390.5155944824219 454.8133945465088 390.5155944824219 454.8133945465088 418.7749671936035 427.33001708984375 418.7749671936035
429.0855407714844 390.3978576660156 456.47397232055664 390.3978576660156 456.47397232055664 418.33347511291504 429.0855407714844 418.33347511291504
432.03802490234375 392.3092041015625 458.64940452575684 392.3092041015625 458.64940452575684 420.0797119140625 432.03802490234375 420.0797119140625
433.9400329589844 393.1975402832031 461.6012477874756 393.1975402832031 461.6012477874756 422.046911239624 433.9400329589844 422.046911239624
435.53253173828125 396.9505920410156 462.5194511413574 396.9505920410156 462.5194511413574 425.2999458312988 435.53253173828125 425.2999458312988
437.2395935058594 397.85150146484375 465.4248161315918 397.85150146484375 465.4248161315918 426.9612464904785 437.2395935058594 426.9612464904785
439.8994140625 399.237548828125 468.1454734802246 399.237548828125 468.1454734802246 427.6872138977051 439.8994140625 427.6872138977051
441.8146057128906 400.57476806640625 471.44256591796875 400.57476806640625 471.44256591796875 429.17576026916504 441.8146057128906 429.17576026916504
446.3971252441406 401.69171142578125 472.7516117095947 401.69171142578125 472.7516117095947 430.67174339294434 446.3971252441406 430.67174339294434
446.7071228027344 401.6089172363281 474.280704498291 401.6089172363281 474.280704498291 430.3637638092041 446.7071228027344 430.3637638092041
449.7646484375 401.0948486328125 475.80413246154785 401.0948486328125 475.80413246154785 430.09995460510254 449.7646484375 430.09995460510254
449.8164978027344 400.6885681152344 477.2271842956543 400.6885681152344 477.2271842956543 429.34054946899414 449.8164978027344 429.34054946899414
451.77862548828125 400.9164123535156 479.93549156188965 400.9164123535156 479.93549156188965 430.9367427825928 451.77862548828125 430.9367427825928
452.8897399902344 404.4315185546875 480.5431613922119 404.4315185546875 480.5431613922119 433.3038692474365 452.8897399902344 433.3038692474365
454.419921875 407.82879638671875 481.1273555755615 407.82879638671875 481.1273555755615 437.26526832580566 454.419921875 437.26526832580566
454.5330505371094 410.90740966796875 482.00259017944336 410.90740966796875 482.00259017944336 440.67776107788086 454.5330505371094 440.67776107788086
456.2745666503906 411.61541748046875 482.8676414489746 411.61541748046875 482.8676414489746 440.7618980407715 456.2745666503906 440.7618980407715
458.9331970214844 412.438720703125 485.7033348083496 412.438720703125 485.7033348083496 441.3839225769043 458.9331970214844 441.3839225769043
458.44329833984375 413.19439697265625 485.6728515625 413.19439697265625 485.6728515625 442.03351974487305 458.44329833984375 442.03351974487305
460.0462341308594 413.3246154785156 487.20370864868164 413.3246154785156 487.20370864868164 442.65374755859375 460.0462341308594 442.65374755859375
463.91680908203125 411.27459716796875 492.27456283569336 411.27459716796875 492.27456283569336 440.42302322387695 463.91680908203125 440.42302322387695
464.2579040527344 412.0601501464844 494.2397575378418 412.0601501464844 494.2397575378418 441.78674697875977 464.2579040527344 441.78674697875977
466.018798828125 414.01171875 496.7817802429199 414.01171875 496.7817802429199 445.0619602203369 466.018798828125 445.0619602203369
469.03302001953125 414.60150146484375 498.1358280181885 414.60150146484375 498.1358280181885 444.23822593688965 469.03302001953125 444.23822593688965
471.29095458984375 415.45208740234375 503.7968330383301 415.45208740234375 503.7968330383301 448.5579032897949 471.29095458984375 448.5579032897949
474.27081298828125 417.92059326171875 507.22285079956055 417.92059326171875 507.22285079956055 450.5501174926758 474.27081298828125 450.5501174926758
474.1875915527344 420.2416076660156 508.1770553588867 420.2416076660156 508.1770553588867 451.6163635253906 474.1875915527344 451.6163635253906
481.46502685546875 421.5067443847656 515.8291893005371 421.5067443847656 515.8291893005371 454.08313369750977 481.46502685546875 454.08313369750977
483.555419921875 422.1576232910156 517.8969573974609 422.1576232910156 517.8969573974609 453.99610328674316 483.555419921875 453.99610328674316
488.6000061035156 425.20196533203125 520.6677169799805 425.20196533203125 520.6677169799805 456.1267337799072 488.6000061035156 456.1267337799072
492.40380859375 423.75811767578125 524.2819271087646 423.75811767578125 524.2819271087646 453.94958877563477 492.40380859375 453.94958877563477
495.835205078125 422.79681396484375 527.3691215515137 422.79681396484375 527.3691215515137 454.1609191894531 495.835205078125 454.1609191894531
498.71685791015625 424.4842834472656 531.5190124511719 424.4842834472656 531.5190124511719 455.5091190338135 498.71685791015625 455.5091190338135
498.9879455566406 426.36993408203125 533.1128463745117 426.36993408203125 533.1128463745117 457.81381607055664 498.9879455566406 457.81381607055664
500.82781982421875 427.51580810546875 534.8494071960449 427.51580810546875 534.8494071960449 459.06794357299805 500.82781982421875 459.06794357299805
498.5279235839844 431.6222229003906 531.6997032165527 431.6222229003906 531.6997032165527 462.24220848083496 498.5279235839844 462.24220848083496
503.426513671875 432.7232360839844 538.3823661804199 432.7232360839844 538.3823661804199 462.9043731689453 503.426513671875 462.9043731689453
504.5458984375 436.50299072265625 537.4550552368164 436.50299072265625 537.4550552368164 466.880558013916 504.5458984375 466.880558013916
507.1678161621094 433.994873046875 544.1274375915527 433.994873046875 544.1274375915527 464.2578125 507.1678161621094 464.2578125
509.56329345703125 435.59857177734375 544.2098808288574 435.59857177734375 544.2098808288574 465.176944732666 509.56329345703125 465.176944732666
513.5767822265625 435.15496826171875 549.5500984191895 435.15496826171875 549.5500984191895 463.63378524780273 513.5767822265625 463.63378524780273
516.6066284179688 435.5088806152344 551.7001762390137 435.5088806152344 551.7001762390137 464.0257167816162 516.6066284179688 464.0257167816162
517.6671142578125 437.37872314453125 550.3224563598633 437.37872314453125 550.3224563598633 467.5220031738281 517.6671142578125 467.5220031738281
522.1986083984375 436.029052734375 557.4796905517578 436.029052734375 557.4796905517578 464.4131717681885 522.1986083984375 464.4131717681885
525.1384887695312 437.8756408691406 560.7446365356445 437.8756408691406 560.7446365356445 466.2713871002197 525.1384887695312 466.2713871002197
528.4059448242188 438.8509216308594 563.2432250976562 438.8509216308594 563.2432250976562 466.50029945373535 528.4059448242188 466.50029945373535
532.2264404296875 440.0709533691406 563.9912147521973 440.0709533691406 563.9912147521973 469.3921718597412 532.2264404296875 469.3921718597412
537.4395751953125 438.73480224609375 568.7574768066406 438.73480224609375 568.7574768066406 467.6435241699219 537.4395751953125 467.6435241699219
537.1279907226562 438.6695251464844 568.6772727966309 438.6695251464844 568.6772727966309 467.7918300628662 537.1279907226562 467.7918300628662
540.9124145507812 444.18731689453125 571.9856262207031 444.18731689453125 571.9856262207031 472.870174407959 540.9124145507812 472.870174407959
543.6114501953125 435.6185607910156 574.528995513916 435.6185607910156 574.528995513916 464.1577262878418 543.6114501953125 464.1577262878418
517.7146606445312 419.2084045410156 548.8191795349121 419.2084045410156 548.8191795349121 447.9201602935791 517.7146606445312 447.9201602935791
531.0177001953125 414.03125 562.3190212249756 414.03125 562.3190212249756 442.9246711730957 531.0177001953125 442.9246711730957
