338.0 207.0 363.0 207.0 363.0 268.0 338.0 268.0
336.4017028808594 207.1603240966797 362.7225532531738 207.1603240966797 362.7225532531738 267.7040481567383 336.4017028808594 267.7040481567383
335.7671813964844 206.72335815429688 360.7494812011719 206.72335815429688 360.7494812011719 267.14041900634766 335.7671813964844 267.14041900634766
334.44000244140625 206.81753540039062 359.12207412719727 206.81753540039062 359.12207412719727 266.5367012023926 334.44000244140625 266.5367012023926
333.17816162109375 205.30810546875 358.15520668029785 205.30810546875 358.15520668029785 266.52159881591797 333.17816162109375 266.52159881591797
332.56292724609375 204.93234252929688 356.9079475402832 204.93234252929688 356.9079475402832 268.60759353637695 332.56292724609375 268.60759353637695
331.27880859375 203.8368377685547 356.5199222564697 203.8368377685547 356.5199222564697 267.99974060058594 331.27880859375 267.99974060058594
330.1683044433594 203.4783935546875 354.68586349487305 203.4783935546875 354.68586349487305 267.8250503540039 330.1683044433594 267.8250503540039
328.26611328125 202.91537475585938 354.0813236236572 202.91537475585938 354.0813236236572 268.22975158691406 328.26611328125 268.22975158691406
326.52264404296875 202.6776885986328 352.9177494049072 202.6776885986328 352.9177494049072 266.64914321899414 326.52264404296875 266.64914321899414
326.00152587890625 204.68121337890625 352.1290283203125 204.68121337890625 352.1290283203125 265.9052848815918 326.00152587890625 265.9052848815918
324.94488525390625 205.8394012451172 351.1189842224121 205.8394012451172 351.1189842224121 265.24502182006836 324.94488525390625 265.24502182006836
324.17816162109375 205.3105010986328 349.67747497558594 205.3105010986328 349.67747497558594 264.93285369873047 324.17816162109375 264.93285369873047
323.92767333984375 204.5616455078125 347.93635177612305 204.5616455078125 347.93635177612305 262.4887886047363 323.92767333984375 262.4887886047363
322.360107421875 202.9508514404297 347.1751136779785 202.9508514404297 347.1751136779785 263.20912170410156 322.360107421875 263.20912170410156
321.10137939453125 201.36849975585938 345.2950916290283 201.36849975585938 345.2950916290283 263.0636672973633 321.10137939453125 263.0636672973633
319.86444091796875 201.04270935058594 344.2106475830078 201.04270935058594 344.2106475830078 262.70152282714844 319.86444091796875 262.70152282714844
318.68621826171875 200.83383178710938 343.4767723083496 200.83383178710938 343.4767723083496 263.2956314086914 318.68621826171875 263.2956314086914
317.3604736328125 202.07110595703125 342.28382873535156 202.07110595703125 342.28382873535156 261.5969009399414 317.3604736328125 261.5969009399414
316.4259338378906 202.74606323242188 341.81348609924316 202.74606323242188 341.81348609924316 262.8640670776367 316.4259338378906 262.8640670776367
315.290283203125 202.2661895751953 340.8131790161133 202.2661895751953 340.8131790161133 262.5599136352539 315.290283203125 262.5599136352539
314.4032287597656 201.8466339111328 339.40441513061523 201.8466339111328 339.40441513061523 262.4805030822754 314.4032287597656 262.4805030822754
313.58306884765625 200.49996948242188 338.2815647125244 200.49996948242188 338.2815647125244 264.8741989135742 313.58306884765625 264.8741989135742
312.31866455078125 199.6712188720703 336.8779544830322 199.6712188720703 336.8779544830322 264.5681457519531 312.31866455078125 264.5681457519531
311.3125 198.93606567382812 335.6660804748535 198.93606567382812 335.6660804748535 264.0119934082031 311.3125 264.0119934082031
310.19232177734375 199.49661254882812 334.00735092163086 199.49661254882812 334.00735092163086 263.64208984375 310.19232177734375 263.64208984375
309.13427734375 199.34629821777344 333.4046268463135 199.34629821777344 333.4046268463135 263.4865417480469 309.13427734375 263.4865417480469
307.441162109375 197.5092010498047 332.59744453430176 197.5092010498047 332.59744453430176 264.6338653564453 307.441162109375 264.6338653564453
306.2655029296875 200.48257446289062 331.36510848999023 200.48257446289062 331.36510848999023 261.18122482299805 306.2655029296875 261.18122482299805
305.5777893066406 200.5536651611328 330.2317085266113 200.5536651611328 330.2317085266113 260.98831939697266 305.5777893066406 260.98831939697266
304.30291748046875 200.8850860595703 329.60163497924805 200.8850860595703 329.60163497924805 260.87378692626953 304.30291748046875 260.87378692626953
303.2545166015625 199.59744262695312 328.35653495788574 199.59744262695312 328.35653495788574 259.3949203491211 303.2545166015625 259.3949203491211
303.1226501464844 198.51535034179688 325.96092414855957 198.51535034179688 325.96092414855957 260.1776809692383 303.1226501464844 260.1776809692383
302.19207763671875 198.76431274414062 325.77367782592773 198.76431274414062 325.77367782592773 259.19195556640625 302.19207763671875 259.19195556640625
300.43316650390625 197.15072631835938 323.9334659576416 197.15072631835938 323.9334659576416 259.37638092041016 300.43316650390625 259.37638092041016
298.4138488769531 195.9320526123047 323.2708740234375 195.9320526123047 323.2708740234375 258.66307067871094 298.4138488769531 258.66307067871094
297.7369689941406 196.91116333007812 322.064603805542 196.91116333007812 322.064603805542 257.55961990356445 297.7369689941406 257.55961990356445
296.7791442871094 196.59072875976562 320.9092845916748 196.59072875976562 320.9092845916748 257.7670707702637 296.7791442871094 257.7670707702637
295.6651611328125 199.72390747070312 319.464599609375 199.72390747070312 319.464599609375 257.16149139404297 295.6651611328125 257.16149139404297
294.66790771484375 198.9652099609375 318.25737953186035 198.9652099609375 318.25737953186035 258.72614669799805 294.66790771484375 258.72614669799805
293.2792663574219 200.50840759277344 317.9029426574707 200.50840759277344 317.9029426574707 257.3688430786133 293.2792663574219 257.3688430786133
291.98480224609375 197.5501708984375 317.3003673553467 197.5501708984375 317.3003673553467 258.25025177001953 291.98480224609375 258.25025177001953
290.75177001953125 195.38699340820312 315.80551528930664 195.38699340820312 315.80551528930664 259.3945770263672 290.75177001953125 259.3945770263672
290.36358642578125 195.7176513671875 314.1177806854248 195.7176513671875 314.1177806854248 258.08155059814453 290.36358642578125 258.08155059814453
289.03851318359375 193.7827606201172 312.80858612060547 193.7827606201172 312.80858612060547 257.27000427246094 289.03851318359375 257.27000427246094
287.547119140625 193.63613891601562 311.1804256439209 193.63613891601562 311.1804256439209 256.70075607299805 287.547119140625 256.70075607299805
286.06512451171875 196.65524291992188 310.3604278564453 196.65524291992188 310.3604278564453 256.19633865356445 286.06512451171875 256.19633865356445
285.1651916503906 196.85284423828125 308.3542900085449 196.85284423828125 308.3542900085449 254.64020919799805 285.1651916503906 254.64020919799805
283.23455810546875 196.6558380126953 307.20276260375977 196.6558380126953 307.20276260375977 254.71044158935547 283.23455810546875 254.71044158935547
282.61639404296875 196.4979705810547 306.38007736206055 196.4979705810547 306.38007736206055 255.0903549194336 282.61639404296875 255.0903549194336
281.788330078125 197.0574493408203 305.07935523986816 197.0574493408203 305.07935523986816 255.40662002563477 281.788330078125 255.40662002563477
281.00360107421875 194.8226318359375 304.49876976013184 194.8226318359375 304.49876976013184 254.55419921875 281.00360107421875 254.55419921875
279.3128967285156 193.9761199951172 303.04648780822754 193.9761199951172 303.04648780822754 255.2161102294922 279.3128967285156 255.2161102294922
278.3627624511719 192.90029907226562 301.76119232177734 192.90029907226562 301.76119232177734 253.93627166748047 278.3627624511719 253.93627166748047
277.5819091796875 192.37649536132812 300.53481101989746 192.37649536132812 300.53481101989746 253.62555694580078 277.5819091796875 253.62555694580078
276.243896484375 192.1582794189453 299.87310218811035 192.1582794189453 299.87310218811035 253.60943222045898 276.243896484375 253.60943222045898
274.97430419921875 192.66796875 298.998836517334 192.66796875 298.998836517334 251.9886245727539 274.97430419921875 251.9886245727539
273.8967590332031 192.6578369140625 297.83442306518555 192.6578369140625 297.83442306518555 254.2705192565918 273.8967590332031 254.2705192565918
272.74957275390625 194.2037353515625 297.17457008361816 194.2037353515625 297.17457008361816 253.64204025268555 272.74957275390625 253.64204025268555
272.0231018066406 193.98297119140625 296.4334774017334 193.98297119140625 296.4334774017334 255.4863166809082 272.0231018066406 255.4863166809082
270.71600341796875 192.40206909179688 295.19907569885254 192.40206909179688 295.19907569885254 255.56038284301758 270.71600341796875 255.56038284301758
269.748046875 191.03514099121094 293.1674060821533 191.03514099121094 293.1674060821533 252.73594665527344 269.748046875 252.73594665527344
268.7945556640625 190.65365600585938 292.8210697174072 190.65365600585938 292.8210697174072 252.6535530090332 268.7945556640625 252.6535530090332
267.087890625 188.8314208984375 291.60107803344727 188.8314208984375 291.60107803344727 253.12823486328125 267.087890625 253.12823486328125
265.6384582519531 189.28952026367188 291.14598655700684 189.28952026367188 291.14598655700684 251.69937133789062 265.6384582519531 251.69937133789062
264.9313049316406 189.2632293701172 291.04909896850586 189.2632293701172 291.04909896850586 251.42449188232422 264.9313049316406 251.42449188232422
263.6632385253906 189.9399871826172 289.3982753753662 189.9399871826172 289.3982753753662 251.45299911499023 263.6632385253906 251.45299911499023
262.35858154296875 190.3485565185547 286.91674423217773 190.3485565185547 286.91674423217773 251.25728607177734 262.35858154296875 251.25728607177734
260.7591552734375 191.036376953125 286.0784378051758 191.036376953125 286.0784378051758 249.74118041992188 260.7591552734375 249.74118041992188
260.41656494140625 190.89535522460938 284.67212295532227 190.89535522460938 284.67212295532227 249.59750366210938 260.41656494140625 249.59750366210938
259.1683044433594 190.23568725585938 284.42849922180176 190.23568725585938 284.42849922180176 249.7712631225586 259.1683044433594 249.7712631225586
259.05462646484375 189.8047332763672 283.8331699371338 189.8047332763672 283.8331699371338 250.80567932128906 259.05462646484375 250.80567932128906
256.8702087402344 187.19020080566406 281.9260711669922 187.19020080566406 281.9260711669922 250.4694595336914 256.8702087402344 250.4694595336914
255.38735961914062 187.93515014648438 280.79809188842773 187.93515014648438 280.79809188842773 249.52375030517578 255.38735961914062 249.52375030517578
254.074462890625 188.5454559326172 279.52301597595215 188.5454559326172 279.52301597595215 249.63511657714844 254.074462890625 249.63511657714844
253.5951690673828 187.22589111328125 279.0740089416504 187.22589111328125 279.0740089416504 248.51932907104492 253.5951690673828 248.51932907104492
252.89236450195312 188.5256805419922 278.79436111450195 188.5256805419922 278.79436111450195 246.8994483947754 252.89236450195312 246.8994483947754
252.77963256835938 189.23666381835938 277.5551414489746 189.23666381835938 277.5551414489746 247.55722045898438 252.77963256835938 247.55722045898438
251.7588348388672 187.3313751220703 275.75682640075684 187.3313751220703 275.75682640075684 248.39001083374023 251.7588348388672 248.39001083374023
251.2306365966797 187.76206970214844 274.9660530090332 187.76206970214844 274.9660530090332 249.75298690795898 251.2306365966797 249.75298690795898
250.67330932617188 187.4744873046875 275.3215103149414 187.4744873046875 275.3215103149414 250.92802047729492 250.67330932617188 250.92802047729492
249.47085571289062 185.61012268066406 273.1849822998047 185.61012268066406 273.1849822998047 250.4132843017578 249.47085571289062 250.4132843017578
247.9274444580078 185.1394805908203 272.4139289855957 185.1394805908203 272.4139289855957 249.6598663330078 247.9274444580078 249.6598663330078
246.17373657226562 184.36758422851562 271.3763065338135 184.36758422851562 271.3763065338135 249.62669372558594 246.17373657226562 249.62669372558594
245.57211303710938 185.25588989257812 270.24826431274414 185.25588989257812 270.24826431274414 246.8072280883789 245.57211303710938 246.8072280883789
244.50973510742188 186.1816864013672 269.2895927429199 186.1816864013672 269.2895927429199 245.69930267333984 244.50973510742188 245.69930267333984
244.21884155273438 187.22315979003906 268.6044464111328 187.22315979003906 268.6044464111328 244.85229110717773 244.21884155273438 244.85229110717773
243.86962890625 188.16864013671875 268.3508720397949 188.16864013671875 268.3508720397949 244.7624282836914 243.86962890625 244.7624282836914
242.734375 186.3304901123047 266.78035736083984 186.3304901123047 266.78035736083984 245.2502670288086 242.734375 245.2502670288086
241.8345184326172 185.23597717285156 266.747034072876 185.23597717285156 266.747034072876 246.47711563110352 241.8345184326172 246.47711563110352
241.28683471679688 185.23977661132812 265.54065895080566 185.23977661132812 265.54065895080566 246.49186325073242 241.28683471679688 246.49186325073242
240.24661254882812 184.58506774902344 264.3756446838379 184.58506774902344 264.3756446838379 245.2565689086914 240.24661254882812 245.2565689086914
239.1338348388672 184.3856201171875 263.813175201416 184.3856201171875 263.813175201416 243.24125289916992 239.1338348388672 243.24125289916992
237.91061401367188 184.03829956054688 263.3151912689209 184.03829956054688 263.3151912689209 243.17253875732422 237.91061401367188 243.17253875732422
237.5032196044922 186.47024536132812 262.0308647155762 186.47024536132812 262.0308647155762 243.85134887695312 237.5032196044922 243.85134887695312
236.878173828125 185.53529357910156 261.81242179870605 185.53529357910156 261.81242179870605 244.60457611083984 236.878173828125 244.60457611083984
236.759521484375 187.3441925048828 261.0984859466553 187.3441925048828 261.0984859466553 243.41942977905273 236.759521484375 243.41942977905273
235.92349243164062 186.9525909423828 259.5414524078369 186.9525909423828 259.5414524078369 244.3919219970703 235.92349243164062 244.3919219970703
234.7930145263672 185.9196319580078 259.00419998168945 185.9196319580078 259.00419998168945 245.42217254638672 234.7930145263672 245.42217254638672
234.26611328125 182.4486846923828 257.9368782043457 182.4486846923828 257.9368782043457 245.84893417358398 234.26611328125 245.84893417358398
233.822265625 182.70498657226562 257.85815048217773 182.70498657226562 257.85815048217773 243.62123489379883 233.822265625 243.62123489379883
232.74853515625 182.07644653320312 257.0055847167969 182.07644653320312 257.0055847167969 244.25406646728516 232.74853515625 244.25406646728516
232.0537567138672 181.33740234375 256.68075942993164 181.33740234375 256.68075942993164 244.72031784057617 232.0537567138672 244.72031784057617
231.1459197998047 182.91415405273438 255.8791790008545 182.91415405273438 255.8791790008545 241.26258087158203 231.1459197998047 241.26258087158203
230.1748046875 183.732421875 254.83411026000977 183.732421875 254.83411026000977 241.00520706176758 230.1748046875 241.00520706176758
228.7967529296875 183.9419403076172 254.40383338928223 183.9419403076172 254.40383338928223 241.43238067626953 228.7967529296875 241.43238067626953
228.42752075195312 184.84181213378906 253.45351219177246 184.84181213378906 253.45351219177246 240.22430801391602 228.42752075195312 240.22430801391602
227.65872192382812 184.57301330566406 252.76206016540527 184.57301330566406 252.76206016540527 239.90497589111328 227.65872192382812 239.90497589111328
227.0478515625 183.54476928710938 251.43900680541992 183.54476928710938 251.43900680541992 240.25204467773438 227.0478515625 240.25204467773438
226.90060424804688 183.2407989501953 250.9723358154297 183.2407989501953 250.9723358154297 240.87067031860352 226.90060424804688 240.87067031860352
226.0876007080078 182.50973510742188 250.3451385498047 182.50973510742188 250.3451385498047 241.65497589111328 226.0876007080078 241.65497589111328
225.18191528320312 181.7797088623047 249.18454933166504 181.7797088623047 249.18454933166504 240.86817169189453 225.18191528320312 240.86817169189453
223.6476287841797 182.5030059814453 248.10287475585938 182.5030059814453 248.10287475585938 238.2165756225586 223.6476287841797 238.2165756225586
222.9888153076172 183.6909942626953 247.1469211578369 183.6909942626953 247.1469211578369 239.23844146728516 222.9888153076172 239.23844146728516
222.7110137939453 182.979736328125 246.2806510925293 182.979736328125 246.2806510925293 239.99258422851562 222.7110137939453 239.99258422851562
221.4893341064453 182.18765258789062 245.99106788635254 182.18765258789062 245.99106788635254 239.33112335205078 221.4893341064453 239.33112335205078
221.5904998779297 182.87405395507812 244.57119178771973 182.87405395507812 244.57119178771973 239.58822631835938 221.5904998779297 239.58822631835938
220.04116821289062 182.279541015625 243.84201431274414 182.279541015625 243.84201431274414 240.42683029174805 220.04116821289062 240.42683029174805
219.7383575439453 181.4099578857422 243.37241744995117 181.4099578857422 243.37241744995117 240.7818145751953 219.7383575439453 240.7818145751953
219.2927703857422 178.51808166503906 242.9953784942627 178.51808166503906 242.9953784942627 240.39501190185547 219.2927703857422 240.39501190185547
218.49142456054688 178.22970581054688 241.9196662902832 178.22970581054688 241.9196662902832 238.5290412902832 218.49142456054688 238.5290412902832
216.8450927734375 177.94387817382812 241.5314064025879 177.94387817382812 241.5314064025879 238.44222259521484 216.8450927734375 238.44222259521484
215.9988555908203 179.00369262695312 240.79832458496094 179.00369262695312 240.79832458496094 237.63583374023438 215.9988555908203 237.63583374023438
215.6503448486328 180.26870727539062 239.8069133758545 180.26870727539062 239.8069133758545 237.00130081176758 215.6503448486328 237.00130081176758
215.53622436523438 181.73245239257812 239.43342971801758 181.73245239257812 239.43342971801758 235.77738571166992 215.53622436523438 235.77738571166992
214.79476928710938 181.03404235839844 238.68326950073242 181.03404235839844 238.68326950073242 234.67295837402344 214.79476928710938 234.67295837402344
214.4236297607422 180.884765625 237.88224601745605 180.884765625 237.88224601745605 235.63386917114258 214.4236297607422 235.63386917114258
213.1591339111328 180.35714721679688 236.708984375 180.35714721679688 236.708984375 236.52010345458984 213.1591339111328 236.52010345458984
212.906005859375 179.81271362304688 235.78688049316406 179.81271362304688 235.78688049316406 234.74000930786133 212.906005859375 234.74000930786133
211.52786254882812 178.66635131835938 235.03582763671875 178.66635131835938 235.03582763671875 235.54693603515625 211.52786254882812 235.54693603515625
210.66098022460938 178.75192260742188 233.90144729614258 178.75192260742188 233.90144729614258 236.35806274414062 210.66098022460938 236.35806274414062
210.2057647705078 177.8087921142578 233.44908332824707 177.8087921142578 233.44908332824707 235.83022689819336 210.2057647705078 235.83022689819336
209.3630828857422 177.76150512695312 233.26391983032227 177.76150512695312 233.26391983032227 235.60469818115234 209.3630828857422 235.60469818115234
208.58743286132812 177.90419006347656 232.3900032043457 177.90419006347656 232.3900032043457 235.41648864746094 208.58743286132812 235.41648864746094
207.8429412841797 180.18222045898438 232.08558464050293 180.18222045898438 232.08558464050293 235.59077072143555 207.8429412841797 235.59077072143555
206.9080047607422 177.53407287597656 231.54484367370605 177.53407287597656 231.54484367370605 235.42438507080078 206.9080047607422 235.42438507080078
205.31723022460938 175.3987274169922 230.2638339996338 175.3987274169922 230.2638339996338 235.91240692138672 205.31723022460938 235.91240692138672
204.33697509765625 174.7687225341797 229.54914474487305 174.7687225341797 229.54914474487305 236.12415313720703 204.33697509765625 236.12415313720703
204.18441772460938 174.70016479492188 228.95261764526367 174.70016479492188 228.95261764526367 236.76676559448242 204.18441772460938 236.76676559448242
203.66055297851562 174.2234344482422 228.41526412963867 174.2234344482422 228.41526412963867 237.50003814697266 203.66055297851562 237.50003814697266
202.83860778808594 173.9405975341797 227.6495361328125 173.9405975341797 227.6495361328125 234.45318222045898 202.83860778808594 234.45318222045898
202.09991455078125 175.005859375 226.82678604125977 175.005859375 226.82678604125977 234.44020462036133 202.09991455078125 234.44020462036133
201.290771484375 174.8292236328125 226.4905242919922 174.8292236328125 226.4905242919922 232.6283187866211 201.290771484375 232.6283187866211
200.58058166503906 176.81272888183594 224.91785430908203 176.81272888183594 224.91785430908203 233.17185974121094 200.58058166503906 233.17185974121094
199.8779754638672 176.67991638183594 224.26798820495605 176.67991638183594 224.26798820495605 233.72795867919922 199.8779754638672 233.72795867919922
199.18026733398438 175.63589477539062 223.84915924072266 175.63589477539062 223.84915924072266 233.80352783203125 199.18026733398438 233.80352783203125
199.1309814453125 174.53121948242188 223.22268867492676 174.53121948242188 223.22268867492676 233.39430618286133 199.1309814453125 233.39430618286133
198.70947265625 174.19435119628906 222.5657196044922 174.19435119628906 222.5657196044922 232.28448104858398 198.70947265625 232.28448104858398
197.32174682617188 173.7900848388672 221.543701171875 173.7900848388672 221.543701171875 233.3495101928711 197.32174682617188 233.3495101928711
195.8870086669922 174.1566925048828 220.26115798950195 174.1566925048828 220.26115798950195 232.3445281982422 195.8870086669922 232.3445281982422
195.104248046875 173.1011962890625 220.3964328765869 173.1011962890625 220.3964328765869 231.49993133544922 195.104248046875 231.49993133544922
194.03759765625 174.4013671875 219.4903964996338 174.4013671875 219.4903964996338 231.14067459106445 194.03759765625 231.14067459106445
193.64584350585938 174.75486755371094 218.8442611694336 174.75486755371094 218.8442611694336 231.57996368408203 193.64584350585938 231.57996368408203
193.07247924804688 174.01834106445312 217.4551944732666 174.01834106445312 217.4551944732666 231.50959014892578 193.07247924804688 231.50959014892578
191.88726806640625 173.5042724609375 216.7461986541748 173.5042724609375 216.7461986541748 231.53194427490234 191.88726806640625 231.53194427490234
190.04776000976562 173.13595581054688 216.66407775878906 173.13595581054688 216.66407775878906 232.89665603637695 190.04776000976562 232.89665603637695
189.9248504638672 171.80264282226562 215.94213485717773 171.80264282226562 215.94213485717773 232.88048553466797 189.9248504638672 232.88048553466797
189.59304809570312 171.81222534179688 215.05717849731445 171.81222534179688 215.05717849731445 233.28174591064453 189.59304809570312 233.28174591064453
188.8168487548828 170.7343292236328 214.42390823364258 170.7343292236328 214.42390823364258 233.71654510498047 188.8168487548828 233.71654510498047
187.58712768554688 169.58975219726562 213.85034561157227 169.58975219726562 213.85034561157227 233.556640625 187.58712768554688 233.556640625
187.19439697265625 169.79507446289062 212.80167198181152 169.79507446289062 212.80167198181152 231.7669792175293 187.19439697265625 231.7669792175293
185.68301391601562 170.45741271972656 211.60560989379883 170.45741271972656 211.60560989379883 231.57098770141602 185.68301391601562 231.57098770141602
185.15524291992188 171.72450256347656 211.02040672302246 171.72450256347656 211.02040672302246 229.9933204650879 185.15524291992188 229.9933204650879
184.57643127441406 172.1641082763672 210.93994522094727 172.1641082763672 210.93994522094727 229.50881576538086 184.57643127441406 229.50881576538086
183.9036865234375 172.49258422851562 209.43877983093262 172.49258422851562 209.43877983093262 229.14888763427734 183.9036865234375 229.14888763427734
183.659423828125 171.7969512939453 208.48435020446777 171.7969512939453 208.48435020446777 231.03582382202148 183.659423828125 231.03582382202148
183.60333251953125 170.57142639160156 208.2224998474121 170.57142639160156 208.2224998474121 229.60263442993164 183.60333251953125 229.60263442993164
182.26065063476562 171.1379852294922 206.88090133666992 171.1379852294922 206.88090133666992 231.14000701904297 182.26065063476562 231.14000701904297
180.93841552734375 170.06455993652344 206.56358909606934 170.06455993652344 206.56358909606934 230.32281875610352 180.93841552734375 230.32281875610352
180.332275390625 170.34483337402344 205.5063591003418 170.34483337402344 205.5063591003418 229.45806503295898 180.332275390625 229.45806503295898
179.4029083251953 169.7652587890625 204.28302574157715 169.7652587890625 204.28302574157715 229.51929473876953 179.4029083251953 229.51929473876953
179.165771484375 172.01303100585938 203.89499473571777 172.01303100585938 203.89499473571777 229.12484741210938 179.165771484375 229.12484741210938
177.7589569091797 170.09646606445312 202.651948928833 170.09646606445312 202.651948928833 227.93701171875 177.7589569091797 227.93701171875
177.46658325195312 171.4313507080078 202.2010154724121 171.4313507080078 202.2010154724121 228.4491958618164 177.46658325195312 228.4491958618164
176.2577362060547 170.2549591064453 201.41461181640625 170.2549591064453 201.41461181640625 228.18567276000977 176.2577362060547 228.18567276000977
175.5734405517578 168.5325469970703 199.7549285888672 168.5325469970703 199.7549285888672 228.7437515258789 175.5734405517578 228.7437515258789
174.8544158935547 168.29388427734375 199.81082153320312 168.29388427734375 199.81082153320312 230.2440185546875 174.8544158935547 230.2440185546875
173.42201232910156 168.6884002685547 198.7272720336914 168.6884002685547 198.7272720336914 229.49042510986328 173.42201232910156 229.49042510986328
172.7866668701172 169.2395477294922 197.85935592651367 169.2395477294922 197.85935592651367 230.95853424072266 172.7866668701172 230.95853424072266
171.81927490234375 166.25033569335938 197.49989700317383 166.25033569335938 197.49989700317383 228.62062454223633 171.81927490234375 228.62062454223633
171.4192657470703 168.12762451171875 196.57753944396973 168.12762451171875 196.57753944396973 225.73574829101562 171.4192657470703 225.73574829101562
171.0259552001953 171.18115234375 195.75153160095215 171.18115234375 195.75153160095215 226.30460357666016 171.0259552001953 226.30460357666016
170.57247924804688 170.49114990234375 194.45704650878906 170.49114990234375 194.45704650878906 223.80824661254883 170.57247924804688 223.80824661254883
169.3717041015625 168.83480834960938 194.12652206420898 168.83480834960938 194.12652206420898 225.07281494140625 169.3717041015625 225.07281494140625
169.23617553710938 167.83169555664062 193.31705856323242 167.83169555664062 193.31705856323242 226.146484375 169.23617553710938 226.146484375
169.3350067138672 168.96395874023438 192.36989784240723 168.96395874023438 192.36989784240723 226.11209106445312 169.3350067138672 226.11209106445312
168.35134887695312 169.24171447753906 192.00917434692383 169.24171447753906 192.00917434692383 226.29706192016602 168.35134887695312 226.29706192016602
167.38925170898438 167.44970703125 191.27630043029785 167.44970703125 191.27630043029785 224.16313934326172 167.38925170898438 224.16313934326172
166.56178283691406 166.22576904296875 190.43547821044922 166.22576904296875 190.43547821044922 225.1025505065918 166.56178283691406 225.1025505065918
164.90658569335938 165.64805603027344 189.4968376159668 165.64805603027344 189.4968376159668 224.0478286743164 164.90658569335938 224.0478286743164
164.21395874023438 168.37435913085938 188.27692031860352 168.37435913085938 188.27692031860352 223.35954666137695 164.21395874023438 223.35954666137695
164.2742462158203 169.1993865966797 187.3644905090332 169.1993865966797 187.3644905090332 224.28957748413086 164.2742462158203 224.28957748413086
163.60572814941406 169.23336791992188 186.1916332244873 169.23336791992188 186.1916332244873 225.74535369873047 163.60572814941406 225.74535369873047
163.83340454101562 169.46725463867188 186.08568572998047 169.46725463867188 186.08568572998047 229.2959098815918 163.83340454101562 229.2959098815918
163.7382049560547 167.60488891601562 186.5979175567627 167.60488891601562 186.5979175567627 230.14781951904297 163.7382049560547 230.14781951904297
161.33518981933594 166.4489288330078 185.1006908416748 166.4489288330078 185.1006908416748 226.63739395141602 161.33518981933594 226.63739395141602
160.58555603027344 164.9434356689453 185.0111598968506 164.9434356689453 185.0111598968506 225.36400604248047 160.58555603027344 225.36400604248047
159.83651733398438 164.86648559570312 183.8345890045166 164.86648559570312 183.8345890045166 223.87987518310547 159.83651733398438 223.87987518310547
158.8812255859375 163.4858856201172 182.8532943725586 163.4858856201172 182.8532943725586 224.27911758422852 158.8812255859375 224.27911758422852
158.05465698242188 165.590576171875 182.43059921264648 165.590576171875 182.43059921264648 222.3264274597168 158.05465698242188 222.3264274597168
157.6957244873047 167.18453979492188 180.9095458984375 167.18453979492188 180.9095458984375 223.64968872070312 157.6957244873047 223.64968872070312
157.1046600341797 168.4359588623047 179.47188758850098 168.4359588623047 179.47188758850098 227.02233123779297 157.1046600341797 227.02233123779297
156.637939453125 167.3263702392578 179.17841148376465 167.3263702392578 179.17841148376465 223.9865264892578 156.637939453125 223.9865264892578
157.2069854736328 165.69467163085938 179.0134334564209 165.69467163085938 179.0134334564209 222.41032028198242 157.2069854736328 222.41032028198242
156.54820251464844 167.7991943359375 179.00137519836426 167.7991943359375 179.00137519836426 222.14845657348633 156.54820251464844 222.14845657348633
155.57321166992188 165.3367462158203 178.66422653198242 165.3367462158203 178.66422653198242 221.56615829467773 155.57321166992188 221.56615829467773
154.8739013671875 165.50360107421875 177.56987380981445 165.50360107421875 177.56987380981445 221.42497634887695 154.8739013671875 221.42497634887695
153.4302520751953 166.05638122558594 176.9436798095703 166.05638122558594 176.9436798095703 220.0002098083496 153.4302520751953 220.0002098083496
152.64663696289062 164.82713317871094 177.27254676818848 164.82713317871094 177.27254676818848 219.25897598266602 152.64663696289062 219.25897598266602
152.36712646484375 166.1567840576172 175.96125411987305 166.1567840576172 175.96125411987305 218.34228134155273 152.36712646484375 218.34228134155273
152.54676818847656 166.13430786132812 175.41246604919434 166.13430786132812 175.41246604919434 219.33766555786133 152.54676818847656 219.33766555786133
151.60093688964844 166.00576782226562 174.4396457672119 166.00576782226562 174.4396457672119 220.52261352539062 151.60093688964844 220.52261352539062
150.14527893066406 165.53746032714844 174.14006996154785 165.53746032714844 174.14006996154785 220.09053802490234 150.14527893066406 220.09053802490234
150.58175659179688 167.27426147460938 173.4036922454834 167.27426147460938 173.4036922454834 221.86636352539062 150.58175659179688 221.86636352539062
149.38442993164062 165.13619995117188 173.56034660339355 165.13619995117188 173.56034660339355 222.54108810424805 149.38442993164062 222.54108810424805
148.72842407226562 164.31082153320312 173.29590606689453 164.31082153320312 173.29590606689453 223.26371383666992 148.72842407226562 223.26371383666992
148.053955078125 164.6951141357422 172.87740516662598 164.6951141357422 172.87740516662598 222.15851593017578 148.053955078125 222.15851593017578
146.81735229492188 163.7417755126953 171.33671760559082 163.7417755126953 171.33671760559082 218.87511825561523 146.81735229492188 218.87511825561523
145.87791442871094 165.26373291015625 170.79533576965332 165.26373291015625 170.79533576965332 219.02783203125 145.87791442871094 219.02783203125
145.8582305908203 164.92514038085938 170.28596115112305 164.92514038085938 170.28596115112305 218.28871536254883 145.8582305908203 218.28871536254883
145.031982421875 165.70213317871094 169.71292114257812 165.70213317871094 169.71292114257812 216.65401458740234 145.031982421875 216.65401458740234
145.33677673339844 166.6614532470703 168.6632480621338 166.6614532470703 168.6632480621338 216.84263610839844 145.33677673339844 216.84263610839844
145.15570068359375 165.3769989013672 168.69061851501465 165.3769989013672 168.69061851501465 217.43908309936523 145.15570068359375 217.43908309936523
144.45742797851562 166.79368591308594 167.25301361083984 166.79368591308594 167.25301361083984 217.5674819946289 144.45742797851562 217.5674819946289
143.91812133789062 162.3696746826172 167.37225914001465 162.3696746826172 167.37225914001465 218.27436065673828 143.91812133789062 218.27436065673828
143.69082641601562 165.29595947265625 167.1001377105713 165.29595947265625 167.1001377105713 219.96187591552734 143.69082641601562 219.96187591552734
143.11172485351562 165.2392578125 166.1181182861328 165.2392578125 166.1181182861328 219.2142448425293 143.11172485351562 219.2142448425293
141.69261169433594 165.09140014648438 165.32157516479492 165.09140014648438 165.32157516479492 219.10216522216797 141.69261169433594 219.10216522216797
142.05838012695312 164.6817169189453 165.66318130493164 164.6817169189453 165.66318130493164 219.3984718322754 142.05838012695312 219.3984718322754
141.3054962158203 165.59243774414062 164.69206047058105 165.59243774414062 164.69206047058105 218.0081901550293 141.3054962158203 218.0081901550293
140.91250610351562 164.35989379882812 164.14320755004883 164.35989379882812 164.14320755004883 218.52544021606445 140.91250610351562 218.52544021606445
140.58856201171875 166.1223602294922 163.46142959594727 166.1223602294922 163.46142959594727 218.16339492797852 140.58856201171875 218.16339492797852
140.1561737060547 166.23733520507812 163.48245239257812 166.23733520507812 163.48245239257812 218.7529525756836 140.1561737060547 218.7529525756836
139.92367553710938 167.06735229492188 162.79467391967773 167.06735229492188 162.79467391967773 220.62787628173828 139.92367553710938 220.62787628173828
