201.0 138.0 225.0 138.0 225.0 173.0 201.0 173.0
200.71090698242188 137.7886505126953 224.90302085876465 137.7886505126953 224.90302085876465 174.56299209594727 200.71090698242188 174.56299209594727
199.7289276123047 136.57705688476562 224.6090087890625 136.57705688476562 224.6090087890625 173.51541900634766 199.7289276123047 173.51541900634766
200.9024658203125 137.70370483398438 224.4603157043457 137.70370483398438 224.4603157043457 174.0359992980957 200.9024658203125 174.0359992980957
199.43807983398438 136.21243286132812 223.72104263305664 136.21243286132812 223.72104263305664 172.76571655273438 199.43807983398438 172.76571655273438
199.11453247070312 137.19009399414062 224.32708930969238 137.19009399414062 224.32708930969238 172.6518325805664 199.11453247070312 172.6518325805664
200.4884796142578 135.8402862548828 224.3735179901123 135.8402862548828 224.3735179901123 171.25820541381836 200.4884796142578 171.25820541381836
197.9696044921875 136.24501037597656 222.1227912902832 136.24501037597656 222.1227912902832 171.4684066772461 197.9696044921875 171.4684066772461
199.2870635986328 135.99147033691406 223.0685577392578 135.99147033691406 223.0685577392578 170.62954711914062 199.2870635986328 170.62954711914062
197.6556396484375 136.5365753173828 222.2457332611084 136.5365753173828 222.2457332611084 173.3220672607422 197.6556396484375 173.3220672607422
197.27967834472656 135.04159545898438 222.25510025024414 135.04159545898438 222.25510025024414 171.6181640625 197.27967834472656 171.6181640625
196.49072265625 135.6530303955078 221.5948085784912 135.6530303955078 221.5948085784912 171.76087188720703 196.49072265625 171.76087188720703
196.63429260253906 134.98753356933594 221.77948379516602 134.98753356933594 221.77948379516602 171.7676010131836 196.63429260253906 171.7676010131836
193.85183715820312 133.44393920898438 221.30920028686523 133.44393920898438 221.30920028686523 172.04277801513672 193.85183715820312 172.04277801513672
193.01211547851562 133.57247924804688 219.6980686187744 133.57247924804688 219.6980686187744 170.09700775146484 193.01211547851562 170.09700775146484
192.9173583984375 133.51329040527344 219.2753791809082 133.51329040527344 219.2753791809082 172.7138328552246 192.9173583984375 172.7138328552246
191.4639129638672 132.33372497558594 218.8842430114746 132.33372497558594 218.8842430114746 172.29866790771484 191.4639129638672 172.29866790771484
191.9993438720703 131.84286499023438 219.9044246673584 131.84286499023438 219.9044246673584 171.62789154052734 191.9993438720703 171.62789154052734
192.02630615234375 133.69419860839844 218.1623420715332 133.69419860839844 218.1623420715332 172.86793518066406 192.02630615234375 172.86793518066406
190.544189453125 133.4185028076172 217.43348121643066 133.4185028076172 217.43348121643066 172.3129539489746 190.544189453125 172.3129539489746
190.48890686035156 132.95777893066406 218.64242935180664 132.95777893066406 218.64242935180664 171.96930313110352 190.48890686035156 171.96930313110352
190.10020446777344 135.14981079101562 217.17160034179688 135.14981079101562 217.17160034179688 171.9596824645996 190.10020446777344 171.9596824645996
187.4406280517578 134.5244598388672 214.77223205566406 134.5244598388672 214.77223205566406 171.12095642089844 187.4406280517578 171.12095642089844
188.0357666015625 135.1415557861328 215.8789005279541 135.1415557861328 215.8789005279541 172.3877830505371 188.0357666015625 172.3877830505371
186.15701293945312 131.99012756347656 215.59340286254883 131.99012756347656 215.59340286254883 171.73137664794922 186.15701293945312 171.73137664794922
187.0081024169922 134.34005737304688 214.78298950195312 134.34005737304688 214.78298950195312 171.10747528076172 187.0081024169922 171.10747528076172
184.76052856445312 132.62905883789062 213.79495811462402 132.62905883789062 213.79495811462402 170.66379165649414 184.76052856445312 170.66379165649414
184.1010284423828 131.3524932861328 213.69962120056152 131.3524932861328 213.69962120056152 170.86048126220703 184.1010284423828 170.86048126220703
182.658935546875 132.17568969726562 211.73204612731934 132.17568969726562 211.73204612731934 170.00203704833984 182.658935546875 170.00203704833984
182.60311889648438 132.41567993164062 211.5141944885254 132.41567993164062 211.5141944885254 171.3091812133789 182.60311889648438 171.3091812133789
182.86331176757812 131.29319763183594 213.20216751098633 131.29319763183594 213.20216751098633 170.95850372314453 182.86331176757812 170.95850372314453
182.89532470703125 131.6339874267578 212.41716384887695 131.6339874267578 212.41716384887695 169.81096267700195 182.89532470703125 169.81096267700195
181.31076049804688 133.63478088378906 210.5955924987793 133.63478088378906 210.5955924987793 171.82514572143555 181.31076049804688 171.82514572143555
180.76559448242188 130.77638244628906 210.62477493286133 130.77638244628906 210.62477493286133 170.64128875732422 180.76559448242188 170.64128875732422
179.5102081298828 131.6311798095703 209.4967918395996 131.6311798095703 209.4967918395996 170.91371154785156 179.5102081298828 170.91371154785156
178.36044311523438 131.54452514648438 207.93099975585938 131.54452514648438 207.93099975585938 170.56045532226562 178.36044311523438 170.56045532226562
176.7798614501953 131.5933837890625 205.30672645568848 131.5933837890625 205.30672645568848 171.31085968017578 176.7798614501953 171.31085968017578
176.28085327148438 129.3932342529297 206.28613662719727 129.3932342529297 206.28613662719727 170.25140380859375 176.28085327148438 170.25140380859375
175.21072387695312 130.209228515625 205.5336570739746 130.209228515625 205.5336570739746 170.80953216552734 175.21072387695312 170.80953216552734
174.45889282226562 129.6478729248047 202.10557174682617 129.6478729248047 202.10557174682617 168.4238052368164 174.45889282226562 168.4238052368164
174.4944610595703 129.4701385498047 203.0746307373047 129.4701385498047 203.0746307373047 169.99663543701172 174.4944610595703 169.99663543701172
174.22476196289062 130.5314483642578 201.61516761779785 130.5314483642578 201.61516761779785 168.92566680908203 174.22476196289062 168.92566680908203
174.5049285888672 130.45718383789062 201.74789810180664 130.45718383789062 201.74789810180664 169.9135971069336 174.5049285888672 169.9135971069336
172.72122192382812 130.0316619873047 200.70058822631836 130.0316619873047 200.70058822631836 167.93276596069336 172.72122192382812 167.93276596069336
173.27886962890625 131.2051544189453 200.80762672424316 131.2051544189453 200.80762672424316 167.71977615356445 173.27886962890625 167.71977615356445
172.3889617919922 130.54368591308594 200.23567581176758 130.54368591308594 200.23567581176758 169.26715087890625 172.3889617919922 169.26715087890625
173.18447875976562 132.302490234375 199.70781898498535 132.302490234375 199.70781898498535 168.94791793823242 173.18447875976562 168.94791793823242
171.95228576660156 128.5521240234375 199.58839416503906 128.5521240234375 199.58839416503906 166.29663848876953 171.95228576660156 166.29663848876953
170.83692932128906 130.1670684814453 198.7454490661621 130.1670684814453 198.7454490661621 168.86169052124023 170.83692932128906 168.86169052124023
170.09848022460938 128.86753845214844 197.7464542388916 128.86753845214844 197.7464542388916 168.0095558166504 170.09848022460938 168.0095558166504
170.5850067138672 127.31172943115234 198.9508571624756 127.31172943115234 198.9508571624756 168.7750473022461 170.5850067138672 168.7750473022461
169.6368408203125 128.5752410888672 197.36205673217773 128.5752410888672 197.36205673217773 167.51929473876953 169.6368408203125 167.51929473876953
168.4613800048828 126.78800964355469 196.69447326660156 126.78800964355469 196.69447326660156 166.57406616210938 168.4613800048828 166.57406616210938
168.0382537841797 127.62828063964844 196.7545928955078 127.62828063964844 196.7545928955078 166.60407638549805 168.0382537841797 166.60407638549805
166.8131103515625 127.492431640625 195.42847633361816 127.492431640625 195.42847633361816 166.3083381652832 166.8131103515625 166.3083381652832
167.01513671875 128.4343719482422 195.5414924621582 128.4343719482422 195.5414924621582 167.99559783935547 167.01513671875 167.99559783935547
166.7763671875 128.52149963378906 194.32879638671875 128.52149963378906 194.32879638671875 167.29996490478516 166.7763671875 167.29996490478516
166.2698516845703 128.2906036376953 194.8094024658203 128.2906036376953 194.8094024658203 165.76887893676758 166.2698516845703 165.76887893676758
164.9090576171875 129.61863708496094 192.26546096801758 129.61863708496094 192.26546096801758 166.7780647277832 164.9090576171875 166.7780647277832
163.85133361816406 128.4078826904297 193.5313720703125 128.4078826904297 193.5313720703125 166.3955841064453 163.85133361816406 166.3955841064453
162.4835968017578 127.7292709350586 192.45626831054688 127.7292709350586 192.45626831054688 166.11840057373047 162.4835968017578 166.11840057373047
162.20645141601562 128.76419067382812 190.021484375 128.76419067382812 190.021484375 165.90697479248047 162.20645141601562 165.90697479248047
162.84820556640625 127.41999816894531 190.58111000061035 127.41999816894531 190.58111000061035 165.56623458862305 162.84820556640625 165.56623458862305
162.1077880859375 127.42774963378906 189.73545265197754 127.42774963378906 189.73545265197754 164.68399810791016 162.1077880859375 164.68399810791016
161.5487823486328 127.24140930175781 189.60055923461914 127.24140930175781 189.60055923461914 165.69542694091797 161.5487823486328 165.69542694091797
161.29342651367188 128.37393188476562 188.45950889587402 128.37393188476562 188.45950889587402 165.39365768432617 161.29342651367188 165.39365768432617
160.54605102539062 127.44815826416016 188.2428379058838 127.44815826416016 188.2428379058838 163.73027420043945 160.54605102539062 163.73027420043945
160.44125366210938 126.86527252197266 188.4751091003418 126.86527252197266 188.4751091003418 164.74895858764648 160.44125366210938 164.74895858764648
160.39260864257812 127.79608154296875 188.4108371734619 127.79608154296875 188.4108371734619 164.85480880737305 160.39260864257812 164.85480880737305
159.18399047851562 125.79292297363281 187.67372131347656 125.79292297363281 187.67372131347656 165.27322006225586 159.18399047851562 165.27322006225586
158.93019104003906 128.63638305664062 185.6242618560791 128.63638305664062 185.6242618560791 163.48770904541016 158.93019104003906 163.48770904541016
158.78907775878906 126.89994049072266 185.71005630493164 126.89994049072266 185.71005630493164 164.23187255859375 158.78907775878906 164.23187255859375
158.6570587158203 126.5530014038086 186.09793090820312 126.5530014038086 186.09793090820312 164.8862648010254 158.6570587158203 164.8862648010254
157.03213500976562 127.18269348144531 184.80607223510742 127.18269348144531 184.80607223510742 164.1971206665039 157.03213500976562 164.1971206665039
156.54983520507812 126.6873779296875 184.58050918579102 126.6873779296875 184.58050918579102 163.4532585144043 156.54983520507812 163.4532585144043
157.29135131835938 123.70068359375 186.03485488891602 123.70068359375 186.03485488891602 164.07548904418945 157.29135131835938 164.07548904418945
155.64212036132812 126.71702575683594 181.79115295410156 126.71702575683594 181.79115295410156 163.81298828125 155.64212036132812 163.81298828125
155.79733276367188 124.58662414550781 187.3836154937744 124.58662414550781 187.3836154937744 160.32135772705078 155.79733276367188 160.32135772705078
176.23924255371094 121.3501205444336 204.71205139160156 121.3501205444336 204.71205139160156 162.87299728393555 176.23924255371094 162.87299728393555
192.4424591064453 125.02857971191406 223.79262351989746 125.02857971191406 223.79262351989746 159.40887451171875 192.4424591064453 159.40887451171875
213.35806274414062 119.64002990722656 242.1593132019043 119.64002990722656 242.1593132019043 161.64188385009766 213.35806274414062 161.64188385009766
234.73269653320312 122.55970764160156 267.171329498291 122.55970764160156 267.171329498291 160.15730667114258 234.73269653320312 160.15730667114258
255.2045135498047 121.9705581665039 285.55591773986816 121.9705581665039 285.55591773986816 158.50792694091797 255.2045135498047 158.50792694091797
272.7044982910156 121.0257797241211 305.7879333496094 121.0257797241211 305.7879333496094 157.9764747619629 272.7044982910156 157.9764747619629
289.36090087890625 123.3287124633789 319.66389083862305 123.3287124633789 319.66389083862305 159.4673309326172 289.36090087890625 159.4673309326172
305.92242431640625 120.83607482910156 338.4528121948242 120.83607482910156 338.4528121948242 157.67827606201172 305.92242431640625 157.67827606201172
324.11517333984375 122.87823486328125 354.8570556640625 122.87823486328125 354.8570556640625 157.63043594360352 324.11517333984375 157.63043594360352
335.320556640625 119.22367858886719 366.0807762145996 119.22367858886719 366.0807762145996 157.88926315307617 335.320556640625 157.88926315307617
331.85821533203125 121.03840637207031 360.89161109924316 121.03840637207031 360.89161109924316 156.7002410888672 331.85821533203125 156.7002410888672
333.0305480957031 120.88279724121094 362.34771156311035 120.88279724121094 362.34771156311035 158.7607421875 333.0305480957031 158.7607421875
333.7570495605469 122.11796569824219 363.7531433105469 122.11796569824219 363.7531433105469 159.45222854614258 333.7570495605469 159.45222854614258
330.6741638183594 121.07878112792969 362.3714179992676 121.07878112792969 362.3714179992676 158.98867416381836 330.6741638183594 158.98867416381836
334.84637451171875 120.84529113769531 362.84381103515625 120.84529113769531 362.84381103515625 160.5821189880371 334.84637451171875 160.5821189880371
331.5470886230469 122.07572174072266 360.7139701843262 122.07572174072266 360.7139701843262 158.8576545715332 331.5470886230469 158.8576545715332
331.7244567871094 121.49703216552734 362.0485496520996 121.49703216552734 362.0485496520996 160.57812118530273 331.7244567871094 160.57812118530273
330.3834228515625 120.62422943115234 363.0876922607422 120.62422943115234 363.0876922607422 158.04559707641602 330.3834228515625 158.04559707641602
329.3717346191406 120.16378021240234 361.47037506103516 120.16378021240234 361.47037506103516 158.70806121826172 329.3717346191406 158.70806121826172
331.7071533203125 119.52652740478516 360.2425231933594 119.52652740478516 360.2425231933594 160.45225143432617 331.7071533203125 160.45225143432617
328.9322509765625 119.86861419677734 360.67449378967285 119.86861419677734 360.67449378967285 159.2078094482422 328.9322509765625 159.2078094482422
328.8350524902344 120.50199127197266 362.8011283874512 120.50199127197266 362.8011283874512 159.67352294921875 328.8350524902344 159.67352294921875
328.40216064453125 120.57151794433594 361.5223617553711 120.57151794433594 361.5223617553711 158.46604919433594 328.40216064453125 158.46604919433594
327.7349853515625 120.43795013427734 360.87432861328125 120.43795013427734 360.87432861328125 159.06037521362305 327.7349853515625 159.06037521362305
330.7355041503906 119.30622863769531 360.87253761291504 119.30622863769531 360.87253761291504 158.87335205078125 330.7355041503906 158.87335205078125
328.61431884765625 119.03547668457031 358.2993965148926 119.03547668457031 358.2993965148926 158.15920639038086 328.61431884765625 158.15920639038086
328.2396545410156 120.56256103515625 359.1378231048584 120.56256103515625 359.1378231048584 158.51352310180664 328.2396545410156 158.51352310180664
326.4135437011719 120.17191314697266 356.2312469482422 120.17191314697266 356.2312469482422 157.54723739624023 326.4135437011719 157.54723739624023
326.2958984375 120.99421691894531 357.77075576782227 120.99421691894531 357.77075576782227 157.76471328735352 326.2958984375 157.76471328735352
327.9844055175781 119.09883880615234 357.18903732299805 119.09883880615234 357.18903732299805 158.87849044799805 327.9844055175781 158.87849044799805
326.4104919433594 116.84065246582031 356.08642578125 116.84065246582031 356.08642578125 158.61908721923828 326.4104919433594 158.61908721923828
325.62432861328125 118.6112060546875 355.5311851501465 118.6112060546875 355.5311851501465 158.96170806884766 325.62432861328125 158.96170806884766
326.0331726074219 117.63533020019531 354.97032737731934 117.63533020019531 354.97032737731934 159.42249298095703 326.0331726074219 159.42249298095703
324.62445068359375 118.31427001953125 353.5179252624512 118.31427001953125 353.5179252624512 157.89717864990234 324.62445068359375 157.89717864990234
325.3950500488281 118.15087890625 354.6748847961426 118.15087890625 354.6748847961426 158.45798873901367 325.3950500488281 158.45798873901367
323.69189453125 117.62953186035156 352.87486839294434 117.62953186035156 352.87486839294434 157.1700439453125 323.69189453125 157.1700439453125
324.4949645996094 118.93861389160156 354.5943260192871 118.93861389160156 354.5943260192871 157.59857559204102 324.4949645996094 157.59857559204102
323.96923828125 117.56495666503906 353.6500129699707 117.56495666503906 353.6500129699707 157.3303451538086 323.96923828125 157.3303451538086
323.170166015625 119.24201965332031 354.24254417419434 119.24201965332031 354.24254417419434 158.31572723388672 323.170166015625 158.31572723388672
323.81378173828125 117.52647399902344 354.64160537719727 117.52647399902344 354.64160537719727 156.35738372802734 323.81378173828125 156.35738372802734
323.23004150390625 118.11666107177734 352.7707920074463 118.11666107177734 352.7707920074463 158.84098434448242 323.23004150390625 158.84098434448242
322.0459289550781 119.853271484375 351.5037956237793 119.853271484375 351.5037956237793 157.88490676879883 322.0459289550781 157.88490676879883
321.5345458984375 117.70333099365234 352.7265739440918 117.70333099365234 352.7265739440918 157.05103302001953 321.5345458984375 157.05103302001953
321.0550231933594 118.06221008300781 351.1649360656738 118.06221008300781 351.1649360656738 158.57350540161133 321.0550231933594 158.57350540161133
321.24224853515625 117.51081848144531 351.183895111084 117.51081848144531 351.183895111084 156.12398147583008 321.24224853515625 156.12398147583008
319.7188720703125 117.4296646118164 350.43402099609375 117.4296646118164 350.43402099609375 156.97564697265625 319.7188720703125 156.97564697265625
319.1414489746094 117.4186019897461 349.66448974609375 117.4186019897461 349.66448974609375 155.70502090454102 319.1414489746094 155.70502090454102
320.142333984375 117.9709243774414 350.753849029541 117.9709243774414 350.753849029541 157.4878807067871 320.142333984375 157.4878807067871
318.00128173828125 117.22530364990234 349.1994380950928 117.22530364990234 349.1994380950928 157.2403106689453 318.00128173828125 157.2403106689453
318.4038391113281 118.43681335449219 348.3475151062012 118.43681335449219 348.3475151062012 156.29916763305664 318.4038391113281 156.29916763305664
317.07745361328125 117.64747619628906 346.79401779174805 117.64747619628906 346.79401779174805 156.3447608947754 317.07745361328125 156.3447608947754
316.08099365234375 117.44522857666016 346.66137313842773 117.44522857666016 346.66137313842773 155.52593994140625 316.08099365234375 155.52593994140625
315.29571533203125 118.454345703125 344.5132942199707 118.454345703125 344.5132942199707 156.5146827697754 315.29571533203125 156.5146827697754
315.739990234375 117.55644226074219 345.09778213500977 117.55644226074219 345.09778213500977 157.2559051513672 315.739990234375 157.2559051513672
315.56024169921875 118.53831481933594 344.41254234313965 118.53831481933594 344.41254234313965 156.93497848510742 315.56024169921875 156.93497848510742
315.31134033203125 116.58150482177734 343.58775901794434 116.58150482177734 343.58775901794434 155.87413024902344 315.31134033203125 155.87413024902344
314.08538818359375 116.9598159790039 342.18713760375977 116.9598159790039 342.18713760375977 155.49964141845703 314.08538818359375 155.49964141845703
314.78302001953125 116.3161849975586 343.8124599456787 116.3161849975586 343.8124599456787 155.4597625732422 314.78302001953125 155.4597625732422
314.22314453125 115.46038818359375 343.09528160095215 115.46038818359375 343.09528160095215 153.02648162841797 314.22314453125 153.02648162841797
313.60357666015625 117.8997802734375 342.14384841918945 117.8997802734375 342.14384841918945 155.03606414794922 313.60357666015625 155.03606414794922
312.5557861328125 116.83843994140625 341.22861099243164 116.83843994140625 341.22861099243164 154.7591323852539 312.5557861328125 154.7591323852539
312.841796875 116.7607421875 341.23626136779785 116.7607421875 341.23626136779785 155.30059432983398 312.841796875 155.30059432983398
312.7447204589844 116.69755554199219 341.42046546936035 116.69755554199219 341.42046546936035 154.57715606689453 312.7447204589844 154.57715606689453
312.2909240722656 116.82340240478516 339.7084712982178 116.82340240478516 339.7084712982178 154.48770904541016 312.2909240722656 154.48770904541016
312.0116271972656 116.991943359375 340.54770851135254 116.991943359375 340.54770851135254 154.94879150390625 312.0116271972656 154.94879150390625
310.97332763671875 116.2945785522461 339.8919563293457 116.2945785522461 339.8919563293457 154.41033172607422 310.97332763671875 154.41033172607422
310.7391662597656 115.2658920288086 339.1950492858887 115.2658920288086 339.1950492858887 154.5433006286621 310.7391662597656 154.5433006286621
310.3781433105469 114.70550537109375 339.082218170166 114.70550537109375 339.082218170166 153.59711456298828 310.3781433105469 153.59711456298828
310.2674865722656 115.0160903930664 339.4057197570801 115.0160903930664 339.4057197570801 154.25600051879883 310.2674865722656 154.25600051879883
309.48748779296875 115.88587951660156 338.33082580566406 115.88587951660156 338.33082580566406 153.6764259338379 309.48748779296875 153.6764259338379
308.9224548339844 115.842041015625 338.00226402282715 115.842041015625 338.00226402282715 153.41451263427734 308.9224548339844 153.41451263427734
308.56268310546875 116.709228515625 337.6418514251709 116.709228515625 337.6418514251709 154.80044174194336 308.56268310546875 154.80044174194336
308.01898193359375 115.7663345336914 337.2382507324219 115.7663345336914 337.2382507324219 154.5615348815918 308.01898193359375 154.5615348815918
307.48089599609375 116.571044921875 336.2226619720459 116.571044921875 336.2226619720459 153.8715476989746 307.48089599609375 153.8715476989746
307.34783935546875 115.7815933227539 335.65346336364746 115.7815933227539 335.65346336364746 152.80683135986328 307.34783935546875 152.80683135986328
305.5409240722656 116.07279205322266 335.4832420349121 116.07279205322266 335.4832420349121 153.50678253173828 305.5409240722656 153.50678253173828
306.06494140625 116.4675521850586 334.5157222747803 116.4675521850586 334.5157222747803 153.97369384765625 306.06494140625 153.97369384765625
304.6265869140625 116.1456069946289 334.9875068664551 116.1456069946289 334.9875068664551 154.32704544067383 304.6265869140625 154.32704544067383
303.483642578125 113.87025451660156 332.9726371765137 113.87025451660156 332.9726371765137 151.8709945678711 303.483642578125 151.8709945678711
303.63818359375 114.88331604003906 332.2327575683594 114.88331604003906 332.2327575683594 153.16449737548828 303.63818359375 153.16449737548828
303.64898681640625 114.23435974121094 332.1806831359863 114.23435974121094 332.1806831359863 152.18355178833008 303.64898681640625 152.18355178833008
302.25994873046875 112.7293930053711 332.64666748046875 112.7293930053711 332.64666748046875 151.38497161865234 302.25994873046875 151.38497161865234
301.0815124511719 115.71000671386719 330.4520320892334 115.71000671386719 330.4520320892334 151.90189361572266 301.0815124511719 151.90189361572266
300.8547668457031 117.17182922363281 330.24988746643066 117.17182922363281 330.24988746643066 153.41211700439453 300.8547668457031 153.41211700439453
300.64532470703125 115.35526275634766 330.3896236419678 115.35526275634766 330.3896236419678 151.4350357055664 300.64532470703125 151.4350357055664
299.42010498046875 114.5726547241211 329.810115814209 114.5726547241211 329.810115814209 149.36222457885742 299.42010498046875 149.36222457885742
299.6852111816406 113.30379486083984 330.0919990539551 113.30379486083984 330.0919990539551 149.82587814331055 299.6852111816406 149.82587814331055
299.2077331542969 115.98494720458984 328.37961196899414 115.98494720458984 328.37961196899414 150.5879783630371 299.2077331542969 150.5879783630371
298.44305419921875 114.60710144042969 327.0188903808594 114.60710144042969 327.0188903808594 150.20331573486328 298.44305419921875 150.20331573486328
297.8802795410156 114.98796081542969 325.7975273132324 114.98796081542969 325.7975273132324 151.73590087890625 297.8802795410156 151.73590087890625
296.8118896484375 114.860595703125 324.4235382080078 114.860595703125 324.4235382080078 150.79510498046875 296.8118896484375 150.79510498046875
296.97918701171875 113.80271911621094 323.9263038635254 113.80271911621094 323.9263038635254 151.38225936889648 296.97918701171875 151.38225936889648
296.42523193359375 115.9510269165039 324.08435440063477 115.9510269165039 324.08435440063477 151.8080596923828 296.42523193359375 151.8080596923828
296.185546875 114.3377685546875 323.3871955871582 114.3377685546875 323.3871955871582 150.15605926513672 296.185546875 150.15605926513672
296.1573181152344 114.08992004394531 322.24823570251465 114.08992004394531 322.24823570251465 150.17389678955078 296.1573181152344 150.17389678955078
295.3071594238281 114.58946228027344 321.7234706878662 114.58946228027344 321.7234706878662 148.7070655822754 295.3071594238281 148.7070655822754
294.46722412109375 114.32198333740234 321.319766998291 114.32198333740234 321.319766998291 149.64540100097656 294.46722412109375 149.64540100097656
294.42828369140625 115.14326477050781 320.5272407531738 115.14326477050781 320.5272407531738 150.12155151367188 294.42828369140625 150.12155151367188
293.5071716308594 116.32080078125 319.0137519836426 116.32080078125 319.0137519836426 150.82456970214844 293.5071716308594 150.82456970214844
292.4476318359375 114.6367416381836 318.4347114562988 114.6367416381836 318.4347114562988 151.0928077697754 292.4476318359375 151.0928077697754
291.2579650878906 113.27193450927734 318.6445827484131 113.27193450927734 318.6445827484131 150.59811782836914 291.2579650878906 150.59811782836914
291.13275146484375 114.52909851074219 316.8507194519043 114.52909851074219 316.8507194519043 151.34739303588867 291.13275146484375 151.34739303588867
289.6622009277344 114.150390625 315.95985412597656 114.150390625 315.95985412597656 151.2868537902832 289.6622009277344 151.2868537902832
290.1142578125 114.49156188964844 314.69284439086914 114.49156188964844 314.69284439086914 151.17615509033203 290.1142578125 151.17615509033203
289.45172119140625 114.54975891113281 314.0202827453613 114.54975891113281 314.0202827453613 150.41745376586914 289.45172119140625 150.41745376586914
289.0450439453125 114.1053695678711 314.86322021484375 114.1053695678711 314.86322021484375 152.08294296264648 289.0450439453125 152.08294296264648
288.51019287109375 115.5316162109375 313.57337188720703 115.5316162109375 313.57337188720703 150.41622161865234 288.51019287109375 150.41622161865234
288.0321350097656 113.38114929199219 313.11391830444336 113.38114929199219 313.11391830444336 150.1959571838379 288.0321350097656 150.1959571838379
288.1498107910156 114.346923828125 313.32006454467773 114.346923828125 313.32006454467773 151.0218505859375 288.1498107910156 151.0218505859375
287.94342041015625 114.06953430175781 312.9399929046631 114.06953430175781 312.9399929046631 151.15052032470703 287.94342041015625 151.15052032470703
287.0294494628906 113.5963363647461 312.72230529785156 113.5963363647461 312.72230529785156 150.7490463256836 287.0294494628906 150.7490463256836
286.30560302734375 115.21183013916016 311.5513801574707 115.21183013916016 311.5513801574707 150.89732360839844 286.30560302734375 150.89732360839844
285.79351806640625 113.7177505493164 310.68523597717285 113.7177505493164 310.68523597717285 150.22003936767578 285.79351806640625 150.22003936767578
286.11505126953125 114.44271087646484 310.87148666381836 114.44271087646484 310.87148666381836 150.64900970458984 286.11505126953125 150.64900970458984
285.02386474609375 115.24943542480469 309.0305633544922 115.24943542480469 309.0305633544922 151.1255645751953 285.02386474609375 151.1255645751953
284.69390869140625 113.47990417480469 310.67441749572754 113.47990417480469 310.67441749572754 150.86712646484375 284.69390869140625 150.86712646484375
283.51409912109375 114.6124267578125 309.0186538696289 114.6124267578125 309.0186538696289 150.71942901611328 283.51409912109375 150.71942901611328
283.58837890625 113.3428955078125 309.2892246246338 113.3428955078125 309.2892246246338 150.8216323852539 283.58837890625 150.8216323852539
283.5456848144531 113.90460205078125 308.92607498168945 113.90460205078125 308.92607498168945 150.18806076049805 283.5456848144531 150.18806076049805
282.9207763671875 112.6475601196289 309.1264705657959 112.6475601196289 309.1264705657959 150.2909164428711 282.9207763671875 150.2909164428711
282.0877685546875 112.37520599365234 308.1959590911865 112.37520599365234 308.1959590911865 149.925048828125 282.0877685546875 149.925048828125
281.1309814453125 112.5136489868164 308.0094413757324 112.5136489868164 308.0094413757324 149.75475692749023 281.1309814453125 149.75475692749023
280.519287109375 112.467529296875 307.3293571472168 112.467529296875 307.3293571472168 150.05028915405273 280.519287109375 150.05028915405273
279.73614501953125 112.58406066894531 307.24827575683594 112.58406066894531 307.24827575683594 150.3788948059082 279.73614501953125 150.3788948059082
279.91998291015625 112.07035827636719 306.65845108032227 112.07035827636719 306.65845108032227 151.0133285522461 279.91998291015625 151.0133285522461
278.41656494140625 110.0641098022461 304.9544868469238 110.0641098022461 304.9544868469238 150.41271591186523 278.41656494140625 150.41271591186523
278.2760314941406 111.90824127197266 304.3997097015381 111.90824127197266 304.3997097015381 151.15898895263672 278.2760314941406 151.15898895263672
277.9441223144531 111.35768127441406 304.6594047546387 111.35768127441406 304.6594047546387 150.81048202514648 277.9441223144531 150.81048202514648
277.41253662109375 110.07469177246094 304.51439476013184 110.07469177246094 304.51439476013184 148.28252792358398 277.41253662109375 148.28252792358398
275.98687744140625 110.7213134765625 303.21554946899414 110.7213134765625 303.21554946899414 148.37530136108398 275.98687744140625 148.37530136108398
275.81390380859375 112.02471923828125 302.4381904602051 112.02471923828125 302.4381904602051 149.61115646362305 275.81390380859375 149.61115646362305
276.50177001953125 111.70755767822266 303.05091285705566 111.70755767822266 303.05091285705566 149.20407104492188 276.50177001953125 149.20407104492188
275.14910888671875 112.188232421875 302.0179691314697 112.188232421875 302.0179691314697 150.5646743774414 275.14910888671875 150.5646743774414
275.99639892578125 112.48492431640625 302.3973026275635 112.48492431640625 302.3973026275635 149.84064865112305 275.99639892578125 149.84064865112305
274.6371765136719 110.61124420166016 301.6068572998047 110.61124420166016 301.6068572998047 148.3249282836914 274.6371765136719 148.3249282836914
274.6910095214844 112.5777816772461 301.126501083374 112.5777816772461 301.126501083374 150.3259735107422 274.6910095214844 150.3259735107422
273.30169677734375 111.06721496582031 300.21123123168945 111.06721496582031 300.21123123168945 149.15910720825195 273.30169677734375 149.15910720825195
273.75494384765625 112.265380859375 299.9900417327881 112.265380859375 299.9900417327881 148.51068496704102 273.75494384765625 148.51068496704102
272.89129638671875 111.536376953125 300.9519386291504 111.536376953125 300.9519386291504 149.79448699951172 272.89129638671875 149.79448699951172
271.7161865234375 111.5453109741211 299.5741672515869 111.5453109741211 299.5741672515869 150.00830078125 271.7161865234375 150.00830078125
271.40972900390625 110.9287109375 298.9379024505615 110.9287109375 298.9379024505615 150.32531356811523 271.40972900390625 150.32531356811523
270.13873291015625 110.87003326416016 298.9403438568115 110.87003326416016 298.9403438568115 149.46893692016602 270.13873291015625 149.46893692016602
269.94140625 111.15116882324219 298.4876289367676 111.15116882324219 298.4876289367676 149.43745040893555 269.94140625 149.43745040893555
269.1248779296875 112.04512786865234 297.7052249908447 112.04512786865234 297.7052249908447 150.2666778564453 269.1248779296875 150.2666778564453
268.7040710449219 111.9497299194336 297.27910232543945 111.9497299194336 297.27910232543945 150.2912368774414 268.7040710449219 150.2912368774414
267.1815490722656 111.6801528930664 295.6361274719238 111.6801528930664 295.6361274719238 149.19462203979492 267.1815490722656 149.19462203979492
266.4012145996094 110.63002014160156 295.92645263671875 110.63002014160156 295.92645263671875 150.23131942749023 266.4012145996094 150.23131942749023
266.199462890625 109.2054214477539 294.7911319732666 109.2054214477539 294.7911319732666 148.98812866210938 266.199462890625 148.98812866210938
265.1521911621094 109.75923919677734 293.15538024902344 109.75923919677734 293.15538024902344 148.10729598999023 265.1521911621094 148.10729598999023
264.6163024902344 110.23799133300781 291.9345951080322 110.23799133300781 291.9345951080322 149.41875076293945 264.6163024902344 149.41875076293945
264.20379638671875 109.15269470214844 291.7236747741699 109.15269470214844 291.7236747741699 148.5787467956543 264.20379638671875 148.5787467956543
264.1591796875 110.56059265136719 291.70269203186035 110.56059265136719 291.70269203186035 148.4921760559082 264.1591796875 148.4921760559082
262.9480895996094 109.9372787475586 290.1686153411865 109.9372787475586 290.1686153411865 147.36664962768555 262.9480895996094 147.36664962768555
261.76861572265625 109.96891784667969 289.9720973968506 109.96891784667969 289.9720973968506 147.0370979309082 261.76861572265625 147.0370979309082
261.3326416015625 109.17852783203125 288.59303283691406 109.17852783203125 288.59303283691406 146.34266662597656 261.3326416015625 146.34266662597656
260.1490783691406 109.53181457519531 287.492000579834 109.53181457519531 287.492000579834 146.56754684448242 260.1490783691406 146.56754684448242
261.18939208984375 111.95124816894531 287.15920639038086 111.95124816894531 287.15920639038086 147.01133728027344 261.18939208984375 147.01133728027344
259.9524230957031 109.7682113647461 287.4035224914551 109.7682113647461 287.4035224914551 146.3672332763672 259.9524230957031 146.3672332763672
260.3257751464844 111.4353256225586 286.2572937011719 111.4353256225586 286.2572937011719 147.04995346069336 260.3257751464844 147.04995346069336
257.97601318359375 109.02518463134766 285.3566036224365 109.02518463134766 285.3566036224365 143.1791648864746 257.97601318359375 143.1791648864746
257.9161071777344 111.47586822509766 284.25050926208496 111.47586822509766 284.25050926208496 147.09993362426758 257.9161071777344 147.09993362426758
257.7474365234375 108.8387680053711 284.3393669128418 108.8387680053711 284.3393669128418 145.04147720336914 257.7474365234375 145.04147720336914
256.06048583984375 108.58082580566406 283.5862216949463 108.58082580566406 283.5862216949463 146.09673309326172 256.06048583984375 146.09673309326172
255.82363891601562 107.66276550292969 282.417760848999 107.66276550292969 282.417760848999 144.51025772094727 255.82363891601562 144.51025772094727
254.03433227539062 109.26023864746094 280.76440048217773 109.26023864746094 280.76440048217773 144.9361114501953 254.03433227539062 144.9361114501953
254.2637176513672 109.75358581542969 281.6110134124756 109.75358581542969 281.6110134124756 145.62782669067383 254.2637176513672 145.62782669067383
253.4815216064453 110.0886001586914 279.7846622467041 110.0886001586914 279.7846622467041 147.00143432617188 253.4815216064453 147.00143432617188
252.7226104736328 111.1029052734375 280.05026626586914 111.1029052734375 280.05026626586914 147.69499969482422 252.7226104736328 147.69499969482422
252.13339233398438 108.32972717285156 277.972375869751 108.32972717285156 277.972375869751 145.1586456298828 252.13339233398438 145.1586456298828
251.91659545898438 109.9555435180664 278.71418380737305 109.9555435180664 278.71418380737305 145.55544662475586 251.91659545898438 145.55544662475586
250.08987426757812 110.1003646850586 276.3312282562256 110.1003646850586 276.3312282562256 144.87622833251953 250.08987426757812 144.87622833251953
250.39572143554688 110.41816711425781 276.5111141204834 110.41816711425781 276.5111141204834 145.93470001220703 250.39572143554688 145.93470001220703
249.56204223632812 109.6415023803711 275.39543533325195 109.6415023803711 275.39543533325195 145.42074966430664 249.56204223632812 145.42074966430664
247.98751831054688 109.63944244384766 275.0814914703369 109.63944244384766 275.0814914703369 146.3578338623047 247.98751831054688 146.3578338623047
247.60256958007812 108.9244384765625 274.19959449768066 108.9244384765625 274.19959449768066 144.24841690063477 247.60256958007812 144.24841690063477
246.6026153564453 109.1952133178711 272.6777763366699 109.1952133178711 272.6777763366699 145.6550178527832 246.6026153564453 145.6550178527832
246.75357055664062 108.88277435302734 272.03295707702637 108.88277435302734 272.03295707702637 144.37765502929688 246.75357055664062 144.37765502929688
246.10140991210938 108.39054107666016 272.68791580200195 108.39054107666016 272.68791580200195 144.23626327514648 246.10140991210938 144.23626327514648
246.09158325195312 109.1288070678711 272.1218318939209 109.1288070678711 272.1218318939209 145.94596481323242 246.09158325195312 145.94596481323242
245.82666015625 109.00814056396484 271.03969955444336 109.00814056396484 271.03969955444336 144.6492156982422 245.82666015625 144.6492156982422
245.24105834960938 111.5458984375 270.32308197021484 111.5458984375 270.32308197021484 146.04741668701172 245.24105834960938 146.04741668701172
243.99658203125 110.10355377197266 269.9011421203613 110.10355377197266 269.9011421203613 144.06830978393555 243.99658203125 144.06830978393555
243.43408203125 108.9286880493164 269.2332649230957 108.9286880493164 269.2332649230957 145.2349624633789 243.43408203125 145.2349624633789
243.10659790039062 110.41422271728516 267.668212890625 110.41422271728516 267.668212890625 145.21666717529297 243.10659790039062 145.21666717529297
242.75991821289062 108.4355697631836 267.7330780029297 108.4355697631836 267.7330780029297 144.3835334777832 242.75991821289062 144.3835334777832
242.013671875 107.95716857910156 266.46533203125 107.95716857910156 266.46533203125 145.6341781616211 242.013671875 145.6341781616211
240.37771606445312 107.54756927490234 265.95909690856934 107.54756927490234 265.95909690856934 146.56610107421875 240.37771606445312 146.56610107421875
240.2047576904297 106.67024230957031 264.38855361938477 106.67024230957031 264.38855361938477 144.85384368896484 240.2047576904297 144.85384368896484
240.1966094970703 105.67674255371094 263.1649913787842 105.67674255371094 263.1649913787842 144.30115509033203 240.1966094970703 144.30115509033203
239.0443115234375 107.43509674072266 262.8613815307617 107.43509674072266 262.8613815307617 144.2694206237793 239.0443115234375 144.2694206237793
239.14651489257812 106.04048156738281 263.2871723175049 106.04048156738281 263.2871723175049 146.0426025390625 239.14651489257812 146.0426025390625
238.1142578125 106.9345932006836 261.45189476013184 106.9345932006836 261.45189476013184 144.49291229248047 238.1142578125 144.49291229248047
237.006591796875 107.20809173583984 260.56524085998535 107.20809173583984 260.56524085998535 143.58454132080078 237.006591796875 143.58454132080078
236.11825561523438 106.93006896972656 259.99083518981934 106.93006896972656 259.99083518981934 142.89774703979492 236.11825561523438 142.89774703979492
235.0040283203125 108.4178466796875 259.6314125061035 108.4178466796875 259.6314125061035 144.50716400146484 235.0040283203125 144.50716400146484
233.83486938476562 106.4622573852539 259.3866558074951 106.4622573852539 259.3866558074951 144.32757568359375 233.83486938476562 144.32757568359375
232.92190551757812 106.01131439208984 259.3627872467041 106.01131439208984 259.3627872467041 144.22079467773438 232.92190551757812 144.22079467773438
231.7061767578125 106.6411361694336 258.49086570739746 106.6411361694336 258.49086570739746 143.25260543823242 231.7061767578125 143.25260543823242
231.15621948242188 102.99198913574219 257.9552917480469 102.99198913574219 257.9552917480469 142.91866302490234 231.15621948242188 142.91866302490234
230.82421875 106.0422134399414 257.53253746032715 106.0422134399414 257.53253746032715 143.4538459777832 230.82421875 143.4538459777832
230.5006866455078 105.14118957519531 257.2140769958496 105.14118957519531 257.2140769958496 144.53013229370117 230.5006866455078 144.53013229370117
230.21511840820312 106.94244384765625 256.22650146484375 106.94244384765625 256.22650146484375 144.8645362854004 230.21511840820312 144.8645362854004
229.65975952148438 106.42938232421875 256.737340927124 106.42938232421875 256.737340927124 144.21127319335938 229.65975952148438 144.21127319335938
228.83084106445312 106.0250244140625 255.69664573669434 106.0250244140625 255.69664573669434 142.60810089111328 228.83084106445312 142.60810089111328
228.233642578125 105.39874267578125 255.50602340698242 105.39874267578125 255.50602340698242 144.89412689208984 228.233642578125 144.89412689208984
227.0686492919922 105.19862365722656 255.2741584777832 105.19862365722656 255.2741584777832 142.4049835205078 227.0686492919922 142.4049835205078
225.4761962890625 105.9220199584961 253.1619758605957 105.9220199584961 253.1619758605957 143.23992919921875 225.4761962890625 143.23992919921875
225.3868408203125 104.82823181152344 252.71707725524902 104.82823181152344 252.71707725524902 143.17109298706055 225.3868408203125 143.17109298706055
224.53298950195312 105.83607482910156 250.84957313537598 105.83607482910156 250.84957313537598 141.8195457458496 224.53298950195312 141.8195457458496
223.91763305664062 104.6321029663086 251.79843711853027 104.6321029663086 251.79843711853027 141.0154571533203 223.91763305664062 141.0154571533203
221.74038696289062 104.6364974975586 250.08322143554688 104.6364974975586 250.08322143554688 142.45795822143555 221.74038696289062 142.45795822143555
221.89541625976562 104.46891784667969 249.9761962890625 104.46891784667969 249.9761962890625 140.94484329223633 221.89541625976562 140.94484329223633
220.7118377685547 105.1463851928711 247.48337173461914 105.1463851928711 247.48337173461914 141.24960708618164 220.7118377685547 141.24960708618164
220.17648315429688 103.80729675292969 248.1870517730713 103.80729675292969 248.1870517730713 141.16289901733398 220.17648315429688 141.16289901733398
218.6815185546875 104.3988037109375 245.9811611175537 104.3988037109375 245.9811611175537 141.59654235839844 218.6815185546875 141.59654235839844
217.3173065185547 103.3636245727539 245.62456893920898 103.3636245727539 245.62456893920898 141.14224243164062 217.3173065185547 141.14224243164062
216.5236358642578 104.28519439697266 243.66562271118164 104.28519439697266 243.66562271118164 141.91854858398438 216.5236358642578 141.91854858398438
215.49496459960938 105.08992004394531 241.30129623413086 105.08992004394531 241.30129623413086 140.24553680419922 215.49496459960938 140.24553680419922
214.47152709960938 105.7974624633789 240.46056747436523 105.7974624633789 240.46056747436523 141.7701187133789 214.47152709960938 141.7701187133789
214.14901733398438 106.95133972167969 239.70718383789062 106.95133972167969 239.70718383789062 141.5865478515625 214.14901733398438 141.5865478515625
214.21383666992188 105.88798522949219 238.5922622680664 105.88798522949219 238.5922622680664 139.46269989013672 214.21383666992188 139.46269989013672
214.1363983154297 104.82023620605469 238.5723476409912 104.82023620605469 238.5723476409912 139.1512794494629 214.1363983154297 139.1512794494629
212.5127410888672 103.88130187988281 237.36610984802246 103.88130187988281 237.36610984802246 138.36566925048828 212.5127410888672 138.36566925048828
212.04541015625 105.80570220947266 236.0959300994873 105.80570220947266 236.0959300994873 140.51790237426758 212.04541015625 140.51790237426758
213.3551025390625 109.43428039550781 238.23351669311523 109.43428039550781 238.23351669311523 142.92765045166016 213.3551025390625 142.92765045166016
212.2365264892578 110.32452392578125 237.68629455566406 110.32452392578125 237.68629455566406 145.1124038696289 212.2365264892578 145.1124038696289
212.04226684570312 110.29512023925781 238.05403518676758 110.29512023925781 238.05403518676758 143.5464324951172 212.04226684570312 143.5464324951172
211.1522674560547 113.06364440917969 237.29213333129883 113.06364440917969 237.29213333129883 146.64026641845703 211.1522674560547 146.64026641845703
211.4790802001953 110.5293197631836 236.68319129943848 110.5293197631836 236.68319129943848 143.64541625976562 211.4790802001953 143.64541625976562
207.2569580078125 106.3345947265625 230.71500968933105 106.3345947265625 230.71500968933105 141.1019058227539 207.2569580078125 141.1019058227539
206.16122436523438 105.2830810546875 229.7780418395996 105.2830810546875 229.7780418395996 139.96456909179688 206.16122436523438 139.96456909179688
206.13064575195312 105.81556701660156 229.78357124328613 105.81556701660156 229.78357124328613 140.45068740844727 206.13064575195312 140.45068740844727
204.5507354736328 106.85484313964844 226.8263111114502 106.85484313964844 226.8263111114502 140.62118530273438 204.5507354736328 140.62118530273438
204.08297729492188 105.87275695800781 226.3818073272705 105.87275695800781 226.3818073272705 141.24225234985352 204.08297729492188 141.24225234985352
203.04347229003906 105.8270034790039 225.73555374145508 105.8270034790039 225.73555374145508 141.31879806518555 203.04347229003906 141.31879806518555
203.15431213378906 104.42021179199219 225.7087059020996 104.42021179199219 225.7087059020996 139.68689346313477 203.15431213378906 139.68689346313477
201.99496459960938 104.05875396728516 224.8560333251953 104.05875396728516 224.8560333251953 141.65457916259766 201.99496459960938 141.65457916259766
201.23062133789062 104.885009765625 223.01601791381836 104.885009765625 223.01601791381836 141.02299118041992 201.23062133789062 141.02299118041992
199.50802612304688 106.42803955078125 221.69387245178223 106.42803955078125 221.69387245178223 142.55475997924805 199.50802612304688 142.55475997924805
199.1984100341797 105.29432678222656 222.16609573364258 105.29432678222656 222.16609573364258 142.7136116027832 199.1984100341797 142.7136116027832
198.19497680664062 105.88017272949219 220.85554885864258 105.88017272949219 220.85554885864258 141.87887573242188 198.19497680664062 141.87887573242188
197.61166381835938 103.69254302978516 221.14849472045898 103.69254302978516 221.14849472045898 141.1377067565918 197.61166381835938 141.1377067565918
196.30645751953125 105.69023132324219 219.91330337524414 105.69023132324219 219.91330337524414 141.54724502563477 196.30645751953125 141.54724502563477
195.70616149902344 104.48527526855469 219.9028377532959 104.48527526855469 219.9028377532959 140.70873260498047 195.70616149902344 140.70873260498047
194.71871948242188 103.48592376708984 219.7568645477295 103.48592376708984 219.7568645477295 140.858642578125 194.71871948242188 140.858642578125
193.9576416015625 103.3653793334961 218.48601150512695 103.3653793334961 218.48601150512695 140.49684143066406 193.9576416015625 140.49684143066406
192.8362579345703 102.86002349853516 218.49274826049805 102.86002349853516 218.49274826049805 141.79336547851562 192.8362579345703 141.79336547851562
