207.0 154.0 226.0 154.0 226.0 203.0 207.0 203.0
207.3805694580078 155.2261962890625 226.73874473571777 155.2261962890625 226.73874473571777 202.61426544189453 207.3805694580078 202.61426544189453
207.4781951904297 153.67471313476562 227.18864059448242 153.67471313476562 227.18864059448242 203.0333137512207 207.4781951904297 203.0333137512207
207.7880859375 154.723876953125 227.21227836608887 154.723876953125 227.21227836608887 203.1559944152832 207.7880859375 203.1559944152832
207.9068145751953 155.22518920898438 227.49118995666504 155.22518920898438 227.49118995666504 202.92916107177734 207.9068145751953 202.92916107177734
208.35617065429688 154.78799438476562 227.56068992614746 154.78799438476562 227.56068992614746 202.6430892944336 208.35617065429688 202.6430892944336
208.58920288085938 154.2567901611328 227.74239540100098 154.2567901611328 227.74239540100098 203.7793426513672 208.58920288085938 203.7793426513672
208.9310302734375 153.33131408691406 227.4566993713379 153.33131408691406 227.4566993713379 204.00394821166992 208.9310302734375 204.00394821166992
209.21536254882812 153.43167114257812 228.57192420959473 153.43167114257812 228.57192420959473 204.1166114807129 209.21536254882812 204.1166114807129
209.8101043701172 153.3556365966797 228.98508834838867 153.3556365966797 228.98508834838867 202.60793685913086 209.8101043701172 202.60793685913086
210.36117553710938 154.9461212158203 229.31840705871582 154.9461212158203 229.31840705871582 205.0856704711914 210.36117553710938 205.0856704711914
211.029296875 153.29840087890625 229.7125358581543 153.29840087890625 229.7125358581543 202.83367156982422 211.029296875 202.83367156982422
210.980224609375 154.3161163330078 229.9762840270996 154.3161163330078 229.9762840270996 205.0460433959961 210.980224609375 205.0460433959961
211.08401489257812 155.3079376220703 229.43959426879883 155.3079376220703 229.43959426879883 204.61814498901367 211.08401489257812 204.61814498901367
211.4017791748047 154.72372436523438 230.15635108947754 154.72372436523438 230.15635108947754 202.83209991455078 211.4017791748047 202.83209991455078
211.6300811767578 155.91123962402344 230.1425380706787 155.91123962402344 230.1425380706787 204.50748443603516 211.6300811767578 204.50748443603516
211.74136352539062 155.19813537597656 230.5437068939209 155.19813537597656 230.5437068939209 204.18537521362305 211.74136352539062 204.18537521362305
211.83627319335938 155.886962890625 230.06708526611328 155.886962890625 230.06708526611328 205.01412200927734 211.83627319335938 205.01412200927734
212.0817108154297 155.84083557128906 230.24414443969727 155.84083557128906 230.24414443969727 205.01226806640625 212.0817108154297 205.01226806640625
212.24453735351562 155.55307006835938 230.31641387939453 155.55307006835938 230.31641387939453 204.70648193359375 212.24453735351562 204.70648193359375
212.23001098632812 155.00027465820312 230.74000930786133 155.00027465820312 230.74000930786133 206.12744903564453 212.23001098632812 206.12744903564453
212.4664306640625 155.2284393310547 230.40759086608887 155.2284393310547 230.40759086608887 204.91009521484375 212.4664306640625 204.91009521484375
212.80813598632812 154.477783203125 230.8104133605957 154.477783203125 230.8104133605957 204.92330169677734 212.80813598632812 204.92330169677734
213.16259765625 155.99807739257812 230.14359092712402 155.99807739257812 230.14359092712402 204.3909034729004 213.16259765625 204.3909034729004
212.92904663085938 153.75070190429688 230.23707580566406 153.75070190429688 230.23707580566406 205.77989959716797 212.92904663085938 205.77989959716797
213.5100860595703 154.65760803222656 229.99735260009766 154.65760803222656 229.99735260009766 205.25794982910156 213.5100860595703 205.25794982910156
213.0769500732422 153.99343872070312 229.88564109802246 153.99343872070312 229.88564109802246 205.8434944152832 213.0769500732422 205.8434944152832
213.599853515625 154.3594207763672 230.44779586791992 154.3594207763672 230.44779586791992 205.7600555419922 213.599853515625 205.7600555419922
214.2609100341797 153.59933471679688 230.10167694091797 153.59933471679688 230.10167694091797 207.18550491333008 214.2609100341797 207.18550491333008
214.37890625 155.111572265625 230.51060104370117 155.111572265625 230.51060104370117 207.13491821289062 214.37890625 207.13491821289062
214.3883056640625 155.02793884277344 230.89152717590332 155.02793884277344 230.89152717590332 204.73087692260742 214.3883056640625 204.73087692260742
214.548583984375 154.7283935546875 230.86938095092773 154.7283935546875 230.86938095092773 205.8111343383789 214.548583984375 205.8111343383789
214.668212890625 156.2972412109375 230.72543716430664 156.2972412109375 230.72543716430664 206.92093658447266 214.668212890625 206.92093658447266
214.4036102294922 156.4800567626953 230.54993438720703 156.4800567626953 230.54993438720703 206.57504272460938 214.4036102294922 206.57504272460938
214.44677734375 155.7903289794922 231.2908592224121 155.7903289794922 231.2908592224121 206.55547332763672 214.44677734375 206.55547332763672
214.18582153320312 155.7465362548828 231.3085880279541 155.7465362548828 231.3085880279541 206.9804344177246 214.18582153320312 206.9804344177246
214.7799530029297 155.51828002929688 231.26192092895508 155.51828002929688 231.26192092895508 206.73989868164062 214.7799530029297 206.73989868164062
214.3450927734375 155.5264892578125 230.94980239868164 155.5264892578125 230.94980239868164 206.82075881958008 214.3450927734375 206.82075881958008
214.66940307617188 155.67996215820312 231.0060691833496 155.67996215820312 231.0060691833496 208.0391731262207 214.66940307617188 208.0391731262207
214.3765411376953 154.6936492919922 231.0750846862793 154.6936492919922 231.0750846862793 206.4658546447754 214.3765411376953 206.4658546447754
214.5848846435547 154.3861083984375 231.02238845825195 154.3861083984375 231.02238845825195 206.78870391845703 214.5848846435547 206.78870391845703
214.09237670898438 154.5916290283203 230.71657180786133 154.5916290283203 230.71657180786133 207.25355529785156 214.09237670898438 207.25355529785156
214.64120483398438 155.42160034179688 231.3096580505371 155.42160034179688 231.3096580505371 207.06989669799805 214.64120483398438 207.06989669799805
214.5072479248047 156.0446014404297 231.14380645751953 156.0446014404297 231.14380645751953 206.42852401733398 214.5072479248047 206.42852401733398
214.51834106445312 155.73336791992188 230.93502807617188 155.73336791992188 230.93502807617188 207.63428497314453 214.51834106445312 207.63428497314453
215.1295623779297 155.5939178466797 231.64111328125 155.5939178466797 231.64111328125 207.2493438720703 215.1295623779297 207.2493438720703
215.81875610351562 158.1011962890625 231.7219944000244 158.1011962890625 231.7219944000244 208.65930938720703 215.81875610351562 208.65930938720703
215.4485321044922 156.921875 231.44793701171875 156.921875 231.44793701171875 207.36745834350586 215.4485321044922 207.36745834350586
215.29971313476562 156.4761199951172 231.6005744934082 156.4761199951172 231.6005744934082 208.0916290283203 215.29971313476562 208.0916290283203
215.512939453125 157.4066925048828 231.41462993621826 157.4066925048828 231.41462993621826 207.63727569580078 215.512939453125 207.63727569580078
215.25833129882812 156.43698120117188 231.26798629760742 156.43698120117188 231.26798629760742 208.5011100769043 215.25833129882812 208.5011100769043
214.781982421875 157.18296813964844 231.29436111450195 157.18296813964844 231.29436111450195 209.05821228027344 214.781982421875 209.05821228027344
214.54202270507812 157.58624267578125 231.2502555847168 157.58624267578125 231.2502555847168 209.4057388305664 214.54202270507812 209.4057388305664
214.60757446289062 156.66114807128906 231.44119834899902 156.66114807128906 231.44119834899902 209.5550994873047 214.60757446289062 209.5550994873047
214.31668090820312 157.0550994873047 231.05474472045898 157.0550994873047 231.05474472045898 208.65307235717773 214.31668090820312 208.65307235717773
214.1905975341797 156.3336944580078 230.6642017364502 156.3336944580078 230.6642017364502 210.05738067626953 214.1905975341797 210.05738067626953
214.3173828125 157.22543334960938 230.514986038208 157.22543334960938 230.514986038208 209.92412185668945 214.3173828125 209.92412185668945
214.0679931640625 155.8350372314453 230.5969753265381 155.8350372314453 230.5969753265381 209.2480125427246 214.0679931640625 209.2480125427246
214.36288452148438 155.71456909179688 231.0288791656494 155.71456909179688 231.0288791656494 209.90933227539062 214.36288452148438 209.90933227539062
214.0399627685547 155.01866149902344 231.01592445373535 155.01866149902344 231.01592445373535 209.45905303955078 214.0399627685547 209.45905303955078
214.08419799804688 155.93228149414062 230.96907806396484 155.93228149414062 230.96907806396484 208.49679565429688 214.08419799804688 208.49679565429688
214.23861694335938 155.573486328125 231.2218837738037 155.573486328125 231.2218837738037 209.44623947143555 214.23861694335938 209.44623947143555
214.0325164794922 157.1012420654297 231.16719436645508 157.1012420654297 231.16719436645508 209.2608413696289 214.0325164794922 209.2608413696289
215.0643310546875 156.92236328125 231.80018615722656 156.92236328125 231.80018615722656 208.61163330078125 215.0643310546875 208.61163330078125
214.9853515625 157.1580352783203 231.79120063781738 157.1580352783203 231.79120063781738 210.2361068725586 214.9853515625 210.2361068725586
215.08511352539062 157.77301025390625 231.76436233520508 157.77301025390625 231.76436233520508 209.97954177856445 215.08511352539062 209.97954177856445
214.9577178955078 158.03298950195312 231.80938529968262 158.03298950195312 231.80938529968262 210.53699493408203 214.9577178955078 210.53699493408203
215.0079345703125 158.23338317871094 232.29844856262207 158.23338317871094 232.29844856262207 209.85042572021484 215.0079345703125 209.85042572021484
215.48519897460938 158.91432189941406 232.0606575012207 158.91432189941406 232.0606575012207 208.47371673583984 215.48519897460938 208.47371673583984
215.01730346679688 158.76669311523438 232.155424118042 158.76669311523438 232.155424118042 210.7669563293457 215.01730346679688 210.7669563293457
214.9482879638672 159.06863403320312 232.59695053100586 159.06863403320312 232.59695053100586 209.80392456054688 214.9482879638672 209.80392456054688
215.10281372070312 158.35630798339844 232.92104148864746 158.35630798339844 232.92104148864746 209.04544067382812 215.10281372070312 209.04544067382812
214.9031524658203 158.61441040039062 232.44962692260742 158.61441040039062 232.44962692260742 209.79339599609375 214.9031524658203 209.79339599609375
214.9521484375 156.98878479003906 232.63191604614258 156.98878479003906 232.63191604614258 209.65706634521484 214.9521484375 209.65706634521484
215.1354522705078 157.78717041015625 232.67323303222656 157.78717041015625 232.67323303222656 211.29695892333984 215.1354522705078 211.29695892333984
215.02603149414062 156.61959838867188 232.97093200683594 156.61959838867188 232.97093200683594 211.14081573486328 215.02603149414062 211.14081573486328
214.92984008789062 156.93496704101562 232.8572177886963 156.93496704101562 232.8572177886963 209.11872482299805 214.92984008789062 209.11872482299805
215.0670166015625 157.88217163085938 233.41827964782715 157.88217163085938 233.41827964782715 209.65375518798828 215.0670166015625 209.65375518798828
215.72061157226562 158.0979766845703 233.35788345336914 158.0979766845703 233.35788345336914 210.15399551391602 215.72061157226562 210.15399551391602
215.76443481445312 158.0214385986328 234.19749641418457 158.0214385986328 234.19749641418457 210.66041564941406 215.76443481445312 210.66041564941406
216.08056640625 157.87118530273438 233.40614318847656 157.87118530273438 233.40614318847656 211.72014617919922 216.08056640625 211.72014617919922
215.9886474609375 157.9501953125 234.17461776733398 157.9501953125 234.17461776733398 211.08397674560547 215.9886474609375 211.08397674560547
216.31460571289062 158.16632080078125 233.73031044006348 158.16632080078125 233.73031044006348 211.29368209838867 216.31460571289062 211.29368209838867
215.9976043701172 158.3403778076172 233.7934398651123 158.3403778076172 233.7934398651123 210.54844665527344 215.9976043701172 210.54844665527344
216.35189819335938 158.33084106445312 234.67934799194336 158.33084106445312 234.67934799194336 212.01289749145508 216.35189819335938 212.01289749145508
216.58224487304688 158.5373992919922 235.09764671325684 158.5373992919922 235.09764671325684 212.50674057006836 216.58224487304688 212.50674057006836
216.2786102294922 158.800048828125 234.29933547973633 158.800048828125 234.29933547973633 212.4936408996582 216.2786102294922 212.4936408996582
216.16152954101562 158.04568481445312 234.5360164642334 158.04568481445312 234.5360164642334 213.89102935791016 216.16152954101562 213.89102935791016
216.4274139404297 158.96023559570312 234.72409629821777 158.96023559570312 234.72409629821777 212.5813217163086 216.4274139404297 212.5813217163086
216.0897216796875 158.53614807128906 234.40615463256836 158.53614807128906 234.40615463256836 212.50360488891602 216.0897216796875 212.50360488891602
215.83395385742188 158.89089965820312 233.63488388061523 158.89089965820312 233.63488388061523 212.954833984375 215.83395385742188 212.954833984375
216.05050659179688 158.3177947998047 233.43441200256348 158.3177947998047 233.43441200256348 213.5541114807129 216.05050659179688 213.5541114807129
215.75045776367188 158.2323760986328 234.21457481384277 158.2323760986328 234.21457481384277 212.05663299560547 215.75045776367188 212.05663299560547
215.5649871826172 158.58682250976562 233.39455604553223 158.58682250976562 233.39455604553223 212.92002487182617 215.5649871826172 212.92002487182617
215.7279815673828 158.2423553466797 233.58957862854004 158.2423553466797 233.58957862854004 214.8437728881836 215.7279815673828 214.8437728881836
216.45803833007812 159.0232696533203 234.1950626373291 159.0232696533203 234.1950626373291 212.45601654052734 216.45803833007812 212.45601654052734
216.60610961914062 159.02606201171875 234.4176788330078 159.02606201171875 234.4176788330078 212.9740219116211 216.60610961914062 212.9740219116211
215.84512329101562 159.44540405273438 233.91842460632324 159.44540405273438 233.91842460632324 214.7853012084961 215.84512329101562 214.7853012084961
216.91073608398438 158.6371612548828 234.6777572631836 158.6371612548828 234.6777572631836 214.1896514892578 216.91073608398438 214.1896514892578
216.570068359375 159.84849548339844 234.34670448303223 159.84849548339844 234.34670448303223 214.35228729248047 216.570068359375 214.35228729248047
216.68698120117188 159.9893035888672 234.43548202514648 159.9893035888672 234.43548202514648 215.99002838134766 216.68698120117188 215.99002838134766
216.92990112304688 159.84475708007812 234.2303638458252 159.84475708007812 234.2303638458252 215.56411743164062 216.92990112304688 215.56411743164062
216.19302368164062 159.38528442382812 234.14202308654785 159.38528442382812 234.14202308654785 216.08399200439453 216.19302368164062 216.08399200439453
216.6443328857422 160.1412353515625 234.5428524017334 160.1412353515625 234.5428524017334 215.65031814575195 216.6443328857422 215.65031814575195
216.2997589111328 159.7425537109375 234.515718460083 159.7425537109375 234.515718460083 215.26253509521484 216.2997589111328 215.26253509521484
215.9180908203125 158.4202880859375 233.98319053649902 158.4202880859375 233.98319053649902 215.32623291015625 215.9180908203125 215.32623291015625
216.1467742919922 160.27210998535156 234.5017547607422 160.27210998535156 234.5017547607422 215.5223731994629 216.1467742919922 215.5223731994629
216.0427703857422 159.843994140625 233.71859550476074 159.843994140625 233.71859550476074 217.12960815429688 216.0427703857422 217.12960815429688
215.78909301757812 159.25418090820312 233.74318504333496 159.25418090820312 233.74318504333496 216.24507904052734 215.78909301757812 216.24507904052734
216.292724609375 160.4355010986328 233.4150333404541 160.4355010986328 233.4150333404541 215.93146133422852 216.292724609375 215.93146133422852
215.853759765625 159.56234741210938 233.44881057739258 159.56234741210938 233.44881057739258 215.2873306274414 215.853759765625 215.2873306274414
216.7115020751953 160.35031127929688 233.36534690856934 160.35031127929688 233.36534690856934 216.64154052734375 216.7115020751953 216.64154052734375
217.1016387939453 160.80130004882812 233.55369186401367 160.80130004882812 233.55369186401367 216.8656005859375 217.1016387939453 216.8656005859375
216.8976593017578 161.75131225585938 233.88400077819824 161.75131225585938 233.88400077819824 215.77918243408203 216.8976593017578 215.77918243408203
216.0729522705078 161.21011352539062 234.18539237976074 161.21011352539062 234.18539237976074 215.56850051879883 216.0729522705078 215.56850051879883
217.0536346435547 161.5449676513672 233.8648338317871 161.5449676513672 233.8648338317871 217.6582794189453 217.0536346435547 217.6582794189453
217.1554718017578 162.22991943359375 233.8202838897705 162.22991943359375 233.8202838897705 217.94130325317383 217.1554718017578 217.94130325317383
217.1761474609375 162.0509033203125 233.6188201904297 162.0509033203125 233.6188201904297 218.20284271240234 217.1761474609375 218.20284271240234
216.8155975341797 162.69044494628906 233.89753532409668 162.69044494628906 233.89753532409668 218.0483627319336 216.8155975341797 218.0483627319336
216.7537841796875 162.9512176513672 234.02472686767578 162.9512176513672 234.02472686767578 218.32497787475586 216.7537841796875 218.32497787475586
216.1044464111328 162.2260284423828 234.40709686279297 162.2260284423828 234.40709686279297 218.06414031982422 216.1044464111328 218.06414031982422
215.9671630859375 161.22467041015625 234.52586936950684 161.22467041015625 234.52586936950684 216.68195724487305 215.9671630859375 216.68195724487305
216.1861114501953 163.39598083496094 233.72941970825195 163.39598083496094 233.72941970825195 219.5326690673828 216.1861114501953 219.5326690673828
215.4186248779297 161.1666259765625 233.9602222442627 161.1666259765625 233.9602222442627 219.04914474487305 215.4186248779297 219.04914474487305
215.98281860351562 162.49600219726562 233.20553016662598 162.49600219726562 233.20553016662598 219.79671096801758 215.98281860351562 219.79671096801758
215.40072631835938 160.20152282714844 233.7730369567871 160.20152282714844 233.7730369567871 218.44368743896484 215.40072631835938 218.44368743896484
215.9530029296875 160.7790985107422 233.47462463378906 160.7790985107422 233.47462463378906 218.8783302307129 215.9530029296875 218.8783302307129
216.15762329101562 163.44583129882812 233.50124740600586 163.44583129882812 233.50124740600586 219.28994750976562 216.15762329101562 219.28994750976562
215.84521484375 163.97036743164062 233.31993675231934 163.97036743164062 233.31993675231934 219.96515655517578 215.84521484375 219.96515655517578
216.234619140625 164.65213012695312 233.32428741455078 164.65213012695312 233.32428741455078 220.22940063476562 216.234619140625 220.22940063476562
216.3327178955078 163.31773376464844 233.51587295532227 163.31773376464844 233.51587295532227 220.7349395751953 216.3327178955078 220.7349395751953
215.990966796875 164.06126403808594 234.04802894592285 164.06126403808594 234.04802894592285 219.6342315673828 215.990966796875 219.6342315673828
215.4624481201172 163.4203338623047 233.89712142944336 163.4203338623047 233.89712142944336 219.4056167602539 215.4624481201172 219.4056167602539
216.189208984375 163.78248596191406 233.78273963928223 163.78248596191406 233.78273963928223 221.7590103149414 216.189208984375 221.7590103149414
216.49160766601562 164.01101684570312 234.2144317626953 164.01101684570312 234.2144317626953 219.69084548950195 216.49160766601562 219.69084548950195
215.78506469726562 163.92337036132812 234.12762832641602 163.92337036132812 234.12762832641602 221.1190185546875 215.78506469726562 221.1190185546875
215.8332977294922 163.75003051757812 234.04278945922852 163.75003051757812 234.04278945922852 220.7763671875 215.8332977294922 220.7763671875
215.39920043945312 165.4949951171875 233.78298568725586 165.4949951171875 233.78298568725586 222.7314682006836 215.39920043945312 222.7314682006836
214.925537109375 164.62588500976562 234.20834350585938 164.62588500976562 234.20834350585938 222.08537673950195 214.925537109375 222.08537673950195
215.5067138671875 165.90147399902344 233.34285163879395 165.90147399902344 233.34285163879395 222.0249900817871 215.5067138671875 222.0249900817871
214.751953125 164.7007598876953 233.62277221679688 164.7007598876953 233.62277221679688 222.96702575683594 214.751953125 222.96702575683594
215.0181121826172 166.3621826171875 232.99270629882812 166.3621826171875 232.99270629882812 222.9059829711914 215.0181121826172 222.9059829711914
215.17288208007812 166.11703491210938 232.85152053833008 166.11703491210938 232.85152053833008 221.54188919067383 215.17288208007812 221.54188919067383
214.70846557617188 164.3137969970703 232.5680809020996 164.3137969970703 232.5680809020996 221.1000747680664 214.70846557617188 221.1000747680664
214.5969696044922 165.23690795898438 232.89728546142578 165.23690795898438 232.89728546142578 222.60983276367188 214.5969696044922 222.60983276367188
214.77658081054688 166.43112182617188 232.90368461608887 166.43112182617188 232.90368461608887 222.59013748168945 214.77658081054688 222.59013748168945
213.7767333984375 166.73390197753906 232.4337100982666 166.73390197753906 232.4337100982666 225.0563507080078 213.7767333984375 225.0563507080078
214.03439331054688 166.08924865722656 233.17221641540527 166.08924865722656 233.17221641540527 223.06687927246094 214.03439331054688 223.06687927246094
214.7111053466797 165.88711547851562 232.80365562438965 165.88711547851562 232.80365562438965 222.74767303466797 214.7111053466797 222.74767303466797
215.1996307373047 165.3297119140625 233.25873947143555 165.3297119140625 233.25873947143555 223.04317092895508 215.1996307373047 223.04317092895508
214.19534301757812 166.41943359375 232.78630447387695 166.41943359375 232.78630447387695 224.3917465209961 214.19534301757812 224.3917465209961
214.95590209960938 169.3793487548828 232.80305671691895 169.3793487548828 232.80305671691895 224.66009902954102 214.95590209960938 224.66009902954102
214.78369140625 167.22183227539062 232.8821029663086 167.22183227539062 232.8821029663086 223.84416961669922 214.78369140625 223.84416961669922
214.5585479736328 166.26194763183594 232.91267776489258 166.26194763183594 232.91267776489258 223.51893615722656 214.5585479736328 223.51893615722656
214.5617218017578 166.78912353515625 232.59609985351562 166.78912353515625 232.59609985351562 224.38162994384766 214.5617218017578 224.38162994384766
214.20166015625 166.67257690429688 232.026611328125 166.67257690429688 232.026611328125 225.528076171875 214.20166015625 225.528076171875
213.53121948242188 166.33053588867188 232.0509376525879 166.33053588867188 232.0509376525879 223.18592071533203 213.53121948242188 223.18592071533203
213.1380157470703 168.11831665039062 231.55935096740723 168.11831665039062 231.55935096740723 225.49164962768555 213.1380157470703 225.49164962768555
213.4364776611328 169.890380859375 231.11922454833984 169.890380859375 231.11922454833984 224.3734130859375 213.4364776611328 224.3734130859375
213.5356903076172 168.62525939941406 231.26344680786133 168.62525939941406 231.26344680786133 223.55157089233398 213.5356903076172 223.55157089233398
213.26889038085938 168.67626953125 231.28310012817383 168.67626953125 231.28310012817383 225.44976806640625 213.26889038085938 225.44976806640625
213.1075897216797 168.88328552246094 230.67189598083496 168.88328552246094 230.67189598083496 225.05152130126953 213.1075897216797 225.05152130126953
213.4024658203125 167.90432739257812 230.90567588806152 167.90432739257812 230.90567588806152 224.78803253173828 213.4024658203125 224.78803253173828
213.05294799804688 168.39227294921875 231.1437644958496 168.39227294921875 231.1437644958496 226.55941772460938 213.05294799804688 226.55941772460938
212.80282592773438 169.6655731201172 231.34620094299316 169.6655731201172 231.34620094299316 226.13915252685547 212.80282592773438 226.13915252685547
212.896240234375 171.11399841308594 230.83848571777344 171.11399841308594 230.83848571777344 227.67452239990234 212.896240234375 227.67452239990234
212.3910675048828 170.65475463867188 230.5532741546631 170.65475463867188 230.5532741546631 228.57308197021484 212.3910675048828 228.57308197021484
212.0789337158203 170.03268432617188 230.20042991638184 170.03268432617188 230.20042991638184 227.73361206054688 212.0789337158203 227.73361206054688
212.1338348388672 170.29798889160156 229.7777442932129 170.29798889160156 229.7777442932129 229.03811264038086 212.1338348388672 229.03811264038086
211.02316284179688 168.43431091308594 230.38311958312988 168.43431091308594 230.38311958312988 227.4469757080078 211.02316284179688 227.4469757080078
211.89151000976562 167.79331970214844 230.62213134765625 167.79331970214844 230.62213134765625 226.98291397094727 211.89151000976562 226.98291397094727
210.955810546875 167.7560577392578 230.58366012573242 167.7560577392578 230.58366012573242 227.7000274658203 210.955810546875 227.7000274658203
210.5965576171875 171.48565673828125 230.1715202331543 171.48565673828125 230.1715202331543 230.17041778564453 210.5965576171875 230.17041778564453
209.97561645507812 169.1839599609375 229.97499656677246 169.1839599609375 229.97499656677246 230.9388542175293 209.97561645507812 230.9388542175293
211.07608032226562 170.02847290039062 229.40175437927246 170.02847290039062 229.40175437927246 230.54027557373047 211.07608032226562 230.54027557373047
210.7373809814453 169.97555541992188 229.08627891540527 169.97555541992188 229.08627891540527 229.26444625854492 210.7373809814453 229.26444625854492
209.44729614257812 169.3622283935547 229.26769828796387 169.3622283935547 229.26769828796387 229.7957992553711 209.44729614257812 229.7957992553711
209.4474639892578 167.67617797851562 229.0463581085205 167.67617797851562 229.0463581085205 227.9508056640625 209.4474639892578 227.9508056640625
209.1558837890625 168.3863525390625 229.28347396850586 168.3863525390625 229.28347396850586 229.0064811706543 209.1558837890625 229.0064811706543
209.78677368164062 169.876953125 229.12543106079102 169.876953125 229.12543106079102 231.46129608154297 209.78677368164062 231.46129608154297
209.0746612548828 170.54531860351562 228.83112335205078 170.54531860351562 228.83112335205078 231.5795783996582 209.0746612548828 231.5795783996582
209.0349884033203 169.75369262695312 229.0699977874756 169.75369262695312 229.0699977874756 232.454833984375 209.0349884033203 232.454833984375
208.93734741210938 169.2630157470703 229.6551399230957 169.2630157470703 229.6551399230957 230.36158752441406 208.93734741210938 230.36158752441406
209.8666534423828 171.624755859375 229.42964553833008 171.624755859375 229.42964553833008 230.88507843017578 209.8666534423828 230.88507843017578
209.3023681640625 170.71604919433594 229.36951637268066 170.71604919433594 229.36951637268066 232.66385650634766 209.3023681640625 232.66385650634766
208.336181640625 170.01739501953125 229.22703552246094 170.01739501953125 229.22703552246094 233.9777603149414 208.336181640625 233.9777603149414
208.68441772460938 170.52655029296875 228.99587059020996 170.52655029296875 228.99587059020996 233.58019256591797 208.68441772460938 233.58019256591797
207.6649627685547 171.23049926757812 228.5189552307129 171.23049926757812 228.5189552307129 233.2151107788086 207.6649627685547 233.2151107788086
208.45150756835938 173.2784881591797 228.15131759643555 173.2784881591797 228.15131759643555 234.33165740966797 208.45150756835938 234.33165740966797
207.35763549804688 172.49851989746094 228.2488307952881 172.49851989746094 228.2488307952881 234.26131439208984 207.35763549804688 234.26131439208984
207.05270385742188 170.7510528564453 228.0602626800537 170.7510528564453 228.0602626800537 232.8932876586914 207.05270385742188 232.8932876586914
207.9075927734375 171.83169555664062 227.2995548248291 171.83169555664062 227.2995548248291 232.75861358642578 207.9075927734375 232.75861358642578
207.28646850585938 172.7758026123047 226.62782859802246 172.7758026123047 226.62782859802246 232.87703704833984 207.28646850585938 232.87703704833984
207.8197021484375 172.6485595703125 226.7289581298828 172.6485595703125 226.7289581298828 232.38259887695312 207.8197021484375 232.38259887695312
206.984130859375 174.030029296875 226.60455513000488 174.030029296875 226.60455513000488 233.61296463012695 206.984130859375 233.61296463012695
207.4172821044922 175.54920959472656 226.03595733642578 175.54920959472656 226.03595733642578 232.97225189208984 207.4172821044922 232.97225189208984
207.3341064453125 175.03240966796875 225.9296760559082 175.03240966796875 225.9296760559082 235.0111198425293 207.3341064453125 235.0111198425293
206.7239532470703 175.92100524902344 225.75750923156738 175.92100524902344 225.75750923156738 234.6977081298828 206.7239532470703 234.6977081298828
206.5531005859375 175.37057495117188 226.51485061645508 175.37057495117188 226.51485061645508 234.2417106628418 206.5531005859375 234.2417106628418
206.0587615966797 175.52537536621094 226.37975692749023 175.52537536621094 226.37975692749023 234.23880767822266 206.0587615966797 234.23880767822266
207.54501342773438 176.09837341308594 226.3883228302002 176.09837341308594 226.3883228302002 233.08855438232422 207.54501342773438 233.08855438232422
206.6619110107422 175.88783264160156 225.8819637298584 175.88783264160156 225.8819637298584 233.4131851196289 206.6619110107422 233.4131851196289
206.12039184570312 177.052490234375 225.71117782592773 177.052490234375 225.71117782592773 235.98675537109375 206.12039184570312 235.98675537109375
205.19393920898438 177.26065063476562 225.73418045043945 177.26065063476562 225.73418045043945 236.61334991455078 205.19393920898438 236.61334991455078
206.0359344482422 175.78076171875 225.7998924255371 175.78076171875 225.7998924255371 234.4011344909668 206.0359344482422 234.4011344909668
205.5756378173828 174.5556182861328 225.90442657470703 174.5556182861328 225.90442657470703 233.4373321533203 205.5756378173828 233.4373321533203
204.50120544433594 176.46444702148438 225.2907314300537 176.46444702148438 225.2907314300537 236.12788772583008 204.50120544433594 236.12788772583008
204.92269897460938 177.10597229003906 224.26339149475098 177.10597229003906 224.26339149475098 235.1954574584961 204.92269897460938 235.1954574584961
204.70498657226562 176.7595672607422 223.92126274108887 176.7595672607422 223.92126274108887 235.21716690063477 204.70498657226562 235.21716690063477
204.885986328125 176.6897735595703 223.49025344848633 176.6897735595703 223.49025344848633 234.33441543579102 204.885986328125 234.33441543579102
204.0874786376953 177.30526733398438 223.23974800109863 177.30526733398438 223.23974800109863 235.44662475585938 204.0874786376953 235.44662475585938
204.8694305419922 176.99758911132812 223.52495002746582 176.99758911132812 223.52495002746582 234.92259979248047 204.8694305419922 234.92259979248047
204.30990600585938 178.70632934570312 222.75824165344238 178.70632934570312 222.75824165344238 235.66774368286133 204.30990600585938 235.66774368286133
203.27603149414062 179.6768035888672 223.08163452148438 179.6768035888672 223.08163452148438 237.85747528076172 203.27603149414062 237.85747528076172
203.6507110595703 178.8241424560547 223.41432571411133 178.8241424560547 223.41432571411133 236.55709075927734 203.6507110595703 236.55709075927734
202.60025024414062 178.65357971191406 223.03713417053223 178.65357971191406 223.03713417053223 237.47401428222656 202.60025024414062 237.47401428222656
202.92684936523438 179.5561065673828 222.89873123168945 179.5561065673828 222.89873123168945 238.5389060974121 202.92684936523438 238.5389060974121
203.05783081054688 178.6694793701172 222.4107437133789 178.6694793701172 222.4107437133789 236.00597381591797 203.05783081054688 236.00597381591797
201.7896728515625 180.2407684326172 222.2605266571045 180.2407684326172 222.2605266571045 238.70429229736328 201.7896728515625 238.70429229736328
202.22683715820312 180.05911254882812 221.81782913208008 180.05911254882812 221.81782913208008 239.5267333984375 202.22683715820312 239.5267333984375
202.30177307128906 178.66580200195312 222.46427536010742 178.66580200195312 222.46427536010742 237.62308502197266 202.30177307128906 237.62308502197266
200.69424438476562 177.16058349609375 222.30889511108398 177.16058349609375 222.30889511108398 237.9630012512207 200.69424438476562 237.9630012512207
198.90872192382812 176.19873046875 221.81238555908203 176.19873046875 221.81238555908203 239.09586715698242 198.90872192382812 239.09586715698242
199.3470458984375 177.0117645263672 221.16183280944824 177.0117645263672 221.16183280944824 238.8873062133789 199.3470458984375 238.8873062133789
199.69497680664062 177.1021270751953 220.78907012939453 177.1021270751953 220.78907012939453 238.20056533813477 199.69497680664062 238.20056533813477
198.28407287597656 178.7771453857422 219.81284713745117 178.7771453857422 219.81284713745117 240.4767837524414 198.28407287597656 240.4767837524414
198.92955017089844 178.95765686035156 219.0479278564453 178.95765686035156 219.0479278564453 240.64936065673828 198.92955017089844 240.64936065673828
198.2776641845703 179.7220458984375 218.61560249328613 179.7220458984375 218.61560249328613 241.77281951904297 198.2776641845703 241.77281951904297
197.4502410888672 178.55868530273438 219.12090873718262 178.55868530273438 219.12090873718262 239.21158981323242 197.4502410888672 239.21158981323242
197.10855102539062 178.0347442626953 218.70626640319824 178.0347442626953 218.70626640319824 238.5985336303711 197.10855102539062 238.5985336303711
196.79135131835938 179.46856689453125 218.85616874694824 179.46856689453125 218.85616874694824 240.77984619140625 196.79135131835938 240.77984619140625
195.8537139892578 181.20205688476562 218.13817024230957 181.20205688476562 218.13817024230957 243.7603988647461 195.8537139892578 243.7603988647461
196.13967895507812 180.85040283203125 218.08598709106445 180.85040283203125 218.08598709106445 241.86897659301758 196.13967895507812 241.86897659301758
196.62588500976562 181.08856201171875 217.5589485168457 181.08856201171875 217.5589485168457 240.64060592651367 196.62588500976562 240.64060592651367
194.5181121826172 180.16603088378906 217.71465682983398 180.16603088378906 217.71465682983398 242.70032119750977 194.5181121826172 242.70032119750977
194.76931762695312 180.39732360839844 217.25524520874023 180.39732360839844 217.25524520874023 244.5761489868164 194.76931762695312 244.5761489868164
194.00083923339844 179.3534393310547 217.88853645324707 179.3534393310547 217.88853645324707 245.24346160888672 194.00083923339844 245.24346160888672
193.73947143554688 180.08651733398438 217.1996192932129 180.08651733398438 217.1996192932129 245.59835815429688 193.73947143554688 245.59835815429688
194.08547973632812 178.66610717773438 216.78141593933105 178.66610717773438 216.78141593933105 243.08464813232422 194.08547973632812 243.08464813232422
193.36117553710938 180.01968383789062 216.23998260498047 180.01968383789062 216.23998260498047 243.29290771484375 193.36117553710938 243.29290771484375
193.1507568359375 182.90432739257812 215.7382354736328 182.90432739257812 215.7382354736328 245.13646697998047 193.1507568359375 245.13646697998047
192.97445678710938 179.7798309326172 215.83916854858398 179.7798309326172 215.83916854858398 242.6773452758789 192.97445678710938 242.6773452758789
192.42025756835938 182.007080078125 214.64254188537598 182.007080078125 214.64254188537598 246.4181900024414 192.42025756835938 246.4181900024414
191.4828643798828 181.78016662597656 214.6616325378418 181.78016662597656 214.6616325378418 247.32415771484375 191.4828643798828 247.32415771484375
192.77825927734375 182.48049926757812 214.6926612854004 182.48049926757812 214.6926612854004 247.68804931640625 192.77825927734375 247.68804931640625
192.07687377929688 182.15237426757812 214.52576065063477 182.15237426757812 214.52576065063477 248.2611083984375 192.07687377929688 248.2611083984375
191.25228881835938 182.380126953125 214.04422187805176 182.380126953125 214.04422187805176 247.40773010253906 191.25228881835938 247.40773010253906
192.32308959960938 183.67027282714844 214.16576957702637 183.67027282714844 214.16576957702637 247.2973976135254 192.32308959960938 247.2973976135254
190.6613311767578 182.5230255126953 214.54677963256836 182.5230255126953 214.54677963256836 247.65377807617188 190.6613311767578 247.65377807617188
191.4400177001953 181.8685302734375 214.51589584350586 181.8685302734375 214.51589584350586 246.75205993652344 191.4400177001953 246.75205993652344
190.11485290527344 181.32907104492188 213.98995208740234 181.32907104492188 213.98995208740234 248.22718811035156 190.11485290527344 248.22718811035156
190.3335418701172 181.24575805664062 213.65419960021973 181.24575805664062 213.65419960021973 248.0117416381836 190.3335418701172 248.0117416381836
190.0352020263672 182.7327423095703 213.24005508422852 182.7327423095703 213.24005508422852 249.49456787109375 190.0352020263672 249.49456787109375
189.8231964111328 182.15255737304688 213.49802207946777 182.15255737304688 213.49802207946777 249.7715301513672 189.8231964111328 249.7715301513672
189.43099975585938 184.1792449951172 212.75241470336914 184.1792449951172 212.75241470336914 252.2068099975586 189.43099975585938 252.2068099975586
189.21017456054688 184.15255737304688 212.98354721069336 184.15255737304688 212.98354721069336 251.56055450439453 189.21017456054688 251.56055450439453
187.7391357421875 180.382080078125 213.4050407409668 180.382080078125 213.4050407409668 251.70919036865234 187.7391357421875 251.70919036865234
188.43038940429688 182.87619018554688 212.4364128112793 182.87619018554688 212.4364128112793 252.96472930908203 188.43038940429688 252.96472930908203
186.2042694091797 179.87496948242188 212.45591163635254 179.87496948242188 212.45591163635254 250.38626098632812 186.2042694091797 250.38626098632812
185.8853302001953 180.1952362060547 212.07713890075684 180.1952362060547 212.07713890075684 252.75787353515625 185.8853302001953 252.75787353515625
186.23043823242188 178.9388885498047 211.93500328063965 178.9388885498047 211.93500328063965 250.47362518310547 186.23043823242188 250.47362518310547
185.80690002441406 179.96408081054688 211.25122451782227 179.96408081054688 211.25122451782227 253.3464126586914 185.80690002441406 253.3464126586914
186.3022918701172 180.43472290039062 211.26435661315918 180.43472290039062 211.26435661315918 253.08820343017578 186.3022918701172 253.08820343017578
186.330810546875 181.9459228515625 211.40245819091797 181.9459228515625 211.40245819091797 253.2461929321289 186.330810546875 253.2461929321289
184.75198364257812 181.86642456054688 210.6913185119629 181.86642456054688 210.6913185119629 254.19432067871094 184.75198364257812 254.19432067871094
184.68997192382812 181.58700561523438 211.48135375976562 181.58700561523438 211.48135375976562 254.16095733642578 184.68997192382812 254.16095733642578
184.17013549804688 182.6521453857422 211.00038146972656 182.6521453857422 211.00038146972656 255.45896911621094 184.17013549804688 255.45896911621094
184.59423828125 182.1409454345703 211.02593421936035 182.1409454345703 211.02593421936035 257.17200469970703 184.59423828125 257.17200469970703
184.67410278320312 182.99642944335938 210.65498733520508 182.99642944335938 210.65498733520508 256.0379943847656 184.67410278320312 256.0379943847656
183.29232788085938 182.04420471191406 210.61868858337402 182.04420471191406 210.61868858337402 257.56201171875 183.29232788085938 257.56201171875
183.4424591064453 183.21163940429688 210.2472686767578 183.21163940429688 210.2472686767578 257.2634811401367 183.4424591064453 257.2634811401367
182.72244262695312 182.9331512451172 209.7566623687744 182.9331512451172 209.7566623687744 257.47503662109375 182.72244262695312 257.47503662109375
182.74468994140625 185.1024627685547 209.3151035308838 185.1024627685547 209.3151035308838 258.99615478515625 182.74468994140625 258.99615478515625
179.44143676757812 181.7926483154297 209.0313835144043 181.7926483154297 209.0313835144043 258.07823181152344 179.44143676757812 258.07823181152344
179.0648956298828 182.2915496826172 208.76833724975586 182.2915496826172 208.76833724975586 257.7229690551758 179.0648956298828 257.7229690551758
178.73077392578125 181.99813842773438 207.43616676330566 181.99813842773438 207.43616676330566 259.7869338989258 178.73077392578125 259.7869338989258
178.09713745117188 182.92697143554688 206.8485050201416 182.92697143554688 206.8485050201416 259.00003814697266 178.09713745117188 259.00003814697266
177.3082275390625 180.78550720214844 206.63648414611816 180.78550720214844 206.63648414611816 258.6498336791992 177.3082275390625 258.6498336791992
178.89309692382812 184.19747924804688 206.5456142425537 184.19747924804688 206.5456142425537 260.9791946411133 178.89309692382812 260.9791946411133
177.92193603515625 182.8812713623047 206.49666786193848 182.8812713623047 206.49666786193848 258.5985336303711 177.92193603515625 258.5985336303711
178.8978271484375 186.5377197265625 206.4030647277832 186.5377197265625 206.4030647277832 260.9731216430664 178.8978271484375 260.9731216430664
179.1236572265625 186.19354248046875 206.33822631835938 186.19354248046875 206.33822631835938 262.1296844482422 179.1236572265625 262.1296844482422
178.363525390625 187.16061401367188 206.10597610473633 187.16061401367188 206.10597610473633 261.6880569458008 178.363525390625 261.6880569458008
178.220703125 185.8957977294922 206.22865676879883 185.8957977294922 206.22865676879883 259.0631408691406 178.220703125 259.0631408691406
177.79067993164062 184.2627410888672 205.89744186401367 184.2627410888672 205.89744186401367 260.1334228515625 177.79067993164062 260.1334228515625
177.66653442382812 188.08387756347656 204.50531578063965 188.08387756347656 204.50531578063965 262.23958587646484 177.66653442382812 262.23958587646484
177.80352783203125 187.1195831298828 204.6226291656494 187.1195831298828 204.6226291656494 260.5409393310547 177.80352783203125 260.5409393310547
177.11968994140625 187.24200439453125 204.07312393188477 187.24200439453125 204.07312393188477 263.42234802246094 177.11968994140625 263.42234802246094
176.00741577148438 186.98887634277344 204.11814308166504 186.98887634277344 204.11814308166504 264.69441986083984 176.00741577148438 264.69441986083984
175.99172973632812 186.85653686523438 203.33859252929688 186.85653686523438 203.33859252929688 262.98226165771484 175.99172973632812 262.98226165771484
175.19923400878906 187.43173217773438 202.94821548461914 187.43173217773438 202.94821548461914 265.15467071533203 175.19923400878906 265.15467071533203
174.42910766601562 185.9553680419922 202.08684730529785 185.9553680419922 202.08684730529785 263.6604766845703 174.42910766601562 263.6604766845703
175.2469024658203 187.52932739257812 201.3349666595459 187.52932739257812 201.3349666595459 263.2193069458008 175.2469024658203 263.2193069458008
173.96353149414062 188.3743896484375 200.52966690063477 188.3743896484375 200.52966690063477 264.9672088623047 173.96353149414062 264.9672088623047
173.80557250976562 186.30255126953125 199.8367519378662 186.30255126953125 199.8367519378662 262.64351654052734 173.80557250976562 262.64351654052734
173.8266143798828 190.27883911132812 199.4042911529541 190.27883911132812 199.4042911529541 263.6527557373047 173.8266143798828 263.6527557373047
174.28970336914062 194.42294311523438 198.88744163513184 194.42294311523438 198.88744163513184 266.6524887084961 174.28970336914062 266.6524887084961
173.5169677734375 194.40505981445312 199.28769493103027 194.40505981445312 199.28769493103027 266.1755065917969 173.5169677734375 266.1755065917969
172.4272918701172 195.11611938476562 198.0880069732666 195.11611938476562 198.0880069732666 268.48443603515625 172.4272918701172 268.48443603515625
172.1214141845703 195.78492736816406 197.92225074768066 195.78492736816406 197.92225074768066 270.1109390258789 172.1214141845703 270.1109390258789
172.6260223388672 194.67056274414062 197.70052337646484 194.67056274414062 197.70052337646484 269.19811248779297 172.6260223388672 269.19811248779297
172.06527709960938 195.9906463623047 196.9315586090088 195.9906463623047 196.9315586090088 269.1433639526367 172.06527709960938 269.1433639526367
172.26553344726562 194.30276489257812 196.54790115356445 194.30276489257812 196.54790115356445 267.5870361328125 172.26553344726562 267.5870361328125
171.15509033203125 194.3780059814453 196.3564052581787 194.3780059814453 196.3564052581787 268.74049377441406 171.15509033203125 268.74049377441406
170.6425323486328 195.22230529785156 195.84454154968262 195.22230529785156 195.84454154968262 270.10211181640625 170.6425323486328 270.10211181640625
169.98439025878906 194.7314453125 195.21751403808594 194.7314453125 195.21751403808594 271.3111114501953 169.98439025878906 271.3111114501953
168.90048217773438 193.8163604736328 195.3200340270996 193.8163604736328 195.3200340270996 269.123779296875 168.90048217773438 269.123779296875
168.0725555419922 194.23184204101562 194.68565368652344 194.23184204101562 194.68565368652344 269.1871109008789 168.0725555419922 269.1871109008789
168.1033172607422 194.1592254638672 193.45537948608398 194.1592254638672 193.45537948608398 269.2310485839844 168.1033172607422 269.2310485839844
167.8365020751953 195.92733764648438 192.96092224121094 195.92733764648438 192.96092224121094 270.7604217529297 167.8365020751953 270.7604217529297
168.16683959960938 196.57894897460938 193.08547973632812 196.57894897460938 193.08547973632812 271.4984893798828 168.16683959960938 271.4984893798828
167.85208129882812 196.8771514892578 192.9796257019043 196.8771514892578 192.9796257019043 270.1976852416992 167.85208129882812 270.1976852416992
167.54791259765625 196.72549438476562 191.91872024536133 196.72549438476562 191.91872024536133 271.121337890625 167.54791259765625 271.121337890625
166.8771514892578 198.93995666503906 191.90365600585938 198.93995666503906 191.90365600585938 271.88262939453125 166.8771514892578 271.88262939453125
166.8853302001953 198.82406616210938 191.0235195159912 198.82406616210938 191.0235195159912 273.3251419067383 166.8853302001953 273.3251419067383
166.49557495117188 199.83810424804688 191.01837921142578 199.83810424804688 191.01837921142578 272.1866149902344 166.49557495117188 272.1866149902344
166.19664001464844 201.24752807617188 190.72358322143555 201.24752807617188 190.72358322143555 272.42430114746094 166.19664001464844 272.42430114746094
165.36337280273438 203.5969696044922 189.37799453735352 203.5969696044922 189.37799453735352 274.7657470703125 165.36337280273438 274.7657470703125
164.7155303955078 200.53964233398438 189.5957374572754 200.53964233398438 189.5957374572754 273.70440673828125 164.7155303955078 273.70440673828125
163.62783813476562 199.87265014648438 188.80497550964355 199.87265014648438 188.80497550964355 273.67737579345703 163.62783813476562 273.67737579345703
163.411376953125 199.2194366455078 188.31090927124023 199.2194366455078 188.31090927124023 272.9524459838867 163.411376953125 272.9524459838867
162.34817504882812 199.5099334716797 187.45660018920898 199.5099334716797 187.45660018920898 274.6110382080078 162.34817504882812 274.6110382080078
162.18572998046875 198.82958984375 187.28900146484375 198.82958984375 187.28900146484375 272.7744140625 162.18572998046875 272.7744140625
161.4164581298828 202.54490661621094 186.67834091186523 202.54490661621094 186.67834091186523 275.17771911621094 161.4164581298828 275.17771911621094
160.13436889648438 201.81369018554688 185.75205612182617 201.81369018554688 185.75205612182617 275.65039825439453 160.13436889648438 275.65039825439453
160.1082305908203 201.3422393798828 184.979642868042 201.3422393798828 184.979642868042 274.53045654296875 160.1082305908203 274.53045654296875
159.4449005126953 201.13375854492188 184.55936431884766 201.13375854492188 184.55936431884766 272.7229766845703 159.4449005126953 272.7229766845703
159.38502502441406 201.03353881835938 184.2431240081787 201.03353881835938 184.2431240081787 275.3944396972656 159.38502502441406 275.3944396972656
158.4234161376953 200.33584594726562 183.59685707092285 200.33584594726562 183.59685707092285 274.5224380493164 158.4234161376953 274.5224380493164
157.16958618164062 204.41696166992188 183.1298713684082 204.41696166992188 183.1298713684082 276.57566833496094 157.16958618164062 276.57566833496094
156.3348846435547 201.15414428710938 182.9534568786621 201.15414428710938 182.9534568786621 277.18238067626953 156.3348846435547 277.18238067626953
155.58355712890625 201.1120147705078 182.50014686584473 201.1120147705078 182.50014686584473 276.1726531982422 155.58355712890625 276.1726531982422
155.2415008544922 201.79080200195312 181.52499961853027 201.79080200195312 181.52499961853027 277.7192840576172 155.2415008544922 277.7192840576172
153.83750915527344 202.355712890625 180.2865390777588 202.355712890625 180.2865390777588 278.54080963134766 153.83750915527344 278.54080963134766
153.34849548339844 202.41787719726562 180.05572891235352 202.41787719726562 180.05572891235352 280.2183532714844 153.34849548339844 280.2183532714844
151.91683959960938 202.55686950683594 179.40020751953125 202.55686950683594 179.40020751953125 280.2098617553711 151.91683959960938 280.2098617553711
150.95150756835938 201.6380157470703 179.37928771972656 201.6380157470703 179.37928771972656 281.60853576660156 150.95150756835938 281.60853576660156
149.93955993652344 202.40179443359375 178.48223495483398 202.40179443359375 178.48223495483398 280.7724609375 149.93955993652344 280.7724609375
148.09646606445312 199.89804077148438 177.98342323303223 199.89804077148438 177.98342323303223 279.59752655029297 148.09646606445312 279.59752655029297
147.04617309570312 201.15927124023438 176.99190139770508 201.15927124023438 176.99190139770508 280.5763702392578 147.04617309570312 280.5763702392578
147.215576171875 200.02706909179688 176.0272216796875 200.02706909179688 176.0272216796875 278.6776123046875 147.215576171875 278.6776123046875
145.97134399414062 201.458984375 174.85638046264648 201.458984375 174.85638046264648 278.6903610229492 145.97134399414062 278.6903610229492
146.21115112304688 201.20501708984375 174.69866561889648 201.20501708984375 174.69866561889648 278.48238372802734 146.21115112304688 278.48238372802734
144.4811248779297 202.2106170654297 173.85171127319336 202.2106170654297 173.85171127319336 277.6797866821289 144.4811248779297 277.6797866821289
144.31143188476562 201.9459991455078 174.17469215393066 201.9459991455078 174.17469215393066 278.34903717041016 144.31143188476562 278.34903717041016
143.879150390625 201.8755340576172 174.02637672424316 201.8755340576172 174.02637672424316 279.0905456542969 143.879150390625 279.0905456542969
143.10546875 203.9690399169922 173.31820678710938 203.9690399169922 173.31820678710938 281.86043548583984 143.10546875 281.86043548583984
143.08572387695312 202.52365112304688 173.3988151550293 202.52365112304688 173.3988151550293 280.7870635986328 143.08572387695312 280.7870635986328
142.12744140625 203.94105529785156 172.7578525543213 203.94105529785156 172.7578525543213 283.0210494995117 142.12744140625 283.0210494995117
142.395263671875 203.4912567138672 172.94028854370117 203.4912567138672 172.94028854370117 281.8132019042969 142.395263671875 281.8132019042969
140.46627807617188 203.30587768554688 171.12965965270996 203.30587768554688 171.12965965270996 283.2875213623047 140.46627807617188 283.2875213623047
139.8220672607422 202.3845672607422 171.3149814605713 202.3845672607422 171.3149814605713 282.61930084228516 139.8220672607422 282.61930084228516
139.788818359375 206.42593383789062 170.09385299682617 206.42593383789062 170.09385299682617 283.0724334716797 139.788818359375 283.0724334716797
139.12635803222656 206.89547729492188 168.61597633361816 206.89547729492188 168.61597633361816 283.27040100097656 139.12635803222656 283.27040100097656
138.74191284179688 206.84072875976562 167.7781219482422 206.84072875976562 167.7781219482422 284.4720001220703 138.74191284179688 284.4720001220703
138.52682495117188 207.9331512451172 167.51971435546875 207.9331512451172 167.51971435546875 285.3491516113281 138.52682495117188 285.3491516113281
136.50405883789062 204.7833251953125 167.08180236816406 204.7833251953125 167.08180236816406 283.5732421875 136.50405883789062 283.5732421875
136.0988311767578 207.07235717773438 166.01418495178223 207.07235717773438 166.01418495178223 285.420166015625 136.0988311767578 285.420166015625
135.36483764648438 205.8447265625 165.76316261291504 205.8447265625 165.76316261291504 285.1472396850586 135.36483764648438 285.1472396850586
135.29806518554688 208.1317901611328 164.8457145690918 208.1317901611328 164.8457145690918 284.9048767089844 135.29806518554688 284.9048767089844
133.85751342773438 204.7841796875 164.1464729309082 204.7841796875 164.1464729309082 284.15350341796875 133.85751342773438 284.15350341796875
134.1641387939453 206.74984741210938 163.75353622436523 206.74984741210938 163.75353622436523 284.0604705810547 134.1641387939453 284.0604705810547
134.68148803710938 209.45681762695312 163.2347469329834 209.45681762695312 163.2347469329834 285.62733459472656 134.68148803710938 285.62733459472656
134.7112274169922 210.92642211914062 163.28909301757812 210.92642211914062 163.28909301757812 285.39339447021484 134.7112274169922 285.39339447021484
136.17611694335938 211.57809448242188 162.54574012756348 211.57809448242188 162.54574012756348 283.66502380371094 136.17611694335938 283.66502380371094
135.2271728515625 211.3858642578125 162.3109130859375 211.3858642578125 162.3109130859375 284.88707733154297 135.2271728515625 284.88707733154297
134.65774536132812 211.00723266601562 160.89849853515625 211.00723266601562 160.89849853515625 282.9824981689453 134.65774536132812 282.9824981689453
134.624267578125 212.8091583251953 160.9434051513672 212.8091583251953 160.9434051513672 285.56788635253906 134.624267578125 285.56788635253906
134.02822875976562 211.90676879882812 159.49331283569336 211.90676879882812 159.49331283569336 284.48866271972656 134.02822875976562 284.48866271972656
133.44886779785156 213.41012573242188 158.64898109436035 213.41012573242188 158.64898109436035 288.1764373779297 133.44886779785156 288.1764373779297
132.8199462890625 213.8776397705078 158.10457229614258 213.8776397705078 158.10457229614258 289.66947174072266 132.8199462890625 289.66947174072266
131.38262939453125 211.4763946533203 156.99996948242188 211.4763946533203 156.99996948242188 285.6802749633789 131.38262939453125 285.6802749633789
131.15248107910156 212.1851348876953 156.61802291870117 212.1851348876953 156.61802291870117 286.7704620361328 131.15248107910156 286.7704620361328
129.94985961914062 211.90234375 155.69399452209473 211.90234375 155.69399452209473 286.3497085571289 129.94985961914062 286.3497085571289
129.73623657226562 210.7317352294922 153.94967079162598 210.7317352294922 153.94967079162598 284.5537109375 129.73623657226562 284.5537109375
128.52671813964844 215.0451202392578 153.40346336364746 215.0451202392578 153.40346336364746 287.7971725463867 128.52671813964844 287.7971725463867
126.9526596069336 214.03536987304688 152.49123573303223 214.03536987304688 152.49123573303223 287.9409942626953 126.9526596069336 287.9409942626953
127.09249114990234 215.4602508544922 151.6653347015381 215.4602508544922 151.6653347015381 289.59832763671875 127.09249114990234 289.59832763671875
126.4609603881836 215.6563262939453 151.26077842712402 215.6563262939453 151.26077842712402 288.80853271484375 126.4609603881836 288.80853271484375
126.69026184082031 215.1826171875 151.4698829650879 215.1826171875 151.4698829650879 288.42041778564453 126.69026184082031 288.42041778564453
124.9495620727539 216.2055206298828 151.05894660949707 216.2055206298828 151.05894660949707 290.82872772216797 124.9495620727539 290.82872772216797
123.77315521240234 217.16275024414062 150.33009719848633 217.16275024414062 150.33009719848633 292.4891052246094 123.77315521240234 292.4891052246094
123.65425872802734 216.78939819335938 149.20179557800293 216.78939819335938 149.20179557800293 293.1845397949219 123.65425872802734 293.1845397949219
122.7181167602539 217.1758575439453 148.92278671264648 217.1758575439453 148.92278671264648 294.0187683105469 122.7181167602539 294.0187683105469
121.2331314086914 217.12478637695312 147.78436660766602 217.12478637695312 147.78436660766602 293.8364944458008 121.2331314086914 293.8364944458008
120.35508728027344 217.0020294189453 147.05295753479004 217.0020294189453 147.05295753479004 293.1349639892578 120.35508728027344 293.1349639892578
121.07275390625 214.57028198242188 147.3176727294922 214.57028198242188 147.3176727294922 291.5474395751953 121.07275390625 291.5474395751953
119.28199768066406 217.0475616455078 145.96799087524414 217.0475616455078 145.96799087524414 294.54718017578125 119.28199768066406 294.54718017578125
117.10623931884766 217.6360626220703 144.30350494384766 217.6360626220703 144.30350494384766 293.50394439697266 117.10623931884766 293.50394439697266
115.81990814208984 216.20870971679688 144.12353134155273 216.20870971679688 144.12353134155273 293.8690948486328 115.81990814208984 293.8690948486328
113.11875915527344 217.8903350830078 141.89616012573242 217.8903350830078 141.89616012573242 294.0504379272461 113.11875915527344 294.0504379272461
112.7617416381836 218.5146484375 141.74449920654297 218.5146484375 141.74449920654297 293.88607025146484 112.7617416381836 293.88607025146484
112.02923583984375 217.64865112304688 140.4938201904297 217.64865112304688 140.4938201904297 294.85401153564453 112.02923583984375 294.85401153564453
111.3181381225586 217.18106079101562 139.5204200744629 217.18106079101562 139.5204200744629 294.6885528564453 111.3181381225586 294.6885528564453
109.95458984375 217.2430419921875 139.19024658203125 217.2430419921875 139.19024658203125 294.0788040161133 109.95458984375 294.0788040161133
110.48966979980469 219.691650390625 139.0001277923584 219.691650390625 139.0001277923584 296.4992141723633 110.48966979980469 296.4992141723633
109.9548110961914 219.8559112548828 138.99357223510742 219.8559112548828 138.99357223510742 298.1255416870117 109.9548110961914 298.1255416870117
107.76829528808594 217.569091796875 137.79864120483398 217.569091796875 137.79864120483398 296.3269958496094 107.76829528808594 296.3269958496094
107.59037780761719 219.3292236328125 137.99405479431152 219.3292236328125 137.99405479431152 298.2061004638672 107.59037780761719 298.2061004638672
108.18534088134766 217.043212890625 137.48228645324707 217.043212890625 137.48228645324707 295.8863525390625 108.18534088134766 295.8863525390625
107.6248779296875 218.6609344482422 136.2130584716797 218.6609344482422 136.2130584716797 297.66735076904297 107.6248779296875 297.66735076904297
106.321533203125 221.97314453125 135.23280715942383 221.97314453125 135.23280715942383 301.9789810180664 106.321533203125 301.9789810180664
104.95413970947266 222.2122802734375 134.91647148132324 222.2122802734375 134.91647148132324 302.7476348876953 104.95413970947266 302.7476348876953
104.45329284667969 222.0668487548828 134.38330459594727 222.0668487548828 134.38330459594727 302.3376770019531 104.45329284667969 302.3376770019531
102.65061950683594 224.30322265625 133.13095474243164 224.30322265625 133.13095474243164 304.92191314697266 102.65061950683594 304.92191314697266
102.08003234863281 221.2716827392578 132.10008811950684 221.2716827392578 132.10008811950684 301.97621154785156 102.08003234863281 301.97621154785156
101.89603424072266 221.7816162109375 131.33338737487793 221.7816162109375 131.33338737487793 304.35791778564453 101.89603424072266 304.35791778564453
100.47337341308594 223.04202270507812 128.94478225708008 223.04202270507812 128.94478225708008 302.4004211425781 100.47337341308594 302.4004211425781
99.50531005859375 220.9631805419922 128.36417770385742 220.9631805419922 128.36417770385742 301.54654693603516 99.50531005859375 301.54654693603516
98.4461441040039 222.5300750732422 127.44194793701172 222.5300750732422 127.44194793701172 304.87867736816406 98.4461441040039 304.87867736816406
96.97529602050781 225.52450561523438 125.88217544555664 225.52450561523438 125.88217544555664 303.81080627441406 96.97529602050781 303.81080627441406
97.1831283569336 224.14114379882812 125.20194625854492 224.14114379882812 125.20194625854492 303.0014343261719 97.1831283569336 303.0014343261719
96.98221588134766 223.1310577392578 124.38227653503418 223.1310577392578 124.38227653503418 302.0902862548828 96.98221588134766 302.0902862548828
95.51200103759766 224.66845703125 124.41159439086914 224.66845703125 124.41159439086914 303.3469696044922 95.51200103759766 303.3469696044922
95.52847290039062 227.09878540039062 123.62752723693848 227.09878540039062 123.62752723693848 305.0554656982422 95.52847290039062 305.0554656982422
94.22772216796875 226.9162139892578 123.50221633911133 226.9162139892578 123.50221633911133 306.0938415527344 94.22772216796875 306.0938415527344
93.99759674072266 225.4524383544922 122.5012035369873 225.4524383544922 122.5012035369873 305.5009765625 93.99759674072266 305.5009765625
93.35742950439453 224.82962036132812 121.50575065612793 224.82962036132812 121.50575065612793 306.3624954223633 93.35742950439453 306.3624954223633
92.02703857421875 226.38632202148438 120.81093215942383 226.38632202148438 120.81093215942383 306.90979766845703 92.02703857421875 306.90979766845703
90.82196807861328 225.25906372070312 120.24249076843262 225.25906372070312 120.24249076843262 308.3215866088867 90.82196807861328 308.3215866088867
88.8490982055664 224.803955078125 119.13776969909668 224.803955078125 119.13776969909668 309.8717269897461 88.8490982055664 309.8717269897461
87.78785705566406 224.3453826904297 119.27868270874023 224.3453826904297 119.27868270874023 309.65706634521484 87.78785705566406 309.65706634521484
86.25370788574219 225.7881622314453 118.00480651855469 225.7881622314453 118.00480651855469 310.57911682128906 86.25370788574219 310.57911682128906
85.75572967529297 223.79592895507812 116.64441108703613 223.79592895507812 116.64441108703613 310.5138626098633 85.75572967529297 310.5138626098633
83.9837646484375 222.55911254882812 115.46060752868652 222.55911254882812 115.46060752868652 312.1559829711914 83.9837646484375 312.1559829711914
83.54493713378906 224.79306030273438 114.2552604675293 224.79306030273438 114.2552604675293 311.80682373046875 83.54493713378906 311.80682373046875
82.32950592041016 225.44924926757812 112.96607780456543 225.44924926757812 112.96607780456543 311.5003356933594 82.32950592041016 311.5003356933594
82.66938781738281 226.7864990234375 112.20160293579102 226.7864990234375 112.20160293579102 312.9010238647461 82.66938781738281 312.9010238647461
80.8106460571289 224.0059051513672 110.78107452392578 224.0059051513672 110.78107452392578 310.7776870727539 80.8106460571289 310.7776870727539
79.466552734375 226.46768188476562 110.04849243164062 226.46768188476562 110.04849243164062 310.8572540283203 79.466552734375 310.8572540283203
78.59009552001953 225.25405883789062 109.17284965515137 225.25405883789062 109.17284965515137 310.48777770996094 78.59009552001953 310.48777770996094
76.65467071533203 225.29190063476562 109.00875091552734 225.29190063476562 109.00875091552734 311.06105041503906 76.65467071533203 311.06105041503906
74.99494934082031 229.5746612548828 107.64923858642578 229.5746612548828 107.64923858642578 318.0759811401367 74.99494934082031 318.0759811401367
74.37055969238281 227.6397705078125 107.63208389282227 227.6397705078125 107.63208389282227 315.6939239501953 74.37055969238281 315.6939239501953
74.17289733886719 229.173095703125 106.89460754394531 229.173095703125 106.89460754394531 316.02425384521484 74.17289733886719 316.02425384521484
73.56996154785156 227.2316436767578 105.98893737792969 227.2316436767578 105.98893737792969 314.5930862426758 73.56996154785156 314.5930862426758
71.57274627685547 225.32046508789062 105.05998992919922 225.32046508789062 105.05998992919922 312.88936614990234 71.57274627685547 312.88936614990234
71.82872009277344 229.65530395507812 104.16092681884766 229.65530395507812 104.16092681884766 315.59546661376953 71.82872009277344 315.59546661376953
71.30792236328125 229.5656280517578 103.64905166625977 229.5656280517578 103.64905166625977 317.72438049316406 71.30792236328125 317.72438049316406
69.46723937988281 232.08663940429688 101.4255428314209 232.08663940429688 101.4255428314209 316.20314025878906 69.46723937988281 316.20314025878906
67.401123046875 233.1573944091797 99.58308792114258 233.1573944091797 99.58308792114258 318.4212188720703 67.401123046875 318.4212188720703
65.37428283691406 231.04263305664062 97.89638137817383 231.04263305664062 97.89638137817383 318.6875305175781 65.37428283691406 318.6875305175781
64.55181884765625 229.7640838623047 97.21257781982422 229.7640838623047 97.21257781982422 317.95508575439453 64.55181884765625 317.95508575439453
63.2153205871582 232.9215545654297 95.3171157836914 232.9215545654297 95.3171157836914 320.55426025390625 63.2153205871582 320.55426025390625
61.7408447265625 233.0625762939453 93.78177642822266 233.0625762939453 93.78177642822266 318.25830841064453 61.7408447265625 318.25830841064453
61.11149215698242 233.333984375 92.90746307373047 233.333984375 92.90746307373047 318.1046600341797 61.11149215698242 318.1046600341797
59.73291015625 232.6962890625 92.15399932861328 232.6962890625 92.15399932861328 319.4419860839844 59.73291015625 319.4419860839844
58.86365509033203 229.8135528564453 90.91816711425781 229.8135528564453 90.91816711425781 315.86199951171875 58.86365509033203 315.86199951171875
56.320831298828125 233.2224578857422 88.57600402832031 233.2224578857422 88.57600402832031 318.97296142578125 56.320831298828125 318.97296142578125
55.667022705078125 233.36715698242188 88.35956192016602 233.36715698242188 88.35956192016602 319.91312408447266 55.667022705078125 319.91312408447266
54.89115524291992 234.35665893554688 87.79410171508789 234.35665893554688 87.79410171508789 321.74790954589844 54.89115524291992 321.74790954589844
54.93281173706055 233.3260498046875 87.15024185180664 233.3260498046875 87.15024185180664 321.7228469848633 54.93281173706055 321.7228469848633
52.954620361328125 235.1550750732422 85.2342300415039 235.1550750732422 85.2342300415039 320.96329498291016 52.954620361328125 320.96329498291016
51.39789962768555 236.3741455078125 84.52726364135742 236.3741455078125 84.52726364135742 323.1711883544922 51.39789962768555 323.1711883544922
50.906829833984375 237.1546173095703 84.64673614501953 237.1546173095703 84.64673614501953 323.9966125488281 50.906829833984375 323.9966125488281
50.041725158691406 237.5972137451172 83.07820129394531 237.5972137451172 83.07820129394531 321.6971664428711 50.041725158691406 321.6971664428711
48.18999481201172 237.7536163330078 81.24837493896484 237.7536163330078 81.24837493896484 322.3230895996094 48.18999481201172 322.3230895996094
48.1570930480957 238.4434051513672 80.09750366210938 238.4434051513672 80.09750366210938 323.4540481567383 48.1570930480957 323.4540481567383
46.849876403808594 239.46133422851562 78.7962875366211 239.46133422851562 78.7962875366211 325.23543548583984 46.849876403808594 325.23543548583984
45.528533935546875 236.59658813476562 76.55128479003906 236.59658813476562 76.55128479003906 322.8278350830078 45.528533935546875 322.8278350830078
44.97589874267578 237.94949340820312 75.84664535522461 237.94949340820312 75.84664535522461 323.9872589111328 44.97589874267578 323.9872589111328
43.486820220947266 238.3850555419922 74.45601272583008 238.3850555419922 74.45601272583008 323.05379486083984 43.486820220947266 323.05379486083984
42.1454963684082 239.1654510498047 74.80463790893555 239.1654510498047 74.80463790893555 325.0269470214844 42.1454963684082 325.0269470214844
41.9598388671875 238.16574096679688 74.09846115112305 238.16574096679688 74.09846115112305 325.17572021484375 41.9598388671875 325.17572021484375
41.0970344543457 239.40576171875 73.58800888061523 239.40576171875 73.58800888061523 325.0878143310547 41.0970344543457 325.0878143310547
38.69675827026367 241.1007080078125 73.23063278198242 241.1007080078125 73.23063278198242 327.7964630126953 38.69675827026367 327.7964630126953
37.02943420410156 240.9723358154297 72.09247207641602 240.9723358154297 72.09247207641602 329.30902099609375 37.02943420410156 329.30902099609375
35.427284240722656 241.0232696533203 70.47511291503906 241.0232696533203 70.47511291503906 331.90443420410156 35.427284240722656 331.90443420410156
34.20428466796875 240.95870971679688 70.62232971191406 240.95870971679688 70.62232971191406 332.47965240478516 34.20428466796875 332.47965240478516
32.87211608886719 244.70126342773438 69.38098907470703 244.70126342773438 69.38098907470703 336.9469757080078 32.87211608886719 336.9469757080078
31.45481300354004 242.4695281982422 67.7736988067627 242.4695281982422 67.7736988067627 335.16790771484375 31.45481300354004 335.16790771484375
30.049209594726562 243.83059692382812 67.00274276733398 243.83059692382812 67.00274276733398 338.49525451660156 30.049209594726562 338.49525451660156
28.925491333007812 242.21975708007812 66.55106735229492 242.21975708007812 66.55106735229492 336.5535202026367 28.925491333007812 336.5535202026367
28.297866821289062 242.2816162109375 64.98817825317383 242.2816162109375 64.98817825317383 340.31739807128906 28.297866821289062 340.31739807128906
25.36104965209961 242.62643432617188 62.95826721191406 242.62643432617188 62.95826721191406 338.52330780029297 25.36104965209961 338.52330780029297
24.449295043945312 243.5086669921875 61.80596160888672 243.5086669921875 61.80596160888672 339.3320999145508 24.449295043945312 339.3320999145508
24.394277572631836 242.4498748779297 60.59467887878418 242.4498748779297 60.59467887878418 339.34564208984375 24.394277572631836 339.34564208984375
22.413732528686523 243.47900390625 57.8548526763916 243.47900390625 57.8548526763916 337.46311950683594 22.413732528686523 337.46311950683594
21.327098846435547 244.77249145507812 56.774627685546875 244.77249145507812 56.774627685546875 339.57435607910156 21.327098846435547 339.57435607910156
20.506383895874023 244.8931427001953 56.537031173706055 244.8931427001953 56.537031173706055 339.73067474365234 20.506383895874023 339.73067474365234
19.21126937866211 245.1405487060547 56.13526916503906 245.1405487060547 56.13526916503906 340.91944122314453 19.21126937866211 340.91944122314453
16.896848678588867 245.4168701171875 54.0293025970459 245.4168701171875 54.0293025970459 343.13619232177734 16.896848678588867 343.13619232177734
15.437185287475586 246.3642120361328 53.86996269226074 246.3642120361328 53.86996269226074 343.1116485595703 15.437185287475586 343.1116485595703
14.486230850219727 243.947998046875 53.47456932067871 243.947998046875 53.47456932067871 345.0622100830078 14.486230850219727 345.0622100830078
11.598471641540527 244.19943237304688 52.38027095794678 244.19943237304688 52.38027095794678 346.3972854614258 11.598471641540527 346.3972854614258
11.107447624206543 247.03677368164062 49.68996334075928 247.03677368164062 49.68996334075928 348.3419647216797 11.107447624206543 348.3419647216797
9.827218055725098 246.1319580078125 49.09620761871338 246.1319580078125 49.09620761871338 348.48780822753906 9.827218055725098 348.48780822753906
7.78863525390625 250.135498046875 48.12324523925781 250.135498046875 48.12324523925781 352.830810546875 7.78863525390625 352.830810546875
