508.0 60.0 523.0 60.0 523.0 103.0 508.0 103.0
507.34625244140625 60.538307189941406 523.4160919189453 60.538307189941406 523.4160919189453 103.06963729858398 507.34625244140625 103.06963729858398
508.07421875 61.88151168823242 523.2644901275635 61.88151168823242 523.2644901275635 103.26780700683594 508.07421875 103.26780700683594
508.32025146484375 62.172386169433594 523.3571872711182 62.172386169433594 523.3571872711182 103.65869522094727 508.32025146484375 103.65869522094727
508.24932861328125 62.75171661376953 524.0144138336182 62.75171661376953 524.0144138336182 103.88982009887695 508.24932861328125 103.88982009887695
508.369873046875 62.2100715637207 523.8687028884888 62.2100715637207 523.8687028884888 104.01018524169922 508.369873046875 104.01018524169922
508.3570251464844 62.948455810546875 522.8393726348877 62.948455810546875 522.8393726348877 104.58005142211914 508.3570251464844 104.58005142211914
508.36151123046875 62.60662841796875 522.3013458251953 62.60662841796875 522.3013458251953 105.4090690612793 508.36151123046875 105.4090690612793
507.510009765625 60.92118453979492 522.3953628540039 60.92118453979492 522.3953628540039 104.74067306518555 507.510009765625 104.74067306518555
507.4405212402344 62.75541305541992 522.0499629974365 62.75541305541992 522.0499629974365 105.09774017333984 507.4405212402344 105.09774017333984
507.4331970214844 61.890869140625 522.1032772064209 61.890869140625 522.1032772064209 104.60756301879883 507.4331970214844 104.60756301879883
507.72320556640625 61.304039001464844 521.8774824142456 61.304039001464844 521.8774824142456 104.79346084594727 507.72320556640625 104.79346084594727
507.4361267089844 62.060523986816406 522.1838855743408 62.060523986816406 522.1838855743408 105.4251480102539 507.4361267089844 105.4251480102539
507.6963806152344 62.121185302734375 522.0621433258057 62.121185302734375 522.0621433258057 104.60709381103516 507.6963806152344 104.60709381103516
507.4024963378906 61.9495735168457 522.106840133667 61.9495735168457 522.106840133667 104.8916244506836 507.4024963378906 104.8916244506836
507.96954345703125 62.19480514526367 521.876202583313 62.19480514526367 521.876202583313 104.95057678222656 507.96954345703125 104.95057678222656
507.4856872558594 61.68227005004883 522.0547313690186 61.68227005004883 522.0547313690186 104.7209701538086 507.4856872558594 104.7209701538086
507.33258056640625 62.30120086669922 522.0875730514526 62.30120086669922 522.0875730514526 104.87765884399414 507.33258056640625 104.87765884399414
507.1044006347656 62.158042907714844 521.9148893356323 62.158042907714844 521.9148893356323 104.13190841674805 507.1044006347656 104.13190841674805
507.48260498046875 61.44329071044922 521.7764158248901 61.44329071044922 521.7764158248901 103.63121032714844 507.48260498046875 103.63121032714844
507.470458984375 62.216041564941406 521.6856126785278 62.216041564941406 521.6856126785278 104.93389129638672 507.470458984375 104.93389129638672
507.22039794921875 61.44789505004883 522.2179775238037 61.44789505004883 522.2179775238037 104.16962432861328 507.22039794921875 104.16962432861328
507.4599609375 61.61722946166992 521.8611879348755 61.61722946166992 521.8611879348755 104.79287719726562 507.4599609375 104.79287719726562
506.6683044433594 61.02565383911133 522.1549625396729 61.02565383911133 522.1549625396729 104.14908599853516 506.6683044433594 104.14908599853516
507.34063720703125 61.02302932739258 521.7597675323486 61.02302932739258 521.7597675323486 105.78702926635742 507.34063720703125 105.78702926635742
506.7926330566406 61.63616943359375 522.1258344650269 61.63616943359375 522.1258344650269 104.50197219848633 506.7926330566406 104.50197219848633
506.84716796875 61.35422897338867 521.8093109130859 61.35422897338867 521.8093109130859 105.18094253540039 506.84716796875 105.18094253540039
506.87432861328125 61.96778106689453 521.7289581298828 61.96778106689453 521.7289581298828 104.68754577636719 506.87432861328125 104.68754577636719
506.9458923339844 61.392547607421875 521.5388736724854 61.392547607421875 521.5388736724854 104.98907089233398 506.9458923339844 104.98907089233398
506.841796875 61.68224334716797 521.7669706344604 61.68224334716797 521.7669706344604 105.63185119628906 506.841796875 105.63185119628906
506.7289123535156 61.43974685668945 521.9401731491089 61.43974685668945 521.9401731491089 104.92452239990234 506.7289123535156 104.92452239990234
506.4153747558594 60.62969207763672 521.9909648895264 60.62969207763672 521.9909648895264 103.93557357788086 506.4153747558594 103.93557357788086
506.7236328125 62.0679931640625 521.6441249847412 62.0679931640625 521.6441249847412 104.51737976074219 506.7236328125 104.51737976074219
506.489501953125 60.60795974731445 521.5147762298584 60.60795974731445 521.5147762298584 104.43967819213867 506.489501953125 104.43967819213867
506.6390686035156 61.793479919433594 521.728609085083 61.793479919433594 521.728609085083 105.54389953613281 506.6390686035156 105.54389953613281
506.1473083496094 61.184776306152344 521.4279356002808 61.184776306152344 521.4279356002808 104.9167366027832 506.1473083496094 104.9167366027832
506.1493225097656 61.14744186401367 521.8275098800659 61.14744186401367 521.8275098800659 104.62151718139648 506.1493225097656 104.62151718139648
506.532958984375 61.2169189453125 521.6678638458252 61.2169189453125 521.6678638458252 105.39151382446289 506.532958984375 105.39151382446289
506.1343688964844 62.22113037109375 521.7551517486572 62.22113037109375 521.7551517486572 105.2320327758789 506.1343688964844 105.2320327758789
505.82623291015625 61.0330810546875 521.6938610076904 61.0330810546875 521.6938610076904 104.2036361694336 505.82623291015625 104.2036361694336
506.016357421875 61.485939025878906 521.4770841598511 61.485939025878906 521.4770841598511 103.85136032104492 506.016357421875 103.85136032104492
506.46136474609375 61.444480895996094 521.5328092575073 61.444480895996094 521.5328092575073 105.75186920166016 506.46136474609375 105.75186920166016
506.0068359375 61.76359176635742 521.5625019073486 61.76359176635742 521.5625019073486 105.28992080688477 506.0068359375 105.28992080688477
506.2054748535156 61.57243728637695 521.7019681930542 61.57243728637695 521.7019681930542 105.1760139465332 506.2054748535156 105.1760139465332
506.04595947265625 60.34596633911133 521.4542331695557 60.34596633911133 521.4542331695557 105.16607284545898 506.04595947265625 105.16607284545898
506.112548828125 61.13648223876953 521.6785535812378 61.13648223876953 521.6785535812378 106.4476547241211 506.112548828125 106.4476547241211
505.9518127441406 61.038414001464844 521.7212648391724 61.038414001464844 521.7212648391724 105.61021041870117 505.9518127441406 105.61021041870117
506.736328125 61.62133026123047 521.6936674118042 61.62133026123047 521.6936674118042 106.11968612670898 506.736328125 106.11968612670898
506.838623046875 60.23114013671875 521.4090881347656 60.23114013671875 521.4090881347656 104.9367790222168 506.838623046875 104.9367790222168
506.5732421875 61.528175354003906 522.0200099945068 61.528175354003906 522.0200099945068 106.40639114379883 506.5732421875 106.40639114379883
507.00665283203125 61.30536651611328 521.5475177764893 61.30536651611328 521.5475177764893 105.09530258178711 507.00665283203125 105.09530258178711
506.549072265625 60.61503219604492 521.6971435546875 60.61503219604492 521.6971435546875 105.66082382202148 506.549072265625 105.66082382202148
506.74658203125 61.05195236206055 521.7497911453247 61.05195236206055 521.7497911453247 106.42424392700195 506.74658203125 106.42424392700195
506.8006896972656 61.730934143066406 521.7828369140625 61.730934143066406 521.7828369140625 105.92681121826172 506.8006896972656 105.92681121826172
506.77606201171875 60.91933059692383 521.6610240936279 60.91933059692383 521.6610240936279 106.31147384643555 506.77606201171875 106.31147384643555
506.8017578125 61.28826141357422 521.5619716644287 61.28826141357422 521.5619716644287 105.77593231201172 506.8017578125 105.77593231201172
507.13116455078125 60.95258331298828 521.5322618484497 60.95258331298828 521.5322618484497 106.73625183105469 507.13116455078125 106.73625183105469
507.3902893066406 61.18400955200195 521.9703464508057 61.18400955200195 521.9703464508057 106.48299789428711 507.3902893066406 106.48299789428711
506.9820251464844 61.00847625732422 522.1230058670044 61.00847625732422 522.1230058670044 104.11270141601562 506.9820251464844 104.11270141601562
506.8170471191406 60.86359786987305 521.7914247512817 60.86359786987305 521.7914247512817 105.59554672241211 506.8170471191406 105.59554672241211
506.91925048828125 61.215721130371094 521.7613325119019 61.215721130371094 521.7613325119019 104.86756134033203 506.91925048828125 104.86756134033203
507.171630859375 62.25789260864258 521.9295606613159 62.25789260864258 521.9295606613159 106.11787033081055 507.171630859375 106.11787033081055
507.17205810546875 60.347930908203125 522.0881700515747 60.347930908203125 522.0881700515747 106.07925415039062 507.17205810546875 106.07925415039062
506.7242736816406 62.5808219909668 522.1375408172607 62.5808219909668 522.1375408172607 108.25235366821289 506.7242736816406 108.25235366821289
507.14776611328125 60.50988006591797 521.5808610916138 60.50988006591797 521.5808610916138 106.39401626586914 507.14776611328125 106.39401626586914
507.20135498046875 60.9266357421875 521.7159976959229 60.9266357421875 521.7159976959229 106.85799789428711 507.20135498046875 106.85799789428711
506.3018493652344 61.1462516784668 521.804440498352 61.1462516784668 521.804440498352 106.60382843017578 506.3018493652344 106.60382843017578
507.01763916015625 60.92194366455078 521.707781791687 60.92194366455078 521.707781791687 105.72689437866211 507.01763916015625 105.72689437866211
507.3882751464844 61.0936164855957 521.5193786621094 61.0936164855957 521.5193786621094 105.89790344238281 507.3882751464844 105.89790344238281
507.1560974121094 60.54926300048828 522.2067823410034 60.54926300048828 522.2067823410034 106.481201171875 507.1560974121094 106.481201171875
507.37237548828125 60.60460662841797 521.7427272796631 60.60460662841797 521.7427272796631 106.47273254394531 507.37237548828125 106.47273254394531
507.07421875 61.57861328125 521.6370315551758 61.57861328125 521.6370315551758 106.37989044189453 507.07421875 106.37989044189453
507.01739501953125 61.3345947265625 521.9618558883667 61.3345947265625 521.9618558883667 106.12895965576172 507.01739501953125 106.12895965576172
507.3485412597656 60.60260009765625 521.7492799758911 60.60260009765625 521.7492799758911 106.46943283081055 507.3485412597656 106.46943283081055
507.14385986328125 61.7877311706543 521.7649078369141 61.7877311706543 521.7649078369141 106.1001091003418 507.14385986328125 106.1001091003418
507.1734313964844 60.620750427246094 521.6218109130859 60.620750427246094 521.6218109130859 106.56137084960938 507.1734313964844 106.56137084960938
506.84320068359375 61.16901779174805 521.8117847442627 61.16901779174805 521.8117847442627 105.46532440185547 506.84320068359375 105.46532440185547
506.9107360839844 61.112693786621094 521.8324069976807 61.112693786621094 521.8324069976807 105.61625289916992 506.9107360839844 105.61625289916992
507.11004638671875 61.034141540527344 521.7777881622314 61.034141540527344 521.7777881622314 106.11571502685547 507.11004638671875 106.11571502685547
507.47833251953125 60.95988845825195 521.8817958831787 60.95988845825195 521.8817958831787 106.8269271850586 507.47833251953125 106.8269271850586
506.7616271972656 60.195274353027344 522.3746337890625 60.195274353027344 522.3746337890625 106.77059936523438 506.7616271972656 106.77059936523438
507.186279296875 61.4119987487793 521.5271453857422 61.4119987487793 521.5271453857422 105.47621536254883 507.186279296875 105.47621536254883
507.5953674316406 61.27519989013672 521.8155469894409 61.27519989013672 521.8155469894409 106.27412796020508 507.5953674316406 106.27412796020508
507.27447509765625 61.779144287109375 521.9134645462036 61.779144287109375 521.9134645462036 105.61099624633789 507.27447509765625 105.61099624633789
506.7440490722656 62.02610397338867 521.844388961792 62.02610397338867 521.844388961792 105.75146484375 506.7440490722656 105.75146484375
507.1869201660156 66.9334945678711 522.0590496063232 66.9334945678711 522.0590496063232 117.47307968139648 507.1869201660156 117.47307968139648
507.27508544921875 73.26332092285156 522.007550239563 73.26332092285156 522.007550239563 118.75661849975586 507.27508544921875 118.75661849975586
507.4864196777344 73.3854751586914 522.3070373535156 73.3854751586914 522.3070373535156 118.74485778808594 507.4864196777344 118.74485778808594
507.58782958984375 73.3353271484375 521.957555770874 73.3353271484375 521.957555770874 120.02897262573242 507.58782958984375 120.02897262573242
507.3974609375 72.86100769042969 522.023344039917 72.86100769042969 522.023344039917 119.41118621826172 507.3974609375 119.41118621826172
507.48162841796875 73.09442901611328 522.2177076339722 73.09442901611328 522.2177076339722 119.70120620727539 507.48162841796875 119.70120620727539
507.39532470703125 73.52922821044922 522.1584873199463 73.52922821044922 522.1584873199463 120.15781021118164 507.39532470703125 120.15781021118164
507.45843505859375 74.8158187866211 522.3369674682617 74.8158187866211 522.3369674682617 119.88998413085938 507.45843505859375 119.88998413085938
507.61328125 74.8311767578125 522.7303638458252 74.8311767578125 522.7303638458252 120.9704360961914 507.61328125 120.9704360961914
507.6865234375 76.1258773803711 522.3088245391846 76.1258773803711 522.3088245391846 123.58465194702148 507.6865234375 123.58465194702148
507.33837890625 84.29722595214844 523.4347839355469 84.29722595214844 523.4347839355469 134.09099578857422 507.33837890625 134.09099578857422
507.83184814453125 91.7713623046875 524.1594524383545 91.7713623046875 524.1594524383545 137.8241958618164 507.83184814453125 137.8241958618164
508.1439514160156 92.39447784423828 524.433032989502 92.39447784423828 524.433032989502 137.18710708618164 508.1439514160156 137.18710708618164
508.48223876953125 91.42487335205078 524.8674259185791 91.42487335205078 524.8674259185791 137.6079216003418 508.48223876953125 137.6079216003418
509.2254943847656 91.3291244506836 525.3537864685059 91.3291244506836 525.3537864685059 137.99720764160156 509.2254943847656 137.99720764160156
509.12841796875 92.46732330322266 525.2480144500732 92.46732330322266 525.2480144500732 137.67072296142578 509.12841796875 137.67072296142578
509.97760009765625 91.92845153808594 526.2655849456787 91.92845153808594 526.2655849456787 137.31127166748047 509.97760009765625 137.31127166748047
510.3526306152344 92.21220397949219 526.5301933288574 92.21220397949219 526.5301933288574 138.24034118652344 510.3526306152344 138.24034118652344
510.5958557128906 92.56016540527344 526.9449863433838 92.56016540527344 526.9449863433838 136.44439315795898 510.5958557128906 136.44439315795898
510.8079528808594 93.231201171875 526.9024810791016 93.231201171875 526.9024810791016 137.0107879638672 510.8079528808594 137.0107879638672
510.87725830078125 92.7509765625 526.9034824371338 92.7509765625 526.9034824371338 138.39979553222656 510.87725830078125 138.39979553222656
510.3136291503906 92.63732147216797 526.6888427734375 92.63732147216797 526.6888427734375 137.17313766479492 510.3136291503906 137.17313766479492
510.4691467285156 93.2520751953125 525.761152267456 93.2520751953125 525.761152267456 139.3604507446289 510.4691467285156 139.3604507446289
510.00604248046875 93.72412872314453 525.4671840667725 93.72412872314453 525.4671840667725 140.0845489501953 510.00604248046875 140.0845489501953
509.0126037597656 93.16080474853516 524.6413021087646 93.16080474853516 524.6413021087646 139.3603515625 509.0126037597656 139.3603515625
508.89764404296875 93.26176452636719 524.1574811935425 93.26176452636719 524.1574811935425 140.72101593017578 508.89764404296875 140.72101593017578
508.72418212890625 94.67196655273438 523.3933410644531 94.67196655273438 523.3933410644531 140.64411163330078 508.72418212890625 140.64411163330078
508.546875 94.04531860351562 523.6166973114014 94.04531860351562 523.6166973114014 140.4342384338379 508.546875 140.4342384338379
508.4779357910156 96.1023941040039 522.894172668457 96.1023941040039 522.894172668457 140.74514770507812 508.4779357910156 140.74514770507812
508.0245666503906 93.82328796386719 523.333028793335 93.82328796386719 523.333028793335 138.76078033447266 508.0245666503906 138.76078033447266
508.00518798828125 94.09732818603516 523.2782077789307 94.09732818603516 523.2782077789307 139.13331604003906 508.00518798828125 139.13331604003906
507.88653564453125 96.94548034667969 522.8578186035156 96.94548034667969 522.8578186035156 141.19849395751953 507.88653564453125 141.19849395751953
507.6407165527344 97.44901275634766 522.677734375 97.44901275634766 522.677734375 143.2064437866211 507.6407165527344 143.2064437866211
507.17999267578125 95.9456558227539 522.6068925857544 95.9456558227539 522.6068925857544 142.35577011108398 507.17999267578125 142.35577011108398
507.04864501953125 97.02337646484375 522.4674348831177 97.02337646484375 522.4674348831177 142.37396240234375 507.04864501953125 142.37396240234375
506.59228515625 95.01409149169922 522.1347560882568 95.01409149169922 522.1347560882568 142.21527862548828 506.59228515625 142.21527862548828
505.63775634765625 96.4230728149414 521.4753694534302 96.4230728149414 521.4753694534302 143.82891082763672 505.63775634765625 143.82891082763672
504.72088623046875 98.88428497314453 520.5659866333008 98.88428497314453 520.5659866333008 144.81089782714844 504.72088623046875 144.81089782714844
504.01220703125 99.35301971435547 519.6681308746338 99.35301971435547 519.6681308746338 144.6929588317871 504.01220703125 144.6929588317871
503.3448181152344 100.10523986816406 518.9285659790039 100.10523986816406 518.9285659790039 145.1143035888672 503.3448181152344 145.1143035888672
503.35003662109375 99.7897720336914 518.7833805084229 99.7897720336914 518.7833805084229 146.4707260131836 503.35003662109375 146.4707260131836
503.69305419921875 98.67121887207031 519.2087841033936 98.67121887207031 519.2087841033936 145.32248306274414 503.69305419921875 145.32248306274414
503.81024169921875 98.7066421508789 518.787389755249 98.7066421508789 518.787389755249 145.85993576049805 503.81024169921875 145.85993576049805
503.92791748046875 100.66072082519531 518.770993232727 100.66072082519531 518.770993232727 147.70597457885742 503.92791748046875 147.70597457885742
504.0692443847656 98.79683685302734 519.1003313064575 98.79683685302734 519.1003313064575 145.9109649658203 504.0692443847656 145.9109649658203
504.5555725097656 97.86097717285156 519.7577533721924 97.86097717285156 519.7577533721924 145.18975448608398 504.5555725097656 145.18975448608398
504.4662170410156 99.33177185058594 518.955325126648 99.33177185058594 518.955325126648 145.90177154541016 504.4662170410156 145.90177154541016
504.60589599609375 100.04061126708984 520.0379762649536 100.04061126708984 520.0379762649536 145.75477981567383 504.60589599609375 145.75477981567383
504.25665283203125 99.87846374511719 520.1656141281128 99.87846374511719 520.1656141281128 146.4637908935547 504.25665283203125 146.4637908935547
504.52081298828125 100.12287902832031 520.3941698074341 100.12287902832031 520.3941698074341 145.36880111694336 504.52081298828125 145.36880111694336
504.7188415527344 99.83312225341797 520.026819229126 99.83312225341797 520.026819229126 144.91864776611328 504.7188415527344 144.91864776611328
504.97760009765625 99.65675354003906 519.9388933181763 99.65675354003906 519.9388933181763 145.61902618408203 504.97760009765625 145.61902618408203
504.37548828125 98.44606018066406 519.7368469238281 98.44606018066406 519.7368469238281 144.25965881347656 504.37548828125 144.25965881347656
504.89324951171875 99.77632904052734 519.8231477737427 99.77632904052734 519.8231477737427 145.75873947143555 504.89324951171875 145.75873947143555
504.09112548828125 99.24403381347656 520.1854972839355 99.24403381347656 520.1854972839355 145.46413803100586 504.09112548828125 145.46413803100586
504.18359375 98.10365295410156 520.1373348236084 98.10365295410156 520.1373348236084 146.42288970947266 504.18359375 146.42288970947266
503.89215087890625 98.09596252441406 520.1160278320312 98.09596252441406 520.1160278320312 147.58110427856445 503.89215087890625 147.58110427856445
503.72552490234375 97.90376281738281 519.9730415344238 97.90376281738281 519.9730415344238 147.17168426513672 503.72552490234375 147.17168426513672
503.9161682128906 98.92772674560547 519.628511428833 98.92772674560547 519.628511428833 146.94940948486328 503.9161682128906 146.94940948486328
502.85260009765625 98.5652847290039 519.2920532226562 98.5652847290039 519.2920532226562 147.5159912109375 502.85260009765625 147.5159912109375
502.80047607421875 100.38947296142578 518.8460960388184 100.38947296142578 518.8460960388184 147.60693359375 502.80047607421875 147.60693359375
502.64178466796875 100.53290557861328 518.2571086883545 100.53290557861328 518.2571086883545 148.26079177856445 502.64178466796875 148.26079177856445
502.5884704589844 101.2799301147461 518.3340740203857 101.2799301147461 518.3340740203857 148.5367202758789 502.5884704589844 148.5367202758789
501.74609375 102.31884765625 516.834454536438 102.31884765625 516.834454536438 147.53377532958984 501.74609375 147.53377532958984
500.9139709472656 102.60296630859375 517.1076679229736 102.60296630859375 517.1076679229736 148.69475555419922 500.9139709472656 148.69475555419922
501.14849853515625 103.30293273925781 516.2522125244141 103.30293273925781 516.2522125244141 149.4633026123047 501.14849853515625 149.4633026123047
500.1795959472656 102.86808776855469 516.0342655181885 102.86808776855469 516.0342655181885 149.42760467529297 500.1795959472656 149.42760467529297
500.2479553222656 103.0999526977539 515.2229843139648 103.0999526977539 515.2229843139648 149.36900329589844 500.2479553222656 149.36900329589844
499.8875427246094 104.16670989990234 514.64075756073 104.16670989990234 514.64075756073 148.6368179321289 499.8875427246094 148.6368179321289
499.2073669433594 104.57952880859375 514.2778472900391 104.57952880859375 514.2778472900391 150.09473419189453 499.2073669433594 150.09473419189453
499.0443420410156 103.7828369140625 514.4712924957275 103.7828369140625 514.4712924957275 149.4992446899414 499.0443420410156 149.4992446899414
498.1295471191406 104.11695861816406 514.1227474212646 104.11695861816406 514.1227474212646 149.2967872619629 498.1295471191406 149.2967872619629
498.431884765625 104.33149719238281 513.5313138961792 104.33149719238281 513.5313138961792 149.5794334411621 498.431884765625 149.5794334411621
498.3412170410156 104.14720153808594 513.148196220398 104.14720153808594 513.148196220398 150.32062911987305 498.3412170410156 150.32062911987305
497.4087829589844 105.382568359375 512.9474458694458 105.382568359375 512.9474458694458 150.0019416809082 497.4087829589844 150.0019416809082
496.92718505859375 105.07259368896484 512.9597644805908 105.07259368896484 512.9597644805908 150.55947875976562 496.92718505859375 150.55947875976562
496.8915100097656 106.16600036621094 512.3963775634766 106.16600036621094 512.3963775634766 150.56812286376953 496.8915100097656 150.56812286376953
496.76470947265625 107.9078140258789 512.3930721282959 107.9078140258789 512.3930721282959 151.46078491210938 496.76470947265625 151.46078491210938
496.3482971191406 108.7154769897461 511.7311096191406 108.7154769897461 511.7311096191406 154.5491485595703 496.3482971191406 154.5491485595703
496.41650390625 108.681640625 511.78296184539795 108.681640625 511.78296184539795 153.43859100341797 496.41650390625 153.43859100341797
495.9888610839844 108.26225280761719 511.7754726409912 108.26225280761719 511.7754726409912 152.84130096435547 495.9888610839844 152.84130096435547
496.25115966796875 108.69606018066406 511.5049362182617 108.69606018066406 511.5049362182617 153.10510635375977 496.25115966796875 153.10510635375977
495.5047912597656 107.54034423828125 511.6371479034424 107.54034423828125 511.6371479034424 153.87208938598633 495.5047912597656 153.87208938598633
495.8046875 107.6684341430664 511.78343772888184 107.6684341430664 511.78343772888184 153.31746292114258 495.8046875 153.31746292114258
495.45648193359375 108.8277587890625 511.29121112823486 108.8277587890625 511.29121112823486 153.12214279174805 495.45648193359375 153.12214279174805
495.8985290527344 109.63911437988281 511.93689918518066 109.63911437988281 511.93689918518066 154.2457160949707 495.8985290527344 154.2457160949707
495.05615234375 108.64872741699219 511.6419906616211 108.64872741699219 511.6419906616211 153.93332290649414 495.05615234375 153.93332290649414
495.7786560058594 108.77046203613281 512.0695953369141 108.77046203613281 512.0695953369141 153.47812271118164 495.7786560058594 153.47812271118164
495.4507751464844 109.97111511230469 512.4465579986572 109.97111511230469 512.4465579986572 153.52977752685547 495.4507751464844 153.52977752685547
495.54754638671875 108.7250747680664 511.6913414001465 108.7250747680664 511.6913414001465 153.465576171875 495.54754638671875 153.465576171875
495.52374267578125 110.95760345458984 512.5920162200928 110.95760345458984 512.5920162200928 154.47342681884766 495.52374267578125 154.47342681884766
495.5205993652344 109.4202880859375 511.425931930542 109.4202880859375 511.425931930542 152.78820037841797 495.5205993652344 152.78820037841797
495.2925720214844 109.8494873046875 511.5872497558594 109.8494873046875 511.5872497558594 154.30907440185547 495.2925720214844 154.30907440185547
494.58026123046875 110.10285949707031 511.04151153564453 110.10285949707031 511.04151153564453 154.79528045654297 494.58026123046875 154.79528045654297
494.22930908203125 108.77674865722656 510.66122817993164 108.77674865722656 510.66122817993164 156.65681838989258 494.22930908203125 156.65681838989258
493.91973876953125 111.6742935180664 510.5521774291992 111.6742935180664 510.5521774291992 157.52627182006836 493.91973876953125 157.52627182006836
494.1427307128906 109.93460845947266 510.4908390045166 109.93460845947266 510.4908390045166 155.87389373779297 494.1427307128906 155.87389373779297
493.89422607421875 109.84578704833984 510.8619842529297 109.84578704833984 510.8619842529297 156.09356307983398 493.89422607421875 156.09356307983398
493.68048095703125 109.4247817993164 510.1996440887451 109.4247817993164 510.1996440887451 154.55027770996094 493.68048095703125 154.55027770996094
494.04302978515625 111.18359375 510.2909755706787 111.18359375 510.2909755706787 155.90270233154297 494.04302978515625 155.90270233154297
494.3927307128906 110.6374740600586 509.82909870147705 110.6374740600586 509.82909870147705 156.0338249206543 494.3927307128906 156.0338249206543
493.47747802734375 109.58168029785156 509.9803237915039 109.58168029785156 509.9803237915039 156.09869766235352 493.47747802734375 156.09869766235352
493.89202880859375 109.4665756225586 509.8077211380005 109.4665756225586 509.8077211380005 155.59592819213867 493.89202880859375 155.59592819213867
493.7938537597656 108.31477355957031 510.04249000549316 108.31477355957031 510.04249000549316 154.7505874633789 493.7938537597656 154.7505874633789
494.07659912109375 110.44334411621094 509.69244956970215 110.44334411621094 509.69244956970215 156.32393264770508 494.07659912109375 156.32393264770508
493.97930908203125 110.2139663696289 510.13467025756836 110.2139663696289 510.13467025756836 154.91090393066406 493.97930908203125 154.91090393066406
494.49456787109375 110.09310150146484 510.3369598388672 110.09310150146484 510.3369598388672 155.5205841064453 494.49456787109375 155.5205841064453
493.9331970214844 109.8091049194336 510.32962226867676 109.8091049194336 510.32962226867676 154.1546173095703 493.9331970214844 154.1546173095703
494.109130859375 110.411865234375 510.3591499328613 110.411865234375 510.3591499328613 155.61034393310547 494.109130859375 155.61034393310547
494.507080078125 110.89332580566406 509.91419982910156 110.89332580566406 509.91419982910156 156.42304229736328 494.507080078125 156.42304229736328
493.966064453125 109.90129089355469 510.0372123718262 109.90129089355469 510.0372123718262 154.32701110839844 493.966064453125 154.32701110839844
494.4917907714844 109.87420654296875 509.6021213531494 109.87420654296875 509.6021213531494 155.46369552612305 494.4917907714844 155.46369552612305
494.29034423828125 110.84562683105469 509.80394554138184 110.84562683105469 509.80394554138184 155.99185943603516 494.29034423828125 155.99185943603516
494.0377502441406 111.95259857177734 509.76624584198 111.95259857177734 509.76624584198 156.5311279296875 494.0377502441406 156.5311279296875
493.83392333984375 110.8095932006836 509.9903106689453 110.8095932006836 509.9903106689453 155.79423904418945 493.83392333984375 155.79423904418945
494.05621337890625 109.21403503417969 509.79817485809326 109.21403503417969 509.79817485809326 154.55084991455078 494.05621337890625 154.55084991455078
493.9013671875 110.202880859375 509.748327255249 110.202880859375 509.748327255249 154.6021499633789 493.9013671875 154.6021499633789
493.97943115234375 109.48054504394531 509.56689453125 109.48054504394531 509.56689453125 155.21471786499023 493.97943115234375 155.21471786499023
493.57965087890625 108.06330871582031 509.74371337890625 108.06330871582031 509.74371337890625 154.30958557128906 493.57965087890625 154.30958557128906
493.48260498046875 108.44635009765625 509.6844596862793 108.44635009765625 509.6844596862793 155.20032119750977 493.48260498046875 155.20032119750977
493.14532470703125 107.97969818115234 510.2018165588379 107.97969818115234 510.2018165588379 154.5980453491211 493.14532470703125 154.5980453491211
493.68359375 109.20326232910156 509.2531223297119 109.20326232910156 509.2531223297119 153.46547317504883 493.68359375 153.46547317504883
493.60821533203125 107.65229797363281 509.5899019241333 107.65229797363281 509.5899019241333 152.8416976928711 493.60821533203125 152.8416976928711
493.2384338378906 108.7659912109375 509.37252044677734 108.7659912109375 509.37252044677734 155.3891944885254 493.2384338378906 155.3891944885254
493.5577697753906 107.05088806152344 510.5439109802246 107.05088806152344 510.5439109802246 153.66819763183594 493.5577697753906 153.66819763183594
493.8065490722656 109.3478775024414 509.29279041290283 109.3478775024414 509.29279041290283 155.7805633544922 493.8065490722656 155.7805633544922
493.6742248535156 107.64891052246094 510.08440589904785 107.64891052246094 510.08440589904785 153.9111099243164 493.6742248535156 153.9111099243164
476.80877685546875 108.5973892211914 493.685359954834 108.5973892211914 493.685359954834 156.97690963745117 476.80877685546875 156.97690963745117
458.86737060546875 110.77996826171875 477.1419143676758 110.77996826171875 477.1419143676758 153.2270622253418 458.86737060546875 153.2270622253418
445.2477111816406 109.40191650390625 463.47133445739746 109.40191650390625 463.47133445739746 150.9046859741211 445.2477111816406 150.9046859741211
439.88055419921875 108.72502136230469 456.9091682434082 108.72502136230469 456.9091682434082 154.26898574829102 439.88055419921875 154.26898574829102
440.2530212402344 109.2035903930664 456.48071098327637 109.2035903930664 456.48071098327637 155.34424591064453 440.2530212402344 155.34424591064453
440.66033935546875 108.89866638183594 457.31599044799805 108.89866638183594 457.31599044799805 155.4767608642578 440.66033935546875 155.4767608642578
441.7649841308594 109.33726501464844 457.3751859664917 109.33726501464844 457.3751859664917 154.61932373046875 441.7649841308594 154.61932373046875
442.88482666015625 108.4017105102539 458.1040515899658 108.4017105102539 458.1040515899658 154.00172805786133 442.88482666015625 154.00172805786133
431.611328125 107.77989196777344 449.8703212738037 107.77989196777344 449.8703212738037 152.45480346679688 431.611328125 152.45480346679688
414.67315673828125 105.3106689453125 432.83098793029785 105.3106689453125 432.83098793029785 151.04232788085938 414.67315673828125 151.04232788085938
396.9825439453125 109.19405364990234 416.4734401702881 109.19405364990234 416.4734401702881 152.7535858154297 396.9825439453125 152.7535858154297
393.81365966796875 107.53804779052734 411.0528373718262 107.53804779052734 411.0528373718262 151.70439529418945 393.81365966796875 151.70439529418945
395.11669921875 108.79963684082031 411.5260639190674 108.79963684082031 411.5260639190674 152.3598976135254 395.11669921875 152.3598976135254
394.79168701171875 109.99566650390625 411.16805267333984 109.99566650390625 411.16805267333984 154.40973663330078 394.79168701171875 154.40973663330078
395.7102355957031 106.5625228881836 411.26865673065186 106.5625228881836 411.26865673065186 152.06859970092773 395.7102355957031 152.06859970092773
395.6438293457031 105.93148040771484 412.01610565185547 105.93148040771484 412.01610565185547 152.7371063232422 395.6438293457031 152.7371063232422
396.0796203613281 106.23799133300781 413.02173805236816 106.23799133300781 413.02173805236816 152.0669937133789 396.0796203613281 152.0669937133789
397.7420349121094 104.25321197509766 414.1090145111084 104.25321197509766 414.1090145111084 152.79560470581055 397.7420349121094 152.79560470581055
399.44720458984375 104.265380859375 415.34624004364014 104.265380859375 415.34624004364014 151.7740821838379 399.44720458984375 151.7740821838379
400.7911682128906 103.58625793457031 415.7580394744873 103.58625793457031 415.7580394744873 149.7282943725586 400.7911682128906 149.7282943725586
400.88739013671875 101.67440795898438 416.55026721954346 101.67440795898438 416.55026721954346 147.76424407958984 400.88739013671875 147.76424407958984
402.606689453125 103.55936431884766 417.3145570755005 103.55936431884766 417.3145570755005 147.62589263916016 402.606689453125 147.62589263916016
402.0465393066406 103.07861328125 417.2229280471802 103.07861328125 417.2229280471802 149.96265411376953 402.0465393066406 149.96265411376953
402.0928039550781 102.83210754394531 418.16572761535645 102.83210754394531 418.16572761535645 147.86718368530273 402.0928039550781 147.86718368530273
402.41802978515625 100.6018295288086 418.1924772262573 100.6018295288086 418.1924772262573 148.0154571533203 402.41802978515625 148.0154571533203
403.6997985839844 100.65265655517578 418.5937786102295 100.65265655517578 418.5937786102295 146.48650741577148 403.6997985839844 146.48650741577148
404.0013427734375 99.49992370605469 419.3668518066406 99.49992370605469 419.3668518066406 146.43071746826172 404.0013427734375 146.43071746826172
403.80084228515625 99.39270782470703 419.4362487792969 99.39270782470703 419.4362487792969 147.16929626464844 403.80084228515625 147.16929626464844
404.15478515625 99.11119079589844 420.18252182006836 99.11119079589844 420.18252182006836 146.94925689697266 404.15478515625 146.94925689697266
405.0086364746094 100.29032897949219 420.49825286865234 100.29032897949219 420.49825286865234 146.41555404663086 405.0086364746094 146.41555404663086
405.87139892578125 98.68631744384766 421.1888885498047 98.68631744384766 421.1888885498047 144.6671905517578 405.87139892578125 144.6671905517578
406.51324462890625 98.3908920288086 421.8084964752197 98.3908920288086 421.8084964752197 145.1005401611328 406.51324462890625 145.1005401611328
406.951171875 96.75081634521484 422.4871597290039 96.75081634521484 422.4871597290039 144.06347274780273 406.951171875 144.06347274780273
407.18731689453125 98.4583969116211 422.1067371368408 98.4583969116211 422.1067371368408 143.79093551635742 407.18731689453125 143.79093551635742
407.4032287597656 96.96919250488281 422.4739103317261 96.96919250488281 422.4739103317261 143.07184219360352 407.4032287597656 143.07184219360352
407.3697204589844 96.65768432617188 422.9506778717041 96.65768432617188 422.9506778717041 143.86113357543945 407.3697204589844 143.86113357543945
407.905517578125 95.65864562988281 423.04381370544434 95.65864562988281 423.04381370544434 141.45970916748047 407.905517578125 141.45970916748047
407.77557373046875 98.80705261230469 423.0059814453125 98.80705261230469 423.0059814453125 141.16698455810547 407.77557373046875 141.16698455810547
408.0347595214844 96.93133544921875 423.4185333251953 96.93133544921875 423.4185333251953 142.9997329711914 408.0347595214844 142.9997329711914
407.87744140625 95.73504638671875 423.24461936950684 95.73504638671875 423.24461936950684 141.40798568725586 407.87744140625 141.40798568725586
408.4353942871094 95.77320098876953 423.543568611145 95.77320098876953 423.543568611145 141.67156982421875 408.4353942871094 141.67156982421875
408.63739013671875 95.97270202636719 423.8363265991211 95.97270202636719 423.8363265991211 141.74258422851562 408.63739013671875 141.74258422851562
409.15460205078125 95.7928466796875 424.10079765319824 95.7928466796875 424.10079765319824 141.8629035949707 409.15460205078125 141.8629035949707
409.65972900390625 94.44108581542969 424.9814910888672 94.44108581542969 424.9814910888672 140.56540298461914 409.65972900390625 140.56540298461914
409.966552734375 94.39933776855469 425.086950302124 94.39933776855469 425.086950302124 138.31043243408203 409.966552734375 138.31043243408203
409.9072265625 95.4868392944336 425.3335247039795 95.4868392944336 425.3335247039795 139.01210021972656 409.9072265625 139.01210021972656
409.9219665527344 94.40327453613281 424.948842048645 94.40327453613281 424.948842048645 139.33794021606445 409.9219665527344 139.33794021606445
409.1184387207031 94.00382995605469 424.53862476348877 94.00382995605469 424.53862476348877 138.54846954345703 409.1184387207031 138.54846954345703
409.55096435546875 94.18266296386719 424.56706523895264 94.18266296386719 424.56706523895264 138.72007751464844 409.55096435546875 138.72007751464844
409.4345397949219 93.4287109375 424.4134521484375 93.4287109375 424.4134521484375 138.50234985351562 409.4345397949219 138.50234985351562
409.64825439453125 92.95623016357422 425.13157081604004 92.95623016357422 425.13157081604004 138.35643005371094 409.64825439453125 138.35643005371094
409.83221435546875 93.01387786865234 425.39320182800293 93.01387786865234 425.39320182800293 139.17941284179688 409.83221435546875 139.17941284179688
410.156005859375 91.95738220214844 425.8355007171631 91.95738220214844 425.8355007171631 139.19710540771484 410.156005859375 139.19710540771484
410.6695251464844 93.14764404296875 426.5529832839966 93.14764404296875 426.5529832839966 137.4708366394043 410.6695251464844 137.4708366394043
411.75146484375 92.32413482666016 427.5128450393677 92.32413482666016 427.5128450393677 135.46949005126953 411.75146484375 135.46949005126953
412.2989807128906 91.4769287109375 428.025408744812 91.4769287109375 428.025408744812 136.24522399902344 412.2989807128906 136.24522399902344
412.50091552734375 89.22734069824219 429.09695053100586 89.22734069824219 429.09695053100586 134.81274795532227 412.50091552734375 134.81274795532227
412.9100036621094 89.96900177001953 428.95583724975586 89.96900177001953 428.95583724975586 134.2602310180664 412.9100036621094 134.2602310180664
413.6680603027344 91.0587158203125 429.60575580596924 91.0587158203125 429.60575580596924 132.41643142700195 413.6680603027344 132.41643142700195
413.74273681640625 89.82652282714844 430.152042388916 89.82652282714844 430.152042388916 132.40883255004883 413.74273681640625 132.40883255004883
414.362060546875 89.75440216064453 429.80387687683105 89.75440216064453 429.80387687683105 133.18921661376953 414.362060546875 133.18921661376953
414.058349609375 89.14170837402344 430.5592613220215 89.14170837402344 430.5592613220215 133.4233283996582 414.058349609375 133.4233283996582
414.52447509765625 89.46619415283203 430.77379989624023 89.46619415283203 430.77379989624023 132.35220336914062 414.52447509765625 132.35220336914062
415.14208984375 89.09959411621094 432.08176040649414 89.09959411621094 432.08176040649414 131.55852508544922 415.14208984375 131.55852508544922
415.4169006347656 89.39012145996094 432.6075782775879 89.39012145996094 432.6075782775879 130.71303176879883 415.4169006347656 130.71303176879883
416.9933166503906 88.55833435058594 433.1306838989258 88.55833435058594 433.1306838989258 130.88088607788086 416.9933166503906 130.88088607788086
416.441162109375 89.0724868774414 433.272798538208 89.0724868774414 433.272798538208 130.20069885253906 416.441162109375 130.20069885253906
417.43511962890625 87.9917984008789 434.01397705078125 87.9917984008789 434.01397705078125 129.66167068481445 417.43511962890625 129.66167068481445
417.75323486328125 85.80551147460938 434.1391716003418 85.80551147460938 434.1391716003418 128.7876205444336 417.75323486328125 128.7876205444336
418.3499450683594 85.57418060302734 434.8158664703369 85.57418060302734 434.8158664703369 126.99032592773438 418.3499450683594 126.99032592773438
418.95245361328125 85.83949279785156 434.8885145187378 85.83949279785156 434.8885145187378 127.278076171875 418.95245361328125 127.278076171875
419.82659912109375 84.50996398925781 435.1647672653198 84.50996398925781 435.1647672653198 126.96252822875977 419.82659912109375 126.96252822875977
419.92889404296875 84.44259643554688 436.4162540435791 84.44259643554688 436.4162540435791 128.3027114868164 419.92889404296875 128.3027114868164
421.14666748046875 83.70284271240234 437.5366268157959 83.70284271240234 437.5366268157959 127.47406768798828 421.14666748046875 127.47406768798828
422.53363037109375 82.67869567871094 438.9022674560547 82.67869567871094 438.9022674560547 125.98385620117188 422.53363037109375 125.98385620117188
424.02166748046875 81.71174621582031 439.56736183166504 81.71174621582031 439.56736183166504 124.66063690185547 424.02166748046875 124.66063690185547
425.2530822753906 82.42556762695312 440.1442594528198 82.42556762695312 440.1442594528198 125.76400375366211 425.2530822753906 125.76400375366211
424.9966735839844 81.38938903808594 440.3381977081299 81.38938903808594 440.3381977081299 124.81225967407227 424.9966735839844 124.81225967407227
424.3404235839844 82.04490661621094 440.8704242706299 82.04490661621094 440.8704242706299 124.47742462158203 424.3404235839844 124.47742462158203
425.1858825683594 80.80577087402344 441.0124864578247 80.80577087402344 441.0124864578247 124.68671417236328 425.1858825683594 124.68671417236328
425.56329345703125 81.12162780761719 441.1001434326172 81.12162780761719 441.1001434326172 123.67468643188477 425.56329345703125 123.67468643188477
425.56817626953125 82.28868865966797 440.52869987487793 82.28868865966797 440.52869987487793 123.43451309204102 425.56817626953125 123.43451309204102
425.71429443359375 84.36793518066406 440.70232105255127 84.36793518066406 440.70232105255127 124.6601333618164 425.71429443359375 124.6601333618164
425.29705810546875 81.87396240234375 440.9322566986084 81.87396240234375 440.9322566986084 124.39509963989258 425.29705810546875 124.39509963989258
425.50048828125 82.1828384399414 440.76753425598145 82.1828384399414 440.76753425598145 124.25811386108398 425.50048828125 124.25811386108398
425.218505859375 81.76032257080078 440.50643157958984 81.76032257080078 440.50643157958984 123.6547622680664 425.218505859375 123.6547622680664
425.2274475097656 82.87844848632812 440.38072776794434 82.87844848632812 440.38072776794434 124.59038925170898 425.2274475097656 124.59038925170898
424.9998474121094 81.90803527832031 440.66871643066406 81.90803527832031 440.66871643066406 123.328125 424.9998474121094 123.328125
425.521728515625 82.67327880859375 440.45173835754395 82.67327880859375 440.45173835754395 123.69034576416016 425.521728515625 123.69034576416016
425.1312561035156 80.52644348144531 440.83091259002686 80.52644348144531 440.83091259002686 123.74635696411133 425.1312561035156 123.74635696411133
424.92645263671875 80.30541229248047 441.1994438171387 80.30541229248047 441.1994438171387 122.64511108398438 424.92645263671875 122.64511108398438
425.58404541015625 80.30217742919922 441.1507396697998 80.30217742919922 441.1507396697998 122.65108108520508 425.58404541015625 122.65108108520508
424.85137939453125 78.95021057128906 440.91020584106445 78.95021057128906 440.91020584106445 121.84586334228516 424.85137939453125 121.84586334228516
425.10369873046875 77.8595199584961 441.2120990753174 77.8595199584961 441.2120990753174 122.12884521484375 425.10369873046875 122.12884521484375
425.13592529296875 77.64173889160156 441.54430770874023 77.64173889160156 441.54430770874023 122.05613327026367 425.13592529296875 122.05613327026367
425.94671630859375 78.7547836303711 441.6086483001709 78.7547836303711 441.6086483001709 122.4985122680664 425.94671630859375 122.4985122680664
425.74603271484375 78.02936553955078 441.8387336730957 78.02936553955078 441.8387336730957 122.26689147949219 425.74603271484375 122.26689147949219
426.21759033203125 79.98069763183594 442.12466621398926 79.98069763183594 442.12466621398926 122.21095657348633 426.21759033203125 122.21095657348633
426.6142578125 78.65311431884766 442.0985870361328 78.65311431884766 442.0985870361328 121.29273223876953 426.6142578125 121.29273223876953
426.104248046875 77.80575561523438 442.2404079437256 77.80575561523438 442.2404079437256 121.70405960083008 426.104248046875 121.70405960083008
426.820068359375 78.81143951416016 442.3375492095947 78.81143951416016 442.3375492095947 122.3242416381836 426.820068359375 122.3242416381836
427.01837158203125 76.58187103271484 442.31437492370605 76.58187103271484 442.31437492370605 121.25632095336914 427.01837158203125 121.25632095336914
426.8887634277344 77.87451171875 442.3537349700928 77.87451171875 442.3537349700928 121.4737663269043 426.8887634277344 121.4737663269043
427.4716796875 78.98429107666016 442.89883613586426 78.98429107666016 442.89883613586426 121.6122817993164 427.4716796875 121.6122817993164
427.37103271484375 79.62232208251953 442.49328804016113 79.62232208251953 442.49328804016113 121.9183464050293 427.37103271484375 121.9183464050293
427.5130920410156 78.27626037597656 443.3046054840088 78.27626037597656 443.3046054840088 120.8746109008789 427.5130920410156 120.8746109008789
426.9500427246094 76.70726013183594 443.20902824401855 76.70726013183594 443.20902824401855 121.44389724731445 426.9500427246094 121.44389724731445
427.56427001953125 77.02601623535156 443.5668888092041 77.02601623535156 443.5668888092041 121.0324478149414 427.56427001953125 121.0324478149414
428.45965576171875 78.60305786132812 443.50016498565674 78.60305786132812 443.50016498565674 120.56951141357422 428.45965576171875 120.56951141357422
428.0970153808594 77.46986389160156 443.5284471511841 77.46986389160156 443.5284471511841 120.02585220336914 428.0970153808594 120.02585220336914
428.21746826171875 75.26395416259766 443.7548427581787 75.26395416259766 443.7548427581787 118.41055679321289 428.21746826171875 118.41055679321289
428.3324279785156 76.22550964355469 443.8922805786133 76.22550964355469 443.8922805786133 120.86685943603516 428.3324279785156 120.86685943603516
428.33880615234375 76.20799255371094 444.27610206604004 76.20799255371094 444.27610206604004 119.1048355102539 428.33880615234375 119.1048355102539
428.00640869140625 76.97073364257812 444.2544822692871 76.97073364257812 444.2544822692871 121.36620712280273 428.00640869140625 121.36620712280273
428.30108642578125 76.10792541503906 444.3685607910156 76.10792541503906 444.3685607910156 119.92094421386719 428.30108642578125 119.92094421386719
428.6813049316406 76.05952453613281 444.2677412033081 76.05952453613281 444.2677412033081 119.48043060302734 428.6813049316406 119.48043060302734
428.87237548828125 74.3390884399414 444.43025493621826 74.3390884399414 444.43025493621826 118.69364929199219 428.87237548828125 118.69364929199219
427.8872985839844 74.18130493164062 444.1064758300781 74.18130493164062 444.1064758300781 119.2640266418457 427.8872985839844 119.2640266418457
429.27166748046875 74.2998046875 444.39811992645264 74.2998046875 444.39811992645264 118.74094772338867 429.27166748046875 118.74094772338867
429.0989685058594 74.89447021484375 444.6433506011963 74.89447021484375 444.6433506011963 119.37683868408203 429.0989685058594 119.37683868408203
429.630859375 72.03636169433594 446.03212547302246 72.03636169433594 446.03212547302246 118.77516174316406 429.630859375 118.77516174316406
430.2440490722656 72.87895202636719 446.048791885376 72.87895202636719 446.048791885376 118.89293670654297 430.2440490722656 118.89293670654297
430.4647521972656 72.4612045288086 447.0187816619873 72.4612045288086 447.0187816619873 118.68937683105469 430.4647521972656 118.68937683105469
431.30255126953125 72.50455474853516 447.50099754333496 72.50455474853516 447.50099754333496 117.98262786865234 431.30255126953125 117.98262786865234
432.42822265625 73.13240814208984 447.811767578125 73.13240814208984 447.811767578125 117.43701934814453 432.42822265625 117.43701934814453
433.1001892089844 71.73094177246094 448.84342670440674 71.73094177246094 448.84342670440674 116.71765518188477 433.1001892089844 116.71765518188477
432.83831787109375 71.0000228881836 448.6945552825928 71.0000228881836 448.6945552825928 116.19190979003906 432.83831787109375 116.19190979003906
433.4013671875 71.50228118896484 449.319712638855 71.50228118896484 449.319712638855 116.34646606445312 433.4013671875 116.34646606445312
433.5559997558594 69.59305572509766 449.18621253967285 69.59305572509766 449.18621253967285 117.18439865112305 433.5559997558594 117.18439865112305
434.12542724609375 69.10167694091797 449.9001417160034 69.10167694091797 449.9001417160034 116.15946960449219 434.12542724609375 116.15946960449219
434.4488220214844 68.99708557128906 449.8192386627197 68.99708557128906 449.8192386627197 116.1580581665039 434.4488220214844 116.1580581665039
435.1288146972656 70.04308319091797 450.72032737731934 70.04308319091797 450.72032737731934 116.61822509765625 435.1288146972656 116.61822509765625
434.51025390625 69.53648376464844 450.7905101776123 69.53648376464844 450.7905101776123 117.09648895263672 434.51025390625 117.09648895263672
435.19091796875 68.97381591796875 451.35751724243164 68.97381591796875 451.35751724243164 115.63040924072266 435.19091796875 115.63040924072266
