174.0 78.0 236.0 78.0 236.0 153.0 174.0 153.0
173.21432495117188 78.798828125 236.94420623779297 78.798828125 236.94420623779297 152.2208480834961 173.21432495117188 152.2208480834961
174.32220458984375 79.52760314941406 238.04582595825195 79.52760314941406 238.04582595825195 152.75537109375 174.32220458984375 152.75537109375
174.8682861328125 79.7020492553711 238.17584228515625 79.7020492553711 238.17584228515625 153.2161102294922 174.8682861328125 153.2161102294922
176.04391479492188 79.3710708618164 238.25541305541992 79.3710708618164 238.25541305541992 153.67186737060547 176.04391479492188 153.67186737060547
176.57655334472656 78.93306732177734 238.10213470458984 78.93306732177734 238.10213470458984 152.65684509277344 176.57655334472656 152.65684509277344
177.3572235107422 78.12939453125 238.76976013183594 78.12939453125 238.76976013183594 153.62992095947266 177.3572235107422 153.62992095947266
176.4747314453125 79.49092102050781 238.67451858520508 79.49092102050781 238.67451858520508 153.03839111328125 176.4747314453125 153.03839111328125
176.91464233398438 78.5669937133789 240.39557647705078 78.5669937133789 240.39557647705078 154.48838806152344 176.91464233398438 154.48838806152344
177.60479736328125 78.9752426147461 239.8628158569336 78.9752426147461 239.8628158569336 154.27793884277344 177.60479736328125 154.27793884277344
179.26779174804688 79.54267883300781 242.19050979614258 79.54267883300781 242.19050979614258 154.07975006103516 179.26779174804688 154.07975006103516
178.04014587402344 80.30289459228516 241.4273910522461 80.30289459228516 241.4273910522461 153.40208435058594 178.04014587402344 153.40208435058594
179.5706329345703 78.46630859375 242.63861846923828 78.46630859375 242.63861846923828 154.9064483642578 179.5706329345703 154.9064483642578
181.17135620117188 79.3985595703125 243.40031051635742 79.3985595703125 243.40031051635742 154.3054962158203 181.17135620117188 154.3054962158203
181.72283935546875 78.35376739501953 244.07122039794922 78.35376739501953 244.07122039794922 155.1251220703125 181.72283935546875 155.1251220703125
180.2381591796875 78.78414154052734 244.47159576416016 78.78414154052734 244.47159576416016 156.31819915771484 180.2381591796875 156.31819915771484
184.5288543701172 79.8045883178711 245.6699447631836 79.8045883178711 245.6699447631836 154.86878204345703 184.5288543701172 154.86878204345703
183.7454376220703 79.3896713256836 245.86767196655273 79.3896713256836 245.86767196655273 154.56778717041016 183.7454376220703 154.56778717041016
184.66989135742188 80.2350082397461 245.91151809692383 80.2350082397461 245.91151809692383 155.74525451660156 184.66989135742188 155.74525451660156
185.03515625 81.17366027832031 247.0283317565918 81.17366027832031 247.0283317565918 155.14596557617188 185.03515625 155.14596557617188
187.4105682373047 80.06270599365234 248.3766326904297 80.06270599365234 248.3766326904297 156.34446716308594 187.4105682373047 156.34446716308594
186.3267822265625 79.7896957397461 248.45633697509766 79.7896957397461 248.45633697509766 156.2833480834961 186.3267822265625 156.2833480834961
187.92178344726562 80.13448333740234 248.98018264770508 80.13448333740234 248.98018264770508 155.3297576904297 187.92178344726562 155.3297576904297
187.63693237304688 80.47212219238281 249.92159271240234 80.47212219238281 249.92159271240234 156.39447021484375 187.63693237304688 156.39447021484375
188.6402587890625 79.32669830322266 251.31049728393555 79.32669830322266 251.31049728393555 157.49060821533203 188.6402587890625 157.49060821533203
189.31834411621094 80.84568786621094 251.65747833251953 80.84568786621094 251.65747833251953 157.79339599609375 189.31834411621094 157.79339599609375
189.0156707763672 81.97322082519531 252.5675926208496 81.97322082519531 252.5675926208496 156.55147552490234 189.0156707763672 156.55147552490234
191.1013946533203 80.44477844238281 253.8105697631836 80.44477844238281 253.8105697631836 156.849365234375 191.1013946533203 156.849365234375
190.73599243164062 81.47132873535156 253.3210334777832 81.47132873535156 253.3210334777832 157.70428466796875 190.73599243164062 157.70428466796875
191.87718200683594 81.15171813964844 254.2754249572754 81.15171813964844 254.2754249572754 158.39881134033203 191.87718200683594 158.39881134033203
192.21353149414062 81.72151947021484 254.55689239501953 81.72151947021484 254.55689239501953 158.6211166381836 192.21353149414062 158.6211166381836
192.99005126953125 81.8375244140625 256.2090148925781 81.8375244140625 256.2090148925781 158.47012329101562 192.99005126953125 158.47012329101562
193.36019897460938 81.29899597167969 256.2208557128906 81.29899597167969 256.2208557128906 159.48121643066406 193.36019897460938 159.48121643066406
194.63951110839844 81.42591857910156 255.97383880615234 81.42591857910156 255.97383880615234 158.7413558959961 194.63951110839844 158.7413558959961
194.03707885742188 81.16282653808594 257.46912384033203 81.16282653808594 257.46912384033203 159.47238159179688 194.03707885742188 159.47238159179688
194.68524169921875 81.11512756347656 257.98303985595703 81.11512756347656 257.98303985595703 159.22222137451172 194.68524169921875 159.22222137451172
196.53326416015625 82.83623504638672 259.03662109375 82.83623504638672 259.03662109375 160.57393646240234 196.53326416015625 160.57393646240234
198.09854125976562 82.24446105957031 260.2919387817383 82.24446105957031 260.2919387817383 160.97554779052734 198.09854125976562 160.97554779052734
198.15499877929688 81.86797332763672 260.7478828430176 81.86797332763672 260.7478828430176 159.86438751220703 198.15499877929688 159.86438751220703
198.6647491455078 81.96656036376953 261.94497299194336 81.96656036376953 261.94497299194336 160.72106170654297 198.6647491455078 160.72106170654297
199.25831604003906 83.01695251464844 262.25403213500977 83.01695251464844 262.25403213500977 160.26084899902344 199.25831604003906 160.26084899902344
199.4036102294922 82.48750305175781 262.45386505126953 82.48750305175781 262.45386505126953 161.69058227539062 199.4036102294922 161.69058227539062
201.42709350585938 82.14317321777344 264.95328521728516 82.14317321777344 264.95328521728516 162.89231872558594 201.42709350585938 162.89231872558594
201.1919708251953 82.42665100097656 264.31615829467773 82.42665100097656 264.31615829467773 161.75299072265625 201.1919708251953 161.75299072265625
201.5673370361328 83.38109588623047 265.94097900390625 83.38109588623047 265.94097900390625 162.11744689941406 201.5673370361328 162.11744689941406
202.82296752929688 82.51982879638672 267.60330963134766 82.51982879638672 267.60330963134766 162.52828979492188 202.82296752929688 162.52828979492188
201.6397705078125 82.97639465332031 267.31446075439453 82.97639465332031 267.31446075439453 161.91658782958984 201.6397705078125 161.91658782958984
202.98025512695312 84.67378997802734 269.3525085449219 84.67378997802734 269.3525085449219 162.76531982421875 202.98025512695312 162.76531982421875
206.085693359375 82.56322479248047 270.59722900390625 82.56322479248047 270.59722900390625 163.76810455322266 206.085693359375 163.76810455322266
206.3058624267578 83.72074890136719 271.8346252441406 83.72074890136719 271.8346252441406 163.4956512451172 206.3058624267578 163.4956512451172
206.8231964111328 84.51649475097656 271.7154312133789 84.51649475097656 271.7154312133789 163.05361938476562 206.8231964111328 163.05361938476562
207.8925323486328 85.17726135253906 272.74120330810547 85.17726135253906 272.74120330810547 163.86429595947266 207.8925323486328 163.86429595947266
209.7261962890625 85.95835876464844 274.4696044921875 85.95835876464844 274.4696044921875 164.89936065673828 209.7261962890625 164.89936065673828
210.3634033203125 84.76219940185547 275.4430389404297 84.76219940185547 275.4430389404297 165.42466735839844 210.3634033203125 165.42466735839844
210.8748016357422 84.97142028808594 278.1494598388672 84.97142028808594 278.1494598388672 166.48095703125 210.8748016357422 166.48095703125
212.30972290039062 84.57573699951172 277.2709732055664 84.57573699951172 277.2709732055664 166.68225860595703 212.30972290039062 166.68225860595703
212.2299346923828 85.64909362792969 278.23236083984375 85.64909362792969 278.23236083984375 167.03651428222656 212.2299346923828 167.03651428222656
212.5910186767578 85.59695434570312 278.0439453125 85.59695434570312 278.0439453125 168.0944366455078 212.5910186767578 168.0944366455078
214.2795867919922 86.12922668457031 279.40203857421875 86.12922668457031 279.40203857421875 168.0743408203125 214.2795867919922 168.0743408203125
214.14212036132812 86.86259460449219 281.83949279785156 86.86259460449219 281.83949279785156 167.61290740966797 214.14212036132812 167.61290740966797
215.8525390625 86.43509674072266 282.37398529052734 86.43509674072266 282.37398529052734 167.86876678466797 215.8525390625 167.86876678466797
216.2181396484375 86.38040924072266 283.5362777709961 86.38040924072266 283.5362777709961 167.87191772460938 216.2181396484375 167.87191772460938
216.8361358642578 87.064697265625 284.4617614746094 87.064697265625 284.4617614746094 168.47608947753906 216.8361358642578 168.47608947753906
217.0327606201172 85.77704620361328 284.17645263671875 85.77704620361328 284.17645263671875 168.36233520507812 217.0327606201172 168.36233520507812
218.65591430664062 87.36268615722656 286.5932922363281 87.36268615722656 286.5932922363281 168.47434997558594 218.65591430664062 168.47434997558594
219.193115234375 87.2243881225586 287.3429718017578 87.2243881225586 287.3429718017578 169.2632293701172 219.193115234375 169.2632293701172
220.2657012939453 86.1572494506836 289.22949981689453 86.1572494506836 289.22949981689453 169.57268524169922 220.2657012939453 169.57268524169922
220.90283203125 87.00244140625 289.2998809814453 87.00244140625 289.2998809814453 169.7416763305664 220.90283203125 169.7416763305664
223.724853515625 86.92459869384766 289.72743225097656 86.92459869384766 289.72743225097656 169.29805755615234 223.724853515625 169.29805755615234
222.7430419921875 87.86314392089844 291.0103530883789 87.86314392089844 291.0103530883789 170.64459991455078 222.7430419921875 170.64459991455078
225.1907501220703 87.65672302246094 293.2482452392578 87.65672302246094 293.2482452392578 171.5912094116211 225.1907501220703 171.5912094116211
223.74777221679688 87.78678894042969 293.6924819946289 87.78678894042969 293.6924819946289 170.6466522216797 223.74777221679688 170.6466522216797
225.48519897460938 88.0233154296875 296.89173126220703 88.0233154296875 296.89173126220703 171.26615142822266 225.48519897460938 171.26615142822266
227.80343627929688 88.50048828125 297.2992172241211 88.50048828125 297.2992172241211 171.8615951538086 227.80343627929688 171.8615951538086
227.13925170898438 88.83695983886719 297.69933319091797 88.83695983886719 297.69933319091797 171.9770965576172 227.13925170898438 171.9770965576172
229.03958129882812 88.81011962890625 297.42833709716797 88.81011962890625 297.42833709716797 172.99356079101562 229.03958129882812 172.99356079101562
230.2210235595703 89.37156677246094 299.3919219970703 89.37156677246094 299.3919219970703 172.64804077148438 230.2210235595703 172.64804077148438
230.07394409179688 87.91261291503906 300.5899353027344 87.91261291503906 300.5899353027344 173.69103240966797 230.07394409179688 173.69103240966797
231.747314453125 88.89863586425781 301.8572540283203 88.89863586425781 301.8572540283203 172.87094116210938 231.747314453125 172.87094116210938
232.0337371826172 88.17555236816406 303.52880859375 88.17555236816406 303.52880859375 172.73212432861328 232.0337371826172 172.73212432861328
232.51620483398438 89.13157653808594 303.51551055908203 89.13157653808594 303.51551055908203 173.75360870361328 232.51620483398438 173.75360870361328
233.84463500976562 88.70448303222656 304.8904342651367 88.70448303222656 304.8904342651367 174.64025115966797 233.84463500976562 174.64025115966797
235.560302734375 89.90216064453125 304.4000701904297 89.90216064453125 304.4000701904297 174.32073974609375 235.560302734375 174.32073974609375
236.4436798095703 87.69657897949219 307.69893646240234 87.69657897949219 307.69893646240234 174.36766052246094 236.4436798095703 174.36766052246094
236.5484619140625 87.87911224365234 307.256103515625 87.87911224365234 307.256103515625 176.13709259033203 236.5484619140625 176.13709259033203
237.94918823242188 90.39567565917969 309.0063171386719 90.39567565917969 309.0063171386719 176.86066436767578 237.94918823242188 176.86066436767578
238.9672088623047 90.57606506347656 310.71368408203125 90.57606506347656 310.71368408203125 177.49590301513672 238.9672088623047 177.49590301513672
239.610595703125 91.349609375 309.8737335205078 91.349609375 309.8737335205078 177.18702697753906 239.610595703125 177.18702697753906
241.4250030517578 90.43363952636719 312.04288482666016 90.43363952636719 312.04288482666016 177.8917465209961 241.4250030517578 177.8917465209961
242.8885498046875 90.009033203125 312.5424041748047 90.009033203125 312.5424041748047 178.58831787109375 242.8885498046875 178.58831787109375
242.13308715820312 89.86978912353516 311.99124908447266 89.86978912353516 311.99124908447266 179.17487335205078 242.13308715820312 179.17487335205078
243.1179962158203 90.1550521850586 313.92491149902344 90.1550521850586 313.92491149902344 179.6580581665039 243.1179962158203 179.6580581665039
245.3218231201172 90.17877197265625 315.85255432128906 90.17877197265625 315.85255432128906 180.14854431152344 245.3218231201172 180.14854431152344
244.0502471923828 90.57244110107422 316.5748062133789 90.57244110107422 316.5748062133789 179.70149993896484 244.0502471923828 179.70149993896484
245.36679077148438 90.00334167480469 317.4679946899414 90.00334167480469 317.4679946899414 180.22579956054688 245.36679077148438 180.22579956054688
245.56887817382812 90.57563018798828 318.21080017089844 90.57563018798828 318.21080017089844 179.6157455444336 245.56887817382812 179.6157455444336
246.46090698242188 90.5525894165039 319.0125274658203 90.5525894165039 319.0125274658203 180.21016693115234 246.46090698242188 180.21016693115234
247.326171875 90.99607849121094 320.57505798339844 90.99607849121094 320.57505798339844 182.66021728515625 247.326171875 182.66021728515625
247.44546508789062 90.73780059814453 320.3214645385742 90.73780059814453 320.3214645385742 181.73107147216797 247.44546508789062 181.73107147216797
248.30819702148438 91.89797973632812 322.03123474121094 91.89797973632812 322.03123474121094 180.89083862304688 248.30819702148438 180.89083862304688
249.82186889648438 90.49200439453125 323.5225830078125 90.49200439453125 323.5225830078125 182.40887451171875 249.82186889648438 182.40887451171875
250.23324584960938 89.9672622680664 325.43251037597656 89.9672622680664 325.43251037597656 184.1585922241211 250.23324584960938 184.1585922241211
252.17041015625 91.8797607421875 327.15685272216797 91.8797607421875 327.15685272216797 184.1820831298828 252.17041015625 184.1820831298828
253.61972045898438 91.81318664550781 329.0474319458008 91.81318664550781 329.0474319458008 186.08053588867188 253.61972045898438 186.08053588867188
254.0756072998047 92.44644927978516 329.5139846801758 92.44644927978516 329.5139846801758 184.9760513305664 254.0756072998047 184.9760513305664
253.9791259765625 92.54401397705078 329.8159713745117 92.54401397705078 329.8159713745117 186.15544891357422 253.9791259765625 186.15544891357422
255.28408813476562 93.08952331542969 331.87640380859375 93.08952331542969 331.87640380859375 186.58755493164062 255.28408813476562 186.58755493164062
256.2332458496094 92.7336196899414 332.9905319213867 92.7336196899414 332.9905319213867 187.18006896972656 256.2332458496094 187.18006896972656
257.6705627441406 93.63406372070312 331.6776580810547 93.63406372070312 331.6776580810547 187.78536987304688 257.6705627441406 187.78536987304688
256.7079772949219 92.42912292480469 333.2528839111328 92.42912292480469 333.2528839111328 188.69422149658203 256.7079772949219 188.69422149658203
257.7297668457031 92.68729400634766 335.2126922607422 92.68729400634766 335.2126922607422 187.68386840820312 257.7297668457031 187.68386840820312
258.7514343261719 93.399658203125 334.9356994628906 93.399658203125 334.9356994628906 187.68401336669922 258.7514343261719 187.68401336669922
261.34722900390625 93.63636779785156 337.3315963745117 93.63636779785156 337.3315963745117 188.55123138427734 261.34722900390625 188.55123138427734
261.1121520996094 93.10447692871094 338.22974395751953 93.10447692871094 338.22974395751953 188.9556655883789 261.1121520996094 188.9556655883789
262.8777770996094 94.0763931274414 339.44154357910156 94.0763931274414 339.44154357910156 191.39282989501953 262.8777770996094 191.39282989501953
262.45318603515625 94.65819549560547 340.06884002685547 94.65819549560547 340.06884002685547 190.60233306884766 262.45318603515625 190.60233306884766
262.0640869140625 93.42897033691406 340.9868621826172 93.42897033691406 340.9868621826172 191.02745056152344 262.0640869140625 191.02745056152344
264.5265808105469 94.18034362792969 342.4684295654297 94.18034362792969 342.4684295654297 191.72470092773438 264.5265808105469 191.72470092773438
264.97100830078125 94.41526794433594 344.7999038696289 94.41526794433594 344.7999038696289 192.30681610107422 264.97100830078125 192.30681610107422
266.8243408203125 95.07669830322266 345.7083511352539 95.07669830322266 345.7083511352539 194.01753997802734 266.8243408203125 194.01753997802734
268.55108642578125 95.76144409179688 349.01531982421875 95.76144409179688 349.01531982421875 193.70191955566406 268.55108642578125 193.70191955566406
269.41632080078125 94.84049224853516 348.4140319824219 94.84049224853516 348.4140319824219 193.09859466552734 269.41632080078125 193.09859466552734
270.7539367675781 96.39822387695312 352.0876159667969 96.39822387695312 352.0876159667969 195.77204132080078 270.7539367675781 195.77204132080078
272.78582763671875 96.4246826171875 351.0056915283203 96.4246826171875 351.0056915283203 195.35577392578125 272.78582763671875 195.35577392578125
274.83319091796875 95.58130645751953 352.3678741455078 95.58130645751953 352.3678741455078 196.91651153564453 274.83319091796875 196.91651153564453
274.4110412597656 96.0208969116211 356.1292266845703 96.0208969116211 356.1292266845703 199.1657943725586 274.4110412597656 199.1657943725586
275.8951721191406 97.03898620605469 354.83568572998047 97.03898620605469 354.83568572998047 198.07743072509766 275.8951721191406 198.07743072509766
276.91766357421875 96.31501007080078 356.2738265991211 96.31501007080078 356.2738265991211 197.9712142944336 276.91766357421875 197.9712142944336
278.1871032714844 96.9836654663086 357.61060333251953 96.9836654663086 357.61060333251953 199.2501678466797 278.1871032714844 199.2501678466797
278.8023986816406 98.0202865600586 359.5563659667969 98.0202865600586 359.5563659667969 199.06148529052734 278.8023986816406 199.06148529052734
280.67474365234375 98.75257873535156 359.89268493652344 98.75257873535156 359.89268493652344 199.50220489501953 280.67474365234375 199.50220489501953
280.91754150390625 97.90809631347656 361.7400588989258 97.90809631347656 361.7400588989258 201.14186096191406 280.91754150390625 201.14186096191406
279.6895446777344 98.84309387207031 362.7831344604492 98.84309387207031 362.7831344604492 200.7298812866211 279.6895446777344 200.7298812866211
281.15545654296875 98.24104309082031 363.32006072998047 98.24104309082031 363.32006072998047 201.20586395263672 281.15545654296875 201.20586395263672
283.78155517578125 98.08656311035156 366.61268615722656 98.08656311035156 366.61268615722656 204.41405487060547 283.78155517578125 204.41405487060547
284.904296875 98.72380065917969 367.94898223876953 98.72380065917969 367.94898223876953 205.06817626953125 284.904296875 205.06817626953125
285.72576904296875 98.91934967041016 368.1147003173828 98.91934967041016 368.1147003173828 205.19530487060547 285.72576904296875 205.19530487060547
287.6292724609375 99.99607849121094 371.38706970214844 99.99607849121094 371.38706970214844 205.34121704101562 287.6292724609375 205.34121704101562
286.2393493652344 99.06112670898438 371.7256393432617 99.06112670898438 371.7256393432617 205.12055206298828 286.2393493652344 205.12055206298828
286.6145935058594 99.74967956542969 373.06961822509766 99.74967956542969 373.06961822509766 205.4546356201172 286.6145935058594 205.4546356201172
287.15997314453125 100.02726745605469 374.4577331542969 100.02726745605469 374.4577331542969 207.73877716064453 287.15997314453125 207.73877716064453
287.5379638671875 100.11576080322266 375.02210998535156 100.11576080322266 375.02210998535156 208.63411712646484 287.5379638671875 208.63411712646484
288.2593078613281 99.77577209472656 375.9637680053711 99.77577209472656 375.9637680053711 208.78610229492188 288.2593078613281 208.78610229492188
288.671142578125 100.74740600585938 376.48668670654297 100.74740600585938 376.48668670654297 209.69220733642578 288.671142578125 209.69220733642578
289.8453674316406 100.49296569824219 377.42539978027344 100.49296569824219 377.42539978027344 210.2837142944336 289.8453674316406 210.2837142944336
289.565185546875 101.9051284790039 378.70702362060547 101.9051284790039 378.70702362060547 211.82462310791016 289.565185546875 211.82462310791016
290.5576171875 102.10009002685547 378.30236053466797 102.10009002685547 378.30236053466797 211.65823364257812 290.5576171875 211.65823364257812
290.3626708984375 102.619384765625 379.336669921875 102.619384765625 379.336669921875 213.54486083984375 290.3626708984375 213.54486083984375
291.17572021484375 102.56510162353516 379.29246520996094 102.56510162353516 379.29246520996094 213.52849578857422 291.17572021484375 213.52849578857422
293.93975830078125 101.55663299560547 381.4159698486328 101.55663299560547 381.4159698486328 214.64481353759766 293.93975830078125 214.64481353759766
292.33184814453125 101.92827606201172 382.6254119873047 101.92827606201172 382.6254119873047 215.18490600585938 292.33184814453125 215.18490600585938
292.1226501464844 102.9380111694336 381.7938766479492 102.9380111694336 381.7938766479492 216.9059295654297 292.1226501464844 216.9059295654297
292.8627624511719 104.4813232421875 382.9465789794922 104.4813232421875 382.9465789794922 218.5641098022461 292.8627624511719 218.5641098022461
292.868408203125 105.10672760009766 386.09564208984375 105.10672760009766 386.09564208984375 218.32286834716797 292.868408203125 218.32286834716797
293.49493408203125 105.23738861083984 385.8868713378906 105.23738861083984 385.8868713378906 219.0538558959961 293.49493408203125 219.0538558959961
294.5487976074219 106.3483657836914 385.8601531982422 106.3483657836914 385.8601531982422 220.87154388427734 294.5487976074219 220.87154388427734
293.22100830078125 106.3104019165039 387.48177337646484 106.3104019165039 387.48177337646484 222.4549102783203 293.22100830078125 222.4549102783203
292.0550231933594 106.1784439086914 388.03121185302734 106.1784439086914 388.03121185302734 223.9179916381836 292.0550231933594 223.9179916381836
293.422119140625 106.21211242675781 388.3558349609375 106.21211242675781 388.3558349609375 223.99435424804688 293.422119140625 223.99435424804688
293.0774230957031 108.17491149902344 388.0328140258789 108.17491149902344 388.0328140258789 225.8441619873047 293.0774230957031 225.8441619873047
293.0671691894531 107.97520446777344 388.41920471191406 107.97520446777344 388.41920471191406 228.03575134277344 293.0671691894531 228.03575134277344
294.24700927734375 107.82379150390625 388.3363800048828 107.82379150390625 388.3363800048828 227.8832778930664 294.24700927734375 227.8832778930664
293.64013671875 108.9544677734375 388.95589447021484 108.9544677734375 388.95589447021484 229.97286224365234 293.64013671875 229.97286224365234
293.5143737792969 108.474853515625 389.5617370605469 108.474853515625 389.5617370605469 230.2820587158203 293.5143737792969 230.2820587158203
294.10748291015625 109.50862884521484 389.94325256347656 109.50862884521484 389.94325256347656 231.3560791015625 294.10748291015625 231.3560791015625
292.257568359375 109.98130798339844 391.0641326904297 109.98130798339844 391.0641326904297 232.84292602539062 292.257568359375 232.84292602539062
291.89190673828125 110.2755126953125 391.9220886230469 110.2755126953125 391.9220886230469 234.69439697265625 291.89190673828125 234.69439697265625
290.0 108.98907470703125 391.5218505859375 108.98907470703125 391.5218505859375 235.99888610839844 290.0 235.99888610839844
285.1782531738281 114.47694396972656 390.9916687011719 114.47694396972656 390.9916687011719 243.26536560058594 285.1782531738281 243.26536560058594
285.30731201171875 116.2632064819336 387.6209259033203 116.2632064819336 387.6209259033203 246.63941192626953 285.30731201171875 246.63941192626953
284.57318115234375 117.40229797363281 387.8357162475586 117.40229797363281 387.8357162475586 247.99549865722656 284.57318115234375 247.99549865722656
283.4726867675781 118.85041809082031 388.0674514770508 118.85041809082031 388.0674514770508 249.3398895263672 283.4726867675781 249.3398895263672
280.75384521484375 117.51629638671875 387.73255920410156 117.51629638671875 387.73255920410156 252.90521240234375 280.75384521484375 252.90521240234375
280.2372131347656 118.32856750488281 387.5571975708008 118.32856750488281 387.5571975708008 253.5774688720703 280.2372131347656 253.5774688720703
279.7665710449219 119.3019790649414 385.5159225463867 119.3019790649414 385.5159225463867 255.39600372314453 279.7665710449219 255.39600372314453
279.13519287109375 122.15531921386719 382.71241760253906 122.15531921386719 382.71241760253906 259.1819305419922 279.13519287109375 259.1819305419922
275.666015625 121.56336975097656 383.9958724975586 121.56336975097656 383.9958724975586 260.8045349121094 275.666015625 260.8045349121094
274.3485412597656 120.24847412109375 382.85900115966797 120.24847412109375 382.85900115966797 261.99623107910156 274.3485412597656 261.99623107910156
272.33282470703125 122.0732650756836 380.27198791503906 122.0732650756836 380.27198791503906 265.2453384399414 272.33282470703125 265.2453384399414
271.39642333984375 122.91639709472656 379.98880767822266 122.91639709472656 379.98880767822266 265.4304656982422 271.39642333984375 265.4304656982422
267.98114013671875 127.1889877319336 377.63150787353516 127.1889877319336 377.63150787353516 269.0891799926758 267.98114013671875 269.0891799926758
265.539794921875 126.36518859863281 378.0782699584961 126.36518859863281 378.0782699584961 270.22003173828125 265.539794921875 270.22003173828125
263.84161376953125 126.90081787109375 376.62989807128906 126.90081787109375 376.62989807128906 271.9952697753906 263.84161376953125 271.9952697753906
260.4580993652344 129.505859375 375.7717819213867 129.505859375 375.7717819213867 271.7771759033203 260.4580993652344 271.7771759033203
257.0565185546875 126.41966247558594 375.33978271484375 126.41966247558594 375.33978271484375 277.31773376464844 257.0565185546875 277.31773376464844
256.14617919921875 128.37820434570312 373.2611541748047 128.37820434570312 373.2611541748047 277.1687774658203 256.14617919921875 277.1687774658203
253.012939453125 132.61135864257812 371.94309997558594 132.61135864257812 371.94309997558594 279.91566467285156 253.012939453125 279.91566467285156
249.6522674560547 131.57395935058594 368.76709747314453 131.57395935058594 368.76709747314453 280.8516540527344 249.6522674560547 280.8516540527344
247.2285614013672 132.05349731445312 368.18821716308594 132.05349731445312 368.18821716308594 285.5272521972656 247.2285614013672 285.5272521972656
245.7014617919922 132.01010131835938 368.49288177490234 132.01010131835938 368.49288177490234 284.87335205078125 245.7014617919922 284.87335205078125
240.9768524169922 133.05087280273438 364.65052032470703 133.05087280273438 364.65052032470703 287.3516540527344 240.9768524169922 287.3516540527344
239.7693328857422 136.4278564453125 361.44483184814453 136.4278564453125 361.44483184814453 287.05235290527344 239.7693328857422 287.05235290527344
237.91104125976562 137.09420776367188 361.02867126464844 137.09420776367188 361.02867126464844 290.1646728515625 237.91104125976562 290.1646728515625
235.2108917236328 137.9203338623047 359.3537139892578 137.9203338623047 359.3537139892578 292.16261291503906 235.2108917236328 292.16261291503906
230.219970703125 137.5894775390625 357.7479248046875 137.5894775390625 357.7479248046875 294.3238830566406 230.219970703125 294.3238830566406
229.63528442382812 138.96731567382812 357.4524383544922 138.96731567382812 357.4524383544922 296.4384765625 229.63528442382812 296.4384765625
228.2453155517578 137.97305297851562 353.9099426269531 137.97305297851562 353.9099426269531 298.5439453125 228.2453155517578 298.5439453125
223.6043701171875 139.7782440185547 351.7250518798828 139.7782440185547 351.7250518798828 301.58958435058594 223.6043701171875 301.58958435058594
219.78439331054688 140.2165985107422 349.33612060546875 140.2165985107422 349.33612060546875 304.9786376953125 219.78439331054688 304.9786376953125
216.25320434570312 144.16073608398438 345.1248321533203 144.16073608398438 345.1248321533203 307.2950439453125 216.25320434570312 307.2950439453125
211.7364044189453 145.3739471435547 344.6766357421875 145.3739471435547 344.6766357421875 310.37852478027344 211.7364044189453 310.37852478027344
208.76742553710938 148.27664184570312 341.3699645996094 148.27664184570312 341.3699645996094 313.58741760253906 208.76742553710938 313.58741760253906
202.589599609375 149.2719268798828 337.4614562988281 149.2719268798828 337.4614562988281 316.5742492675781 202.589599609375 316.5742492675781
194.69894409179688 150.78469848632812 333.40846252441406 150.78469848632812 333.40846252441406 321.01861572265625 194.69894409179688 321.01861572265625
190.7423095703125 148.3615264892578 328.9936065673828 148.3615264892578 328.9936065673828 324.8815460205078 190.7423095703125 324.8815460205078
186.68405151367188 150.7586669921875 327.0624694824219 150.7586669921875 327.0624694824219 327.1182556152344 186.68405151367188 327.1182556152344
183.88925170898438 152.37655639648438 325.7368927001953 152.37655639648438 325.7368927001953 328.3443603515625 183.88925170898438 328.3443603515625
176.95230102539062 152.63046264648438 321.3021240234375 152.63046264648438 321.3021240234375 334.2080078125 176.95230102539062 334.2080078125
169.23495483398438 156.81838989257812 315.6381530761719 156.81838989257812 315.6381530761719 335.7706298828125 169.23495483398438 335.7706298828125
166.7611846923828 155.01242065429688 314.34165954589844 155.01242065429688 314.34165954589844 337.62294006347656 166.7611846923828 337.62294006347656
161.0386962890625 156.16445922851562 313.04718017578125 156.16445922851562 313.04718017578125 338.02667236328125 161.0386962890625 338.02667236328125
152.52883911132812 158.2472686767578 305.810791015625 158.2472686767578 305.810791015625 343.08349609375 152.52883911132812 343.08349609375
148.67010498046875 160.44381713867188 302.6491394042969 160.44381713867188 302.6491394042969 346.92138671875 148.67010498046875 346.92138671875
146.6015167236328 160.6422576904297 299.9280242919922 160.6422576904297 299.9280242919922 348.3736114501953 146.6015167236328 348.3736114501953
138.50119018554688 164.69052124023438 293.78111267089844 164.69052124023438 293.78111267089844 351.7848815917969 138.50119018554688 351.7848815917969
132.60594177246094 164.75491333007812 287.95001220703125 164.75491333007812 287.95001220703125 353.99639892578125 132.60594177246094 353.99639892578125
124.9084243774414 167.76498413085938 282.5640335083008 167.76498413085938 282.5640335083008 359.24615478515625 124.9084243774414 359.24615478515625
119.6269302368164 164.1782684326172 279.5746383666992 164.1782684326172 279.5746383666992 362.0252380371094 119.6269302368164 362.0252380371094
105.18650817871094 166.87655639648438 272.83961486816406 166.87655639648438 272.83961486816406 369.62464904785156 105.18650817871094 369.62464904785156
103.40128326416016 170.30404663085938 270.0996780395508 170.30404663085938 270.0996780395508 371.9913330078125 103.40128326416016 371.9913330078125
98.68040466308594 172.3854522705078 266.15093994140625 172.3854522705078 266.15093994140625 373.793701171875 98.68040466308594 373.793701171875
89.17262268066406 172.55661010742188 257.97581481933594 172.55661010742188 257.97581481933594 378.1809539794922 89.17262268066406 378.1809539794922
81.91900634765625 175.26950073242188 253.6897430419922 175.26950073242188 253.6897430419922 382.4981384277344 81.91900634765625 382.4981384277344
75.18537139892578 177.49868774414062 249.2198257446289 177.49868774414062 249.2198257446289 386.69219970703125 75.18537139892578 386.69219970703125
62.6611328125 182.47177124023438 241.40921020507812 182.47177124023438 241.40921020507812 392.7840270996094 62.6611328125 392.7840270996094
48.85868453979492 183.5845184326172 231.6551628112793 183.5845184326172 231.6551628112793 398.6876678466797 48.85868453979492 398.6876678466797
42.234169006347656 185.38156127929688 227.63187408447266 185.38156127929688 227.63187408447266 403.68157958984375 42.234169006347656 403.68157958984375
30.0799560546875 187.72181701660156 220.59646606445312 187.72181701660156 220.59646606445312 412.31732177734375 30.0799560546875 412.31732177734375
21.469032287597656 186.22972106933594 213.95096588134766 186.22972106933594 213.95096588134766 417.4918518066406 21.469032287597656 417.4918518066406
9.083467483520508 189.10357666015625 197.81341743469238 189.10357666015625 197.81341743469238 426.7870178222656 9.083467483520508 426.7870178222656
