346.0 140.0 379.0 140.0 379.0 252.0 346.0 252.0
346.7139587402344 142.23011779785156 378.16985511779785 142.23011779785156 378.16985511779785 248.29985809326172 346.7139587402344 248.29985809326172
346.38604736328125 143.2007598876953 378.38210105895996 143.2007598876953 378.38210105895996 247.71893310546875 346.38604736328125 247.71893310546875
346.8342590332031 143.48348999023438 378.24779891967773 143.48348999023438 378.24779891967773 247.19666290283203 346.8342590332031 247.19666290283203
346.84320068359375 144.5755157470703 378.39210510253906 144.5755157470703 378.39210510253906 247.39250946044922 346.84320068359375 247.39250946044922
346.90673828125 143.98410034179688 377.9861698150635 143.98410034179688 377.9861698150635 247.85669708251953 346.90673828125 247.85669708251953
346.65478515625 143.63021850585938 378.6763725280762 143.63021850585938 378.6763725280762 248.62244415283203 346.65478515625 248.62244415283203
346.78387451171875 144.2175750732422 378.5816078186035 144.2175750732422 378.5816078186035 247.80743408203125 346.78387451171875 247.80743408203125
346.34759521484375 144.00698852539062 378.49499130249023 144.00698852539062 378.49499130249023 249.5239715576172 346.34759521484375 249.5239715576172
346.67547607421875 142.98318481445312 378.6724052429199 142.98318481445312 378.6724052429199 249.52005004882812 346.67547607421875 249.52005004882812
346.59527587890625 142.9669952392578 378.4337520599365 142.9669952392578 378.4337520599365 247.8794937133789 346.59527587890625 247.8794937133789
346.72369384765625 142.8413543701172 378.72275161743164 142.8413543701172 378.72275161743164 249.3836669921875 346.72369384765625 249.3836669921875
346.83935546875 143.71908569335938 378.3643493652344 143.71908569335938 378.3643493652344 247.2821502685547 346.83935546875 247.2821502685547
346.74713134765625 142.75308227539062 378.2796440124512 142.75308227539062 378.2796440124512 248.93334197998047 346.74713134765625 248.93334197998047
346.85968017578125 143.6981201171875 378.3144474029541 143.6981201171875 378.3144474029541 248.53330993652344 346.85968017578125 248.53330993652344
346.573974609375 144.06314086914062 378.47338485717773 144.06314086914062 378.47338485717773 248.0116729736328 346.573974609375 248.0116729736328
346.8715515136719 143.91384887695312 378.6997261047363 143.91384887695312 378.6997261047363 248.45372009277344 346.8715515136719 248.45372009277344
345.65069580078125 143.38137817382812 378.9673309326172 143.38137817382812 378.9673309326172 249.85283660888672 345.65069580078125 249.85283660888672
345.0835876464844 140.93246459960938 379.84997177124023 140.93246459960938 379.84997177124023 249.40113067626953 345.0835876464844 249.40113067626953
344.6142272949219 141.00967407226562 379.67208099365234 141.00967407226562 379.67208099365234 250.99620056152344 344.6142272949219 250.99620056152344
344.8022766113281 141.52456665039062 379.9169692993164 141.52456665039062 379.9169692993164 250.68434143066406 344.8022766113281 250.68434143066406
345.3779296875 140.9228515625 379.2302932739258 140.9228515625 379.2302932739258 251.8177032470703 345.3779296875 251.8177032470703
344.6686706542969 140.9012451171875 379.8841018676758 140.9012451171875 379.8841018676758 250.4068603515625 344.6686706542969 250.4068603515625
345.5357360839844 141.2868194580078 379.83434677124023 141.2868194580078 379.83434677124023 250.45721435546875 345.5357360839844 250.45721435546875
345.7328796386719 142.23715209960938 379.49346923828125 142.23715209960938 379.49346923828125 249.40724182128906 345.7328796386719 249.40724182128906
346.06781005859375 143.36068725585938 379.0105209350586 143.36068725585938 379.0105209350586 249.15762329101562 346.06781005859375 249.15762329101562
346.27301025390625 142.39505004882812 378.2121772766113 142.39505004882812 378.2121772766113 249.1870574951172 346.27301025390625 249.1870574951172
346.44293212890625 142.88796997070312 378.7198295593262 142.88796997070312 378.7198295593262 249.40666961669922 346.44293212890625 249.40666961669922
346.2107849121094 143.09194946289062 378.2200584411621 143.09194946289062 378.2200584411621 249.47606658935547 346.2107849121094 249.47606658935547
346.5345764160156 143.70640563964844 378.7385025024414 143.70640563964844 378.7385025024414 249.45135498046875 346.5345764160156 249.45135498046875
345.855224609375 141.25711059570312 378.60648345947266 141.25711059570312 378.60648345947266 249.03688049316406 345.855224609375 249.03688049316406
346.1385192871094 140.81187438964844 378.8717155456543 140.81187438964844 378.8717155456543 249.12474060058594 346.1385192871094 249.12474060058594
345.62237548828125 140.94210815429688 379.1657485961914 140.94210815429688 379.1657485961914 250.21788024902344 345.62237548828125 250.21788024902344
345.4688415527344 138.19842529296875 379.83594512939453 138.19842529296875 379.83594512939453 251.82862854003906 345.4688415527344 251.82862854003906
344.9775695800781 138.70777893066406 379.84586334228516 138.70777893066406 379.84586334228516 250.81339263916016 344.9775695800781 250.81339263916016
345.1495056152344 140.29116821289062 379.22017669677734 140.29116821289062 379.22017669677734 252.58246612548828 345.1495056152344 252.58246612548828
345.17413330078125 139.2294464111328 379.62723541259766 139.2294464111328 379.62723541259766 251.78366088867188 345.17413330078125 251.78366088867188
345.0957336425781 140.36703491210938 379.7222213745117 140.36703491210938 379.7222213745117 251.1026153564453 345.0957336425781 251.1026153564453
345.2986755371094 140.1503143310547 380.0688896179199 140.1503143310547 380.0688896179199 251.04107666015625 345.2986755371094 251.04107666015625
345.7256774902344 141.104736328125 379.07017517089844 141.104736328125 379.07017517089844 250.8853302001953 345.7256774902344 250.8853302001953
345.6715393066406 141.59828186035156 378.95410537719727 141.59828186035156 378.95410537719727 250.37025451660156 345.6715393066406 250.37025451660156
345.9632263183594 142.32427978515625 378.8412322998047 142.32427978515625 378.8412322998047 249.3481216430664 345.9632263183594 249.3481216430664
346.6291809082031 142.54080200195312 378.260705947876 142.54080200195312 378.260705947876 248.98313903808594 346.6291809082031 248.98313903808594
346.50750732421875 142.8041229248047 378.66408920288086 142.8041229248047 378.66408920288086 248.73543548583984 346.50750732421875 248.73543548583984
346.7040100097656 142.49346923828125 378.43246841430664 142.49346923828125 378.43246841430664 248.2952651977539 346.7040100097656 248.2952651977539
346.5666198730469 142.2552032470703 378.5352725982666 142.2552032470703 378.5352725982666 248.279052734375 346.5666198730469 248.279052734375
346.36016845703125 142.300048828125 378.9005241394043 142.300048828125 378.9005241394043 249.8741455078125 346.36016845703125 249.8741455078125
345.83258056640625 140.5553436279297 379.39257049560547 140.5553436279297 379.39257049560547 248.9496307373047 345.83258056640625 248.9496307373047
345.52313232421875 139.21530151367188 379.5509948730469 139.21530151367188 379.5509948730469 250.40005493164062 345.52313232421875 250.40005493164062
345.19012451171875 139.3861541748047 379.62409591674805 139.3861541748047 379.62409591674805 250.9344940185547 345.19012451171875 250.9344940185547
345.1040954589844 140.41519165039062 379.76271057128906 140.41519165039062 379.76271057128906 251.28504180908203 345.1040954589844 251.28504180908203
345.404052734375 139.953857421875 379.2845153808594 139.953857421875 379.2845153808594 251.705810546875 345.404052734375 251.705810546875
345.3587341308594 139.08224487304688 379.6732292175293 139.08224487304688 379.6732292175293 251.5550994873047 345.3587341308594 251.5550994873047
345.3875732421875 138.5605010986328 379.4798774719238 138.5605010986328 379.4798774719238 251.233642578125 345.3875732421875 251.233642578125
345.7314758300781 141.2859344482422 379.34760665893555 141.2859344482422 379.34760665893555 250.25531005859375 345.7314758300781 250.25531005859375
346.2420349121094 141.17063903808594 379.0143508911133 141.17063903808594 379.0143508911133 249.89167022705078 346.2420349121094 249.89167022705078
346.09429931640625 141.5360107421875 378.9296340942383 141.5360107421875 378.9296340942383 250.2487030029297 346.09429931640625 250.2487030029297
346.4256591796875 141.62142944335938 378.7078857421875 141.62142944335938 378.7078857421875 249.08972930908203 346.4256591796875 249.08972930908203
346.65386962890625 142.32061767578125 378.62761878967285 142.32061767578125 378.62761878967285 249.4491958618164 346.65386962890625 249.4491958618164
346.3944396972656 141.5904998779297 379.0632133483887 141.5904998779297 379.0632133483887 248.06929779052734 346.3944396972656 248.06929779052734
346.0113525390625 140.8638458251953 379.14553451538086 140.8638458251953 379.14553451538086 249.3575210571289 346.0113525390625 249.3575210571289
345.67889404296875 140.34536743164062 379.1447067260742 140.34536743164062 379.1447067260742 250.39492797851562 345.67889404296875 250.39492797851562
345.68438720703125 140.271484375 379.2020683288574 140.271484375 379.2020683288574 250.40159606933594 345.68438720703125 250.40159606933594
345.0943908691406 139.59259033203125 379.8784866333008 139.59259033203125 379.8784866333008 251.48631286621094 345.0943908691406 251.48631286621094
344.99517822265625 139.24551391601562 379.7553482055664 139.24551391601562 379.7553482055664 250.7462615966797 344.99517822265625 250.7462615966797
345.1479187011719 139.8536834716797 379.5944938659668 139.8536834716797 379.5944938659668 251.53919219970703 345.1479187011719 251.53919219970703
345.15924072265625 140.1265869140625 379.75210189819336 140.1265869140625 379.75210189819336 249.9128189086914 345.15924072265625 249.9128189086914
345.295166015625 141.3606719970703 379.59003829956055 141.3606719970703 379.59003829956055 251.34320068359375 345.295166015625 251.34320068359375
346.023681640625 141.65133666992188 378.97957611083984 141.65133666992188 378.97957611083984 251.25294494628906 346.023681640625 251.25294494628906
345.59979248046875 141.18032836914062 379.28556060791016 141.18032836914062 379.28556060791016 250.9945526123047 345.59979248046875 250.9945526123047
345.8225402832031 139.9865264892578 379.89007568359375 139.9865264892578 379.89007568359375 251.4447784423828 345.8225402832031 251.4447784423828
346.37994384765625 142.16671752929688 379.2140007019043 142.16671752929688 379.2140007019043 249.51295471191406 346.37994384765625 249.51295471191406
345.8595275878906 141.03306579589844 379.25262451171875 141.03306579589844 379.25262451171875 250.47406005859375 345.8595275878906 250.47406005859375
346.096923828125 141.12295532226562 378.8900909423828 141.12295532226562 378.8900909423828 249.84752655029297 346.096923828125 249.84752655029297
346.42694091796875 142.88536071777344 379.00524139404297 142.88536071777344 379.00524139404297 250.59912872314453 346.42694091796875 250.59912872314453
345.97552490234375 140.9837646484375 378.6609992980957 140.9837646484375 378.6609992980957 249.41700744628906 345.97552490234375 249.41700744628906
346.34686279296875 142.49569702148438 378.61695098876953 142.49569702148438 378.61695098876953 249.1968231201172 346.34686279296875 249.1968231201172
346.67425537109375 142.5101776123047 379.0192756652832 142.5101776123047 379.0192756652832 249.24164581298828 346.67425537109375 249.24164581298828
345.87823486328125 142.06935119628906 379.10376739501953 142.06935119628906 379.10376739501953 250.96221160888672 345.87823486328125 250.96221160888672
345.9772644042969 142.6500701904297 378.9884262084961 142.6500701904297 378.9884262084961 249.6612777709961 345.9772644042969 249.6612777709961
345.9949645996094 142.335205078125 378.64533615112305 142.335205078125 378.64533615112305 248.6458969116211 345.9949645996094 248.6458969116211
346.53515625 143.8881072998047 378.5127811431885 143.8881072998047 378.5127811431885 250.37615966796875 346.53515625 250.37615966796875
346.115234375 143.55934143066406 378.8336410522461 143.55934143066406 378.8336410522461 249.93094635009766 346.115234375 249.93094635009766
346.4524230957031 141.85498046875 378.6903495788574 141.85498046875 378.6903495788574 248.68072509765625 346.4524230957031 248.68072509765625
346.5050964355469 143.4453125 378.4889831542969 143.4453125 378.4889831542969 249.53314208984375 346.5050964355469 249.53314208984375
346.161376953125 143.2696533203125 378.49308013916016 143.2696533203125 378.49308013916016 249.45904541015625 346.161376953125 249.45904541015625
346.730712890625 142.0399932861328 378.6848201751709 142.0399932861328 378.6848201751709 248.76332092285156 346.730712890625 248.76332092285156
346.4844055175781 141.41372680664062 378.9123077392578 141.41372680664062 378.9123077392578 249.1726531982422 346.4844055175781 249.1726531982422
346.3661804199219 142.39523315429688 378.9367866516113 142.39523315429688 378.9367866516113 247.87326049804688 346.3661804199219 247.87326049804688
346.2899475097656 143.98226928710938 378.7213325500488 143.98226928710938 378.7213325500488 249.56273651123047 346.2899475097656 249.56273651123047
346.3819274902344 142.4317169189453 378.68270111083984 142.4317169189453 378.68270111083984 249.6525421142578 346.3819274902344 249.6525421142578
346.544677734375 141.81027221679688 378.8789939880371 141.81027221679688 378.8789939880371 248.92577362060547 346.544677734375 248.92577362060547
346.735107421875 143.19448852539062 378.4227104187012 143.19448852539062 378.4227104187012 249.39421844482422 346.735107421875 249.39421844482422
346.96856689453125 142.47134399414062 378.46391677856445 142.47134399414062 378.46391677856445 248.67050170898438 346.96856689453125 248.67050170898438
346.637451171875 142.9478302001953 378.4819793701172 142.9478302001953 378.4819793701172 249.43187713623047 346.637451171875 249.43187713623047
346.8919677734375 142.550048828125 378.62407875061035 142.550048828125 378.62407875061035 249.0172119140625 346.8919677734375 249.0172119140625
345.8755187988281 142.15643310546875 379.06208419799805 142.15643310546875 379.06208419799805 250.2290802001953 345.8755187988281 250.2290802001953
346.34173583984375 141.0699920654297 378.9754409790039 141.0699920654297 378.9754409790039 250.53150177001953 346.34173583984375 250.53150177001953
346.1690368652344 141.33450317382812 378.89023208618164 141.33450317382812 378.89023208618164 249.8991241455078 346.1690368652344 249.8991241455078
346.5775451660156 142.37413024902344 378.9050598144531 142.37413024902344 378.9050598144531 249.2081527709961 346.5775451660156 249.2081527709961
346.17230224609375 142.99359130859375 379.02708435058594 142.99359130859375 379.02708435058594 249.53065490722656 346.17230224609375 249.53065490722656
346.2630310058594 140.38755798339844 378.95897674560547 140.38755798339844 378.95897674560547 250.15255737304688 346.2630310058594 250.15255737304688
346.373291015625 142.6947021484375 379.2084655761719 142.6947021484375 379.2084655761719 250.3876190185547 346.373291015625 250.3876190185547
346.10479736328125 141.7886962890625 379.07839584350586 141.7886962890625 379.07839584350586 250.5328598022461 346.10479736328125 250.5328598022461
345.42041015625 139.24400329589844 379.1150321960449 139.24400329589844 379.1150321960449 251.44114685058594 345.42041015625 251.44114685058594
346.25616455078125 141.4888458251953 378.32182693481445 141.4888458251953 378.32182693481445 249.64635467529297 346.25616455078125 249.64635467529297
346.26348876953125 141.87026977539062 378.63179779052734 141.87026977539062 378.63179779052734 248.97937774658203 346.26348876953125 248.97937774658203
345.98883056640625 141.48068237304688 379.0854148864746 141.48068237304688 379.0854148864746 249.88060760498047 345.98883056640625 249.88060760498047
346.30035400390625 141.37496948242188 378.5732192993164 141.37496948242188 378.5732192993164 249.95458221435547 346.30035400390625 249.95458221435547
345.8421936035156 139.49942016601562 378.8037223815918 139.49942016601562 378.8037223815918 251.39535522460938 345.8421936035156 251.39535522460938
345.97369384765625 141.69528198242188 379.01627349853516 141.69528198242188 379.01627349853516 249.50830841064453 345.97369384765625 249.50830841064453
345.9989013671875 142.46395874023438 379.0270004272461 142.46395874023438 379.0270004272461 249.8205108642578 345.9989013671875 249.8205108642578
345.71820068359375 140.37863159179688 378.85314178466797 140.37863159179688 378.85314178466797 250.61009979248047 345.71820068359375 250.61009979248047
346.0502624511719 141.90142822265625 379.20113372802734 141.90142822265625 379.20113372802734 250.25140380859375 346.0502624511719 250.25140380859375
345.836181640625 139.91220092773438 378.7985954284668 139.91220092773438 378.7985954284668 248.85914611816406 345.836181640625 248.85914611816406
346.07489013671875 141.00245666503906 379.31785583496094 141.00245666503906 379.31785583496094 250.26528930664062 346.07489013671875 250.26528930664062
345.93975830078125 141.8276824951172 378.82149505615234 141.8276824951172 378.82149505615234 249.48592376708984 345.93975830078125 249.48592376708984
346.2425231933594 141.64315795898438 378.3820571899414 141.64315795898438 378.3820571899414 249.59313201904297 346.2425231933594 249.59313201904297
346.355712890625 141.14056396484375 378.7887763977051 141.14056396484375 378.7887763977051 250.17623138427734 346.355712890625 250.17623138427734
346.274169921875 142.75216674804688 378.3671875 142.75216674804688 378.3671875 251.21381378173828 346.274169921875 251.21381378173828
345.9236755371094 140.6446533203125 378.89301681518555 140.6446533203125 378.89301681518555 250.1484832763672 345.9236755371094 250.1484832763672
346.66668701171875 142.54202270507812 378.7098503112793 142.54202270507812 378.7098503112793 248.71974182128906 346.66668701171875 248.71974182128906
345.91900634765625 142.42288208007812 378.96640396118164 142.42288208007812 378.96640396118164 250.18568420410156 345.91900634765625 250.18568420410156
346.05792236328125 141.48989868164062 378.9729232788086 141.48989868164062 378.9729232788086 249.47579956054688 346.05792236328125 249.47579956054688
346.3147277832031 141.84434509277344 378.78923416137695 141.84434509277344 378.78923416137695 249.29019165039062 346.3147277832031 249.29019165039062
346.26165771484375 142.05911254882812 378.9474105834961 142.05911254882812 378.9474105834961 250.43816375732422 346.26165771484375 250.43816375732422
346.260498046875 141.4901580810547 378.8069305419922 141.4901580810547 378.8069305419922 250.49728393554688 346.260498046875 250.49728393554688
346.8260498046875 142.5930633544922 378.37883949279785 142.5930633544922 378.37883949279785 249.58700561523438 346.8260498046875 249.58700561523438
346.7069396972656 143.71511840820312 378.9508056640625 143.71511840820312 378.9508056640625 250.56558227539062 346.7069396972656 250.56558227539062
346.2986145019531 140.7681121826172 379.06127548217773 140.7681121826172 379.06127548217773 249.40652465820312 346.2986145019531 249.40652465820312
339.5276184082031 141.5380401611328 378.80017471313477 141.5380401611328 378.80017471313477 247.53075408935547 339.5276184082031 247.53075408935547
336.092041015625 144.40322875976562 371.25056076049805 144.40322875976562 371.25056076049805 248.91956329345703 336.092041015625 248.91956329345703
331.9306335449219 140.36355590820312 369.2159767150879 140.36355590820312 369.2159767150879 248.08513641357422 331.9306335449219 248.08513641357422
327.24200439453125 141.81170654296875 364.7585220336914 141.81170654296875 364.7585220336914 249.09090423583984 327.24200439453125 249.09090423583984
323.2779541015625 143.171875 360.9529342651367 143.171875 360.9529342651367 248.0100555419922 323.2779541015625 248.0100555419922
318.67095947265625 140.95770263671875 355.31187438964844 140.95770263671875 355.31187438964844 246.4781951904297 318.67095947265625 246.4781951904297
314.8472900390625 141.19808959960938 351.4219551086426 141.19808959960938 351.4219551086426 245.2741241455078 314.8472900390625 245.2741241455078
310.02911376953125 141.22044372558594 347.00161361694336 141.22044372558594 347.00161361694336 247.11904907226562 310.02911376953125 247.11904907226562
306.48553466796875 140.86660766601562 342.35204315185547 140.86660766601562 342.35204315185547 248.19316864013672 306.48553466796875 248.19316864013672
301.623779296875 140.17539978027344 339.13557052612305 140.17539978027344 339.13557052612305 247.88766479492188 301.623779296875 247.88766479492188
297.9043884277344 142.6843719482422 335.2599906921387 142.6843719482422 335.2599906921387 247.6695785522461 297.9043884277344 247.6695785522461
291.27850341796875 141.27011108398438 330.1218910217285 141.27011108398438 330.1218910217285 249.74461364746094 291.27850341796875 249.74461364746094
290.8197021484375 141.75802612304688 326.0597953796387 141.75802612304688 326.0597953796387 247.75786590576172 290.8197021484375 247.75786590576172
292.1418762207031 141.7235870361328 330.2234992980957 141.7235870361328 330.2234992980957 247.05447387695312 292.1418762207031 247.05447387695312
298.1800842285156 142.86659240722656 334.5179557800293 142.86659240722656 334.5179557800293 249.0012969970703 298.1800842285156 249.0012969970703
301.5054016113281 143.24197387695312 339.0230712890625 143.24197387695312 339.0230712890625 251.06145477294922 301.5054016113281 251.06145477294922
305.80731201171875 141.41671752929688 342.9390640258789 141.41671752929688 342.9390640258789 249.16413116455078 305.80731201171875 249.16413116455078
309.74237060546875 142.9556427001953 347.13525390625 142.9556427001953 347.13525390625 250.18788146972656 309.74237060546875 250.18788146972656
313.03790283203125 141.3832244873047 351.543701171875 141.3832244873047 351.543701171875 250.69116973876953 313.03790283203125 250.69116973876953
317.65667724609375 141.24026489257812 355.81298065185547 141.24026489257812 355.81298065185547 250.0309295654297 317.65667724609375 250.0309295654297
323.043701171875 140.1836700439453 360.72815704345703 140.1836700439453 360.72815704345703 250.54150390625 323.043701171875 250.54150390625
327.0450439453125 139.72332763671875 364.9626579284668 139.72332763671875 364.9626579284668 248.1217803955078 327.0450439453125 248.1217803955078
331.60211181640625 140.9498291015625 368.74691009521484 140.9498291015625 368.74691009521484 249.7794952392578 331.60211181640625 249.7794952392578
334.8146057128906 141.34738159179688 373.87458419799805 141.34738159179688 373.87458419799805 250.99340057373047 334.8146057128906 250.99340057373047
339.07733154296875 139.35076904296875 377.1667671203613 139.35076904296875 377.1667671203613 246.9068603515625 339.07733154296875 246.9068603515625
343.7320556640625 139.47030639648438 380.5767021179199 139.47030639648438 380.5767021179199 249.08686065673828 343.7320556640625 249.08686065673828
339.46942138671875 141.1156768798828 379.3768081665039 141.1156768798828 379.3768081665039 249.57855224609375 339.46942138671875 249.57855224609375
335.3174743652344 140.13504028320312 373.76749420166016 140.13504028320312 373.76749420166016 249.96710968017578 335.3174743652344 249.96710968017578
331.2027893066406 138.90719604492188 372.1292610168457 138.90719604492188 372.1292610168457 248.26734924316406 331.2027893066406 248.26734924316406
327.92657470703125 138.6670379638672 366.0338706970215 138.6670379638672 366.0338706970215 248.4273681640625 327.92657470703125 248.4273681640625
323.6537780761719 139.93994140625 362.8901786804199 139.93994140625 362.8901786804199 249.73692321777344 323.6537780761719 249.73692321777344
318.2229309082031 138.40614318847656 357.83008193969727 138.40614318847656 357.83008193969727 249.96896362304688 318.2229309082031 249.96896362304688
313.61260986328125 139.1046905517578 353.3957862854004 139.1046905517578 353.3957862854004 248.85122680664062 313.61260986328125 248.85122680664062
310.6741638183594 138.31759643554688 348.7117233276367 138.31759643554688 348.7117233276367 248.58600616455078 310.6741638183594 248.58600616455078
307.09375 141.63900756835938 344.6370506286621 141.63900756835938 344.6370506286621 252.18797302246094 307.09375 252.18797302246094
301.81219482421875 143.13522338867188 340.4020767211914 143.13522338867188 340.4020767211914 249.9253387451172 301.81219482421875 249.9253387451172
298.0053405761719 140.63174438476562 336.9240036010742 140.63174438476562 336.9240036010742 250.49559783935547 298.0053405761719 250.49559783935547
292.6593933105469 139.3893585205078 332.3629379272461 139.3893585205078 332.3629379272461 248.0104751586914 292.6593933105469 248.0104751586914
289.987548828125 139.0824737548828 327.03932189941406 139.0824737548828 327.03932189941406 247.70586395263672 289.987548828125 247.70586395263672
288.8863830566406 140.3494873046875 329.6717529296875 140.3494873046875 329.6717529296875 251.2308120727539 288.8863830566406 251.2308120727539
297.14593505859375 139.8531494140625 334.2559928894043 139.8531494140625 334.2559928894043 248.46527099609375 297.14593505859375 248.46527099609375
300.0457458496094 143.53219604492188 337.8001174926758 143.53219604492188 337.8001174926758 251.19251251220703 300.0457458496094 251.19251251220703
305.04754638671875 139.5152587890625 341.911075592041 139.5152587890625 341.911075592041 247.4157943725586 305.04754638671875 247.4157943725586
308.64605712890625 139.65090942382812 345.91556549072266 139.65090942382812 345.91556549072266 248.8448028564453 308.64605712890625 248.8448028564453
312.7571716308594 142.26812744140625 350.6129455566406 142.26812744140625 350.6129455566406 249.4156951904297 312.7571716308594 249.4156951904297
317.49359130859375 141.73336791992188 354.67644119262695 141.73336791992188 354.67644119262695 246.2696990966797 317.49359130859375 246.2696990966797
321.66778564453125 139.5469970703125 360.2642707824707 139.5469970703125 360.2642707824707 247.42340087890625 321.66778564453125 247.42340087890625
326.614501953125 141.01490783691406 363.3037338256836 141.01490783691406 363.3037338256836 248.89564514160156 326.614501953125 248.89564514160156
330.21856689453125 140.3302459716797 368.6995964050293 140.3302459716797 368.6995964050293 248.9747314453125 330.21856689453125 248.9747314453125
334.8154296875 140.32369995117188 371.52246856689453 140.32369995117188 371.52246856689453 249.0336456298828 334.8154296875 249.0336456298828
338.50738525390625 141.47909545898438 376.03101348876953 141.47909545898438 376.03101348876953 249.29428100585938 338.50738525390625 249.29428100585938
343.6701965332031 140.74008178710938 380.2306365966797 140.74008178710938 380.2306365966797 248.52406311035156 343.6701965332031 248.52406311035156
342.30657958984375 140.233154296875 379.7000617980957 140.233154296875 379.7000617980957 246.2086410522461 342.30657958984375 246.2086410522461
336.3525390625 140.78671264648438 375.08467864990234 140.78671264648438 375.08467864990234 248.34176635742188 336.3525390625 248.34176635742188
333.63494873046875 141.9895782470703 371.15800857543945 141.9895782470703 371.15800857543945 248.61058807373047 333.63494873046875 248.61058807373047
329.4775695800781 142.9832305908203 367.4293441772461 142.9832305908203 367.4293441772461 248.48727416992188 329.4775695800781 248.48727416992188
325.15447998046875 140.6067352294922 363.1245536804199 140.6067352294922 363.1245536804199 246.64236450195312 325.15447998046875 246.64236450195312
320.6270446777344 141.0897216796875 358.72713470458984 141.0897216796875 358.72713470458984 247.8464584350586 320.6270446777344 247.8464584350586
315.8946838378906 140.9032745361328 353.04451751708984 140.9032745361328 353.04451751708984 246.61343383789062 315.8946838378906 246.61343383789062
311.8565979003906 142.61151123046875 349.88661193847656 142.61151123046875 349.88661193847656 249.72501373291016 311.8565979003906 249.72501373291016
307.51019287109375 142.10430908203125 344.26579666137695 142.10430908203125 344.26579666137695 247.10787200927734 307.51019287109375 247.10787200927734
304.6583251953125 144.56431579589844 341.06169509887695 144.56431579589844 341.06169509887695 248.70429229736328 304.6583251953125 248.70429229736328
298.99786376953125 141.6006317138672 336.9459915161133 141.6006317138672 336.9459915161133 248.04248809814453 298.99786376953125 248.04248809814453
295.1168212890625 144.3153076171875 332.05176544189453 144.3153076171875 332.05176544189453 249.1284408569336 295.1168212890625 249.1284408569336
289.98016357421875 141.18862915039062 327.76988983154297 141.18862915039062 327.76988983154297 248.26306915283203 289.98016357421875 248.26306915283203
289.37445068359375 142.31558227539062 327.6043586730957 142.31558227539062 327.6043586730957 250.78333282470703 289.37445068359375 250.78333282470703
295.4206848144531 142.82568359375 333.6471252441406 142.82568359375 333.6471252441406 248.510986328125 295.4206848144531 248.510986328125
299.5794372558594 142.05307006835938 336.66532135009766 142.05307006835938 336.66532135009766 249.3177947998047 299.5794372558594 249.3177947998047
304.03253173828125 143.9390411376953 341.1528854370117 143.9390411376953 341.1528854370117 248.19064331054688 304.03253173828125 248.19064331054688
308.3235778808594 142.7102508544922 344.8968696594238 142.7102508544922 344.8968696594238 248.51959228515625 308.3235778808594 248.51959228515625
311.45428466796875 144.16622924804688 348.6205940246582 144.16622924804688 348.6205940246582 248.09310913085938 311.45428466796875 248.09310913085938
316.7709655761719 142.10797119140625 353.5725402832031 142.10797119140625 353.5725402832031 247.7187728881836 316.7709655761719 247.7187728881836
320.70257568359375 142.13287353515625 358.4619941711426 142.13287353515625 358.4619941711426 246.9263153076172 320.70257568359375 246.9263153076172
326.36737060546875 140.5650634765625 363.04102325439453 140.5650634765625 363.04102325439453 248.244873046875 326.36737060546875 248.244873046875
329.94451904296875 143.0720977783203 366.27877044677734 143.0720977783203 366.27877044677734 249.37169647216797 329.94451904296875 249.37169647216797
334.2063903808594 144.281494140625 371.04586029052734 144.281494140625 371.04586029052734 249.60174560546875 334.2063903808594 249.60174560546875
338.285400390625 142.84156799316406 375.05504989624023 142.84156799316406 375.05504989624023 248.60848999023438 338.285400390625 248.60848999023438
342.336181640625 143.0742950439453 378.7276611328125 143.0742950439453 378.7276611328125 248.13746643066406 342.336181640625 248.13746643066406
343.6497497558594 139.68191528320312 379.26860427856445 139.68191528320312 379.26860427856445 252.10991668701172 343.6497497558594 252.10991668701172
337.2729797363281 142.97830200195312 376.49945068359375 142.97830200195312 376.49945068359375 249.45209503173828 337.2729797363281 249.45209503173828
335.0093688964844 141.40298461914062 371.7595443725586 141.40298461914062 371.7595443725586 249.31675720214844 335.0093688964844 249.31675720214844
330.10003662109375 142.79144287109375 367.21833419799805 142.79144287109375 367.21833419799805 250.6099624633789 330.10003662109375 250.6099624633789
326.71966552734375 142.8962860107422 364.20401763916016 142.8962860107422 364.20401763916016 251.0091781616211 326.71966552734375 251.0091781616211
321.228271484375 141.73629760742188 359.35841369628906 141.73629760742188 359.35841369628906 248.93917846679688 321.228271484375 248.93917846679688
316.36248779296875 143.60508728027344 354.3498420715332 143.60508728027344 354.3498420715332 250.2518310546875 316.36248779296875 250.2518310546875
311.91949462890625 141.66494750976562 349.3906784057617 141.66494750976562 349.3906784057617 250.9380340576172 311.91949462890625 250.9380340576172
308.34130859375 141.7386932373047 346.2153129577637 141.7386932373047 346.2153129577637 249.55145263671875 308.34130859375 249.55145263671875
304.05328369140625 142.1457061767578 341.19486236572266 142.1457061767578 341.19486236572266 251.52880096435547 304.05328369140625 251.52880096435547
300.24676513671875 141.99989318847656 337.76558685302734 141.99989318847656 337.76558685302734 249.62963104248047 300.24676513671875 249.62963104248047
295.9660339355469 143.78077697753906 333.6303939819336 143.78077697753906 333.6303939819336 250.08441162109375 295.9660339355469 250.08441162109375
290.1923522949219 143.13534545898438 328.61140060424805 143.13534545898438 328.61140060424805 252.17877960205078 290.1923522949219 252.17877960205078
289.6880798339844 144.577392578125 325.27282333374023 144.577392578125 325.27282333374023 250.8359603881836 289.6880798339844 250.8359603881836
292.188720703125 145.2377166748047 332.5449447631836 145.2377166748047 332.5449447631836 253.10211181640625 292.188720703125 253.10211181640625
299.36602783203125 143.3614044189453 335.0078811645508 143.3614044189453 335.0078811645508 249.96141815185547 299.36602783203125 249.96141815185547
301.59478759765625 143.29685974121094 339.94930267333984 143.29685974121094 339.94930267333984 250.03172302246094 301.59478759765625 250.03172302246094
306.40679931640625 142.23846435546875 343.6135368347168 142.23846435546875 343.6135368347168 248.43890380859375 306.40679931640625 248.43890380859375
310.5237121582031 142.11209106445312 347.69580078125 142.11209106445312 347.69580078125 248.5623321533203 310.5237121582031 248.5623321533203
314.130615234375 143.2147979736328 352.3321189880371 143.2147979736328 352.3321189880371 252.85198974609375 314.130615234375 252.85198974609375
319.23822021484375 142.7335662841797 356.75850677490234 142.7335662841797 356.75850677490234 249.052978515625 319.23822021484375 249.052978515625
324.66693115234375 141.95669555664062 362.6369514465332 141.95669555664062 362.6369514465332 249.92377471923828 324.66693115234375 249.92377471923828
328.00201416015625 141.28570556640625 366.0086860656738 141.28570556640625 366.0086860656738 251.1878433227539 328.00201416015625 251.1878433227539
332.7251281738281 142.23648071289062 370.3724670410156 142.23648071289062 370.3724670410156 250.60952758789062 332.7251281738281 250.60952758789062
335.60235595703125 140.558837890625 374.55542755126953 140.558837890625 374.55542755126953 250.24835205078125 335.60235595703125 250.24835205078125
340.3810119628906 141.0201416015625 378.23912811279297 141.0201416015625 378.23912811279297 249.56944274902344 340.3810119628906 249.56944274902344
344.1851501464844 141.49948120117188 380.01132583618164 141.49948120117188 380.01132583618164 249.36595153808594 344.1851501464844 249.36595153808594
338.03253173828125 141.27825927734375 377.71910095214844 141.27825927734375 377.71910095214844 251.82884216308594 338.03253173828125 251.82884216308594
337.28662109375 142.44906616210938 371.968017578125 142.44906616210938 371.968017578125 251.1612091064453 337.28662109375 251.1612091064453
330.93304443359375 141.4956512451172 369.593563079834 141.4956512451172 369.593563079834 249.8018035888672 330.93304443359375 249.8018035888672
327.8064270019531 143.60665893554688 365.3160095214844 143.60665893554688 365.3160095214844 250.55976104736328 327.8064270019531 250.55976104736328
322.8262939453125 141.09486389160156 361.4244918823242 141.09486389160156 361.4244918823242 250.2282485961914 322.8262939453125 250.2282485961914
318.39971923828125 143.57220458984375 356.51172637939453 143.57220458984375 356.51172637939453 249.9077377319336 318.39971923828125 249.9077377319336
313.75006103515625 143.96127319335938 350.8441390991211 143.96127319335938 350.8441390991211 250.06581115722656 313.75006103515625 250.06581115722656
310.36810302734375 144.05615234375 346.7191390991211 144.05615234375 346.7191390991211 249.81251525878906 310.36810302734375 249.81251525878906
306.1876525878906 143.94190979003906 343.35411834716797 143.94190979003906 343.35411834716797 250.46395874023438 306.1876525878906 250.46395874023438
301.5444030761719 142.35316467285156 338.83966064453125 142.35316467285156 338.83966064453125 251.34940338134766 301.5444030761719 251.34940338134766
297.39935302734375 144.8617401123047 334.2403259277344 144.8617401123047 334.2403259277344 251.09515380859375 297.39935302734375 251.09515380859375
291.6781311035156 143.9266357421875 330.4959487915039 143.9266357421875 330.4959487915039 252.35416412353516 291.6781311035156 252.35416412353516
290.0405578613281 143.41378784179688 326.69812774658203 143.41378784179688 326.69812774658203 251.66950225830078 290.0405578613281 251.66950225830078
290.9779968261719 144.39694213867188 330.96766662597656 144.39694213867188 330.96766662597656 254.2101287841797 290.9779968261719 254.2101287841797
297.89892578125 141.34097290039062 334.96366119384766 141.34097290039062 334.96366119384766 251.8942108154297 297.89892578125 251.8942108154297
300.26123046875 143.9244842529297 339.54937744140625 143.9244842529297 339.54937744140625 250.82526397705078 300.26123046875 250.82526397705078
306.04754638671875 142.74293518066406 342.3398094177246 142.74293518066406 342.3398094177246 251.48739624023438 306.04754638671875 251.48739624023438
308.9783630371094 142.18798828125 346.11291122436523 142.18798828125 346.11291122436523 251.82542419433594 308.9783630371094 251.82542419433594
313.41192626953125 140.94082641601562 351.8704414367676 140.94082641601562 351.8704414367676 249.61314392089844 313.41192626953125 249.61314392089844
317.8127136230469 140.64698791503906 356.10347747802734 140.64698791503906 356.10347747802734 251.6441421508789 317.8127136230469 251.6441421508789
322.7841491699219 142.56924438476562 362.3038139343262 142.56924438476562 362.3038139343262 250.23170471191406 322.7841491699219 250.23170471191406
327.4107360839844 141.76544189453125 365.6089668273926 141.76544189453125 365.6089668273926 251.56089782714844 327.4107360839844 251.56089782714844
332.0227966308594 140.48171997070312 369.8752746582031 140.48171997070312 369.8752746582031 249.78761291503906 332.0227966308594 249.78761291503906
336.6193542480469 142.0471649169922 373.0459671020508 142.0471649169922 373.0459671020508 248.19390869140625 336.6193542480469 248.19390869140625
339.8932189941406 142.5673370361328 378.36688232421875 142.5673370361328 378.36688232421875 251.8691177368164 339.8932189941406 251.8691177368164
344.4043273925781 143.03057861328125 380.3470268249512 143.03057861328125 380.3470268249512 249.8611602783203 344.4043273925781 249.8611602783203
340.9593811035156 143.84841918945312 378.2128219604492 143.84841918945312 378.2128219604492 247.81326293945312 340.9593811035156 247.81326293945312
336.94580078125 143.27975463867188 373.18636322021484 143.27975463867188 373.18636322021484 251.05577850341797 336.94580078125 251.05577850341797
333.2224426269531 141.84512329101562 370.9863967895508 141.84512329101562 370.9863967895508 249.6042938232422 333.2224426269531 249.6042938232422
329.23406982421875 143.2539825439453 365.64128494262695 143.2539825439453 365.64128494262695 250.3015899658203 329.23406982421875 250.3015899658203
324.16802978515625 141.5417022705078 362.40294647216797 141.5417022705078 362.40294647216797 250.6225357055664 324.16802978515625 250.6225357055664
319.7463073730469 142.6217803955078 357.0241050720215 142.6217803955078 357.0241050720215 248.76757049560547 319.7463073730469 248.76757049560547
315.742431640625 141.7241668701172 352.7391891479492 141.7241668701172 352.7391891479492 249.09959411621094 315.742431640625 249.09959411621094
310.77850341796875 140.5994110107422 348.3297004699707 140.5994110107422 348.3297004699707 247.7707748413086 310.77850341796875 247.7707748413086
306.6236267089844 140.7913055419922 343.9123229980469 140.7913055419922 343.9123229980469 248.681884765625 306.6236267089844 248.681884765625
302.6226806640625 143.21505737304688 339.5772018432617 143.21505737304688 339.5772018432617 246.4343719482422 302.6226806640625 246.4343719482422
298.5517578125 143.6187744140625 335.8591842651367 143.6187744140625 335.8591842651367 250.7297592163086 298.5517578125 250.7297592163086
293.4140930175781 144.04672241210938 330.87897872924805 144.04672241210938 330.87897872924805 248.47665405273438 293.4140930175781 248.47665405273438
290.32000732421875 144.45193481445312 326.253662109375 144.45193481445312 326.253662109375 250.29993438720703 290.32000732421875 250.29993438720703
290.21453857421875 142.7318878173828 329.24147033691406 142.7318878173828 329.24147033691406 251.31119537353516 290.21453857421875 251.31119537353516
297.4122009277344 143.0745849609375 334.11412811279297 143.0745849609375 334.11412811279297 249.36485290527344 297.4122009277344 249.36485290527344
300.1371154785156 143.03561401367188 337.50196075439453 143.03561401367188 337.50196075439453 250.81224822998047 300.1371154785156 250.81224822998047
304.7298583984375 141.59385681152344 342.459415435791 141.59385681152344 342.459415435791 251.87299346923828 304.7298583984375 251.87299346923828
308.2684020996094 141.7104949951172 346.17425537109375 141.7104949951172 346.17425537109375 249.06967163085938 308.2684020996094 249.06967163085938
312.55584716796875 141.58045959472656 350.28002166748047 141.58045959472656 350.28002166748047 250.37456512451172 312.55584716796875 250.37456512451172
315.87750244140625 141.92575073242188 354.77423095703125 141.92575073242188 354.77423095703125 250.77558135986328 315.87750244140625 250.77558135986328
320.86798095703125 142.22018432617188 359.89330291748047 142.22018432617188 359.89330291748047 252.36956024169922 320.86798095703125 252.36956024169922
325.8265686035156 141.79127502441406 364.2600631713867 141.79127502441406 364.2600631713867 252.74752807617188 325.8265686035156 252.74752807617188
330.45245361328125 140.87457275390625 368.0296096801758 140.87457275390625 368.0296096801758 250.05484771728516 330.45245361328125 250.05484771728516
333.7562561035156 140.0639190673828 371.6327018737793 140.0639190673828 371.6327018737793 251.09512329101562 333.7562561035156 251.09512329101562
337.8591003417969 141.4083251953125 376.2300796508789 141.4083251953125 376.2300796508789 251.5890350341797 337.8591003417969 251.5890350341797
343.42864990234375 139.49581909179688 379.69239044189453 139.49581909179688 379.69239044189453 251.55569458007812 343.42864990234375 251.55569458007812
341.9053955078125 140.5924835205078 378.99828338623047 140.5924835205078 378.99828338623047 248.79911041259766 341.9053955078125 248.79911041259766
336.91656494140625 139.87599182128906 374.80257415771484 139.87599182128906 374.80257415771484 249.54566955566406 336.91656494140625 249.54566955566406
333.59539794921875 139.13424682617188 371.6265411376953 139.13424682617188 371.6265411376953 248.59922790527344 333.59539794921875 248.59922790527344
329.0948486328125 141.7134246826172 368.3255958557129 141.7134246826172 368.3255958557129 251.7546615600586 329.0948486328125 251.7546615600586
325.3337707519531 140.52334594726562 362.8021926879883 140.52334594726562 362.8021926879883 250.20586395263672 325.3337707519531 250.20586395263672
319.26312255859375 141.29354858398438 358.2346878051758 141.29354858398438 358.2346878051758 250.3823699951172 319.26312255859375 250.3823699951172
315.1290588378906 139.28924560546875 353.41820526123047 139.28924560546875 353.41820526123047 249.81117248535156 315.1290588378906 249.81117248535156
311.15740966796875 141.9745330810547 348.94189071655273 141.9745330810547 348.94189071655273 252.55371856689453 311.15740966796875 252.55371856689453
306.51287841796875 142.0513916015625 345.48784255981445 142.0513916015625 345.48784255981445 252.33164978027344 306.51287841796875 252.33164978027344
303.2763671875 140.91561889648438 341.5546531677246 140.91561889648438 341.5546531677246 251.13160705566406 303.2763671875 251.13160705566406
299.09857177734375 143.04502868652344 337.57230377197266 143.04502868652344 337.57230377197266 249.95660400390625 299.09857177734375 249.95660400390625
294.03070068359375 142.28216552734375 332.7056655883789 142.28216552734375 332.7056655883789 251.0601577758789 294.03070068359375 251.0601577758789
288.86724853515625 139.22412109375 328.6071090698242 139.22412109375 328.6071090698242 251.9741973876953 288.86724853515625 251.9741973876953
288.9131164550781 142.8473663330078 328.00536727905273 142.8473663330078 328.00536727905273 253.88134765625 288.9131164550781 253.88134765625
294.5355529785156 143.03231811523438 334.00788497924805 143.03231811523438 334.00788497924805 253.35717010498047 294.5355529785156 253.35717010498047
299.92724609375 140.52023315429688 336.8316879272461 140.52023315429688 336.8316879272461 250.51549530029297 299.92724609375 250.51549530029297
302.8774108886719 140.8189239501953 341.26383209228516 140.8189239501953 341.26383209228516 251.3520278930664 302.8774108886719 251.3520278930664
307.1083984375 139.38168334960938 345.19913482666016 139.38168334960938 345.19913482666016 251.49610900878906 307.1083984375 251.49610900878906
310.846923828125 141.38763427734375 349.3183708190918 141.38763427734375 349.3183708190918 251.6598663330078 310.846923828125 251.6598663330078
315.0703125 139.13528442382812 353.4147262573242 139.13528442382812 353.4147262573242 249.61441040039062 315.0703125 249.61441040039062
319.0671081542969 139.82225036621094 358.7382392883301 139.82225036621094 358.7382392883301 251.1898422241211 319.0671081542969 251.1898422241211
325.5799865722656 141.06201171875 362.1773796081543 141.06201171875 362.1773796081543 250.66251373291016 325.5799865722656 250.66251373291016
328.3246154785156 141.7002410888672 366.19476318359375 141.7002410888672 366.19476318359375 252.2950439453125 328.3246154785156 252.2950439453125
333.44769287109375 139.96658325195312 371.3097915649414 139.96658325195312 371.3097915649414 251.3599395751953 333.44769287109375 251.3599395751953
336.9649658203125 139.57994079589844 375.2195510864258 139.57994079589844 375.2195510864258 252.06048583984375 336.9649658203125 252.06048583984375
341.1251525878906 141.4114990234375 379.9445686340332 141.4114990234375 379.9445686340332 251.88358306884766 341.1251525878906 251.88358306884766
343.072509765625 141.8433074951172 379.6558532714844 141.8433074951172 379.6558532714844 250.22779083251953 343.072509765625 250.22779083251953
336.78228759765625 139.4164581298828 376.19427490234375 139.4164581298828 376.19427490234375 250.79875946044922 336.78228759765625 250.79875946044922
334.7517395019531 140.31744384765625 372.3613700866699 140.31744384765625 372.3613700866699 251.49534606933594 334.7517395019531 251.49534606933594
329.1478576660156 142.53353881835938 368.76323318481445 142.53353881835938 368.76323318481445 251.53620147705078 329.1478576660156 251.53620147705078
325.6991882324219 142.0133819580078 364.4633140563965 142.0133819580078 364.4633140563965 251.1001968383789 325.6991882324219 251.1001968383789
320.3660583496094 142.1097412109375 360.5797119140625 142.1097412109375 360.5797119140625 251.3805694580078 320.3660583496094 251.3805694580078
316.2236328125 141.26226806640625 354.60720443725586 141.26226806640625 354.60720443725586 251.50772857666016 316.2236328125 251.50772857666016
312.02313232421875 141.1653594970703 350.25657653808594 141.1653594970703 350.25657653808594 251.37643432617188 312.02313232421875 251.37643432617188
308.470947265625 141.16212463378906 346.2868957519531 141.16212463378906 346.2868957519531 251.05887603759766 308.470947265625 251.05887603759766
303.7818908691406 139.50418090820312 342.34972381591797 139.50418090820312 342.34972381591797 250.44485473632812 303.7818908691406 250.44485473632812
299.85284423828125 139.46917724609375 338.65074157714844 139.46917724609375 338.65074157714844 251.3746566772461 299.85284423828125 251.3746566772461
294.8992614746094 143.9625244140625 333.96483612060547 143.9625244140625 333.96483612060547 252.58182525634766 294.8992614746094 252.58182525634766
290.17681884765625 141.39053344726562 330.3696746826172 141.39053344726562 330.3696746826172 252.73533630371094 290.17681884765625 252.73533630371094
289.32623291015625 141.435546875 326.4230155944824 141.435546875 326.4230155944824 252.1120834350586 289.32623291015625 252.1120834350586
292.3274230957031 141.8232879638672 333.7321968078613 141.8232879638672 333.7321968078613 253.77175903320312 292.3274230957031 253.77175903320312
298.81341552734375 141.07835388183594 334.48368072509766 141.07835388183594 334.48368072509766 251.64734649658203 298.81341552734375 251.64734649658203
300.4571838378906 142.1420135498047 340.6036796569824 142.1420135498047 340.6036796569824 252.06109619140625 300.4571838378906 252.06109619140625
306.7711181640625 141.5044403076172 343.85706329345703 141.5044403076172 343.85706329345703 250.06533813476562 306.7711181640625 250.06533813476562
308.87359619140625 142.45114135742188 347.70040130615234 142.45114135742188 347.70040130615234 251.85511779785156 308.87359619140625 251.85511779785156
313.99346923828125 140.6446075439453 353.3560562133789 140.6446075439453 353.3560562133789 251.6924591064453 313.99346923828125 251.6924591064453
317.43109130859375 142.18113708496094 357.601619720459 142.18113708496094 357.601619720459 252.91364288330078 317.43109130859375 252.91364288330078
323.75933837890625 139.61904907226562 362.2831726074219 139.61904907226562 362.2831726074219 249.79063415527344 323.75933837890625 249.79063415527344
327.426025390625 141.66946411132812 365.8439254760742 141.66946411132812 365.8439254760742 251.38404083251953 327.426025390625 251.38404083251953
332.32666015625 141.5487823486328 370.66345977783203 141.5487823486328 370.66345977783203 251.8188018798828 332.32666015625 251.8188018798828
335.5423583984375 140.94515991210938 373.6042900085449 140.94515991210938 373.6042900085449 252.99266052246094 335.5423583984375 252.99266052246094
338.89520263671875 139.5049285888672 379.7302665710449 139.5049285888672 379.7302665710449 252.33335876464844 338.89520263671875 252.33335876464844
344.2592468261719 140.25917053222656 380.27494049072266 140.25917053222656 380.27494049072266 249.81654357910156 344.2592468261719 249.81654357910156
338.25177001953125 140.98416137695312 377.7024612426758 140.98416137695312 377.7024612426758 251.9500274658203 338.25177001953125 251.9500274658203
334.79193115234375 140.0514373779297 373.4238624572754 140.0514373779297 373.4238624572754 252.2713851928711 334.79193115234375 252.2713851928711
330.1600341796875 140.54261779785156 370.350772857666 140.54261779785156 370.350772857666 252.3985137939453 330.1600341796875 252.3985137939453
326.83929443359375 140.5214080810547 364.80579376220703 140.5214080810547 364.80579376220703 250.89862060546875 326.83929443359375 250.89862060546875
321.4715270996094 140.6233367919922 360.8084526062012 140.6233367919922 360.8084526062012 251.7258758544922 321.4715270996094 251.7258758544922
316.9044494628906 141.267333984375 357.02907943725586 141.267333984375 357.02907943725586 252.11444091796875 316.9044494628906 252.11444091796875
313.02166748046875 139.4986572265625 351.8623809814453 139.4986572265625 351.8623809814453 251.15235900878906 313.02166748046875 251.15235900878906
308.4136657714844 141.8521270751953 348.0127182006836 141.8521270751953 348.0127182006836 254.43177795410156 308.4136657714844 254.43177795410156
304.52691650390625 140.39248657226562 343.42122650146484 140.39248657226562 343.42122650146484 252.2764434814453 304.52691650390625 252.2764434814453
300.6397705078125 141.97573852539062 340.07958602905273 141.97573852539062 340.07958602905273 252.13005828857422 300.6397705078125 252.13005828857422
296.11627197265625 145.33865356445312 335.5911331176758 145.33865356445312 335.5911331176758 252.98931121826172 296.11627197265625 252.98931121826172
291.3833312988281 143.05746459960938 330.12027740478516 143.05746459960938 330.12027740478516 252.05648803710938 291.3833312988281 252.05648803710938
289.91461181640625 142.9181365966797 325.9093704223633 142.9181365966797 325.9093704223633 253.1886444091797 289.91461181640625 253.1886444091797
289.425048828125 139.48751831054688 331.494686126709 139.48751831054688 331.494686126709 253.53710174560547 289.425048828125 253.53710174560547
297.65155029296875 140.99774169921875 334.77843475341797 140.99774169921875 334.77843475341797 251.8720703125 297.65155029296875 251.8720703125
299.78668212890625 142.1675567626953 339.3654670715332 142.1675567626953 339.3654670715332 252.8865737915039 299.78668212890625 252.8865737915039
304.94781494140625 139.41549682617188 343.6101493835449 139.41549682617188 343.6101493835449 252.32067108154297 304.94781494140625 252.32067108154297
308.5169982910156 141.0880584716797 347.4920654296875 141.0880584716797 347.4920654296875 253.4372787475586 308.5169982910156 253.4372787475586
313.39666748046875 140.25595092773438 352.26866912841797 140.25595092773438 352.26866912841797 253.64714813232422 313.39666748046875 253.64714813232422
317.0142822265625 138.48880004882812 356.34167861938477 138.48880004882812 356.34167861938477 250.90174102783203 317.0142822265625 250.90174102783203
322.1386413574219 139.19625854492188 361.9079246520996 139.19625854492188 361.9079246520996 251.87936401367188 322.1386413574219 251.87936401367188
326.4815368652344 140.3397216796875 364.9393539428711 140.3397216796875 364.9393539428711 252.4928970336914 326.4815368652344 252.4928970336914
330.75238037109375 140.75289916992188 370.43189239501953 140.75289916992188 370.43189239501953 251.57903289794922 330.75238037109375 251.57903289794922
335.44305419921875 141.9902801513672 373.32102966308594 141.9902801513672 373.32102966308594 252.46784210205078 335.44305419921875 252.46784210205078
337.990234375 137.3989715576172 378.36852645874023 137.3989715576172 378.36852645874023 253.43622589111328 337.990234375 253.43622589111328
343.32958984375 139.79844665527344 380.3865432739258 139.79844665527344 380.3865432739258 253.43829345703125 343.32958984375 253.43829345703125
339.11859130859375 140.36642456054688 380.11896896362305 140.36642456054688 380.11896896362305 254.04338836669922 339.11859130859375 254.04338836669922
336.27154541015625 140.79196166992188 374.1852035522461 140.79196166992188 374.1852035522461 252.69760131835938 336.27154541015625 252.69760131835938
331.23345947265625 141.80728149414062 371.6840019226074 141.80728149414062 371.6840019226074 252.16968536376953 331.23345947265625 252.16968536376953
327.4905700683594 141.45008850097656 366.2218589782715 141.45008850097656 366.2218589782715 253.844970703125 327.4905700683594 253.844970703125
323.81109619140625 141.54026794433594 362.8987274169922 141.54026794433594 362.8987274169922 252.10650634765625 323.81109619140625 252.10650634765625
317.5433044433594 140.55337524414062 357.9267158508301 140.55337524414062 357.9267158508301 253.14305114746094 317.5433044433594 253.14305114746094
313.8857421875 141.5604705810547 352.8833236694336 141.5604705810547 352.8833236694336 252.91345977783203 313.8857421875 252.91345977783203
310.23345947265625 140.26107788085938 348.61368560791016 140.26107788085938 348.61368560791016 252.31288146972656 310.23345947265625 252.31288146972656
305.72723388671875 142.46629333496094 344.8471984863281 142.46629333496094 344.8471984863281 253.75096130371094 305.72723388671875 253.75096130371094
301.89208984375 140.31204223632812 340.6709785461426 140.31204223632812 340.6709785461426 252.63092803955078 301.89208984375 252.63092803955078
296.62750244140625 140.69393920898438 337.19005584716797 140.69393920898438 337.19005584716797 250.74866485595703 296.62750244140625 250.74866485595703
292.3603210449219 141.82870483398438 332.2376518249512 141.82870483398438 332.2376518249512 251.18142700195312 292.3603210449219 251.18142700195312
289.5400085449219 142.0541534423828 326.3138618469238 142.0541534423828 326.3138618469238 251.90892791748047 289.5400085449219 251.90892791748047
288.7318420410156 142.30015563964844 329.95258712768555 142.30015563964844 329.95258712768555 252.76617431640625 288.7318420410156 252.76617431640625
296.64007568359375 140.52365112304688 334.73697662353516 140.52365112304688 334.73697662353516 251.46139526367188 296.64007568359375 251.46139526367188
298.66827392578125 141.06056213378906 337.91932678222656 141.06056213378906 337.91932678222656 253.40272521972656 298.66827392578125 253.40272521972656
304.3604431152344 141.9259033203125 342.6279716491699 141.9259033203125 342.6279716491699 251.7357406616211 304.3604431152344 251.7357406616211
307.59637451171875 138.922607421875 346.0763053894043 138.922607421875 346.0763053894043 252.74855041503906 307.59637451171875 252.74855041503906
312.03375244140625 139.31735229492188 350.89368438720703 139.31735229492188 350.89368438720703 252.42137145996094 312.03375244140625 252.42137145996094
315.5180358886719 140.8621368408203 355.02680587768555 140.8621368408203 355.02680587768555 251.66338348388672 315.5180358886719 251.66338348388672
321.1132507324219 142.2599639892578 360.2783012390137 142.2599639892578 360.2783012390137 252.15773010253906 321.1132507324219 252.15773010253906
326.5384521484375 141.01907348632812 363.2986068725586 141.01907348632812 363.2986068725586 251.9011993408203 326.5384521484375 251.9011993408203
329.6480712890625 140.34805297851562 368.5868225097656 140.34805297851562 368.5868225097656 252.01731872558594 329.6480712890625 252.01731872558594
333.6224060058594 140.18756103515625 372.46240234375 140.18756103515625 372.46240234375 251.68055725097656 333.6224060058594 251.68055725097656
337.6162414550781 139.93312072753906 376.8790473937988 139.93312072753906 376.8790473937988 252.8798370361328 337.6162414550781 252.8798370361328
343.0747375488281 141.62582397460938 380.22372817993164 141.62582397460938 380.22372817993164 250.91613006591797 343.0747375488281 250.91613006591797
342.44696044921875 142.56378173828125 379.57447814941406 142.56378173828125 379.57447814941406 252.37474060058594 342.44696044921875 252.37474060058594
336.8617248535156 140.13735961914062 375.5852279663086 140.13735961914062 375.5852279663086 250.73863983154297 336.8617248535156 250.73863983154297
333.45489501953125 140.51785278320312 371.32713317871094 140.51785278320312 371.32713317871094 250.23512268066406 333.45489501953125 250.23512268066406
328.95172119140625 139.8636932373047 367.9779396057129 139.8636932373047 367.9779396057129 251.15377044677734 328.95172119140625 251.15377044677734
324.435546875 141.71807861328125 362.86430740356445 141.71807861328125 362.86430740356445 252.20841217041016 324.435546875 252.20841217041016
319.9205322265625 142.9362335205078 358.2989730834961 142.9362335205078 358.2989730834961 252.53451538085938 319.9205322265625 252.53451538085938
314.0941162109375 141.3498077392578 354.6123733520508 141.3498077392578 354.6123733520508 254.07744598388672 314.0941162109375 254.07744598388672
311.1314392089844 140.5320281982422 350.44622802734375 140.5320281982422 350.44622802734375 253.9757537841797 311.1314392089844 253.9757537841797
306.3873596191406 142.14349365234375 346.32161712646484 142.14349365234375 346.32161712646484 252.99546813964844 306.3873596191406 252.99546813964844
302.9754638671875 140.4645538330078 341.75621795654297 140.4645538330078 341.75621795654297 252.5852813720703 302.9754638671875 252.5852813720703
298.07293701171875 139.98513793945312 338.8072967529297 139.98513793945312 338.8072967529297 252.62435913085938 298.07293701171875 252.62435913085938
294.376220703125 142.3050537109375 333.14195251464844 142.3050537109375 333.14195251464844 251.46976470947266 294.376220703125 251.46976470947266
288.4404602050781 140.367431640625 328.56214141845703 140.367431640625 328.56214141845703 252.056884765625 288.4404602050781 252.056884765625
289.1375732421875 140.28314208984375 328.2787170410156 140.28314208984375 328.2787170410156 251.97708892822266 289.1375732421875 251.97708892822266
294.019287109375 141.54013061523438 333.5301818847656 141.54013061523438 333.5301818847656 252.72189331054688 294.019287109375 252.72189331054688
298.8677673339844 141.39901733398438 337.4388084411621 141.39901733398438 337.4388084411621 253.60028839111328 298.8677673339844 253.60028839111328
302.96685791015625 140.92564392089844 342.3520393371582 140.92564392089844 342.3520393371582 251.24180603027344 302.96685791015625 251.24180603027344
307.8006591796875 142.14089965820312 344.9674758911133 142.14089965820312 344.9674758911133 252.54358673095703 307.8006591796875 252.54358673095703
311.19378662109375 139.0706787109375 350.0905303955078 139.0706787109375 350.0905303955078 251.44522857666016 311.19378662109375 251.44522857666016
315.2210998535156 141.30520629882812 354.03519439697266 141.30520629882812 354.03519439697266 251.63605499267578 315.2210998535156 251.63605499267578
319.20867919921875 143.5859375 358.6106185913086 143.5859375 358.6106185913086 252.9800033569336 319.20867919921875 252.9800033569336
325.01129150390625 139.64779663085938 362.8414001464844 139.64779663085938 362.8414001464844 251.37305450439453 325.01129150390625 251.37305450439453
329.06951904296875 141.35189819335938 367.99824142456055 141.35189819335938 367.99824142456055 251.1711883544922 329.06951904296875 251.1711883544922
333.13104248046875 141.38796997070312 372.1314392089844 141.38796997070312 372.1314392089844 250.9125213623047 333.13104248046875 250.9125213623047
336.83673095703125 139.8949737548828 376.2269706726074 139.8949737548828 376.2269706726074 252.2305908203125 336.83673095703125 252.2305908203125
341.207275390625 140.1175537109375 380.59873962402344 140.1175537109375 380.59873962402344 249.8442611694336 341.207275390625 249.8442611694336
344.62786865234375 140.09213256835938 381.16633224487305 140.09213256835938 381.16633224487305 250.21886444091797 344.62786865234375 250.21886444091797
338.3211364746094 139.21517944335938 377.4416732788086 139.21517944335938 377.4416732788086 251.65430450439453 338.3211364746094 251.65430450439453
335.794189453125 141.7411651611328 373.4774742126465 141.7411651611328 373.4774742126465 247.68161010742188 335.794189453125 247.68161010742188
331.752685546875 140.2032928466797 370.0823745727539 140.2032928466797 370.0823745727539 249.1441879272461 331.752685546875 249.1441879272461
327.9632568359375 140.6098175048828 366.8385009765625 140.6098175048828 366.8385009765625 248.7127685546875 327.9632568359375 248.7127685546875
322.9062194824219 138.4727325439453 361.71908950805664 138.4727325439453 361.71908950805664 249.20291900634766 322.9062194824219 249.20291900634766
319.18890380859375 141.39584350585938 358.1736068725586 141.39584350585938 358.1736068725586 249.20659637451172 319.18890380859375 249.20659637451172
315.5531311035156 139.28443908691406 353.5690689086914 139.28443908691406 353.5690689086914 249.64041900634766 315.5531311035156 249.64041900634766
312.2491760253906 141.4707794189453 350.2641792297363 141.4707794189453 350.2641792297363 249.0780792236328 312.2491760253906 249.0780792236328
308.5328369140625 140.82046508789062 347.2062873840332 140.82046508789062 347.2062873840332 248.2436065673828 308.5328369140625 248.2436065673828
304.2022399902344 141.85328674316406 343.12825775146484 141.85328674316406 343.12825775146484 251.1029052734375 304.2022399902344 251.1029052734375
300.08966064453125 139.83094787597656 339.69901275634766 139.83094787597656 339.69901275634766 249.82108306884766 300.08966064453125 249.82108306884766
295.50555419921875 141.47544860839844 335.61048126220703 141.47544860839844 335.61048126220703 250.01782989501953 295.50555419921875 250.01782989501953
294.33355712890625 139.66761779785156 332.8912582397461 139.66761779785156 332.8912582397461 252.09276580810547 294.33355712890625 252.09276580810547
298.8329162597656 142.96817016601562 339.76904678344727 142.96817016601562 339.76904678344727 252.53329467773438 298.8329162597656 252.53329467773438
305.833984375 140.86050415039062 342.07385635375977 140.86050415039062 342.07385635375977 250.34313201904297 305.833984375 250.34313201904297
307.18621826171875 142.5723419189453 347.3298568725586 142.5723419189453 347.3298568725586 255.17355346679688 307.18621826171875 255.17355346679688
312.5399169921875 138.26449584960938 350.42924880981445 138.26449584960938 350.42924880981445 251.72694396972656 312.5399169921875 251.72694396972656
313.96844482421875 141.33518981933594 355.7056083679199 141.33518981933594 355.7056083679199 255.44158935546875 313.96844482421875 255.44158935546875
320.46575927734375 137.362060546875 360.9376449584961 137.362060546875 360.9376449584961 253.2676544189453 320.46575927734375 253.2676544189453
323.74444580078125 137.17630004882812 365.5619125366211 137.17630004882812 365.5619125366211 251.3087921142578 323.74444580078125 251.3087921142578
332.1714172363281 137.002197265625 372.2322006225586 137.002197265625 372.2322006225586 250.7651596069336 332.1714172363281 250.7651596069336
336.0050964355469 141.50558471679688 376.3940658569336 141.50558471679688 376.3940658569336 253.09203338623047 336.0050964355469 253.09203338623047
342.04510498046875 140.36117553710938 381.4336471557617 140.36117553710938 381.4336471557617 252.18698120117188 342.04510498046875 252.18698120117188
345.5906066894531 136.24465942382812 385.6816940307617 136.24465942382812 385.6816940307617 248.03494262695312 345.5906066894531 248.03494262695312
351.0217590332031 137.3114471435547 392.01668548583984 137.3114471435547 392.01668548583984 252.5684814453125 351.0217590332031 252.5684814453125
355.01470947265625 136.57565307617188 392.5217971801758 136.57565307617188 392.5217971801758 250.52377319335938 355.01470947265625 250.52377319335938
349.675537109375 136.26644897460938 389.82851791381836 136.26644897460938 389.82851791381836 255.0161590576172 349.675537109375 255.0161590576172
347.69268798828125 131.21864318847656 387.26012420654297 131.21864318847656 387.26012420654297 251.12442016601562 347.69268798828125 251.12442016601562
345.4547119140625 134.731689453125 385.2654685974121 134.731689453125 385.2654685974121 252.5764617919922 345.4547119140625 252.5764617919922
341.13311767578125 133.71591186523438 383.52679443359375 133.71591186523438 383.52679443359375 250.13381958007812 341.13311767578125 250.13381958007812
338.4512939453125 133.86129760742188 383.57482528686523 133.86129760742188 383.57482528686523 254.32294464111328 338.4512939453125 254.32294464111328
334.7061462402344 132.79025268554688 381.40885162353516 132.79025268554688 381.40885162353516 252.41339874267578 334.7061462402344 252.41339874267578
332.8710632324219 132.69119262695312 376.58992767333984 132.69119262695312 376.58992767333984 250.89559936523438 332.8710632324219 250.89559936523438
332.72100830078125 132.50689697265625 375.7600326538086 132.50689697265625 375.7600326538086 248.7184600830078 332.72100830078125 248.7184600830078
329.7684631347656 131.4080810546875 371.4037666320801 131.4080810546875 371.4037666320801 246.52034759521484 329.7684631347656 246.52034759521484
325.91522216796875 130.99801635742188 367.3001937866211 130.99801635742188 367.3001937866211 244.01046752929688 325.91522216796875 244.01046752929688
324.32623291015625 134.73536682128906 364.64763259887695 134.73536682128906 364.64763259887695 249.20196533203125 324.32623291015625 249.20196533203125
320.2825622558594 132.66415405273438 360.1573486328125 132.66415405273438 360.1573486328125 248.20889282226562 320.2825622558594 248.20889282226562
318.77630615234375 136.5208282470703 356.3752899169922 136.5208282470703 356.3752899169922 253.8595962524414 318.77630615234375 253.8595962524414
318.5351257324219 138.06643676757812 360.8358154296875 138.06643676757812 360.8358154296875 254.19072723388672 318.5351257324219 254.19072723388672
328.5159912109375 139.10934448242188 364.6836700439453 139.10934448242188 364.6836700439453 257.4994659423828 328.5159912109375 257.4994659423828
331.6897277832031 139.256591796875 371.82670974731445 139.256591796875 371.82670974731445 258.5725860595703 331.6897277832031 258.5725860595703
336.1785583496094 135.9931182861328 374.894962310791 135.9931182861328 374.894962310791 254.95000457763672 336.1785583496094 254.95000457763672
338.0675354003906 137.77247619628906 379.2980728149414 137.77247619628906 379.2980728149414 256.4573745727539 338.0675354003906 256.4573745727539
342.7726745605469 133.67001342773438 383.51813888549805 133.67001342773438 383.51813888549805 253.39476776123047 342.7726745605469 253.39476776123047
350.03045654296875 138.00094604492188 389.7144660949707 138.00094604492188 389.7144660949707 258.31517028808594 350.03045654296875 258.31517028808594
357.2045593261719 142.74798583984375 396.99073028564453 142.74798583984375 396.99073028564453 261.6573944091797 357.2045593261719 261.6573944091797
359.17449951171875 140.2479705810547 397.98804092407227 140.2479705810547 397.98804092407227 257.2695617675781 359.17449951171875 257.2695617675781
364.38238525390625 139.03689575195312 403.86767196655273 139.03689575195312 403.86767196655273 254.6680450439453 364.38238525390625 254.6680450439453
370.14654541015625 138.34580993652344 409.02098083496094 138.34580993652344 409.02098083496094 258.46372985839844 370.14654541015625 258.46372985839844
375.41790771484375 142.30587768554688 416.0319366455078 142.30587768554688 416.0319366455078 260.4322814941406 375.41790771484375 260.4322814941406
387.366943359375 137.88088989257812 423.30815505981445 137.88088989257812 423.30815505981445 262.2593688964844 387.366943359375 262.2593688964844
379.20697021484375 145.28634643554688 419.4652214050293 145.28634643554688 419.4652214050293 263.9576873779297 379.20697021484375 263.9576873779297
374.20233154296875 140.07424926757812 414.33513259887695 140.07424926757812 414.33513259887695 264.47068786621094 374.20233154296875 264.47068786621094
368.47625732421875 139.20672607421875 409.3838424682617 139.20672607421875 409.3838424682617 263.31168365478516 368.47625732421875 263.31168365478516
362.8882751464844 137.9567413330078 405.09586334228516 137.9567413330078 405.09586334228516 262.4717102050781 362.8882751464844 262.4717102050781
357.6556396484375 136.49746704101562 400.5778579711914 136.49746704101562 400.5778579711914 258.9474334716797 357.6556396484375 258.9474334716797
357.7421875 136.18527221679688 399.15400314331055 136.18527221679688 399.15400314331055 261.41419219970703 357.7421875 261.41419219970703
351.49847412109375 142.76962280273438 394.7032241821289 142.76962280273438 394.7032241821289 264.5131530761719 351.49847412109375 264.5131530761719
349.8452453613281 137.1510467529297 391.99817657470703 137.1510467529297 391.99817657470703 263.6671142578125 349.8452453613281 263.6671142578125
344.0409851074219 138.3224334716797 388.16898345947266 138.3224334716797 388.16898345947266 264.9327697753906 344.0409851074219 264.9327697753906
337.5606689453125 136.8352508544922 381.39274978637695 136.8352508544922 381.39274978637695 263.15235137939453 337.5606689453125 263.15235137939453
335.5064697265625 137.4051055908203 377.8926200866699 137.4051055908203 377.8926200866699 268.3451385498047 335.5064697265625 268.3451385498047
331.6160583496094 138.66256713867188 374.8257751464844 138.66256713867188 374.8257751464844 263.45604705810547 331.6160583496094 263.45604705810547
327.64154052734375 136.3789520263672 368.18836212158203 136.3789520263672 368.18836212158203 265.63104248046875 327.64154052734375 265.63104248046875
327.38067626953125 136.6763458251953 372.1263427734375 136.6763458251953 372.1263427734375 266.6234893798828 327.38067626953125 266.6234893798828
337.36639404296875 137.6773681640625 378.2816276550293 137.6773681640625 378.2816276550293 267.5503234863281 337.36639404296875 267.5503234863281
338.8128967285156 133.7545623779297 383.30013275146484 133.7545623779297 383.30013275146484 263.8050079345703 338.8128967285156 263.8050079345703
347.24749755859375 134.30624389648438 391.6994819641113 134.30624389648438 391.6994819641113 263.7398376464844 347.24749755859375 263.7398376464844
352.99041748046875 135.5148162841797 396.18244552612305 135.5148162841797 396.18244552612305 266.6488494873047 352.99041748046875 266.6488494873047
360.9086608886719 134.0883026123047 403.4806709289551 134.0883026123047 403.4806709289551 265.68292236328125 360.9086608886719 265.68292236328125
364.33447265625 135.07156372070312 408.8802185058594 135.07156372070312 408.8802185058594 265.7438049316406 364.33447265625 265.7438049316406
369.6529541015625 132.08595275878906 414.00788497924805 132.08595275878906 414.00788497924805 264.84446716308594 369.6529541015625 264.84446716308594
373.8988037109375 132.90762329101562 418.88109588623047 132.90762329101562 418.88109588623047 266.1546630859375 373.8988037109375 266.1546630859375
380.3433532714844 135.31277465820312 424.21106338500977 135.31277465820312 424.21106338500977 269.0464630126953 380.3433532714844 269.0464630126953
385.46856689453125 132.83096313476562 429.0306282043457 132.83096313476562 429.0306282043457 265.65045166015625 385.46856689453125 265.65045166015625
391.0499572753906 135.5696258544922 435.9139709472656 135.5696258544922 435.9139709472656 267.0382080078125 391.0499572753906 267.0382080078125
398.93975830078125 134.1628875732422 441.50086212158203 134.1628875732422 441.50086212158203 266.0152282714844 398.93975830078125 266.0152282714844
398.6937255859375 133.69491577148438 442.9685363769531 133.69491577148438 442.9685363769531 267.1121826171875 398.6937255859375 267.1121826171875
389.7579650878906 129.63174438476562 434.8643989562988 129.63174438476562 434.8643989562988 263.6595916748047 389.7579650878906 263.6595916748047
385.39862060546875 131.37457275390625 427.13443756103516 131.37457275390625 427.13443756103516 265.97808837890625 385.39862060546875 265.97808837890625
377.81964111328125 130.84637451171875 425.72066497802734 130.84637451171875 425.72066497802734 268.45733642578125 377.81964111328125 268.45733642578125
371.2706604003906 131.79324340820312 415.6807861328125 131.79324340820312 415.6807861328125 262.4255828857422 371.2706604003906 262.4255828857422
363.8766174316406 128.31515502929688 408.80944061279297 128.31515502929688 408.80944061279297 264.75160217285156 363.8766174316406 264.75160217285156
360.1692810058594 133.25375366210938 403.24268341064453 133.25375366210938 403.24268341064453 263.4136962890625 360.1692810058594 263.4136962890625
354.62835693359375 130.76547241210938 397.65860748291016 130.76547241210938 397.65860748291016 261.1700744628906 354.62835693359375 261.1700744628906
347.51861572265625 131.70449829101562 391.70157623291016 131.70449829101562 391.70157623291016 263.8008575439453 347.51861572265625 263.8008575439453
339.880615234375 131.91104125976562 384.57767486572266 131.91104125976562 384.57767486572266 265.4950714111328 339.880615234375 265.4950714111328
334.60870361328125 130.21595764160156 377.29637908935547 130.21595764160156 377.29637908935547 265.3932189941406 334.60870361328125 265.3932189941406
328.9085388183594 130.8346710205078 374.2806854248047 130.8346710205078 374.2806854248047 263.4811706542969 328.9085388183594 263.4811706542969
323.7243957519531 127.66639709472656 368.22633361816406 127.66639709472656 368.22633361816406 262.14234924316406 323.7243957519531 262.14234924316406
323.47430419921875 131.0303497314453 367.21743392944336 131.0303497314453 367.21743392944336 268.2286682128906 323.47430419921875 268.2286682128906
328.29095458984375 131.942626953125 373.30730056762695 131.942626953125 373.30730056762695 268.7782287597656 328.29095458984375 268.7782287597656
332.63946533203125 132.4692840576172 376.2471237182617 132.4692840576172 376.2471237182617 266.99708557128906 332.63946533203125 266.99708557128906
337.8169250488281 129.0225067138672 385.1513557434082 129.0225067138672 385.1513557434082 267.1200256347656 337.8169250488281 267.1200256347656
344.47125244140625 130.23367309570312 389.7712936401367 130.23367309570312 389.7712936401367 265.38230895996094 344.47125244140625 265.38230895996094
350.00921630859375 134.88525390625 394.5740966796875 134.88525390625 394.5740966796875 268.28761291503906 350.00921630859375 268.28761291503906
355.6775207519531 134.08990478515625 398.7911491394043 134.08990478515625 398.7911491394043 265.7827606201172 355.6775207519531 265.7827606201172
361.3837890625 134.5500030517578 405.0396919250488 134.5500030517578 405.0396919250488 267.06703186035156 361.3837890625 267.06703186035156
367.24505615234375 131.17320251464844 412.46366119384766 131.17320251464844 412.46366119384766 261.68231201171875 367.24505615234375 261.68231201171875
370.9185791015625 131.88258361816406 416.5356979370117 131.88258361816406 416.5356979370117 262.3238983154297 370.9185791015625 262.3238983154297
380.0177917480469 131.3970489501953 422.2182388305664 131.3970489501953 422.2182388305664 265.5404510498047 380.0177917480469 265.5404510498047
383.67327880859375 137.08358764648438 429.48082733154297 137.08358764648438 429.48082733154297 269.5133056640625 383.67327880859375 269.5133056640625
390.77349853515625 131.4368896484375 432.7102355957031 131.4368896484375 432.7102355957031 265.4305725097656 390.77349853515625 265.4305725097656
392.4961242675781 129.26548767089844 435.06314849853516 129.26548767089844 435.06314849853516 262.2462463378906 392.4961242675781 262.2462463378906
383.4835205078125 134.49014282226562 430.0638847351074 134.49014282226562 430.0638847351074 270.0267333984375 383.4835205078125 270.0267333984375
382.1522521972656 135.8568572998047 424.89862060546875 135.8568572998047 424.89862060546875 268.39112854003906 382.1522521972656 268.39112854003906
374.0708923339844 130.7273406982422 420.6219367980957 130.7273406982422 420.6219367980957 267.43109130859375 374.0708923339844 267.43109130859375
366.65826416015625 130.55868530273438 412.380615234375 130.55868530273438 412.380615234375 266.48597717285156 366.65826416015625 266.48597717285156
360.1265563964844 132.5680694580078 406.43418884277344 132.5680694580078 406.43418884277344 269.8052062988281 360.1265563964844 269.8052062988281
355.8426513671875 135.07546997070312 399.60694885253906 135.07546997070312 399.60694885253906 268.18853759765625 355.8426513671875 268.18853759765625
348.21441650390625 129.39511108398438 395.57989501953125 129.39511108398438 395.57989501953125 263.5510711669922 348.21441650390625 263.5510711669922
343.3471374511719 129.71240234375 389.66706466674805 129.71240234375 389.66706466674805 270.1750183105469 343.3471374511719 270.1750183105469
335.85888671875 133.2909393310547 384.44332122802734 133.2909393310547 384.44332122802734 274.15338134765625 335.85888671875 274.15338134765625
332.468994140625 131.34963989257812 377.4239692687988 131.34963989257812 377.4239692687988 271.12327575683594 332.468994140625 271.12327575683594
327.2758483886719 131.6646270751953 373.26930236816406 131.6646270751953 373.26930236816406 272.1247253417969 327.2758483886719 272.1247253417969
322.25860595703125 133.4126434326172 368.8553657531738 133.4126434326172 368.8553657531738 272.4394073486328 322.25860595703125 272.4394073486328
319.6879577636719 129.4036102294922 363.320369720459 129.4036102294922 363.320369720459 272.6151580810547 319.6879577636719 272.6151580810547
322.2315979003906 131.65005493164062 372.85654067993164 131.65005493164062 372.85654067993164 273.0399932861328 322.2315979003906 273.0399932861328
332.57818603515625 131.08291625976562 376.7752151489258 131.08291625976562 376.7752151489258 270.1011657714844 332.57818603515625 270.1011657714844
333.5497741699219 129.44033813476562 382.49483489990234 129.44033813476562 382.49483489990234 270.33660888671875 333.5497741699219 270.33660888671875
340.7532653808594 129.78652954101562 388.6139030456543 129.78652954101562 388.6139030456543 270.45558166503906 340.7532653808594 270.45558166503906
347.33544921875 131.30795288085938 394.5744819641113 131.30795288085938 394.5744819641113 271.009521484375 347.33544921875 271.009521484375
352.3128662109375 128.78628540039062 397.6546745300293 128.78628540039062 397.6546745300293 271.70745849609375 352.3128662109375 271.70745849609375
357.1678161621094 128.97219848632812 405.0491943359375 128.97219848632812 405.0491943359375 271.7809143066406 357.1678161621094 271.7809143066406
365.66168212890625 131.63729858398438 411.92364501953125 131.63729858398438 411.92364501953125 272.9771270751953 365.66168212890625 272.9771270751953
369.1837463378906 131.7946014404297 417.75728607177734 131.7946014404297 417.75728607177734 273.56434631347656 369.1837463378906 273.56434631347656
376.76861572265625 130.42214965820312 422.31229400634766 130.42214965820312 422.31229400634766 267.54612731933594 376.76861572265625 267.54612731933594
380.9737854003906 133.31259155273438 427.2282066345215 133.31259155273438 427.2282066345215 276.2655029296875 380.9737854003906 276.2655029296875
385.01983642578125 129.76345825195312 434.80554962158203 129.76345825195312 434.80554962158203 273.26055908203125 385.01983642578125 273.26055908203125
393.2667236328125 129.89279174804688 435.808349609375 129.89279174804688 435.808349609375 268.41583251953125 393.2667236328125 268.41583251953125
384.5384826660156 128.57115173339844 434.14263916015625 128.57115173339844 434.14263916015625 270.74497985839844 384.5384826660156 270.74497985839844
381.54217529296875 129.2374267578125 425.3000602722168 129.2374267578125 425.3000602722168 270.8912811279297 381.54217529296875 270.8912811279297
376.595703125 131.68527221679688 424.4931983947754 131.68527221679688 424.4931983947754 274.2925567626953 376.595703125 274.2925567626953
367.4073181152344 130.4488067626953 414.8940849304199 130.4488067626953 414.8940849304199 274.5010681152344 367.4073181152344 274.5010681152344
361.75396728515625 129.58399963378906 409.6722106933594 129.58399963378906 409.6722106933594 272.1753387451172 361.75396728515625 272.1753387451172
358.27752685546875 131.96475219726562 403.4398612976074 131.96475219726562 403.4398612976074 269.8732452392578 358.27752685546875 269.8732452392578
350.83123779296875 126.94038391113281 398.10319900512695 126.94038391113281 398.10319900512695 270.3629913330078 350.83123779296875 270.3629913330078
344.22357177734375 128.45074462890625 391.6744155883789 128.45074462890625 391.6744155883789 271.1214294433594 344.22357177734375 271.1214294433594
339.96844482421875 130.53253173828125 388.1558303833008 130.53253173828125 388.1558303833008 274.0218505859375 339.96844482421875 274.0218505859375
334.1239929199219 133.37002563476562 380.22777938842773 133.37002563476562 380.22777938842773 274.8548583984375 334.1239929199219 274.8548583984375
328.73687744140625 130.69627380371094 375.9005546569824 130.69627380371094 375.9005546569824 271.5989532470703 328.73687744140625 271.5989532470703
321.23406982421875 125.11875915527344 370.0042839050293 125.11875915527344 370.0042839050293 270.19688415527344 321.23406982421875 270.19688415527344
318.47076416015625 124.31392669677734 363.0657501220703 124.31392669677734 363.0657501220703 268.3699417114258 318.47076416015625 268.3699417114258
319.1035461425781 133.9266357421875 369.34879302978516 133.9266357421875 369.34879302978516 274.7630157470703 319.1035461425781 274.7630157470703
329.5711669921875 128.8799285888672 374.3613967895508 128.8799285888672 374.3613967895508 268.8642578125 329.5711669921875 268.8642578125
330.43731689453125 130.81997680664062 379.7294044494629 130.81997680664062 379.7294044494629 275.66212463378906 330.43731689453125 275.66212463378906
338.6593322753906 132.21481323242188 386.7421760559082 132.21481323242188 386.7421760559082 274.38140869140625 338.6593322753906 274.38140869140625
342.8399353027344 129.6087188720703 392.3519477844238 129.6087188720703 392.3519477844238 272.41819763183594 342.8399353027344 272.41819763183594
348.7953796386719 129.1784210205078 397.1665382385254 129.1784210205078 397.1665382385254 273.89642333984375 348.7953796386719 273.89642333984375
354.18328857421875 126.44063568115234 404.3494682312012 126.44063568115234 404.3494682312012 273.38704681396484 354.18328857421875 273.38704681396484
360.67547607421875 126.29141998291016 410.8022346496582 126.29141998291016 410.8022346496582 272.35030364990234 360.67547607421875 272.35030364990234
368.0826416015625 130.23696899414062 418.3329086303711 130.23696899414062 418.3329086303711 277.5007629394531 368.0826416015625 277.5007629394531
374.83538818359375 128.3871612548828 423.0878372192383 128.3871612548828 423.0878372192383 272.72813415527344 374.83538818359375 272.72813415527344
378.46368408203125 125.56888580322266 429.29821014404297 125.56888580322266 429.29821014404297 269.58887481689453 378.46368408203125 269.58887481689453
384.14312744140625 123.52823638916016 434.8639831542969 123.52823638916016 434.8639831542969 268.87256622314453 384.14312744140625 268.87256622314453
391.97222900390625 124.55867767333984 436.1830749511719 124.55867767333984 436.1830749511719 268.11202239990234 391.97222900390625 268.11202239990234
