477.0 262.0 513.0 262.0 513.0 364.0 477.0 364.0
474.7420349121094 262.57513427734375 510.8871040344238 262.57513427734375 510.8871040344238 361.2438507080078 474.7420349121094 361.2438507080078
472.1941833496094 263.41204833984375 508.1358337402344 263.41204833984375 508.1358337402344 360.31434631347656 472.1941833496094 360.31434631347656
470.53173828125 264.2721862792969 505.49126052856445 264.2721862792969 505.49126052856445 360.1351776123047 470.53173828125 360.1351776123047
468.2452087402344 266.2151794433594 503.0256042480469 266.2151794433594 503.0256042480469 360.89894104003906 468.2452087402344 360.89894104003906
467.06561279296875 263.2630310058594 502.3893051147461 263.2630310058594 502.3893051147461 363.34681701660156 467.06561279296875 363.34681701660156
463.59100341796875 262.5101013183594 498.97777557373047 262.5101013183594 498.97777557373047 362.1606216430664 463.59100341796875 362.1606216430664
463.03009033203125 263.93426513671875 498.2730903625488 263.93426513671875 498.2730903625488 361.39098358154297 463.03009033203125 361.39098358154297
462.29937744140625 263.8356628417969 497.40526962280273 263.8356628417969 497.40526962280273 357.55506896972656 462.29937744140625 357.55506896972656
461.53607177734375 263.3589782714844 495.9892463684082 263.3589782714844 495.9892463684082 358.0252227783203 461.53607177734375 358.0252227783203
460.5928649902344 265.5694274902344 494.0550003051758 265.5694274902344 494.0550003051758 356.7673034667969 460.5928649902344 356.7673034667969
459.00775146484375 267.0068664550781 493.86552810668945 267.0068664550781 493.86552810668945 354.83377838134766 459.00775146484375 354.83377838134766
459.9007873535156 266.3277587890625 493.61896896362305 266.3277587890625 493.61896896362305 355.7576141357422 459.9007873535156 355.7576141357422
458.182861328125 266.9114990234375 492.5706787109375 266.9114990234375 492.5706787109375 355.76663970947266 458.182861328125 355.76663970947266
456.58001708984375 267.03582763671875 491.88630294799805 267.03582763671875 491.88630294799805 354.12145233154297 456.58001708984375 354.12145233154297
458.03021240234375 261.18426513671875 492.3019142150879 261.18426513671875 492.3019142150879 358.28741455078125 458.03021240234375 358.28741455078125
456.3465270996094 268.045166015625 491.7860794067383 268.045166015625 491.7860794067383 353.5019302368164 456.3465270996094 353.5019302368164
456.8235778808594 267.4046630859375 492.4455909729004 267.4046630859375 492.4455909729004 354.0312728881836 456.8235778808594 354.0312728881836
456.69140625 267.8977966308594 492.18473052978516 267.8977966308594 492.18473052978516 355.6632995605469 456.69140625 355.6632995605469
456.86456298828125 267.54791259765625 491.94921875 267.54791259765625 491.94921875 356.6146240234375 456.86456298828125 356.6146240234375
455.97052001953125 267.64739990234375 491.8794250488281 267.64739990234375 491.8794250488281 355.3717498779297 455.97052001953125 355.3717498779297
454.28619384765625 265.736328125 490.4873809814453 265.736328125 490.4873809814453 356.57984924316406 454.28619384765625 356.57984924316406
455.47637939453125 265.0673522949219 491.33705139160156 265.0673522949219 491.33705139160156 355.43785095214844 455.47637939453125 355.43785095214844
455.64276123046875 263.3811950683594 491.88659286499023 263.3811950683594 491.88659286499023 354.4576721191406 455.64276123046875 354.4576721191406
455.7998046875 264.7551574707031 491.8382987976074 264.7551574707031 491.8382987976074 355.8912582397461 455.7998046875 355.8912582397461
457.13116455078125 263.03118896484375 492.96563720703125 263.03118896484375 492.96563720703125 357.0658187866211 457.13116455078125 357.0658187866211
455.5167541503906 263.05364990234375 491.97064208984375 263.05364990234375 491.97064208984375 355.83705139160156 455.5167541503906 355.83705139160156
454.76446533203125 264.0057678222656 491.7953872680664 264.0057678222656 491.7953872680664 357.4883346557617 454.76446533203125 357.4883346557617
454.71978759765625 263.24676513671875 491.611572265625 263.24676513671875 491.611572265625 357.2096405029297 454.71978759765625 357.2096405029297
457.17913818359375 264.65692138671875 493.22991943359375 264.65692138671875 493.22991943359375 358.8567352294922 457.17913818359375 358.8567352294922
457.6377868652344 264.30072021484375 493.12511444091797 264.30072021484375 493.12511444091797 357.60255432128906 457.6377868652344 357.60255432128906
460.21435546875 261.86700439453125 493.95157623291016 261.86700439453125 493.95157623291016 357.72029876708984 460.21435546875 357.72029876708984
460.7552185058594 261.80810546875 493.9118843078613 261.80810546875 493.9118843078613 356.4096450805664 460.7552185058594 356.4096450805664
461.2200622558594 263.1231689453125 495.0055351257324 263.1231689453125 495.0055351257324 360.7350845336914 461.2200622558594 360.7350845336914
460.747802734375 261.58203125 494.8955841064453 261.58203125 494.8955841064453 359.7289733886719 460.747802734375 359.7289733886719
461.9822692871094 261.4259338378906 495.16487884521484 261.4259338378906 495.16487884521484 362.02418518066406 461.9822692871094 362.02418518066406
451.62841796875 248.9392852783203 489.9767532348633 248.9392852783203 489.9767532348633 357.59288787841797 451.62841796875 357.59288787841797
457.28253173828125 247.2310333251953 490.33507537841797 247.2310333251953 490.33507537841797 344.96478271484375 457.28253173828125 344.96478271484375
455.33404541015625 254.6405792236328 488.3266944885254 254.6405792236328 488.3266944885254 351.25645446777344 455.33404541015625 351.25645446777344
457.624267578125 240.01614379882812 490.9618606567383 240.01614379882812 490.9618606567383 336.93385314941406 457.624267578125 336.93385314941406
458.8465881347656 236.28744506835938 492.4045829772949 236.28744506835938 492.4045829772949 335.07913970947266 458.8465881347656 335.07913970947266
456.9930114746094 235.4153289794922 491.83991622924805 235.4153289794922 491.83991622924805 333.1529083251953 456.9930114746094 333.1529083251953
458.34649658203125 237.1084442138672 493.6116409301758 237.1084442138672 493.6116409301758 335.8801498413086 458.34649658203125 335.8801498413086
457.18133544921875 237.1521759033203 492.7796440124512 237.1521759033203 492.7796440124512 335.9508361816406 457.18133544921875 335.9508361816406
458.12213134765625 233.2428741455078 494.1257095336914 233.2428741455078 494.1257095336914 331.17163848876953 458.12213134765625 331.17163848876953
458.38055419921875 233.87069702148438 493.9654731750488 233.87069702148438 493.9654731750488 333.15028381347656 458.38055419921875 333.15028381347656
458.346435546875 234.12271118164062 494.0418891906738 234.12271118164062 494.0418891906738 333.7449645996094 458.346435546875 333.7449645996094
457.8860778808594 231.945068359375 493.2488327026367 231.945068359375 493.2488327026367 331.9480743408203 457.8860778808594 331.9480743408203
456.0980529785156 236.48544311523438 492.53137969970703 236.48544311523438 492.53137969970703 336.19639587402344 456.0980529785156 336.19639587402344
453.88433837890625 239.17684936523438 491.2501411437988 239.17684936523438 491.2501411437988 342.2505645751953 453.88433837890625 342.2505645751953
454.96307373046875 240.79019165039062 492.13609313964844 240.79019165039062 492.13609313964844 343.1575927734375 454.96307373046875 343.1575927734375
454.02972412109375 242.49490356445312 491.6431694030762 242.49490356445312 491.6431694030762 345.82569122314453 454.02972412109375 345.82569122314453
455.9842224121094 241.29385375976562 492.93041229248047 241.29385375976562 492.93041229248047 345.58641815185547 455.9842224121094 345.58641815185547
457.87353515625 236.26254272460938 494.63053131103516 236.26254272460938 494.63053131103516 340.8236770629883 457.87353515625 340.8236770629883
456.6405334472656 239.53970336914062 493.5464782714844 239.53970336914062 493.5464782714844 340.95164489746094 456.6405334472656 340.95164489746094
458.3456115722656 237.91470336914062 495.4317512512207 237.91470336914062 495.4317512512207 340.5273895263672 458.3456115722656 340.5273895263672
459.8092346191406 235.30844116210938 497.19149017333984 235.30844116210938 497.19149017333984 337.32566833496094 459.8092346191406 337.32566833496094
461.7237854003906 233.75125122070312 497.6845512390137 233.75125122070312 497.6845512390137 333.2830505371094 461.7237854003906 333.2830505371094
460.3448181152344 234.97085571289062 497.00672149658203 234.97085571289062 497.00672149658203 335.2083282470703 460.3448181152344 335.2083282470703
459.44207763671875 232.1262664794922 496.9254493713379 232.1262664794922 496.9254493713379 332.64318084716797 459.44207763671875 332.64318084716797
459.78515625 232.9125518798828 496.5764694213867 232.9125518798828 496.5764694213867 331.5972442626953 459.78515625 331.5972442626953
460.51678466796875 233.4172821044922 497.27332305908203 233.4172821044922 497.27332305908203 331.68756103515625 460.51678466796875 331.68756103515625
459.1089782714844 234.85140991210938 497.56639099121094 234.85140991210938 497.56639099121094 338.0949172973633 459.1089782714844 338.0949172973633
461.8846130371094 237.6671905517578 500.27477264404297 237.6671905517578 500.27477264404297 340.6590118408203 461.8846130371094 340.6590118408203
460.06634521484375 233.99423217773438 499.7957534790039 233.99423217773438 499.7957534790039 338.4892044067383 460.06634521484375 338.4892044067383
458.7142639160156 233.97903442382812 498.8500289916992 233.97903442382812 498.8500289916992 338.4136047363281 458.7142639160156 338.4136047363281
456.84344482421875 230.78298950195312 497.3883819580078 230.78298950195312 497.3883819580078 335.29088592529297 456.84344482421875 335.29088592529297
456.5039978027344 237.1300048828125 498.0909309387207 237.1300048828125 498.0909309387207 345.0558853149414 456.5039978027344 345.0558853149414
455.467041015625 238.67318725585938 496.9005355834961 238.67318725585938 496.9005355834961 345.72460174560547 455.467041015625 345.72460174560547
456.419921875 241.2844696044922 497.7518081665039 241.2844696044922 497.7518081665039 346.0697708129883 456.419921875 346.0697708129883
454.7989196777344 237.8110809326172 496.56065368652344 237.8110809326172 496.56065368652344 345.11627197265625 454.7989196777344 345.11627197265625
457.039306640625 238.5012969970703 499.7626190185547 238.5012969970703 499.7626190185547 345.03663635253906 457.039306640625 345.03663635253906
455.99456787109375 236.90530395507812 499.18741607666016 236.90530395507812 499.18741607666016 345.16297149658203 455.99456787109375 345.16297149658203
456.40557861328125 238.4254913330078 499.02696990966797 238.4254913330078 499.02696990966797 346.78348541259766 456.40557861328125 346.78348541259766
455.4541931152344 237.8863983154297 497.9663848876953 237.8863983154297 497.9663848876953 344.70447540283203 455.4541931152344 344.70447540283203
456.1045837402344 235.7818603515625 499.0795478820801 235.7818603515625 499.0795478820801 344.22811126708984 456.1045837402344 344.22811126708984
455.2662048339844 235.7662353515625 498.9813995361328 235.7662353515625 498.9813995361328 345.1208953857422 455.2662048339844 345.1208953857422
455.173828125 234.485107421875 499.43372344970703 234.485107421875 499.43372344970703 345.5225830078125 455.173828125 345.5225830078125
455.032470703125 236.8847198486328 498.39109802246094 236.8847198486328 498.39109802246094 344.1717834472656 455.032470703125 344.1717834472656
454.58221435546875 236.32650756835938 498.91121673583984 236.32650756835938 498.91121673583984 345.45372009277344 454.58221435546875 345.45372009277344
456.7909240722656 233.6588897705078 500.9444389343262 233.6588897705078 500.9444389343262 341.74562072753906 456.7909240722656 341.74562072753906
453.6631774902344 233.1654510498047 499.14785385131836 233.1654510498047 499.14785385131836 343.33799743652344 453.6631774902344 343.33799743652344
453.047119140625 232.35531616210938 499.81769943237305 232.35531616210938 499.81769943237305 345.3187789916992 453.047119140625 345.3187789916992
454.42578125 222.58248901367188 499.6078872680664 222.58248901367188 499.6078872680664 350.5984344482422 454.42578125 350.5984344482422
454.12042236328125 231.80697631835938 499.9010543823242 231.80697631835938 499.9010543823242 342.25843048095703 454.12042236328125 342.25843048095703
453.16650390625 236.1110076904297 498.75312423706055 236.1110076904297 498.75312423706055 346.8192825317383 453.16650390625 346.8192825317383
453.6617126464844 238.7295684814453 499.6505317687988 238.7295684814453 499.6505317687988 349.13763427734375 453.6617126464844 349.13763427734375
453.11968994140625 237.0463104248047 499.013973236084 237.0463104248047 499.013973236084 348.0842590332031 453.11968994140625 348.0842590332031
452.432861328125 236.041748046875 498.2387008666992 236.041748046875 498.2387008666992 347.89317321777344 452.432861328125 347.89317321777344
451.7115173339844 237.4776153564453 497.8811569213867 237.4776153564453 497.8811569213867 349.7194366455078 451.7115173339844 349.7194366455078
452.2101135253906 236.570556640625 498.40930938720703 236.570556640625 498.40930938720703 348.66273498535156 452.2101135253906 348.66273498535156
451.5535583496094 233.87161254882812 497.7791938781738 233.87161254882812 497.7791938781738 344.61829376220703 451.5535583496094 344.61829376220703
451.73651123046875 234.9257354736328 497.9137153625488 234.9257354736328 497.9137153625488 346.2081604003906 451.73651123046875 346.2081604003906
451.0641174316406 235.79409790039062 496.07075119018555 235.79409790039062 496.07075119018555 345.98426055908203 451.0641174316406 345.98426055908203
454.4170837402344 233.11984252929688 500.167236328125 233.11984252929688 500.167236328125 343.46044158935547 454.4170837402344 343.46044158935547
451.61138916015625 236.91189575195312 497.10009002685547 236.91189575195312 497.10009002685547 347.7925567626953 451.61138916015625 347.7925567626953
450.58380126953125 235.72915649414062 495.59267807006836 235.72915649414062 495.59267807006836 343.8939895629883 450.58380126953125 343.8939895629883
451.40545654296875 237.0864715576172 496.8883857727051 237.0864715576172 496.8883857727051 346.3786087036133 451.40545654296875 346.3786087036133
451.01446533203125 237.3293914794922 495.68878173828125 237.3293914794922 495.68878173828125 346.38509368896484 451.01446533203125 346.38509368896484
451.11962890625 237.34030151367188 496.45963287353516 237.34030151367188 496.45963287353516 348.1051712036133 451.11962890625 348.1051712036133
451.70343017578125 233.5538787841797 497.8724365234375 233.5538787841797 497.8724365234375 345.2359085083008 451.70343017578125 345.2359085083008
448.814208984375 234.2100830078125 494.9419364929199 234.2100830078125 494.9419364929199 347.57716369628906 448.814208984375 347.57716369628906
449.48248291015625 236.4693603515625 495.05934143066406 236.4693603515625 495.05934143066406 349.5018081665039 449.48248291015625 349.5018081665039
450.6145935058594 235.85498046875 494.8185615539551 235.85498046875 494.8185615539551 344.80604553222656 450.6145935058594 344.80604553222656
450.8946228027344 237.52392578125 496.3639831542969 237.52392578125 496.3639831542969 348.90478515625 450.8946228027344 348.90478515625
450.4752502441406 233.29818725585938 495.40112686157227 233.29818725585938 495.40112686157227 344.8374786376953 450.4752502441406 344.8374786376953
448.42034912109375 228.941162109375 493.60733795166016 228.941162109375 493.60733795166016 341.53890228271484 448.42034912109375 341.53890228271484
452.2685546875 234.65786743164062 498.15734100341797 234.65786743164062 498.15734100341797 347.5830535888672 452.2685546875 347.5830535888672
451.2711486816406 234.7951202392578 497.0519790649414 234.7951202392578 497.0519790649414 347.12535858154297 451.2711486816406 347.12535858154297
451.98388671875 234.81478881835938 498.12740325927734 234.81478881835938 498.12740325927734 347.72459411621094 451.98388671875 347.72459411621094
452.4756774902344 231.3614501953125 498.29625701904297 231.3614501953125 498.29625701904297 344.0972137451172 452.4756774902344 344.0972137451172
452.627197265625 235.55233764648438 498.5098342895508 235.55233764648438 498.5098342895508 346.8468704223633 452.627197265625 346.8468704223633
451.98126220703125 233.44448852539062 498.1780586242676 233.44448852539062 498.1780586242676 346.2720184326172 451.98126220703125 346.2720184326172
451.67822265625 237.26220703125 497.87051010131836 237.26220703125 497.87051010131836 348.59651947021484 451.67822265625 348.59651947021484
452.77960205078125 236.81005859375 499.6036491394043 236.81005859375 499.6036491394043 349.0478515625 452.77960205078125 349.0478515625
449.4964904785156 234.62667846679688 495.82213592529297 234.62667846679688 495.82213592529297 347.29149627685547 449.4964904785156 347.29149627685547
450.3802185058594 234.365966796875 496.7175064086914 234.365966796875 496.7175064086914 349.78194427490234 450.3802185058594 349.78194427490234
453.38427734375 235.2776336669922 499.9234428405762 235.2776336669922 499.9234428405762 349.45684814453125 453.38427734375 349.45684814453125
452.0760192871094 236.4186248779297 498.63294982910156 236.4186248779297 498.63294982910156 348.5716018676758 452.0760192871094 348.5716018676758
452.85443115234375 241.41543579101562 498.41135025024414 241.41543579101562 498.41135025024414 350.5148239135742 452.85443115234375 350.5148239135742
451.1399841308594 235.9712677001953 497.39427947998047 235.9712677001953 497.39427947998047 346.9351577758789 451.1399841308594 346.9351577758789
451.9842834472656 231.9181365966797 497.4718704223633 231.9181365966797 497.4718704223633 342.8314208984375 451.9842834472656 342.8314208984375
450.8575744628906 237.6247100830078 496.75661849975586 237.6247100830078 496.75661849975586 349.8124313354492 450.8575744628906 349.8124313354492
450.4295349121094 237.6193084716797 497.08828353881836 237.6193084716797 497.08828353881836 350.7289047241211 450.4295349121094 350.7289047241211
452.917724609375 234.95761108398438 500.32997131347656 234.95761108398438 500.32997131347656 349.4428176879883 452.917724609375 349.4428176879883
449.59417724609375 237.0233917236328 496.29562759399414 237.0233917236328 496.29562759399414 350.9550476074219 449.59417724609375 350.9550476074219
453.2919006347656 231.3439483642578 500.89762115478516 231.3439483642578 500.89762115478516 346.5825958251953 453.2919006347656 346.5825958251953
450.55328369140625 228.7163848876953 498.8326187133789 228.7163848876953 498.8326187133789 349.1759033203125 450.55328369140625 349.1759033203125
450.283935546875 233.4556121826172 497.7757225036621 233.4556121826172 497.7757225036621 351.6389617919922 450.283935546875 351.6389617919922
451.412841796875 234.79782104492188 499.85058975219727 234.79782104492188 499.85058975219727 353.0790710449219 451.412841796875 353.0790710449219
451.1556701660156 234.18173217773438 499.57352447509766 234.18173217773438 499.57352447509766 351.41136169433594 451.1556701660156 351.41136169433594
450.83062744140625 237.41928100585938 499.03691482543945 237.41928100585938 499.03691482543945 354.29042053222656 450.83062744140625 354.29042053222656
453.195068359375 235.41281127929688 501.4354019165039 235.41281127929688 501.4354019165039 350.86521911621094 453.195068359375 350.86521911621094
450.06707763671875 236.634521484375 497.94495010375977 236.634521484375 497.94495010375977 352.55491638183594 450.06707763671875 352.55491638183594
449.7420959472656 235.45321655273438 497.05961990356445 235.45321655273438 497.05961990356445 351.37244415283203 449.7420959472656 351.37244415283203
450.86279296875 233.3048095703125 497.1981620788574 233.3048095703125 497.1981620788574 345.97281646728516 450.86279296875 345.97281646728516
451.28802490234375 236.0286407470703 497.22655868530273 236.0286407470703 497.22655868530273 348.33177947998047 451.28802490234375 348.33177947998047
450.7937927246094 240.600830078125 497.1681365966797 240.600830078125 497.1681365966797 352.4344253540039 450.7937927246094 352.4344253540039
452.6012268066406 234.0697479248047 498.71180725097656 234.0697479248047 498.71180725097656 348.43798828125 452.6012268066406 348.43798828125
450.6871643066406 237.39102172851562 497.64449310302734 237.39102172851562 497.64449310302734 351.0859680175781 450.6871643066406 351.0859680175781
454.0599060058594 232.27481079101562 500.4210739135742 232.27481079101562 500.4210739135742 346.4414825439453 454.0599060058594 346.4414825439453
452.6188049316406 230.7708282470703 499.05184173583984 230.7708282470703 499.05184173583984 343.6690673828125 452.6188049316406 343.6690673828125
450.69818115234375 234.58236694335938 497.4544868469238 234.58236694335938 497.4544868469238 349.8064880371094 450.69818115234375 349.8064880371094
452.1421813964844 232.8245391845703 499.31787109375 232.8245391845703 499.31787109375 349.2125549316406 452.1421813964844 349.2125549316406
450.3740234375 238.63058471679688 496.7516174316406 238.63058471679688 496.7516174316406 351.1438674926758 450.3740234375 351.1438674926758
451.1068420410156 231.5559539794922 497.311710357666 231.5559539794922 497.311710357666 345.99231719970703 451.1068420410156 345.99231719970703
451.07403564453125 233.3518524169922 496.9864501953125 233.3518524169922 496.9864501953125 346.3033905029297 451.07403564453125 346.3033905029297
452.6475524902344 232.6011199951172 498.76513671875 232.6011199951172 498.76513671875 345.1001892089844 452.6475524902344 345.1001892089844
451.04718017578125 235.61550903320312 497.83423614501953 235.61550903320312 497.83423614501953 350.3345489501953 451.04718017578125 350.3345489501953
451.718505859375 233.5257568359375 497.8552436828613 233.5257568359375 497.8552436828613 349.5426254272461 451.718505859375 349.5426254272461
453.06915283203125 234.0330047607422 500.40210723876953 234.0330047607422 500.40210723876953 348.3953323364258 453.06915283203125 348.3953323364258
451.26153564453125 232.04736328125 497.8944969177246 232.04736328125 497.8944969177246 346.00836181640625 451.26153564453125 346.00836181640625
452.209228515625 233.5780792236328 499.27339935302734 233.5780792236328 499.27339935302734 347.3597946166992 452.209228515625 347.3597946166992
450.79229736328125 232.8252716064453 497.3076400756836 232.8252716064453 497.3076400756836 347.8813018798828 450.79229736328125 347.8813018798828
451.3905334472656 236.0955047607422 497.2173652648926 236.0955047607422 497.2173652648926 349.0484085083008 451.3905334472656 349.0484085083008
449.63037109375 230.6719970703125 496.4330520629883 230.6719970703125 496.4330520629883 347.0062484741211 449.63037109375 347.0062484741211
450.38336181640625 235.869873046875 496.22801971435547 235.869873046875 496.22801971435547 349.59336853027344 450.38336181640625 349.59336853027344
451.3614807128906 238.3707275390625 496.94836044311523 238.3707275390625 496.94836044311523 348.58070373535156 451.3614807128906 348.58070373535156
450.48541259765625 236.9132080078125 496.10547256469727 236.9132080078125 496.10547256469727 347.7837905883789 450.48541259765625 347.7837905883789
451.60186767578125 237.823974609375 497.2309684753418 237.823974609375 497.2309684753418 348.18186950683594 451.60186767578125 348.18186950683594
450.83892822265625 236.0173797607422 497.6504821777344 236.0173797607422 497.6504821777344 349.16351318359375 450.83892822265625 349.16351318359375
451.4290466308594 239.7543487548828 497.9124069213867 239.7543487548828 497.9124069213867 351.74755096435547 451.4290466308594 351.74755096435547
452.1080627441406 244.0073699951172 497.48766326904297 244.0073699951172 497.48766326904297 353.294921875 452.1080627441406 353.294921875
453.4595642089844 236.8647003173828 499.5931510925293 236.8647003173828 499.5931510925293 347.1834487915039 453.4595642089844 347.1834487915039
452.9888610839844 241.8037872314453 498.98649978637695 241.8037872314453 498.98649978637695 351.0416793823242 452.9888610839844 351.0416793823242
451.36798095703125 237.5753936767578 496.7764320373535 237.5753936767578 496.7764320373535 348.75585174560547 451.36798095703125 348.75585174560547
453.360107421875 235.99551391601562 498.97908782958984 235.99551391601562 498.97908782958984 345.9953155517578 453.360107421875 345.9953155517578
451.80950927734375 242.099365234375 496.6726951599121 242.099365234375 496.6726951599121 350.37933349609375 451.80950927734375 350.37933349609375
452.08758544921875 241.4573211669922 496.7655029296875 241.4573211669922 496.7655029296875 349.2618637084961 452.08758544921875 349.2618637084961
451.6238708496094 238.83212280273438 496.9203300476074 238.83212280273438 496.9203300476074 349.49999237060547 451.6238708496094 349.49999237060547
450.98126220703125 239.74075317382812 497.1795349121094 239.74075317382812 497.1795349121094 352.0069274902344 450.98126220703125 352.0069274902344
451.1908264160156 237.7483673095703 497.5935859680176 237.7483673095703 497.5935859680176 349.95301818847656 451.1908264160156 349.95301818847656
452.910888671875 237.70126342773438 498.69618225097656 237.70126342773438 498.69618225097656 349.4729537963867 452.910888671875 349.4729537963867
449.8282165527344 236.17294311523438 495.73166275024414 236.17294311523438 495.73166275024414 348.5560989379883 449.8282165527344 348.5560989379883
451.803955078125 236.69418334960938 498.2090148925781 236.69418334960938 498.2090148925781 350.9290008544922 451.803955078125 350.9290008544922
452.3841247558594 237.65487670898438 499.3491744995117 237.65487670898438 499.3491744995117 351.6514205932617 452.3841247558594 351.6514205932617
450.72198486328125 236.6287841796875 497.6421127319336 236.6287841796875 497.6421127319336 350.01700592041016 450.72198486328125 350.01700592041016
450.011962890625 237.25369262695312 496.8778305053711 237.25369262695312 496.8778305053711 351.9511413574219 450.011962890625 351.9511413574219
451.02667236328125 234.69149780273438 498.397705078125 234.69149780273438 498.397705078125 350.62024688720703 451.02667236328125 350.62024688720703
450.5414123535156 238.0715789794922 497.3877754211426 238.0715789794922 497.3877754211426 352.53157806396484 450.5414123535156 352.53157806396484
452.17205810546875 241.1280059814453 498.8816909790039 241.1280059814453 498.8816909790039 352.64857482910156 452.17205810546875 352.64857482910156
451.73748779296875 236.9640655517578 498.29816818237305 236.9640655517578 498.29816818237305 349.1506118774414 451.73748779296875 349.1506118774414
452.65350341796875 239.4236602783203 499.3691177368164 239.4236602783203 499.3691177368164 351.7949981689453 452.65350341796875 351.7949981689453
451.46197509765625 233.0845489501953 498.11865997314453 233.0845489501953 498.11865997314453 348.4206314086914 451.46197509765625 348.4206314086914
453.3025817871094 236.61672973632812 500.6811180114746 236.61672973632812 500.6811180114746 351.3562469482422 453.3025817871094 351.3562469482422
450.22027587890625 238.70828247070312 497.04551696777344 238.70828247070312 497.04551696777344 353.68653106689453 450.22027587890625 353.68653106689453
450.8349609375 238.2620086669922 497.49268341064453 238.2620086669922 497.49268341064453 352.64990997314453 450.8349609375 352.64990997314453
451.07928466796875 233.3553924560547 497.6656074523926 233.3553924560547 497.6656074523926 347.2780456542969 451.07928466796875 347.2780456542969
451.73388671875 238.9758758544922 498.3581771850586 238.9758758544922 498.3581771850586 351.7587127685547 451.73388671875 351.7587127685547
452.10186767578125 233.9879913330078 498.3849105834961 233.9879913330078 498.3849105834961 347.0708312988281 452.10186767578125 347.0708312988281
451.41912841796875 241.53634643554688 497.8947982788086 241.53634643554688 497.8947982788086 353.4561080932617 451.41912841796875 353.4561080932617
451.9873046875 233.60977172851562 498.0486259460449 233.60977172851562 498.0486259460449 345.2520294189453 451.9873046875 345.2520294189453
451.5386657714844 235.6917266845703 498.2941093444824 235.6917266845703 498.2941093444824 349.9793472290039 451.5386657714844 349.9793472290039
449.9474182128906 239.17459106445312 496.85908126831055 239.17459106445312 496.85908126831055 352.45472717285156 449.9474182128906 352.45472717285156
450.70697021484375 239.50674438476562 497.3025932312012 239.50674438476562 497.3025932312012 353.8566207885742 450.70697021484375 353.8566207885742
452.53106689453125 232.3191375732422 499.6794853210449 232.3191375732422 499.6794853210449 347.47564697265625 452.53106689453125 347.47564697265625
449.27459716796875 232.4190216064453 496.6684112548828 232.4190216064453 496.6684112548828 351.1399841308594 449.27459716796875 351.1399841308594
453.506591796875 236.1669464111328 501.21740341186523 236.1669464111328 501.21740341186523 352.4030303955078 453.506591796875 352.4030303955078
450.44842529296875 233.130126953125 497.93712615966797 233.130126953125 497.93712615966797 349.4778823852539 450.44842529296875 349.4778823852539
451.9408264160156 240.9623260498047 497.3298683166504 240.9623260498047 497.3298683166504 352.3935546875 451.9408264160156 352.3935546875
452.1097717285156 243.11990356445312 498.4338684082031 243.11990356445312 498.4338684082031 352.6493606567383 452.1097717285156 352.6493606567383
451.18780517578125 240.06069946289062 497.15972900390625 240.06069946289062 497.15972900390625 351.2412567138672 451.18780517578125 351.2412567138672
451.29632568359375 236.8319854736328 496.9028663635254 236.8319854736328 496.9028663635254 349.10045623779297 451.29632568359375 349.10045623779297
450.7767639160156 239.7603302001953 496.09493255615234 239.7603302001953 496.09493255615234 349.1766128540039 450.7767639160156 349.1766128540039
452.7937927246094 238.4212646484375 498.4348564147949 238.4212646484375 498.4348564147949 349.0115509033203 452.7937927246094 349.0115509033203
452.18115234375 241.1771697998047 497.0692367553711 241.1771697998047 497.0692367553711 350.91309356689453 452.18115234375 350.91309356689453
451.1866760253906 236.593994140625 496.67188262939453 236.593994140625 496.67188262939453 346.34791564941406 451.1866760253906 346.34791564941406
453.6573181152344 234.4062042236328 498.9422492980957 234.4062042236328 498.9422492980957 344.6501998901367 453.6573181152344 344.6501998901367
452.063232421875 238.78811645507812 498.30342864990234 238.78811645507812 498.30342864990234 350.3298797607422 452.063232421875 350.3298797607422
453.26739501953125 239.1923828125 498.1703758239746 239.1923828125 498.1703758239746 348.515625 453.26739501953125 348.515625
452.86846923828125 239.43460083007812 497.7470169067383 239.43460083007812 497.7470169067383 349.6201934814453 452.86846923828125 349.6201934814453
450.96380615234375 238.0863037109375 497.1329879760742 238.0863037109375 497.1329879760742 350.87918853759766 450.96380615234375 350.87918853759766
453.434814453125 236.10519409179688 499.14466094970703 236.10519409179688 499.14466094970703 348.92689514160156 453.434814453125 348.92689514160156
452.1995544433594 236.5532684326172 498.6370544433594 236.5532684326172 498.6370544433594 349.6627426147461 452.1995544433594 349.6627426147461
454.68853759765625 233.68765258789062 501.3090591430664 233.68765258789062 501.3090591430664 347.55442810058594 454.68853759765625 347.55442810058594
451.8705139160156 236.65750122070312 499.3918113708496 236.65750122070312 499.3918113708496 352.37535858154297 451.8705139160156 352.37535858154297
452.67578125 233.2689208984375 500.73752212524414 233.2689208984375 500.73752212524414 349.7921371459961 452.67578125 349.7921371459961
450.979736328125 233.792236328125 498.57877349853516 233.792236328125 498.57877349853516 351.5056915283203 450.979736328125 351.5056915283203
452.1580505371094 234.8717803955078 500.14539337158203 234.8717803955078 500.14539337158203 351.0787887573242 452.1580505371094 351.0787887573242
451.0354919433594 238.26162719726562 498.0394058227539 238.26162719726562 498.0394058227539 353.8605041503906 451.0354919433594 353.8605041503906
453.45086669921875 234.7832794189453 500.38262939453125 234.7832794189453 500.38262939453125 350.83353424072266 453.45086669921875 350.83353424072266
452.70166015625 232.62857055664062 500.172420501709 232.62857055664062 500.172420501709 348.52075958251953 452.70166015625 348.52075958251953
452.53070068359375 237.1754150390625 500.21968841552734 237.1754150390625 500.21968841552734 351.1493377685547 452.53070068359375 351.1493377685547
452.76373291015625 236.31640625 500.7243347167969 236.31640625 500.7243347167969 353.0253677368164 452.76373291015625 353.0253677368164
451.39532470703125 237.04934692382812 498.8785095214844 237.04934692382812 498.8785095214844 351.5928268432617 451.39532470703125 351.5928268432617
451.05767822265625 236.13247680664062 498.95784759521484 236.13247680664062 498.95784759521484 354.4689407348633 451.05767822265625 354.4689407348633
451.75946044921875 238.39077758789062 498.97700119018555 238.39077758789062 498.97700119018555 352.9190979003906 451.75946044921875 352.9190979003906
452.42169189453125 236.171875 499.3463020324707 236.171875 499.3463020324707 351.61354064941406 452.42169189453125 351.61354064941406
450.90460205078125 235.36422729492188 497.26192474365234 235.36422729492188 497.26192474365234 350.2378845214844 450.90460205078125 350.2378845214844
452.3866271972656 238.0083770751953 500.30823135375977 238.0083770751953 500.30823135375977 353.9632263183594 452.3866271972656 353.9632263183594
451.9833068847656 232.6468505859375 500.4076919555664 232.6468505859375 500.4076919555664 352.3701934814453 451.9833068847656 352.3701934814453
452.3011779785156 232.13711547851562 501.4651756286621 232.13711547851562 501.4651756286621 353.10618591308594 452.3011779785156 353.10618591308594
452.20770263671875 229.4551239013672 501.56706619262695 229.4551239013672 501.56706619262695 351.69700622558594 452.20770263671875 351.69700622558594
452.8072204589844 233.139404296875 501.49106216430664 233.139404296875 501.49106216430664 353.23018646240234 452.8072204589844 353.23018646240234
451.91595458984375 235.37612915039062 500.3602294921875 235.37612915039062 500.3602294921875 353.0919876098633 451.91595458984375 353.0919876098633
451.86236572265625 235.2915496826172 500.2737579345703 235.2915496826172 500.2737579345703 354.3489227294922 451.86236572265625 354.3489227294922
451.280029296875 238.66995239257812 498.37381744384766 238.66995239257812 498.37381744384766 352.23826599121094 451.280029296875 352.23826599121094
453.02386474609375 233.62442016601562 499.13045501708984 233.62442016601562 499.13045501708984 347.3106994628906 453.02386474609375 347.3106994628906
451.66033935546875 234.2872314453125 498.99203872680664 234.2872314453125 498.99203872680664 350.9984359741211 451.66033935546875 350.9984359741211
452.1570739746094 232.3055877685547 498.77698516845703 232.3055877685547 498.77698516845703 348.14256286621094 452.1570739746094 348.14256286621094
451.94110107421875 239.9069061279297 498.9639549255371 239.9069061279297 498.9639549255371 352.7896423339844 451.94110107421875 352.7896423339844
453.068603515625 229.693115234375 499.5377197265625 229.693115234375 499.5377197265625 343.80975341796875 453.068603515625 343.80975341796875
453.46331787109375 238.13717651367188 499.77271270751953 238.13717651367188 499.77271270751953 350.0900573730469 453.46331787109375 350.0900573730469
452.39886474609375 236.72415161132812 499.10666275024414 236.72415161132812 499.10666275024414 348.84266662597656 452.39886474609375 348.84266662597656
451.75146484375 240.3174285888672 497.7822952270508 240.3174285888672 497.7822952270508 350.87142181396484 451.75146484375 350.87142181396484
451.91278076171875 238.6165008544922 498.81318283081055 238.6165008544922 498.81318283081055 352.5341262817383 451.91278076171875 352.5341262817383
452.4815979003906 234.3767852783203 498.6256446838379 234.3767852783203 498.6256446838379 346.6178894042969 452.4815979003906 346.6178894042969
451.42303466796875 237.27099609375 498.0331573486328 237.27099609375 498.0331573486328 349.9918441772461 451.42303466796875 349.9918441772461
453.08404541015625 239.9237060546875 499.9140205383301 239.9237060546875 499.9140205383301 352.0463104248047 453.08404541015625 352.0463104248047
452.73211669921875 236.628662109375 499.92084884643555 236.628662109375 499.92084884643555 351.20367431640625 452.73211669921875 351.20367431640625
453.44793701171875 239.8322296142578 500.91336822509766 239.8322296142578 500.91336822509766 352.8838195800781 453.44793701171875 352.8838195800781
451.187255859375 237.0548858642578 498.6152877807617 237.0548858642578 498.6152877807617 350.6436309814453 451.187255859375 350.6436309814453
452.7567443847656 243.09628295898438 499.6717071533203 243.09628295898438 499.6717071533203 353.99781036376953 452.7567443847656 353.99781036376953
450.84112548828125 235.1381378173828 498.25786209106445 235.1381378173828 498.25786209106445 348.8977355957031 450.84112548828125 348.8977355957031
