540.0 328.0 581.0 328.0 581.0 451.0 540.0 451.0
538.069091796875 327.96112060546875 577.6614456176758 327.96112060546875 577.6614456176758 450.7871856689453 538.069091796875 450.7871856689453
531.3152465820312 328.8231201171875 573.1728286743164 328.8231201171875 573.1728286743164 454.1856918334961 531.3152465820312 454.1856918334961
525.760009765625 326.19781494140625 569.8937301635742 326.19781494140625 569.8937301635742 453.5549545288086 525.760009765625 453.5549545288086
524.2130126953125 330.7123107910156 567.038875579834 330.7123107910156 567.038875579834 452.9489440917969 524.2130126953125 452.9489440917969
517.788818359375 328.0525817871094 562.1574172973633 328.0525817871094 562.1574172973633 453.27770233154297 517.788818359375 453.27770233154297
514.2173461914062 330.4594421386719 558.8317756652832 330.4594421386719 558.8317756652832 454.35914611816406 514.2173461914062 454.35914611816406
505.6630859375 331.7693786621094 552.3377647399902 331.7693786621094 552.3377647399902 455.4151916503906 505.6630859375 455.4151916503906
500.3247985839844 332.2520446777344 547.7209396362305 332.2520446777344 547.7209396362305 456.53627014160156 500.3247985839844 456.53627014160156
498.75811767578125 330.16473388671875 543.4640579223633 330.16473388671875 543.4640579223633 456.53497314453125 498.75811767578125 456.53497314453125
497.7105407714844 327.87432861328125 538.5946846008301 327.87432861328125 538.5946846008301 458.2217712402344 497.7105407714844 458.2217712402344
496.64453125 327.60052490234375 536.3335762023926 327.60052490234375 536.3335762023926 458.9479064941406 496.64453125 458.9479064941406
494.8548889160156 326.02557373046875 533.0055084228516 326.02557373046875 533.0055084228516 458.33470153808594 494.8548889160156 458.33470153808594
492.6482849121094 323.9500427246094 531.9362335205078 323.9500427246094 531.9362335205078 460.13018798828125 492.6482849121094 460.13018798828125
491.6172790527344 324.45782470703125 529.2081031799316 324.45782470703125 529.2081031799316 461.0365905761719 491.6172790527344 461.0365905761719
490.0535583496094 325.3537902832031 529.1587295532227 325.3537902832031 529.1587295532227 461.07257080078125 490.0535583496094 461.07257080078125
485.53253173828125 318.13153076171875 525.8091812133789 318.13153076171875 525.8091812133789 459.2284851074219 485.53253173828125 459.2284851074219
456.933349609375 331.15155029296875 500.28031158447266 331.15155029296875 500.28031158447266 453.3554458618164 456.933349609375 453.3554458618164
456.17938232421875 330.83416748046875 500.4110908508301 330.83416748046875 500.4110908508301 452.29808044433594 456.17938232421875 452.29808044433594
454.57452392578125 325.6195373535156 498.1387634277344 325.6195373535156 498.1387634277344 453.44617462158203 454.57452392578125 453.44617462158203
450.19708251953125 328.8612976074219 492.7983856201172 328.8612976074219 492.7983856201172 455.8670959472656 450.19708251953125 455.8670959472656
445.74462890625 326.2247619628906 490.1658706665039 326.2247619628906 490.1658706665039 456.7515411376953 445.74462890625 456.7515411376953
442.82171630859375 324.8704528808594 486.58581161499023 324.8704528808594 486.58581161499023 458.29437255859375 442.82171630859375 458.29437255859375
439.1295471191406 324.449951171875 484.61083221435547 324.449951171875 484.61083221435547 458.4537353515625 439.1295471191406 458.4537353515625
434.3075256347656 324.7935485839844 480.3235397338867 324.7935485839844 480.3235397338867 458.37074279785156 434.3075256347656 458.37074279785156
431.01312255859375 327.4263916015625 476.6458320617676 327.4263916015625 476.6458320617676 457.31922912597656 431.01312255859375 457.31922912597656
428.1331481933594 326.0232849121094 474.34647369384766 326.0232849121094 474.34647369384766 455.92384338378906 428.1331481933594 455.92384338378906
427.88177490234375 323.66552734375 470.9005661010742 323.66552734375 470.9005661010742 455.6485595703125 427.88177490234375 455.6485595703125
421.0448303222656 324.00811767578125 465.39881134033203 324.00811767578125 465.39881134033203 455.5135040283203 421.0448303222656 455.5135040283203
418.7381286621094 324.6546325683594 463.7152328491211 324.6546325683594 463.7152328491211 452.9499206542969 418.7381286621094 452.9499206542969
412.6224670410156 329.21807861328125 457.8622360229492 329.21807861328125 457.8622360229492 454.56138610839844 412.6224670410156 454.56138610839844
406.779541015625 330.72967529296875 453.97472381591797 330.72967529296875 453.97472381591797 454.3834991455078 406.779541015625 454.3834991455078
398.6884765625 327.4615478515625 447.60932540893555 327.4615478515625 447.60932540893555 451.7818603515625 398.6884765625 451.7818603515625
392.5967712402344 323.59466552734375 439.70222091674805 323.59466552734375 439.70222091674805 447.5857696533203 392.5967712402344 447.5857696533203
387.4282531738281 322.9590759277344 431.5898551940918 322.9590759277344 431.5898551940918 450.8059387207031 387.4282531738281 450.8059387207031
382.117919921875 321.3106384277344 425.4997978210449 321.3106384277344 425.4997978210449 450.86927795410156 382.117919921875 450.86927795410156
379.8817443847656 321.13568115234375 422.3748321533203 321.13568115234375 422.3748321533203 450.4756164550781 379.8817443847656 450.4756164550781
376.80755615234375 323.75115966796875 418.5080337524414 323.75115966796875 418.5080337524414 452.89825439453125 376.80755615234375 452.89825439453125
368.79095458984375 321.30633544921875 412.7062568664551 321.30633544921875 412.7062568664551 451.89414978027344 368.79095458984375 451.89414978027344
366.8807067871094 320.96490478515625 411.4852485656738 320.96490478515625 411.4852485656738 450.3845520019531 366.8807067871094 450.3845520019531
360.06732177734375 321.3870544433594 405.18732833862305 321.3870544433594 405.18732833862305 450.1025390625 360.06732177734375 450.1025390625
355.992431640625 320.4146423339844 401.31592559814453 320.4146423339844 401.31592559814453 451.8646697998047 355.992431640625 451.8646697998047
348.4801940917969 325.4718322753906 394.0956230163574 325.4718322753906 394.0956230163574 455.6406707763672 348.4801940917969 455.6406707763672
345.03192138671875 323.833984375 389.7879104614258 323.833984375 389.7879104614258 451.54725646972656 345.03192138671875 451.54725646972656
340.9046936035156 320.9588928222656 384.4344291687012 320.9588928222656 384.4344291687012 448.92078399658203 340.9046936035156 448.92078399658203
333.91644287109375 314.707275390625 380.72444915771484 314.707275390625 380.72444915771484 452.2720489501953 333.91644287109375 452.2720489501953
330.6865234375 315.98681640625 376.34534454345703 315.98681640625 376.34534454345703 448.8019104003906 330.6865234375 448.8019104003906
323.6492919921875 317.68927001953125 369.04121017456055 317.68927001953125 369.04121017456055 448.69407653808594 323.6492919921875 448.69407653808594
320.35174560546875 317.826171875 367.7852249145508 317.826171875 367.7852249145508 446.87286376953125 320.35174560546875 446.87286376953125
316.1206970214844 321.26727294921875 362.6052474975586 321.26727294921875 362.6052474975586 450.14137268066406 316.1206970214844 450.14137268066406
311.13531494140625 322.783935546875 358.6028594970703 322.783935546875 358.6028594970703 451.36375427246094 311.13531494140625 451.36375427246094
307.5699462890625 319.18463134765625 353.3705406188965 319.18463134765625 353.3705406188965 450.90679931640625 307.5699462890625 450.90679931640625
304.968017578125 316.3599548339844 350.16943359375 316.3599548339844 350.16943359375 449.0389404296875 304.968017578125 449.0389404296875
301.75054931640625 318.5267028808594 344.840763092041 318.5267028808594 344.840763092041 448.00567626953125 301.75054931640625 448.00567626953125
298.9139099121094 316.516845703125 342.0405387878418 316.516845703125 342.0405387878418 447.1788635253906 298.9139099121094 447.1788635253906
295.82342529296875 316.97015380859375 339.8757133483887 316.97015380859375 339.8757133483887 447.6716766357422 295.82342529296875 447.6716766357422
289.82269287109375 313.97406005859375 333.9760055541992 313.97406005859375 333.9760055541992 445.2856140136719 289.82269287109375 445.2856140136719
286.47369384765625 309.71466064453125 329.35877990722656 309.71466064453125 329.35877990722656 446.381591796875 286.47369384765625 446.381591796875
285.5334777832031 310.35577392578125 327.7658882141113 310.35577392578125 327.7658882141113 447.2804412841797 285.5334777832031 447.2804412841797
281.29217529296875 310.3626403808594 323.4474296569824 310.3626403808594 323.4474296569824 445.4402618408203 281.29217529296875 445.4402618408203
272.85247802734375 306.88494873046875 317.28015899658203 306.88494873046875 317.28015899658203 446.5550231933594 272.85247802734375 446.5550231933594
269.15301513671875 305.5137939453125 312.59972381591797 305.5137939453125 312.59972381591797 444.9534912109375 269.15301513671875 444.9534912109375
265.81536865234375 307.139892578125 306.7186851501465 307.139892578125 306.7186851501465 441.845947265625 265.81536865234375 441.845947265625
264.1089782714844 309.96734619140625 303.4898490905762 309.96734619140625 303.4898490905762 442.0289001464844 264.1089782714844 442.0289001464844
259.4928283691406 307.59503173828125 299.31663513183594 307.59503173828125 299.31663513183594 443.4001770019531 259.4928283691406 443.4001770019531
253.93984985351562 308.41424560546875 295.1064109802246 308.41424560546875 295.1064109802246 443.5257110595703 253.93984985351562 443.5257110595703
251.3922576904297 307.76434326171875 292.43210220336914 307.76434326171875 292.43210220336914 441.73753356933594 251.3922576904297 441.73753356933594
246.96316528320312 306.71551513671875 289.92829513549805 306.71551513671875 289.92829513549805 438.0195770263672 246.96316528320312 438.0195770263672
242.26791381835938 305.6761169433594 286.1871643066406 305.6761169433594 286.1871643066406 439.1205596923828 242.26791381835938 439.1205596923828
240.00949096679688 309.2294921875 282.31608963012695 309.2294921875 282.31608963012695 441.216064453125 240.00949096679688 441.216064453125
235.5121612548828 304.66168212890625 276.7145233154297 304.66168212890625 276.7145233154297 435.76161193847656 235.5121612548828 435.76161193847656
234.43222045898438 304.7384338378906 274.0140914916992 304.7384338378906 274.0140914916992 435.3564453125 234.43222045898438 435.3564453125
229.8134002685547 304.9908142089844 269.7956352233887 304.9908142089844 269.7956352233887 437.2716522216797 229.8134002685547 437.2716522216797
229.15859985351562 304.35003662109375 268.00414276123047 304.35003662109375 268.00414276123047 439.16709899902344 229.15859985351562 439.16709899902344
222.8681182861328 303.9007263183594 264.35701751708984 303.9007263183594 264.35701751708984 442.2740020751953 222.8681182861328 442.2740020751953
222.4227752685547 304.64483642578125 262.6369323730469 304.64483642578125 262.6369323730469 439.9169006347656 222.4227752685547 439.9169006347656
219.30673217773438 305.337890625 259.67911529541016 305.337890625 259.67911529541016 437.5034942626953 219.30673217773438 437.5034942626953
219.0242156982422 304.27581787109375 258.78054428100586 304.27581787109375 258.78054428100586 435.8602600097656 219.0242156982422 435.8602600097656
216.1831817626953 304.2623596191406 256.6836814880371 304.2623596191406 256.6836814880371 437.73516845703125 216.1831817626953 437.73516845703125
213.12646484375 303.7774963378906 254.5867462158203 303.7774963378906 254.5867462158203 439.629150390625 213.12646484375 439.629150390625
209.5692138671875 301.5152282714844 251.80713272094727 301.5152282714844 251.80713272094727 441.84706115722656 209.5692138671875 441.84706115722656
204.26942443847656 302.44854736328125 247.61022186279297 302.44854736328125 247.61022186279297 441.83460998535156 204.26942443847656 441.83460998535156
202.9083709716797 305.6298828125 245.63568115234375 305.6298828125 245.63568115234375 443.4039764404297 202.9083709716797 443.4039764404297
199.87460327148438 306.79296875 240.5291976928711 306.79296875 240.5291976928711 439.27748107910156 199.87460327148438 439.27748107910156
198.44314575195312 306.1167907714844 238.91674423217773 306.1167907714844 238.91674423217773 440.68971252441406 198.44314575195312 440.68971252441406
197.8611602783203 307.37939453125 235.8470458984375 307.37939453125 235.8470458984375 439.6376037597656 197.8611602783203 439.6376037597656
197.81185913085938 305.79986572265625 235.23480606079102 305.79986572265625 235.23480606079102 439.1602783203125 197.81185913085938 439.1602783203125
196.61524963378906 306.46502685546875 234.1762809753418 306.46502685546875 234.1762809753418 433.8927459716797 196.61524963378906 433.8927459716797
194.7766876220703 309.1059875488281 232.97599029541016 309.1059875488281 232.97599029541016 434.16992950439453 194.7766876220703 434.16992950439453
196.2035675048828 308.5671691894531 233.07844924926758 308.5671691894531 233.07844924926758 429.5337219238281 196.2035675048828 429.5337219238281
194.2658233642578 309.587158203125 231.66423797607422 309.587158203125 231.66423797607422 429.1575469970703 194.2658233642578 429.1575469970703
194.56881713867188 310.89056396484375 231.67279052734375 310.89056396484375 231.67279052734375 431.1213150024414 194.56881713867188 431.1213150024414
195.44949340820312 311.81610107421875 231.86297988891602 311.81610107421875 231.86297988891602 430.0985870361328 195.44949340820312 430.0985870361328
196.23257446289062 311.4736633300781 232.40835571289062 311.4736633300781 232.40835571289062 431.13536071777344 196.23257446289062 431.13536071777344
196.72079467773438 312.7228698730469 231.81060791015625 312.7228698730469 231.81060791015625 429.7791442871094 196.72079467773438 429.7791442871094
196.563232421875 309.1439514160156 232.59784698486328 309.1439514160156 232.59784698486328 427.02662658691406 196.563232421875 427.02662658691406
196.05828857421875 308.86395263671875 232.77739334106445 308.86395263671875 232.77739334106445 426.9941635131836 196.05828857421875 426.9941635131836
196.55764770507812 310.7989807128906 232.97388458251953 310.7989807128906 232.97388458251953 428.44422149658203 196.55764770507812 428.44422149658203
195.6289825439453 310.9794006347656 232.55826950073242 310.9794006347656 232.55826950073242 428.9214401245117 195.6289825439453 428.9214401245117
196.42495727539062 308.59539794921875 233.00220108032227 308.59539794921875 233.00220108032227 425.44195556640625 196.42495727539062 425.44195556640625
195.33956909179688 309.70611572265625 232.75435638427734 309.70611572265625 232.75435638427734 426.77586364746094 195.33956909179688 426.77586364746094
195.06236267089844 308.49560546875 231.8978157043457 308.49560546875 231.8978157043457 424.56900787353516 195.06236267089844 424.56900787353516
193.64724731445312 310.362060546875 231.21942138671875 310.362060546875 231.21942138671875 426.41812896728516 193.64724731445312 426.41812896728516
193.92886352539062 309.28253173828125 231.25408172607422 309.28253173828125 231.25408172607422 426.18975830078125 193.92886352539062 426.18975830078125
191.70742797851562 309.5068054199219 229.20136260986328 309.5068054199219 229.20136260986328 427.45457458496094 191.70742797851562 427.45457458496094
190.4566192626953 307.3082580566406 228.11235809326172 307.3082580566406 228.11235809326172 427.55284881591797 190.4566192626953 427.55284881591797
190.2481231689453 310.1044616699219 227.65396118164062 310.1044616699219 227.65396118164062 431.54591369628906 190.2481231689453 431.54591369628906
188.69273376464844 304.6742858886719 227.11343383789062 304.6742858886719 227.11343383789062 425.88269805908203 188.69273376464844 425.88269805908203
189.2039337158203 306.9098205566406 227.54003143310547 306.9098205566406 227.54003143310547 430.2889862060547 189.2039337158203 430.2889862060547
191.54806518554688 306.94757080078125 229.08440399169922 306.94757080078125 229.08440399169922 426.29207611083984 191.54806518554688 426.29207611083984
190.76605224609375 305.4427795410156 229.2672233581543 305.4427795410156 229.2672233581543 426.75279998779297 190.76605224609375 426.75279998779297
193.1053009033203 305.3636779785156 230.66840362548828 305.3636779785156 230.66840362548828 424.8133087158203 193.1053009033203 424.8133087158203
194.5281982421875 306.18743896484375 230.97344970703125 306.18743896484375 230.97344970703125 425.2755355834961 194.5281982421875 425.2755355834961
194.131103515625 305.53948974609375 231.0283203125 305.53948974609375 231.0283203125 423.97354888916016 194.131103515625 423.97354888916016
191.26217651367188 304.70050048828125 230.20307540893555 304.70050048828125 230.20307540893555 425.6917266845703 191.26217651367188 425.6917266845703
190.50729370117188 305.2384338378906 228.9996452331543 305.2384338378906 228.9996452331543 426.05857849121094 190.50729370117188 426.05857849121094
188.64096069335938 307.9128112792969 228.4617691040039 307.9128112792969 228.4617691040039 429.75707244873047 188.64096069335938 429.75707244873047
186.86569213867188 303.36572265625 227.93634796142578 303.36572265625 227.93634796142578 425.4872817993164 186.86569213867188 425.4872817993164
184.7540740966797 306.5453186035156 225.29576873779297 306.5453186035156 225.29576873779297 425.9709777832031 184.7540740966797 425.9709777832031
183.41842651367188 303.64398193359375 222.6013412475586 303.64398193359375 222.6013412475586 423.4015884399414 183.41842651367188 423.4015884399414
178.28416442871094 297.52142333984375 218.35190963745117 297.52142333984375 218.35190963745117 424.39273834228516 178.28416442871094 424.39273834228516
176.50863647460938 298.77227783203125 216.50409698486328 298.77227783203125 216.50409698486328 424.73280334472656 176.50863647460938 424.73280334472656
173.7214813232422 301.9937744140625 213.02526092529297 301.9937744140625 213.02526092529297 427.5687713623047 173.7214813232422 427.5687713623047
174.47317504882812 299.2226257324219 211.40679168701172 299.2226257324219 211.40679168701172 420.3120803833008 174.47317504882812 420.3120803833008
173.3965606689453 299.85723876953125 209.8900489807129 299.85723876953125 209.8900489807129 422.60386657714844 173.3965606689453 422.60386657714844
169.85018920898438 304.200439453125 206.6169319152832 304.200439453125 206.6169319152832 414.5006103515625 169.85018920898438 414.5006103515625
172.20599365234375 300.4801025390625 208.75151443481445 300.4801025390625 208.75151443481445 424.2959213256836 172.20599365234375 424.2959213256836
171.81527709960938 300.737548828125 208.0510368347168 300.737548828125 208.0510368347168 422.0102081298828 171.81527709960938 422.0102081298828
171.18673706054688 301.7002868652344 207.5176773071289 301.7002868652344 207.5176773071289 422.2186965942383 171.18673706054688 422.2186965942383
173.63270568847656 299.65570068359375 208.60169219970703 299.65570068359375 208.60169219970703 417.60189056396484 173.63270568847656 417.60189056396484
172.7129669189453 305.2582092285156 208.5838394165039 305.2582092285156 208.5838394165039 425.6628723144531 172.7129669189453 425.6628723144531
173.4081573486328 304.70587158203125 209.00318145751953 304.70587158203125 209.00318145751953 425.30340576171875 173.4081573486328 425.30340576171875
175.2579345703125 303.1346130371094 209.99482345581055 303.1346130371094 209.99482345581055 423.5053176879883 175.2579345703125 423.5053176879883
174.25253295898438 300.22052001953125 209.51961517333984 300.22052001953125 209.51961517333984 422.2628631591797 174.25253295898438 422.2628631591797
174.3665313720703 302.5237121582031 209.26453399658203 302.5237121582031 209.26453399658203 426.68186950683594 174.3665313720703 426.68186950683594
175.5114288330078 295.75628662109375 210.54629135131836 295.75628662109375 210.54629135131836 418.9943389892578 175.5114288330078 418.9943389892578
174.94015502929688 296.5614318847656 209.84588623046875 296.5614318847656 209.84588623046875 418.51221466064453 174.94015502929688 418.51221466064453
174.19882202148438 298.34698486328125 210.02302169799805 298.34698486328125 210.02302169799805 422.2838363647461 174.19882202148438 422.2838363647461
174.74569702148438 297.9580993652344 210.49753189086914 297.9580993652344 210.49753189086914 418.9354553222656 174.74569702148438 418.9354553222656
174.16580200195312 297.61639404296875 210.12654876708984 297.61639404296875 210.12654876708984 422.37786865234375 174.16580200195312 422.37786865234375
173.7049560546875 300.35687255859375 209.6361427307129 300.35687255859375 209.6361427307129 422.68685150146484 173.7049560546875 422.68685150146484
174.13438415527344 299.8957824707031 209.61615753173828 299.8957824707031 209.61615753173828 421.9194030761719 174.13438415527344 421.9194030761719
175.91673278808594 298.6575927734375 210.6422004699707 298.6575927734375 210.6422004699707 420.3343276977539 175.91673278808594 420.3343276977539
174.0263671875 300.3908996582031 209.15553665161133 300.3908996582031 209.15553665161133 420.5521926879883 174.0263671875 420.5521926879883
172.97396850585938 300.787109375 208.0748291015625 300.787109375 208.0748291015625 422.0639877319336 172.97396850585938 422.0639877319336
173.04501342773438 303.282958984375 207.45575714111328 303.282958984375 207.45575714111328 420.36576080322266 173.04501342773438 420.36576080322266
172.9949951171875 303.60321044921875 207.28328704833984 303.60321044921875 207.28328704833984 419.48951721191406 172.9949951171875 419.48951721191406
167.8480682373047 302.53851318359375 201.36113357543945 302.53851318359375 201.36113357543945 417.2709197998047 167.8480682373047 417.2709197998047
167.92941284179688 304.3457336425781 201.25336456298828 304.3457336425781 201.25336456298828 418.0652618408203 167.92941284179688 418.0652618408203
168.4289093017578 305.31915283203125 201.7214012145996 305.31915283203125 201.7214012145996 424.21705627441406 168.4289093017578 424.21705627441406
164.0779571533203 307.24725341796875 198.84658432006836 307.24725341796875 198.84658432006836 421.17000579833984 164.0779571533203 421.17000579833984
165.59701538085938 301.16448974609375 199.94667434692383 301.16448974609375 199.94667434692383 416.4404296875 165.59701538085938 416.4404296875
166.8779754638672 299.4642639160156 199.78767013549805 299.4642639160156 199.78767013549805 414.7317581176758 166.8779754638672 414.7317581176758
165.26043701171875 295.6592102050781 199.65823364257812 295.6592102050781 199.65823364257812 413.34022521972656 165.26043701171875 413.34022521972656
166.3528289794922 299.17108154296875 200.5701446533203 299.17108154296875 200.5701446533203 415.82139587402344 166.3528289794922 415.82139587402344
166.0409698486328 295.2192077636719 199.6043357849121 295.2192077636719 199.6043357849121 413.9905700683594 166.0409698486328 413.9905700683594
164.40843200683594 294.9886474609375 198.98729705810547 294.9886474609375 198.98729705810547 412.7015380859375 164.40843200683594 412.7015380859375
165.41213989257812 295.0489807128906 200.08548736572266 295.0489807128906 200.08548736572266 412.3593444824219 165.41213989257812 412.3593444824219
163.45834350585938 297.9580078125 198.26676559448242 297.9580078125 198.26676559448242 417.61553955078125 163.45834350585938 417.61553955078125
153.41983032226562 297.55181884765625 190.88028717041016 297.55181884765625 190.88028717041016 418.2038803100586 153.41983032226562 418.2038803100586
153.44180297851562 297.93475341796875 190.85669326782227 297.93475341796875 190.85669326782227 421.3620147705078 153.44180297851562 421.3620147705078
170.03195190429688 297.67047119140625 204.3977928161621 297.67047119140625 204.3977928161621 421.37862396240234 170.03195190429688 421.37862396240234
170.37281799316406 300.1232604980469 204.8010597229004 300.1232604980469 204.8010597229004 421.5973815917969 170.37281799316406 421.5973815917969
164.3749237060547 302.529541015625 199.34662246704102 302.529541015625 199.34662246704102 420.5374755859375 164.3749237060547 420.5374755859375
169.42007446289062 296.23394775390625 203.87762069702148 296.23394775390625 203.87762069702148 417.5222930908203 169.42007446289062 417.5222930908203
152.04409790039062 299.5219421386719 187.6247901916504 299.5219421386719 187.6247901916504 416.9952926635742 152.04409790039062 416.9952926635742
145.5493927001953 300.0042419433594 182.32976150512695 300.0042419433594 182.32976150512695 414.72618865966797 145.5493927001953 414.72618865966797
141.6484832763672 296.82470703125 179.1387596130371 296.82470703125 179.1387596130371 410.8364486694336 141.6484832763672 410.8364486694336
140.07498168945312 296.68121337890625 177.08411026000977 296.68121337890625 177.08411026000977 410.01373291015625 140.07498168945312 410.01373291015625
137.42446899414062 295.53704833984375 175.50313568115234 295.53704833984375 175.50313568115234 411.0638427734375 137.42446899414062 411.0638427734375
136.3121337890625 293.8388671875 174.27887725830078 293.8388671875 174.27887725830078 408.5856170654297 136.3121337890625 408.5856170654297
135.94374084472656 294.0718688964844 174.03771209716797 294.0718688964844 174.03771209716797 410.3710403442383 135.94374084472656 410.3710403442383
135.7062225341797 293.13079833984375 173.8817138671875 293.13079833984375 173.8817138671875 410.84407806396484 135.7062225341797 410.84407806396484
136.4590301513672 294.2387390136719 173.90776824951172 294.2387390136719 173.90776824951172 412.03138732910156 136.4590301513672 412.03138732910156
136.11373901367188 293.3880310058594 173.61756896972656 293.3880310058594 173.61756896972656 409.3993377685547 136.11373901367188 409.3993377685547
136.0645294189453 292.0422058105469 175.00524139404297 292.0422058105469 175.00524139404297 412.54820251464844 136.0645294189453 412.54820251464844
137.16636657714844 294.5900573730469 176.20616912841797 294.5900573730469 176.20616912841797 413.60887908935547 137.16636657714844 413.60887908935547
136.26168823242188 295.8079528808594 176.05945587158203 295.8079528808594 176.05945587158203 414.6269989013672 136.26168823242188 414.6269989013672
137.87545776367188 295.3597106933594 176.21590423583984 295.3597106933594 176.21590423583984 411.8518753051758 137.87545776367188 411.8518753051758
137.4580078125 298.45587158203125 175.41845703125 298.45587158203125 175.41845703125 417.9787826538086 137.4580078125 417.9787826538086
137.90823364257812 293.1703796386719 175.52507781982422 293.1703796386719 175.52507781982422 411.63697814941406 137.90823364257812 411.63697814941406
138.7202606201172 294.1456298828125 176.60483169555664 294.1456298828125 176.60483169555664 413.1786117553711 138.7202606201172 413.1786117553711
137.11984252929688 294.5216979980469 174.28775024414062 294.5216979980469 174.28775024414062 415.16063690185547 137.11984252929688 415.16063690185547
136.3213348388672 294.45330810546875 174.56267929077148 294.45330810546875 174.56267929077148 412.91798400878906 136.3213348388672 412.91798400878906
136.61325073242188 290.96661376953125 175.84932327270508 290.96661376953125 175.84932327270508 410.56809997558594 136.61325073242188 410.56809997558594
135.93841552734375 289.75518798828125 176.06773376464844 289.75518798828125 176.06773376464844 405.8678436279297 135.93841552734375 405.8678436279297
135.89495849609375 293.15887451171875 175.03971099853516 293.15887451171875 175.03971099853516 411.5904998779297 135.89495849609375 411.5904998779297
136.19845581054688 288.1136779785156 174.7113037109375 288.1136779785156 174.7113037109375 404.9822235107422 136.19845581054688 404.9822235107422
134.350341796875 286.9595642089844 173.33106231689453 286.9595642089844 173.33106231689453 401.9295959472656 134.350341796875 401.9295959472656
135.90478515625 288.811279296875 173.25753021240234 288.811279296875 173.25753021240234 406.23133850097656 135.90478515625 406.23133850097656
136.33489990234375 284.74853515625 174.39023208618164 284.74853515625 174.39023208618164 403.63389587402344 136.33489990234375 403.63389587402344
134.72967529296875 285.77850341796875 173.21138763427734 285.77850341796875 173.21138763427734 403.32161712646484 134.72967529296875 403.32161712646484
134.62200927734375 283.17193603515625 173.70858764648438 283.17193603515625 173.70858764648438 403.4844741821289 134.62200927734375 403.4844741821289
134.00582885742188 286.173583984375 173.06122589111328 286.173583984375 173.06122589111328 404.18418884277344 134.00582885742188 404.18418884277344
135.16629028320312 285.2303161621094 173.95850372314453 285.2303161621094 173.95850372314453 402.6241912841797 135.16629028320312 402.6241912841797
135.3508758544922 284.2012634277344 173.5641746520996 284.2012634277344 173.5641746520996 401.9351501464844 135.3508758544922 401.9351501464844
135.3912353515625 282.7667541503906 173.47417449951172 282.7667541503906 173.47417449951172 402.64539337158203 135.3912353515625 402.64539337158203
137.4313201904297 283.07244873046875 174.8322296142578 283.07244873046875 174.8322296142578 404.81807708740234 137.4313201904297 404.81807708740234
135.29022216796875 277.13299560546875 174.57772064208984 277.13299560546875 174.57772064208984 400.59098052978516 135.29022216796875 400.59098052978516
135.47714233398438 281.463134765625 174.7241096496582 281.463134765625 174.7241096496582 403.66422271728516 135.47714233398438 403.66422271728516
137.2148895263672 283.2538757324219 176.72881317138672 283.2538757324219 176.72881317138672 403.3211364746094 137.2148895263672 403.3211364746094
137.76388549804688 283.38629150390625 178.09658813476562 283.38629150390625 178.09658813476562 404.936767578125 137.76388549804688 404.936767578125
139.013916015625 280.41961669921875 178.01486206054688 280.41961669921875 178.01486206054688 402.32904052734375 139.013916015625 402.32904052734375
140.8969268798828 281.2422180175781 179.0277862548828 281.2422180175781 179.0277862548828 401.3384552001953 140.8969268798828 401.3384552001953
141.71212768554688 278.84796142578125 180.56986236572266 278.84796142578125 180.56986236572266 398.95704650878906 141.71212768554688 398.95704650878906
143.27435302734375 271.358642578125 180.20699310302734 271.358642578125 180.20699310302734 392.5037384033203 143.27435302734375 392.5037384033203
143.76165771484375 277.803466796875 181.87837982177734 277.803466796875 181.87837982177734 392.15350341796875 143.76165771484375 392.15350341796875
145.1250457763672 272.2267150878906 181.6280860900879 272.2267150878906 181.6280860900879 393.6105194091797 145.1250457763672 393.6105194091797
144.7191162109375 268.0425109863281 181.2516746520996 268.0425109863281 181.2516746520996 391.12830352783203 144.7191162109375 391.12830352783203
145.68373107910156 265.5661315917969 181.91439056396484 265.5661315917969 181.91439056396484 389.55213165283203 145.68373107910156 389.55213165283203
147.04827880859375 269.1617126464844 183.18482971191406 269.1617126464844 183.18482971191406 391.3464050292969 147.04827880859375 391.3464050292969
145.4504852294922 267.41961669921875 182.32080841064453 267.41961669921875 182.32080841064453 389.19173431396484 145.4504852294922 389.19173431396484
145.7223663330078 268.3623046875 182.13033294677734 268.3623046875 182.13033294677734 388.0142822265625 145.7223663330078 388.0142822265625
144.08016967773438 266.35650634765625 181.8438720703125 266.35650634765625 181.8438720703125 388.9043197631836 144.08016967773438 388.9043197631836
145.66207885742188 266.5633850097656 182.47858810424805 266.5633850097656 182.47858810424805 387.3301239013672 145.66207885742188 387.3301239013672
148.09996032714844 263.546142578125 186.12218475341797 263.546142578125 186.12218475341797 389.0503692626953 148.09996032714844 389.0503692626953
146.45608520507812 262.72235107421875 183.93915176391602 262.72235107421875 183.93915176391602 385.1460723876953 146.45608520507812 385.1460723876953
146.3144989013672 269.7568359375 183.5461196899414 269.7568359375 183.5461196899414 389.6746597290039 146.3144989013672 389.6746597290039
145.4486541748047 265.8348083496094 182.34124374389648 265.8348083496094 182.34124374389648 385.36949920654297 145.4486541748047 385.36949920654297
146.64422607421875 271.4932861328125 183.1997184753418 271.4932861328125 183.1997184753418 388.8794937133789 146.64422607421875 388.8794937133789
145.61886596679688 264.3528747558594 182.37356185913086 264.3528747558594 182.37356185913086 381.66771697998047 145.61886596679688 381.66771697998047
144.2179718017578 262.6001281738281 181.5644989013672 262.6001281738281 181.5644989013672 382.1664352416992 144.2179718017578 382.1664352416992
144.09434509277344 264.74090576171875 180.08544158935547 264.74090576171875 180.08544158935547 379.82044982910156 144.09434509277344 379.82044982910156
141.89865112304688 265.55828857421875 178.66056060791016 265.55828857421875 178.66056060791016 380.79718017578125 141.89865112304688 380.79718017578125
146.62991333007812 270.9764099121094 184.41777801513672 270.9764099121094 184.41777801513672 388.58897399902344 146.62991333007812 388.58897399902344
141.23568725585938 261.831298828125 178.80595016479492 261.831298828125 178.80595016479492 378.7191925048828 141.23568725585938 378.7191925048828
142.25518798828125 263.79815673828125 180.3727569580078 263.79815673828125 180.3727569580078 380.66038513183594 142.25518798828125 380.66038513183594
142.63436889648438 263.1227111816406 179.78466033935547 263.1227111816406 179.78466033935547 378.20313262939453 142.63436889648438 378.20313262939453
144.07333374023438 263.7305603027344 180.53254318237305 263.7305603027344 180.53254318237305 377.9687957763672 144.07333374023438 377.9687957763672
142.59906005859375 263.5006103515625 178.6253890991211 263.5006103515625 178.6253890991211 371.5794677734375 142.59906005859375 371.5794677734375
144.56961059570312 266.1134033203125 180.79636001586914 266.1134033203125 180.79636001586914 377.6501007080078 144.56961059570312 377.6501007080078
146.75326538085938 267.49139404296875 182.31685638427734 267.49139404296875 182.31685638427734 378.01766204833984 146.75326538085938 378.01766204833984
147.03109741210938 266.5830993652344 182.06787109375 266.5830993652344 182.06787109375 376.87355041503906 147.03109741210938 376.87355041503906
150.3721466064453 269.4368896484375 186.0690574645996 269.4368896484375 186.0690574645996 380.7675323486328 150.3721466064453 380.7675323486328
150.5891571044922 270.5061950683594 186.75957107543945 270.5061950683594 186.75957107543945 383.6059875488281 150.5891571044922 383.6059875488281
149.90158081054688 266.38983154296875 185.9111557006836 266.38983154296875 185.9111557006836 378.67191314697266 149.90158081054688 378.67191314697266
148.68728637695312 264.91632080078125 185.12630462646484 264.91632080078125 185.12630462646484 378.47314453125 148.68728637695312 378.47314453125
163.1261444091797 270.71356201171875 200.65238189697266 270.71356201171875 200.65238189697266 382.92083740234375 163.1261444091797 382.92083740234375
173.50234985351562 272.6235656738281 211.02985382080078 272.6235656738281 211.02985382080078 387.7071075439453 173.50234985351562 387.7071075439453
171.58934020996094 272.3897399902344 209.58078384399414 272.3897399902344 209.58078384399414 387.8123245239258 171.58934020996094 387.8123245239258
178.94635009765625 266.6883850097656 216.91194534301758 266.6883850097656 216.91194534301758 382.9836120605469 178.94635009765625 382.9836120605469
164.76535034179688 268.8816223144531 200.07550048828125 268.8816223144531 200.07550048828125 385.99303436279297 164.76535034179688 385.99303436279297
145.08058166503906 265.062744140625 182.15096282958984 265.062744140625 182.15096282958984 378.48614501953125 145.08058166503906 378.48614501953125
146.11500549316406 261.84820556640625 182.85353469848633 261.84820556640625 182.85353469848633 375.53936767578125 146.11500549316406 375.53936767578125
145.48428344726562 260.71539306640625 182.7935791015625 260.71539306640625 182.7935791015625 378.45616149902344 145.48428344726562 378.45616149902344
152.16949462890625 263.87042236328125 190.57789611816406 263.87042236328125 190.57789611816406 383.45819091796875 152.16949462890625 383.45819091796875
153.87991333007812 263.3211364746094 192.31661224365234 263.3211364746094 192.31661224365234 378.63108825683594 153.87991333007812 378.63108825683594
149.71914672851562 262.50592041015625 188.00285720825195 262.50592041015625 188.00285720825195 382.52940368652344 149.71914672851562 382.52940368652344
150.22512817382812 264.6615295410156 188.62770462036133 264.6615295410156 188.62770462036133 384.4413299560547 150.22512817382812 384.4413299560547
151.5483856201172 260.1938781738281 190.3073501586914 260.1938781738281 190.3073501586914 382.3312530517578 151.5483856201172 382.3312530517578
150.8289794921875 258.3670654296875 188.69515228271484 258.3670654296875 188.69515228271484 377.274658203125 150.8289794921875 377.274658203125
147.92266845703125 259.038818359375 187.0881233215332 259.038818359375 187.0881233215332 379.32234954833984 147.92266845703125 379.32234954833984
150.74732971191406 260.55340576171875 189.75255966186523 260.55340576171875 189.75255966186523 381.3629379272461 150.74732971191406 381.3629379272461
149.0550079345703 261.893310546875 187.93997955322266 261.893310546875 187.93997955322266 381.45682525634766 149.0550079345703 381.45682525634766
149.8927459716797 260.9068908691406 188.83480072021484 260.9068908691406 188.83480072021484 379.3359832763672 149.8927459716797 379.3359832763672
150.49755859375 265.6651916503906 189.51232147216797 265.6651916503906 189.51232147216797 383.6525573730469 150.49755859375 383.6525573730469
153.15518188476562 262.0599365234375 191.0930633544922 262.0599365234375 191.0930633544922 379.8705825805664 153.15518188476562 379.8705825805664
149.5316925048828 264.00592041015625 187.91905212402344 264.00592041015625 187.91905212402344 381.56346130371094 149.5316925048828 381.56346130371094
150.94061279296875 263.8822937011719 189.81909942626953 263.8822937011719 189.81909942626953 382.89563751220703 150.94061279296875 382.89563751220703
149.3678741455078 264.4173583984375 188.05212783813477 264.4173583984375 188.05212783813477 382.428466796875 149.3678741455078 382.428466796875
151.0522003173828 263.5654296875 190.11420059204102 263.5654296875 190.11420059204102 383.09832763671875 151.0522003173828 383.09832763671875
147.80593872070312 264.1235046386719 187.61819076538086 264.1235046386719 187.61819076538086 385.24391174316406 147.80593872070312 385.24391174316406
149.9355010986328 262.5268249511719 189.14614486694336 262.5268249511719 189.14614486694336 382.2394714355469 149.9355010986328 382.2394714355469
150.00357055664062 260.86865234375 188.62311553955078 260.86865234375 188.62311553955078 379.27996826171875 150.00357055664062 379.27996826171875
150.07247924804688 264.3351135253906 189.4290008544922 264.3351135253906 189.4290008544922 384.8977584838867 150.07247924804688 384.8977584838867
148.49627685546875 260.3483581542969 187.69749450683594 260.3483581542969 187.69749450683594 381.17443084716797 148.49627685546875 381.17443084716797
148.60824584960938 260.4705505371094 188.17744827270508 260.4705505371094 188.17744827270508 382.1820373535156 148.60824584960938 382.1820373535156
150.22360229492188 262.0466003417969 190.6846694946289 262.0466003417969 190.6846694946289 383.91895294189453 150.22360229492188 383.91895294189453
149.15121459960938 262.4852294921875 189.79557037353516 262.4852294921875 189.79557037353516 386.4592742919922 149.15121459960938 386.4592742919922
151.08096313476562 260.512451171875 191.22428512573242 260.512451171875 191.22428512573242 383.76039123535156 151.08096313476562 383.76039123535156
149.5415802001953 259.060546875 190.2396469116211 259.060546875 190.2396469116211 382.4935760498047 149.5415802001953 382.4935760498047
149.2739715576172 259.57196044921875 189.29808044433594 259.57196044921875 189.29808044433594 382.3362274169922 149.2739715576172 382.3362274169922
150.2705841064453 265.07635498046875 190.65531158447266 265.07635498046875 190.65531158447266 388.3213119506836 150.2705841064453 388.3213119506836
148.28390502929688 265.353759765625 189.12859344482422 265.353759765625 189.12859344482422 388.55152893066406 148.28390502929688 388.55152893066406
149.7608642578125 264.019775390625 189.89243698120117 264.019775390625 189.89243698120117 385.37078857421875 149.7608642578125 385.37078857421875
149.70533752441406 258.99884033203125 190.31244659423828 258.99884033203125 190.31244659423828 382.49796295166016 149.70533752441406 382.49796295166016
148.41880798339844 260.634521484375 188.4708595275879 260.634521484375 188.4708595275879 383.8356475830078 148.41880798339844 383.8356475830078
147.074462890625 255.97021484375 187.68231201171875 255.97021484375 187.68231201171875 381.5693130493164 147.074462890625 381.5693130493164
147.51730346679688 261.181640625 188.4593276977539 261.181640625 188.4593276977539 384.7616729736328 147.51730346679688 384.7616729736328
149.03903198242188 262.216552734375 190.26279067993164 262.216552734375 190.26279067993164 386.22520446777344 149.03903198242188 386.22520446777344
150.45358276367188 262.8096008300781 191.19801330566406 262.8096008300781 191.19801330566406 389.1633605957031 150.45358276367188 389.1633605957031
149.677490234375 262.1985168457031 190.53899383544922 262.1985168457031 190.53899383544922 386.78965759277344 149.677490234375 386.78965759277344
147.0258026123047 263.1100769042969 188.6650848388672 263.1100769042969 188.6650848388672 389.3490447998047 147.0258026123047 389.3490447998047
147.88137817382812 260.76641845703125 189.715576171875 260.76641845703125 189.715576171875 387.0320816040039 147.88137817382812 387.0320816040039
147.0765838623047 260.29547119140625 189.7589988708496 260.29547119140625 189.7589988708496 389.42132568359375 147.0765838623047 389.42132568359375
147.97116088867188 259.7510681152344 189.31158447265625 259.7510681152344 189.31158447265625 386.5569763183594 147.97116088867188 386.5569763183594
147.5750732421875 263.07159423828125 188.91427612304688 263.07159423828125 188.91427612304688 387.5018081665039 147.5750732421875 387.5018081665039
149.82357788085938 265.7216796875 190.64856719970703 265.7216796875 190.64856719970703 390.6286163330078 149.82357788085938 390.6286163330078
149.2395477294922 266.598388671875 189.79828262329102 266.598388671875 189.79828262329102 390.49556732177734 149.2395477294922 390.49556732177734
148.55477905273438 264.5982971191406 189.6790313720703 264.5982971191406 189.6790313720703 389.18384552001953 148.55477905273438 389.18384552001953
147.20547485351562 265.91912841796875 188.42176055908203 265.91912841796875 188.42176055908203 390.009521484375 147.20547485351562 390.009521484375
145.80789184570312 260.343994140625 187.25030899047852 260.343994140625 187.25030899047852 385.69598388671875 145.80789184570312 385.69598388671875
148.45767211914062 265.1799621582031 189.311767578125 265.1799621582031 189.311767578125 388.9429626464844 148.45767211914062 388.9429626464844
149.19732666015625 263.0596923828125 190.00363540649414 263.0596923828125 190.00363540649414 387.58673095703125 149.19732666015625 387.58673095703125
148.75111389160156 259.70648193359375 189.53335189819336 259.70648193359375 189.53335189819336 383.72093200683594 148.75111389160156 383.72093200683594
148.41307067871094 262.21820068359375 189.9147720336914 262.21820068359375 189.9147720336914 388.0295867919922 148.41307067871094 388.0295867919922
149.95529174804688 264.239501953125 190.91987991333008 264.239501953125 190.91987991333008 386.93949127197266 149.95529174804688 386.93949127197266
149.09201049804688 267.12835693359375 190.30817031860352 267.12835693359375 190.30817031860352 390.73927307128906 149.09201049804688 390.73927307128906
149.60394287109375 266.8184509277344 189.6939926147461 266.8184509277344 189.6939926147461 389.4162902832031 149.60394287109375 389.4162902832031
150.86148071289062 265.4056091308594 191.58750534057617 265.4056091308594 191.58750534057617 388.9051971435547 150.86148071289062 388.9051971435547
149.61131286621094 267.9585266113281 189.5098533630371 267.9585266113281 189.5098533630371 388.86817169189453 149.61131286621094 388.86817169189453
148.85653686523438 262.9541015625 188.62174606323242 262.9541015625 188.62174606323242 382.45745849609375 148.85653686523438 382.45745849609375
149.71731567382812 263.4481506347656 189.9596939086914 263.4481506347656 189.9596939086914 384.89417266845703 149.71731567382812 384.89417266845703
150.4751434326172 262.47479248046875 190.59568405151367 262.47479248046875 190.59568405151367 383.75518798828125 150.4751434326172 383.75518798828125
149.99778747558594 262.86639404296875 190.2443389892578 262.86639404296875 190.2443389892578 385.8556900024414 149.99778747558594 385.8556900024414
148.02987670898438 261.2756652832031 189.3965950012207 261.2756652832031 189.3965950012207 386.1754684448242 148.02987670898438 386.1754684448242
149.2140655517578 259.30889892578125 190.24319458007812 259.30889892578125 190.24319458007812 384.58619689941406 149.2140655517578 384.58619689941406
150.34071350097656 261.92059326171875 191.22649002075195 261.92059326171875 191.22649002075195 387.50767517089844 150.34071350097656 387.50767517089844
146.2836456298828 257.19281005859375 187.98913192749023 257.19281005859375 187.98913192749023 383.63668060302734 146.2836456298828 383.63668060302734
149.67202758789062 262.62969970703125 190.72330474853516 262.62969970703125 190.72330474853516 388.5943145751953 149.67202758789062 388.5943145751953
149.94058227539062 261.23297119140625 190.92716217041016 261.23297119140625 190.92716217041016 388.15553283691406 149.94058227539062 388.15553283691406
147.98219299316406 259.84466552734375 190.2076644897461 259.84466552734375 190.2076644897461 388.01416015625 147.98219299316406 388.01416015625
148.42185974121094 261.7687683105469 190.5324935913086 261.7687683105469 190.5324935913086 390.2502899169922 148.42185974121094 390.2502899169922
149.54733276367188 264.2496643066406 191.0744400024414 264.2496643066406 191.0744400024414 391.1986389160156 149.54733276367188 391.1986389160156
150.0059356689453 258.09307861328125 191.40285873413086 258.09307861328125 191.40285873413086 386.3235168457031 150.0059356689453 386.3235168457031
147.4387969970703 259.87237548828125 189.5236358642578 259.87237548828125 189.5236358642578 386.85428619384766 147.4387969970703 386.85428619384766
146.35305786132812 260.93988037109375 188.91387939453125 260.93988037109375 188.91387939453125 389.1995086669922 146.35305786132812 389.1995086669922
149.51370239257812 257.41375732421875 191.50658416748047 257.41375732421875 191.50658416748047 386.0346374511719 149.51370239257812 386.0346374511719
149.38330078125 261.3983459472656 190.93032455444336 261.3983459472656 190.93032455444336 390.84710693359375 149.38330078125 390.84710693359375
148.35171508789062 259.99237060546875 190.42205047607422 259.99237060546875 190.42205047607422 389.2330780029297 148.35171508789062 389.2330780029297
147.38375854492188 262.7343444824219 189.705078125 262.7343444824219 189.705078125 391.1927490234375 147.38375854492188 391.1927490234375
148.5997772216797 258.6621398925781 190.67298126220703 258.6621398925781 190.67298126220703 386.67584228515625 148.5997772216797 386.67584228515625
146.93789672851562 257.1556091308594 189.6786994934082 257.1556091308594 189.6786994934082 388.5699768066406 146.93789672851562 388.5699768066406
146.83778381347656 261.97161865234375 188.78562927246094 261.97161865234375 188.78562927246094 389.66552734375 146.83778381347656 389.66552734375
146.38027954101562 260.83056640625 188.8045768737793 260.83056640625 188.8045768737793 388.5553436279297 146.38027954101562 388.5553436279297
146.50265502929688 260.97479248046875 188.68994522094727 260.97479248046875 188.68994522094727 387.21649169921875 146.50265502929688 387.21649169921875
147.76370239257812 260.7698669433594 189.75313568115234 260.7698669433594 189.75313568115234 387.40210723876953 147.76370239257812 387.40210723876953
146.5032958984375 265.18804931640625 188.53120803833008 265.18804931640625 188.53120803833008 390.74407958984375 146.5032958984375 390.74407958984375
146.87303161621094 262.7825012207031 188.47768020629883 262.7825012207031 188.47768020629883 387.88488006591797 146.87303161621094 387.88488006591797
148.2061004638672 263.0194396972656 189.8619728088379 263.0194396972656 189.8619728088379 389.8234100341797 148.2061004638672 389.8234100341797
146.71432495117188 260.066162109375 188.4375228881836 260.066162109375 188.4375228881836 386.7500762939453 146.71432495117188 386.7500762939453
147.00460815429688 258.98504638671875 188.66730499267578 258.98504638671875 188.66730499267578 386.36087799072266 147.00460815429688 386.36087799072266
146.69334411621094 261.28363037109375 189.94147872924805 261.28363037109375 189.94147872924805 390.2721405029297 146.69334411621094 390.2721405029297
148.47097778320312 262.24566650390625 191.2937889099121 262.24566650390625 191.2937889099121 393.05189514160156 148.47097778320312 393.05189514160156
146.7525177001953 263.2576599121094 189.95438385009766 263.2576599121094 189.95438385009766 394.0044860839844 146.7525177001953 394.0044860839844
145.83172607421875 267.12835693359375 188.52014923095703 267.12835693359375 188.52014923095703 394.2151107788086 145.83172607421875 394.2151107788086
148.62551879882812 269.60760498046875 190.17691802978516 269.60760498046875 190.17691802978516 395.47711181640625 148.62551879882812 395.47711181640625
148.021484375 262.6215515136719 189.77249908447266 262.6215515136719 189.77249908447266 389.63282012939453 148.021484375 389.63282012939453
148.94302368164062 262.1520080566406 189.8692741394043 262.1520080566406 189.8692741394043 386.31993865966797 148.94302368164062 386.31993865966797
148.29139709472656 263.0055236816406 189.6986961364746 263.0055236816406 189.6986961364746 387.6862258911133 148.29139709472656 387.6862258911133
146.4432830810547 262.55340576171875 188.35291290283203 262.55340576171875 188.35291290283203 387.32564544677734 146.4432830810547 387.32564544677734
148.3005828857422 263.4122009277344 190.39823532104492 263.4122009277344 190.39823532104492 388.36228942871094 148.3005828857422 388.36228942871094
148.09381103515625 264.27471923828125 190.10227584838867 264.27471923828125 190.10227584838867 390.14524841308594 148.09381103515625 390.14524841308594
147.04220581054688 263.093017578125 188.2392349243164 263.093017578125 188.2392349243164 388.595703125 147.04220581054688 388.595703125
147.05557250976562 262.73028564453125 189.07340240478516 262.73028564453125 189.07340240478516 391.47047424316406 147.05557250976562 391.47047424316406
146.21981811523438 260.224609375 189.37394332885742 260.224609375 189.37394332885742 391.2031555175781 146.21981811523438 391.2031555175781
147.05810546875 262.61260986328125 189.89429473876953 262.61260986328125 189.89429473876953 394.0823059082031 147.05810546875 394.0823059082031
146.7355499267578 259.1512145996094 189.64574813842773 259.1512145996094 189.64574813842773 389.2543640136719 146.7355499267578 389.2543640136719
148.44284057617188 262.42578125 190.8449935913086 262.42578125 190.8449935913086 391.2590026855469 148.44284057617188 391.2590026855469
146.25946044921875 260.482177734375 188.17756271362305 260.482177734375 188.17756271362305 386.8904800415039 146.25946044921875 386.8904800415039
145.61581420898438 260.76678466796875 188.44207000732422 260.76678466796875 188.44207000732422 389.5547180175781 145.61581420898438 389.5547180175781
147.2276153564453 257.1897888183594 189.23465728759766 257.1897888183594 189.23465728759766 385.80828857421875 147.2276153564453 385.80828857421875
146.2745361328125 260.37811279296875 188.09148788452148 260.37811279296875 188.09148788452148 388.05047607421875 146.2745361328125 388.05047607421875
147.01588439941406 261.9220275878906 189.1225128173828 261.9220275878906 189.1225128173828 388.2933654785156 147.01588439941406 388.2933654785156
147.79844665527344 262.3267822265625 188.94046783447266 262.3267822265625 188.94046783447266 388.73763275146484 147.79844665527344 388.73763275146484
148.1726837158203 260.5151062011719 189.09711837768555 260.5151062011719 189.09711837768555 386.4977569580078 148.1726837158203 386.4977569580078
146.81092834472656 262.2673034667969 188.51734161376953 262.2673034667969 188.51734161376953 388.83900451660156 146.81092834472656 388.83900451660156
149.69430541992188 262.30657958984375 190.0947494506836 262.30657958984375 190.0947494506836 385.8979721069336 149.69430541992188 385.8979721069336
149.98666381835938 265.32147216796875 190.20328521728516 265.32147216796875 190.20328521728516 387.32181549072266 149.98666381835938 387.32181549072266
148.9027099609375 263.86358642578125 189.18172454833984 263.86358642578125 189.18172454833984 386.40386962890625 148.9027099609375 386.40386962890625
147.53173828125 265.11566162109375 188.64114379882812 265.11566162109375 188.64114379882812 388.21791076660156 147.53173828125 388.21791076660156
148.76914978027344 260.267578125 189.18695068359375 260.267578125 189.18695068359375 384.54647064208984 148.76914978027344 384.54647064208984
148.910400390625 261.8018493652344 189.18491744995117 261.8018493652344 189.18491744995117 382.50292205810547 148.910400390625 382.50292205810547
149.4766082763672 259.30291748046875 189.86811065673828 259.30291748046875 189.86811065673828 383.29693603515625 149.4766082763672 383.29693603515625
147.38157653808594 259.79693603515625 187.8813018798828 259.79693603515625 187.8813018798828 383.44139099121094 147.38157653808594 383.44139099121094
149.61715698242188 263.12554931640625 189.40209197998047 263.12554931640625 189.40209197998047 384.4847183227539 149.61715698242188 384.4847183227539
148.90011596679688 266.23468017578125 189.1149444580078 266.23468017578125 189.1149444580078 385.9314193725586 148.90011596679688 385.9314193725586
150.02682495117188 260.13616943359375 189.65145111083984 260.13616943359375 189.65145111083984 382.01947021484375 150.02682495117188 382.01947021484375
149.77793884277344 262.35992431640625 188.4039535522461 262.35992431640625 188.4039535522461 381.08084869384766 149.77793884277344 381.08084869384766
149.99697875976562 265.9493713378906 189.43305206298828 265.9493713378906 189.43305206298828 386.22145080566406 149.99697875976562 386.22145080566406
148.63136291503906 262.0453186035156 188.1849250793457 262.0453186035156 188.1849250793457 383.2842330932617 148.63136291503906 383.2842330932617
149.51834106445312 266.35260009765625 188.48605346679688 266.35260009765625 188.48605346679688 383.16121673583984 149.51834106445312 383.16121673583984
150.53848266601562 265.13153076171875 189.56245803833008 265.13153076171875 189.56245803833008 380.7491226196289 150.53848266601562 380.7491226196289
150.38284301757812 264.6766052246094 189.16255950927734 264.6766052246094 189.16255950927734 382.07774353027344 150.38284301757812 382.07774353027344
150.18472290039062 265.6867370605469 188.97982025146484 265.6867370605469 188.97982025146484 384.30479431152344 150.18472290039062 384.30479431152344
149.15377807617188 266.3616943359375 189.14045333862305 266.3616943359375 189.14045333862305 385.79600524902344 149.15377807617188 385.79600524902344
149.89181518554688 267.60772705078125 188.94063186645508 267.60772705078125 188.94063186645508 385.80814361572266 149.89181518554688 385.80814361572266
149.51853942871094 267.78607177734375 188.02217483520508 267.78607177734375 188.02217483520508 385.1227798461914 149.51853942871094 385.1227798461914
149.15652465820312 265.87445068359375 187.30400466918945 265.87445068359375 187.30400466918945 383.3262481689453 149.15652465820312 383.3262481689453
148.6954803466797 266.27056884765625 188.27626037597656 266.27056884765625 188.27626037597656 386.55501556396484 148.6954803466797 386.55501556396484
149.58773803710938 264.301025390625 188.88216400146484 264.301025390625 188.88216400146484 384.1242218017578 149.58773803710938 384.1242218017578
150.4490203857422 263.96014404296875 189.43918991088867 263.96014404296875 189.43918991088867 382.5784912109375 150.4490203857422 382.5784912109375
147.2872314453125 262.47137451171875 187.08852767944336 262.47137451171875 187.08852767944336 380.4540252685547 147.2872314453125 380.4540252685547
150.70904541015625 266.8026428222656 190.11497116088867 266.8026428222656 190.11497116088867 387.0815963745117 150.70904541015625 387.0815963745117
148.93382263183594 262.96356201171875 188.81637573242188 262.96356201171875 188.81637573242188 384.5862808227539 148.93382263183594 384.5862808227539
149.6191864013672 265.64129638671875 189.06666946411133 265.64129638671875 189.06666946411133 385.7839126586914 149.6191864013672 385.7839126586914
147.92623901367188 268.00640869140625 187.51425170898438 268.00640869140625 187.51425170898438 386.7208251953125 147.92623901367188 386.7208251953125
146.6843719482422 264.10906982421875 186.9764175415039 264.10906982421875 186.9764175415039 384.92510986328125 146.6843719482422 384.92510986328125
148.45101928710938 268.09527587890625 188.94402694702148 268.09527587890625 188.94402694702148 389.95997619628906 148.45101928710938 389.95997619628906
146.87728881835938 267.682861328125 187.99202346801758 267.682861328125 187.99202346801758 388.4229965209961 146.87728881835938 388.4229965209961
149.1798858642578 264.975830078125 188.63081741333008 264.975830078125 188.63081741333008 385.8514633178711 149.1798858642578 385.8514633178711
148.479248046875 262.64190673828125 187.71576309204102 262.64190673828125 187.71576309204102 383.15665435791016 148.479248046875 383.15665435791016
149.15550231933594 263.08294677734375 189.00445175170898 263.08294677734375 189.00445175170898 384.27425384521484 149.15550231933594 384.27425384521484
149.15914916992188 263.2277526855469 189.32365036010742 263.2277526855469 189.32365036010742 385.4564895629883 149.15914916992188 385.4564895629883
149.40969848632812 265.95166015625 189.31258392333984 265.95166015625 189.31258392333984 387.28167724609375 149.40969848632812 387.28167724609375
148.27529907226562 263.6878967285156 189.13422393798828 263.6878967285156 189.13422393798828 387.15782165527344 148.27529907226562 387.15782165527344
147.012939453125 259.49835205078125 188.29992294311523 259.49835205078125 188.29992294311523 384.12454986572266 147.012939453125 384.12454986572266
149.66116333007812 262.5672302246094 190.27738189697266 262.5672302246094 190.27738189697266 386.8503952026367 149.66116333007812 386.8503952026367
147.2435760498047 266.12335205078125 189.33098602294922 266.12335205078125 189.33098602294922 393.22515869140625 147.2435760498047 393.22515869140625
147.17733764648438 256.87493896484375 189.4326400756836 256.87493896484375 189.4326400756836 384.83905029296875 147.17733764648438 384.83905029296875
147.07015991210938 261.4897766113281 189.37224578857422 261.4897766113281 189.37224578857422 389.8023986816406 147.07015991210938 389.8023986816406
147.10533142089844 259.5924072265625 189.8502426147461 259.5924072265625 189.8502426147461 389.3289489746094 147.10533142089844 389.3289489746094
147.6881866455078 262.9617919921875 190.66303634643555 262.9617919921875 190.66303634643555 395.84898376464844 147.6881866455078 395.84898376464844
146.3671875 260.2950134277344 189.69095993041992 260.2950134277344 189.69095993041992 392.7439270019531 146.3671875 392.7439270019531
145.896728515625 260.7311096191406 189.52190017700195 260.7311096191406 189.52190017700195 391.73081970214844 145.896728515625 391.73081970214844
146.3994903564453 256.6566162109375 189.35667419433594 256.6566162109375 189.35667419433594 388.7588806152344 146.3994903564453 388.7588806152344
147.15463256835938 259.75274658203125 189.89498901367188 259.75274658203125 189.89498901367188 390.6156311035156 147.15463256835938 390.6156311035156
148.56808471679688 262.11199951171875 191.18095016479492 262.11199951171875 191.18095016479492 392.5331115722656 148.56808471679688 392.5331115722656
147.4198760986328 262.8545227050781 190.2867088317871 262.8545227050781 190.2867088317871 393.5253448486328 147.4198760986328 393.5253448486328
148.009765625 259.03289794921875 189.23519134521484 259.03289794921875 189.23519134521484 385.7667694091797 148.009765625 385.7667694091797
147.62840270996094 259.970703125 189.69889068603516 259.970703125 189.69889068603516 388.67877197265625 147.62840270996094 388.67877197265625
147.91383361816406 263.3742370605469 189.53883743286133 263.3742370605469 189.53883743286133 389.73534393310547 147.91383361816406 389.73534393310547
145.8150634765625 259.8666687011719 188.03974151611328 259.8666687011719 188.03974151611328 387.9042510986328 145.8150634765625 387.9042510986328
147.82516479492188 259.90509033203125 189.66551971435547 259.90509033203125 189.66551971435547 386.47574615478516 147.82516479492188 386.47574615478516
147.81591796875 261.76708984375 190.81061553955078 261.76708984375 190.81061553955078 393.132080078125 147.81591796875 393.132080078125
146.8459014892578 260.3036804199219 189.24961471557617 260.3036804199219 189.24961471557617 388.49786376953125 146.8459014892578 388.49786376953125
148.67527770996094 261.5047302246094 190.7463035583496 261.5047302246094 190.7463035583496 387.70774841308594 148.67527770996094 387.70774841308594
148.90829467773438 260.4012145996094 191.02090454101562 260.4012145996094 191.02090454101562 387.9218292236328 148.90829467773438 387.9218292236328
147.33999633789062 258.59796142578125 189.35443878173828 258.59796142578125 189.35443878173828 385.7622528076172 147.33999633789062 385.7622528076172
145.2845916748047 258.36468505859375 187.84392547607422 258.36468505859375 187.84392547607422 385.30672454833984 145.2845916748047 385.30672454833984
147.21800231933594 261.08709716796875 190.33396530151367 261.08709716796875 190.33396530151367 389.5279083251953 147.21800231933594 389.5279083251953
145.94696044921875 259.9765930175781 188.12168884277344 259.9765930175781 188.12168884277344 387.6906433105469 145.94696044921875 387.6906433105469
146.5623321533203 261.10565185546875 188.79838180541992 261.10565185546875 188.79838180541992 389.0108642578125 146.5623321533203 389.0108642578125
147.4780731201172 258.3598937988281 189.808837890625 258.3598937988281 189.808837890625 386.52581787109375 147.4780731201172 386.52581787109375
148.61502075195312 258.70501708984375 190.7088623046875 258.70501708984375 190.7088623046875 388.90113830566406 148.61502075195312 388.90113830566406
145.73512268066406 260.1653747558594 188.96234130859375 260.1653747558594 188.96234130859375 394.35960388183594 145.73512268066406 394.35960388183594
146.71871948242188 255.64010620117188 189.48438262939453 255.64010620117188 189.48438262939453 387.4990997314453 146.71871948242188 387.4990997314453
145.77096557617188 259.9648742675781 188.67284393310547 259.9648742675781 188.67284393310547 389.52349853515625 145.77096557617188 389.52349853515625
147.2692108154297 260.69024658203125 189.64802932739258 260.69024658203125 189.64802932739258 388.8001708984375 147.2692108154297 388.8001708984375
