545.0 312.0 561.0 312.0 561.0 362.0 545.0 362.0
547.1533203125 311.90087890625 562.9664459228516 311.90087890625 562.9664459228516 363.39349365234375 547.1533203125 363.39349365234375
549.1636962890625 310.7076721191406 565.0673017501831 310.7076721191406 565.0673017501831 364.9700126647949 549.1636962890625 364.9700126647949
551.1921997070312 312.5067138671875 566.9434022903442 312.5067138671875 566.9434022903442 362.7591018676758 551.1921997070312 362.7591018676758
552.4476318359375 313.27935791015625 569.305269241333 313.27935791015625 569.305269241333 363.46292877197266 552.4476318359375 363.46292877197266
552.9115600585938 311.11297607421875 569.3211917877197 311.11297607421875 569.3211917877197 362.39306640625 552.9115600585938 362.39306640625
555.7698974609375 313.8205261230469 571.8355751037598 313.8205261230469 571.8355751037598 362.4224052429199 555.7698974609375 362.4224052429199
540.9830932617188 308.38629150390625 557.4561576843262 308.38629150390625 557.4561576843262 359.8646049499512 540.9830932617188 359.8646049499512
530.8605346679688 324.89703369140625 546.991189956665 324.89703369140625 546.991189956665 375.3053169250488 530.8605346679688 375.3053169250488
544.5443115234375 320.86956787109375 560.8204250335693 320.86956787109375 560.8204250335693 371.7323989868164 544.5443115234375 371.7323989868164
547.6589965820312 346.3213806152344 563.968692779541 346.3213806152344 563.968692779541 397.2891616821289 547.6589965820312 397.2891616821289
548.7618408203125 364.871337890625 565.1546306610107 364.871337890625 565.1546306610107 416.0987854003906 548.7618408203125 416.0987854003906
539.9896850585938 373.0703430175781 556.4349727630615 373.0703430175781 556.4349727630615 424.4618453979492 539.9896850585938 424.4618453979492
539.8375244140625 367.81842041015625 556.493221282959 367.81842041015625 556.493221282959 419.8674507141113 539.8375244140625 419.8674507141113
538.875 371.0643615722656 555.7104053497314 371.0643615722656 555.7104053497314 423.6749801635742 538.875 423.6749801635742
539.2899169921875 367.07427978515625 556.2287502288818 367.07427978515625 556.2287502288818 420.00810623168945 539.2899169921875 420.00810623168945
541.0338745117188 372.02679443359375 558.2406005859375 372.02679443359375 558.2406005859375 425.79779052734375 541.0338745117188 425.79779052734375
539.1966552734375 367.7744140625 556.3543281555176 367.7744140625 556.3543281555176 421.3921203613281 539.1966552734375 421.3921203613281
535.3751831054688 343.68267822265625 552.6107425689697 343.68267822265625 552.6107425689697 397.54377365112305 535.3751831054688 397.54377365112305
581.6939086914062 296.3572692871094 598.7792778015137 296.3572692871094 598.7792778015137 349.74901580810547 581.6939086914062 349.74901580810547
610.422119140625 281.7861633300781 627.5578346252441 281.7861633300781 627.5578346252441 335.3352470397949 610.422119140625 335.3352470397949
616.2561645507812 292.9918518066406 633.1883277893066 292.9918518066406 633.1883277893066 345.9048385620117 616.2561645507812 345.9048385620117
627.8485107421875 310.1707763671875 644.7882118225098 310.1707763671875 644.7882118225098 363.1073112487793 627.8485107421875 363.1073112487793
618.4437255859375 310.27008056640625 635.5019588470459 310.27008056640625 635.5019588470459 363.5770378112793 618.4437255859375 363.5770378112793
628.0875244140625 298.4004211425781 645.1047554016113 298.4004211425781 645.1047554016113 351.5792427062988 628.0875244140625 351.5792427062988
628.0884399414062 295.6097717285156 644.9420051574707 295.6097717285156 644.9420051574707 348.27713775634766 628.0884399414062 348.27713775634766
628.0691528320312 289.2342224121094 644.9352779388428 289.2342224121094 644.9352779388428 341.9408378601074 628.0691528320312 341.9408378601074
622.5584106445312 294.813720703125 639.2826271057129 294.813720703125 639.2826271057129 347.0768737792969 622.5584106445312 347.0768737792969
622.3568725585938 289.30450439453125 639.207691192627 289.30450439453125 639.207691192627 341.9632797241211 622.3568725585938 341.9632797241211
627.831787109375 290.9833984375 644.4770622253418 290.9833984375 644.4770622253418 342.9998474121094 627.831787109375 342.9998474121094
627.1650390625 286.4017028808594 643.7155227661133 286.4017028808594 643.7155227661133 338.1219253540039 627.1650390625 338.1219253540039
619.4974365234375 305.3214416503906 636.1067867279053 305.3214416503906 636.1067867279053 357.22562408447266 619.4974365234375 357.22562408447266
594.7437744140625 301.18939208984375 611.57692527771 301.18939208984375 611.57692527771 353.7929496765137 594.7437744140625 353.7929496765137
603.1656494140625 263.1249694824219 619.96364402771 263.1249694824219 619.96364402771 315.6186637878418 603.1656494140625 315.6186637878418
605.34521484375 270.5870666503906 622.0640354156494 270.5870666503906 622.0640354156494 322.8333435058594 605.34521484375 322.8333435058594
613.0096435546875 263.0469665527344 629.6351718902588 263.0469665527344 629.6351718902588 315.00170135498047 613.0096435546875 315.00170135498047
610.8278198242188 264.77862548828125 627.3251075744629 264.77862548828125 627.3251075744629 316.33260345458984 610.8278198242188 316.33260345458984
613.8469848632812 253.0549774169922 630.4294166564941 253.0549774169922 630.4294166564941 304.87502670288086 613.8469848632812 304.87502670288086
612.9346923828125 254.3625946044922 629.3875923156738 254.3625946044922 629.3875923156738 305.77785873413086 612.9346923828125 305.77785873413086
613.2341918945312 255.14816284179688 630.1038970947266 255.14816284179688 630.1038970947266 307.8659439086914 613.2341918945312 307.8659439086914
611.9173583984375 249.96450805664062 629.0502624511719 249.96450805664062 629.0502624511719 303.5047836303711 611.9173583984375 303.5047836303711
613.5746459960938 255.26651000976562 630.90110206604 255.26651000976562 630.90110206604 309.4116401672363 613.5746459960938 309.4116401672363
609.4747924804688 248.85043334960938 626.7035255432129 248.85043334960938 626.7035255432129 302.69017791748047 609.4747924804688 302.69017791748047
610.3932495117188 248.57223510742188 627.270435333252 248.57223510742188 627.270435333252 301.31340408325195 610.3932495117188 301.31340408325195
611.5626220703125 249.9784698486328 628.4961280822754 249.9784698486328 628.4961280822754 302.89563751220703 611.5626220703125 302.89563751220703
609.010498046875 247.77322387695312 625.796257019043 247.77322387695312 625.796257019043 300.2286796569824 609.010498046875 300.2286796569824
609.2250366210938 259.1070251464844 625.8090744018555 259.1070251464844 625.8090744018555 310.9321060180664 609.2250366210938 310.9321060180664
612.9458618164062 255.80026245117188 629.3914279937744 255.80026245117188 629.3914279937744 307.1926155090332 612.9458618164062 307.1926155090332
609.8713989257812 251.4012451171875 626.2105712890625 251.4012451171875 626.2105712890625 302.46112060546875 609.8713989257812 302.46112060546875
609.5178833007812 250.9875030517578 625.7137508392334 250.9875030517578 625.7137508392334 301.599552154541 609.5178833007812 301.599552154541
609.9563598632812 250.1133270263672 626.515962600708 250.1133270263672 626.515962600708 301.86204528808594 609.9563598632812 301.86204528808594
609.2972412109375 249.8560028076172 625.7718124389648 249.8560028076172 625.7718124389648 301.33899688720703 609.2972412109375 301.33899688720703
609.1178588867188 247.3790283203125 625.6713390350342 247.3790283203125 625.6713390350342 299.1086120605469 609.1178588867188 299.1086120605469
610.4554443359375 250.3948211669922 626.8929462432861 250.3948211669922 626.8929462432861 301.76197052001953 610.4554443359375 301.76197052001953
608.9498291015625 251.99697875976562 625.329439163208 251.99697875976562 625.329439163208 303.18321990966797 608.9498291015625 303.18321990966797
608.8406982421875 252.1588134765625 625.0829620361328 252.1588134765625 625.0829620361328 302.9158477783203 608.8406982421875 302.9158477783203
609.8613891601562 254.04690551757812 626.4882640838623 254.04690551757812 626.4882640838623 306.00585174560547 609.8613891601562 306.00585174560547
607.5921630859375 249.24215698242188 624.172685623169 249.24215698242188 624.172685623169 301.0562553405762 607.5921630859375 301.0562553405762
608.5027465820312 250.50418090820312 624.9231014251709 250.50418090820312 624.9231014251709 301.8177604675293 608.5027465820312 301.8177604675293
605.9393310546875 248.4602813720703 622.2458152770996 248.4602813720703 622.2458152770996 299.4180145263672 605.9393310546875 299.4180145263672
610.0001831054688 253.523193359375 626.3288841247559 253.523193359375 626.3288841247559 304.55035400390625 610.0001831054688 304.55035400390625
607.9739990234375 247.0739288330078 624.5834693908691 247.0739288330078 624.5834693908691 298.9784927368164 607.9739990234375 298.9784927368164
608.992431640625 257.953857421875 625.4870300292969 257.953857421875 625.4870300292969 309.4994430541992 608.992431640625 309.4994430541992
607.2758178710938 249.8515167236328 623.9017143249512 249.8515167236328 623.9017143249512 301.8074073791504 607.2758178710938 301.8074073791504
609.1103515625 251.4483184814453 625.6825752258301 251.4483184814453 625.6825752258301 303.23647689819336 609.1103515625 303.23647689819336
609.07373046875 254.3544921875 625.6009883880615 254.3544921875 625.6009883880615 306.00213623046875 609.07373046875 306.00213623046875
607.8965454101562 252.6957244873047 624.6501121520996 252.6957244873047 624.6501121520996 305.05057525634766 607.8965454101562 305.05057525634766
607.8096313476562 252.6913299560547 624.358829498291 252.6913299560547 624.358829498291 304.407527923584 607.8096313476562 304.407527923584
603.4520263671875 246.9975128173828 620.1134033203125 246.9975128173828 620.1134033203125 299.0642738342285 603.4520263671875 299.0642738342285
609.5128173828125 253.3081817626953 626.4911155700684 253.3081817626953 626.4911155700684 306.36531829833984 609.5128173828125 306.36531829833984
605.6629638671875 248.23583984375 622.600025177002 248.23583984375 622.600025177002 301.16411209106445 605.6629638671875 301.16411209106445
607.5755615234375 251.8448486328125 624.3979148864746 251.8448486328125 624.3979148864746 304.4146614074707 607.5755615234375 304.4146614074707
622.3828125 254.2075958251953 639.1707744598389 254.2075958251953 639.1707744598389 306.66993713378906 622.3828125 306.66993713378906
615.5946655273438 212.2452850341797 632.129430770874 212.2452850341797 632.129430770874 263.91638946533203 615.5946655273438 263.91638946533203
602.6123046875 175.68215942382812 619.0724067687988 175.68215942382812 619.0724067687988 227.11994171142578 602.6123046875 227.11994171142578
604.9984741210938 182.78915405273438 621.4656085968018 182.78915405273438 621.4656085968018 234.24890899658203 604.9984741210938 234.24890899658203
601.5323486328125 182.80197143554688 618.0202941894531 182.80197143554688 618.0202941894531 234.32676315307617 601.5323486328125 234.32676315307617
604.7423706054688 179.99343872070312 621.1493072509766 179.99343872070312 621.1493072509766 231.26508331298828 604.7423706054688 231.26508331298828
603.4413452148438 181.4080810546875 620.1554260253906 181.4080810546875 620.1554260253906 233.6395492553711 603.4413452148438 233.6395492553711
605.1224365234375 181.82308959960938 621.6844596862793 181.82308959960938 621.6844596862793 233.5793685913086 605.1224365234375 233.5793685913086
604.4912109375 181.90589904785156 620.859130859375 181.90589904785156 620.859130859375 233.05560684204102 604.4912109375 233.05560684204102
595.2310791015625 191.83871459960938 611.515832901001 191.83871459960938 611.515832901001 242.72853088378906 595.2310791015625 242.72853088378906
601.750732421875 179.86166381835938 618.0875091552734 179.86166381835938 618.0875091552734 230.91405487060547 601.750732421875 230.91405487060547
598.1966552734375 181.08087158203125 614.303394317627 181.08087158203125 614.303394317627 231.41439056396484 598.1966552734375 231.41439056396484
607.75244140625 184.08609008789062 623.6601505279541 184.08609008789062 623.6601505279541 233.79763793945312 607.75244140625 233.79763793945312
605.9342041015625 182.6627960205078 621.9162654876709 182.6627960205078 621.9162654876709 232.60669326782227 605.9342041015625 232.60669326782227
603.4771118164062 184.19515991210938 619.2998809814453 184.19515991210938 619.2998809814453 233.64126586914062 603.4771118164062 233.64126586914062
605.9706420898438 185.84146118164062 621.7355213165283 185.84146118164062 621.7355213165283 235.10666275024414 605.9706420898438 235.10666275024414
607.6920166015625 189.447998046875 623.1587343215942 189.447998046875 623.1587343215942 237.78144073486328 607.6920166015625 237.78144073486328
609.0480346679688 185.95205688476562 624.4871425628662 185.95205688476562 624.4871425628662 234.19922256469727 609.0480346679688 234.19922256469727
608.0819091796875 182.38607788085938 623.28662109375 182.38607788085938 623.28662109375 229.9007568359375 608.0819091796875 229.9007568359375
597.9525146484375 180.99386596679688 613.3049182891846 180.99386596679688 613.3049182891846 228.9700813293457 597.9525146484375 228.9700813293457
594.8406982421875 182.17227172851562 610.2371368408203 182.17227172851562 610.2371368408203 230.28609466552734 594.8406982421875 230.28609466552734
604.1847534179688 184.581298828125 619.7568311691284 184.581298828125 619.7568311691284 233.2439956665039 604.1847534179688 233.2439956665039
593.3783569335938 182.02853393554688 609.010160446167 182.02853393554688 609.010160446167 230.87787628173828 593.3783569335938 230.87787628173828
600.8190307617188 186.76458740234375 616.3446731567383 186.76458740234375 616.3446731567383 235.28217697143555 600.8190307617188 235.28217697143555
593.6439819335938 184.67318725585938 609.4252290725708 184.67318725585938 609.4252290725708 233.98954391479492 593.6439819335938 233.98954391479492
601.4473266601562 182.93251037597656 617.2683868408203 182.93251037597656 617.2683868408203 232.37328338623047 601.4473266601562 232.37328338623047
605.8538818359375 188.26565551757812 621.5569763183594 188.26565551757812 621.5569763183594 237.33778762817383 605.8538818359375 237.33778762817383
591.0966796875 178.51657104492188 606.8279361724854 178.51657104492188 606.8279361724854 227.67670822143555 591.0966796875 227.67670822143555
593.4923095703125 181.2705078125 608.8371067047119 181.2705078125 608.8371067047119 229.22296142578125 593.4923095703125 229.22296142578125
599.9482421875 185.0189666748047 615.1798305511475 185.0189666748047 615.1798305511475 232.6176414489746 599.9482421875 232.6176414489746
614.6156005859375 191.2004852294922 629.5922117233276 191.2004852294922 629.5922117233276 238.0023536682129 614.6156005859375 238.0023536682129
604.5140991210938 190.20367431640625 619.7577533721924 190.20367431640625 619.7577533721924 237.84004974365234 604.5140991210938 237.84004974365234
600.4741821289062 194.25225830078125 615.53235912323 194.25225830078125 615.53235912323 241.30901336669922 600.4741821289062 241.30901336669922
597.7542114257812 193.7619171142578 612.7006092071533 193.7619171142578 612.7006092071533 240.4693603515625 597.7542114257812 240.4693603515625
590.942626953125 183.5044708251953 605.8728122711182 183.5044708251953 605.8728122711182 230.16124725341797 590.942626953125 230.16124725341797
594.3356323242188 188.61141967773438 609.4157915115356 188.61141967773438 609.4157915115356 235.73686599731445 594.3356323242188 235.73686599731445
593.2518310546875 185.8890838623047 608.3374128341675 185.8890838623047 608.3374128341675 233.0314712524414 593.2518310546875 233.0314712524414
599.863525390625 196.26019287109375 615.1327543258667 196.26019287109375 615.1327543258667 243.97647857666016 599.863525390625 243.97647857666016
595.87060546875 195.37509155273438 611.1297588348389 195.37509155273438 611.1297588348389 243.0598907470703 595.87060546875 243.0598907470703
589.3020629882812 189.1154327392578 604.678804397583 189.1154327392578 604.678804397583 237.1676902770996 589.3020629882812 237.1676902770996
591.3020629882812 191.47442626953125 606.7096147537231 191.47442626953125 606.7096147537231 239.62296676635742 591.3020629882812 239.62296676635742
594.7451171875 201.79930114746094 610.0363111495972 201.79930114746094 610.0363111495972 249.584228515625 594.7451171875 249.584228515625
591.2616577148438 192.8455047607422 606.9656352996826 192.8455047607422 606.9656352996826 241.92038345336914 591.2616577148438 241.92038345336914
597.5382690429688 199.62168884277344 613.486813545227 199.62168884277344 613.486813545227 249.46084213256836 597.5382690429688 249.46084213256836
599.9896850585938 206.0280303955078 615.8738613128662 206.0280303955078 615.8738613128662 255.6660385131836 599.9896850585938 255.6660385131836
596.5516967773438 205.81625366210938 612.3583478927612 205.81625366210938 612.3583478927612 255.21199417114258 596.5516967773438 255.21199417114258
593.7781982421875 197.20413208007812 609.5493650436401 197.20413208007812 609.5493650436401 246.4889907836914 593.7781982421875 246.4889907836914
594.1729736328125 194.43655395507812 610.08229637146 194.43655395507812 610.08229637146 244.1531524658203 594.1729736328125 244.1531524658203
592.28369140625 195.58348083496094 608.0837230682373 195.58348083496094 608.0837230682373 244.9585418701172 592.28369140625 244.9585418701172
588.7250366210938 193.36099243164062 604.3660125732422 193.36099243164062 604.3660125732422 242.23900604248047 588.7250366210938 242.23900604248047
588.611328125 196.59310913085938 604.4967422485352 196.59310913085938 604.4967422485352 246.23498916625977 588.611328125 246.23498916625977
587.9129638671875 191.848388671875 603.596453666687 191.848388671875 603.596453666687 240.85926055908203 587.9129638671875 240.85926055908203
587.9525146484375 190.9714813232422 603.868992805481 190.9714813232422 603.868992805481 240.71044158935547 587.9525146484375 240.71044158935547
589.09521484375 193.45626831054688 605.2354564666748 193.45626831054688 605.2354564666748 243.89448928833008 589.09521484375 243.89448928833008
590.9974365234375 198.1553192138672 607.2088241577148 198.1553192138672 607.2088241577148 248.81587982177734 590.9974365234375 248.81587982177734
594.7693481445312 204.44473266601562 610.7453479766846 204.44473266601562 610.7453479766846 254.3697052001953 594.7693481445312 254.3697052001953
591.8189697265625 205.2517547607422 607.9073085784912 205.2517547607422 607.9073085784912 255.5277862548828 591.8189697265625 255.5277862548828
590.5686645507812 195.89224243164062 606.6286659240723 195.89224243164062 606.6286659240723 246.07971954345703 590.5686645507812 246.07971954345703
587.7432861328125 195.4078826904297 604.0393028259277 195.4078826904297 604.0393028259277 246.3329086303711 587.7432861328125 246.3329086303711
588.094970703125 189.6385955810547 604.256160736084 189.6385955810547 604.256160736084 240.14228057861328 588.094970703125 240.14228057861328
593.1707763671875 210.7521514892578 609.2621746063232 210.7521514892578 609.2621746063232 261.0377388000488 593.1707763671875 261.0377388000488
586.5160522460938 195.1900634765625 602.6520977020264 195.1900634765625 602.6520977020264 245.61517715454102 586.5160522460938 245.61517715454102
584.72265625 218.06533813476562 600.6799926757812 218.06533813476562 600.6799926757812 267.9319877624512 584.72265625 267.9319877624512
592.4161376953125 206.13961791992188 608.2853727340698 206.13961791992188 608.2853727340698 255.73094940185547 592.4161376953125 255.73094940185547
585.4803466796875 191.14768981933594 601.3336133956909 191.14768981933594 601.3336133956909 240.6891212463379 585.4803466796875 240.6891212463379
588.58349609375 200.3059844970703 604.7714138031006 200.3059844970703 604.7714138031006 250.89320373535156 588.58349609375 250.89320373535156
580.2496948242188 197.73709106445312 596.2338771820068 197.73709106445312 596.2338771820068 247.68763732910156 580.2496948242188 247.68763732910156
586.6038818359375 208.63107299804688 602.6521148681641 208.63107299804688 602.6521148681641 258.78177642822266 586.6038818359375 258.78177642822266
593.9765014648438 208.1497802734375 609.9937629699707 208.1497802734375 609.9937629699707 258.20369720458984 593.9765014648438 258.20369720458984
589.27392578125 208.5218048095703 605.1715908050537 208.5218048095703 605.1715908050537 258.2019844055176 589.27392578125 258.2019844055176
582.81103515625 202.12484741210938 598.9111042022705 202.12484741210938 598.9111042022705 252.43753814697266 582.81103515625 252.43753814697266
589.140625 191.39686584472656 605.1734275817871 191.39686584472656 605.1734275817871 241.49935150146484 589.140625 241.49935150146484
587.7140502929688 189.9782257080078 603.8724536895752 189.9782257080078 603.8724536895752 240.4732208251953 587.7140502929688 240.4732208251953
587.6647338867188 194.4968719482422 603.950382232666 194.4968719482422 603.950382232666 245.3895034790039 587.6647338867188 245.3895034790039
590.3475952148438 189.04238891601562 606.6752872467041 189.04238891601562 606.6752872467041 240.06640243530273 590.3475952148438 240.06640243530273
589.3950805664062 196.2552490234375 605.7997531890869 196.2552490234375 605.7997531890869 247.51982498168945 589.3950805664062 247.51982498168945
587.6837768554688 195.5207061767578 604.2837028503418 195.5207061767578 604.2837028503418 247.39545059204102 587.6837768554688 247.39545059204102
584.2769165039062 202.09811401367188 600.8839378356934 202.09811401367188 600.8839378356934 253.99503707885742 584.2769165039062 253.99503707885742
584.7005615234375 194.5741424560547 601.6512641906738 194.5741424560547 601.6512641906738 247.5450782775879 584.7005615234375 247.5450782775879
578.20166015625 205.5438690185547 595.2390403747559 205.5438690185547 595.2390403747559 258.78567123413086 578.20166015625 258.78567123413086
588.190673828125 198.36083984375 605.1085376739502 198.36083984375 605.1085376739502 251.2291488647461 588.190673828125 251.2291488647461
588.9693603515625 213.13253784179688 605.8131828308105 213.13253784179688 605.8131828308105 265.7694778442383 588.9693603515625 265.7694778442383
584.5318603515625 189.41891479492188 601.6039524078369 189.41891479492188 601.6039524078369 242.76919555664062 584.5318603515625 242.76919555664062
586.5279541015625 187.58633422851562 603.6380405426025 187.58633422851562 603.6380405426025 241.05533981323242 586.5279541015625 241.05533981323242
583.2522583007812 194.83084106445312 600.6148338317871 194.83084106445312 600.6148338317871 249.0888786315918 583.2522583007812 249.0888786315918
587.0125122070312 194.73452758789062 604.2913818359375 194.73452758789062 604.2913818359375 248.73098754882812 587.0125122070312 248.73098754882812
589.5447998046875 187.58546447753906 607.0169334411621 187.58546447753906 607.0169334411621 242.18587493896484 589.5447998046875 242.18587493896484
589.2632446289062 186.35140991210938 606.6917915344238 186.35140991210938 606.6917915344238 240.81560516357422 589.2632446289062 240.81560516357422
588.5584716796875 188.85696411132812 605.9007110595703 188.85696411132812 605.9007110595703 243.05144500732422 588.5584716796875 243.05144500732422
584.7794189453125 185.0111541748047 601.7887439727783 185.0111541748047 601.7887439727783 238.16527557373047 584.7794189453125 238.16527557373047
584.7398681640625 190.8519744873047 601.4435977935791 190.8519744873047 601.4435977935791 243.05110931396484 584.7398681640625 243.05110931396484
588.5979614257812 191.83738708496094 605.252197265625 191.83738708496094 605.252197265625 243.88185119628906 588.5979614257812 243.88185119628906
581.9285278320312 205.8778533935547 598.8924713134766 205.8778533935547 598.8924713134766 258.89014434814453 581.9285278320312 258.89014434814453
590.0291137695312 187.6759033203125 606.9489231109619 187.6759033203125 606.9489231109619 240.55027389526367 590.0291137695312 240.55027389526367
587.4495849609375 196.70327758789062 604.2656059265137 196.70327758789062 604.2656059265137 249.25331497192383 587.4495849609375 249.25331497192383
580.018798828125 213.406982421875 596.7728614807129 213.406982421875 596.7728614807129 265.7633972167969 580.018798828125 265.7633972167969
581.1248779296875 211.76327514648438 597.8402633666992 211.76327514648438 597.8402633666992 263.9988212585449 581.1248779296875 263.9988212585449
581.7823486328125 212.19161987304688 598.7304267883301 212.19161987304688 598.7304267883301 265.1543273925781 581.7823486328125 265.1543273925781
579.444580078125 222.0047149658203 596.5639133453369 222.0047149658203 596.5639133453369 275.50259017944336 579.444580078125 275.50259017944336
578.3637084960938 217.27090454101562 595.5492668151855 217.27090454101562 595.5492668151855 270.9757308959961 578.3637084960938 270.9757308959961
578.76025390625 217.1894073486328 595.9100933074951 217.1894073486328 595.9100933074951 270.7826156616211 578.76025390625 270.7826156616211
577.7526245117188 219.9930877685547 594.8392658233643 219.9930877685547 594.8392658233643 273.38880157470703 577.7526245117188 273.38880157470703
579.0283203125 216.6171875 596.3932056427002 216.6171875 596.3932056427002 270.88240814208984 579.0283203125 270.88240814208984
585.8177490234375 211.790283203125 603.1695785522461 211.790283203125 603.1695785522461 266.0147018432617 585.8177490234375 266.0147018432617
586.693115234375 213.25570678710938 603.8855133056641 213.25570678710938 603.8855133056641 266.9819107055664 586.693115234375 266.9819107055664
583.3139038085938 220.30111694335938 600.4283542633057 220.30111694335938 600.4283542633057 273.7837333679199 583.3139038085938 273.7837333679199
599.8248901367188 224.8603973388672 616.912576675415 224.8603973388672 616.912576675415 278.2593765258789 599.8248901367188 278.2593765258789
597.5991821289062 220.226318359375 614.719388961792 220.226318359375 614.719388961792 273.72692108154297 597.5991821289062 273.72692108154297
592.1177978515625 216.5218505859375 609.4844779968262 216.5218505859375 609.4844779968262 270.7926826477051 592.1177978515625 270.7926826477051
591.8434448242188 209.4970245361328 609.1227073669434 209.4970245361328 609.1227073669434 263.4946823120117 591.8434448242188 263.4946823120117
597.5267333984375 206.4027557373047 614.6076393127441 206.4027557373047 614.6076393127441 259.7805519104004 597.5267333984375 259.7805519104004
594.8829345703125 214.4875946044922 611.7804775238037 214.4875946044922 611.7804775238037 267.2923812866211 594.8829345703125 267.2923812866211
592.4857177734375 221.5140380859375 609.3778877258301 221.5140380859375 609.3778877258301 274.3020248413086 592.4857177734375 274.3020248413086
593.9923095703125 222.86050415039062 610.7560844421387 222.86050415039062 610.7560844421387 275.2472610473633 593.9923095703125 275.2472610473633
587.6610107421875 204.61343383789062 604.4701194763184 204.61343383789062 604.4701194763184 257.1418571472168 587.6610107421875 257.1418571472168
591.912109375 210.28091430664062 608.575174331665 210.28091430664062 608.575174331665 262.3529472351074 591.912109375 262.3529472351074
591.0361328125 224.8608856201172 608.0552310943604 224.8608856201172 608.0552310943604 278.04552841186523 591.0361328125 278.04552841186523
591.0439453125 221.6251220703125 608.0443172454834 221.6251220703125 608.0443172454834 274.7512435913086 591.0439453125 274.7512435913086
591.4435424804688 222.72103881835938 608.306999206543 222.72103881835938 608.306999206543 275.41930389404297 591.4435424804688 275.41930389404297
589.3973999023438 236.01272583007812 606.0051174163818 236.01272583007812 606.0051174163818 287.9118118286133 589.3973999023438 287.9118118286133
589.9556274414062 236.8707733154297 605.5614795684814 236.8707733154297 605.5614795684814 283.9717330932617 589.9556274414062 283.9717330932617
591.4112548828125 237.15573120117188 607.1276397705078 237.15573120117188 607.1276397705078 283.7516326904297 591.4112548828125 283.7516326904297
591.5355834960938 237.82327270507812 607.8514213562012 237.82327270507812 607.8514213562012 284.01685333251953 591.5355834960938 284.01685333251953
590.4009399414062 235.6640625 606.7672309875488 235.6640625 606.7672309875488 282.8600845336914 590.4009399414062 282.8600845336914
591.3981323242188 235.18722534179688 606.7195024490356 235.18722534179688 606.7195024490356 283.34375 591.3981323242188 283.34375
593.7969970703125 237.216796875 609.348970413208 237.216796875 609.348970413208 284.6137924194336 593.7969970703125 284.6137924194336
596.8411254882812 236.9965362548828 613.059497833252 236.9965362548828 613.059497833252 284.01302337646484 596.8411254882812 284.01302337646484
599.6577758789062 239.1150360107422 615.0505809783936 239.1150360107422 615.0505809783936 283.4630470275879 599.6577758789062 283.4630470275879
600.2825927734375 239.38851928710938 615.9136810302734 239.38851928710938 615.9136810302734 284.4649124145508 600.2825927734375 284.4649124145508
600.4275512695312 239.6392822265625 616.1510677337646 239.6392822265625 616.1510677337646 283.6454162597656 600.4275512695312 283.6454162597656
601.8441162109375 239.41574096679688 617.6100234985352 239.41574096679688 617.6100234985352 285.42401123046875 601.8441162109375 285.42401123046875
601.5162963867188 238.57058715820312 617.9161376953125 238.57058715820312 617.9161376953125 283.87897872924805 601.5162963867188 283.87897872924805
603.0236206054688 238.93643188476562 619.7618999481201 238.93643188476562 619.7618999481201 284.26277923583984 603.0236206054688 284.26277923583984
603.99560546875 237.92526245117188 620.0551795959473 237.92526245117188 620.0551795959473 284.18366622924805 603.99560546875 284.18366622924805
605.4896240234375 239.5847625732422 621.6353416442871 239.5847625732422 621.6353416442871 284.79163360595703 605.4896240234375 284.79163360595703
608.0520629882812 238.4731903076172 624.8264007568359 238.4731903076172 624.8264007568359 285.0078811645508 608.0520629882812 285.0078811645508
611.5599365234375 238.4704132080078 627.8280429840088 238.4704132080078 627.8280429840088 284.7611846923828 611.5599365234375 284.7611846923828
613.8474731445312 239.37759399414062 630.5352230072021 239.37759399414062 630.5352230072021 285.5171012878418 613.8474731445312 285.5171012878418
614.8279418945312 238.8621826171875 631.1103820800781 238.8621826171875 631.1103820800781 284.86668395996094 614.8279418945312 284.86668395996094
614.9968872070312 237.399658203125 631.423210144043 237.399658203125 631.423210144043 283.9202346801758 614.9968872070312 283.9202346801758
615.069580078125 238.05703735351562 631.2194156646729 238.05703735351562 631.2194156646729 283.1639060974121 615.069580078125 283.1639060974121
616.674560546875 238.1787567138672 633.2838954925537 238.1787567138672 633.2838954925537 285.54615020751953 616.674560546875 285.54615020751953
616.6107177734375 239.6454620361328 633.0584602355957 239.6454620361328 633.0584602355957 287.0289726257324 616.6107177734375 287.0289726257324
618.43798828125 236.46817016601562 634.4333600997925 236.46817016601562 634.4333600997925 286.45369720458984 618.43798828125 286.45369720458984
618.2319946289062 236.50326538085938 634.7376403808594 236.50326538085938 634.7376403808594 287.559513092041 618.2319946289062 287.559513092041
617.8668212890625 235.919189453125 634.3052024841309 235.919189453125 634.3052024841309 287.28912353515625 617.8668212890625 287.28912353515625
617.9830932617188 234.54086303710938 633.9818067550659 234.54086303710938 633.9818067550659 284.5368423461914 617.9830932617188 284.5368423461914
617.0028076171875 233.7381591796875 632.9174928665161 233.7381591796875 632.9174928665161 283.4715461730957 617.0028076171875 283.4715461730957
618.4674682617188 246.54763793945312 634.1481399536133 246.54763793945312 634.1481399536133 295.5497360229492 618.4674682617188 295.5497360229492
618.2760620117188 262.3445129394531 634.1237001419067 262.3445129394531 634.1237001419067 311.8683853149414 618.2760620117188 311.8683853149414
618.4510498046875 258.6949157714844 634.2759351730347 258.6949157714844 634.2759351730347 308.1476860046387 618.4510498046875 308.1476860046387
614.56689453125 259.5323486328125 630.1849336624146 259.5323486328125 630.1849336624146 308.3387260437012 614.56689453125 308.3387260437012
611.9755249023438 268.1329345703125 627.7199096679688 268.1329345703125 627.7199096679688 317.33414459228516 611.9755249023438 317.33414459228516
600.5667724609375 271.47149658203125 616.3262233734131 271.47149658203125 616.3262233734131 320.719783782959 600.5667724609375 320.719783782959
614.5316162109375 279.97039794921875 630.321138381958 279.97039794921875 630.321138381958 329.31266021728516 614.5316162109375 329.31266021728516
612.0701904296875 272.75274658203125 628.0278272628784 272.75274658203125 628.0278272628784 322.62036895751953 612.0701904296875 322.62036895751953
604.7186889648438 269.0225830078125 620.6519546508789 269.0225830078125 620.6519546508789 318.8140449523926 604.7186889648438 318.8140449523926
