333.0 90.0 363.0 90.0 363.0 120.0 333.0 120.0
333.5049133300781 90.89546203613281 362.7240352630615 90.89546203613281 362.7240352630615 119.82536888122559 333.5049133300781 119.82536888122559
333.80010986328125 90.09674072265625 363.1903991699219 90.09674072265625 363.1903991699219 120.40392112731934 333.80010986328125 120.40392112731934
334.50909423828125 89.84708404541016 364.0790100097656 89.84708404541016 364.0790100097656 119.29899978637695 334.50909423828125 119.29899978637695
335.01568603515625 89.9354248046875 365.0773124694824 89.9354248046875 365.0773124694824 119.02522659301758 335.01568603515625 119.02522659301758
335.6717529296875 89.58757019042969 364.8958492279053 89.58757019042969 364.8958492279053 119.49197006225586 335.6717529296875 119.49197006225586
336.0282287597656 89.72213745117188 365.40920639038086 89.72213745117188 365.40920639038086 119.52051162719727 336.0282287597656 119.52051162719727
336.960205078125 90.07292175292969 365.78271102905273 90.07292175292969 365.78271102905273 119.29950904846191 336.960205078125 119.29950904846191
337.4299621582031 90.017822265625 365.86769104003906 90.017822265625 365.86769104003906 118.70895385742188 337.4299621582031 118.70895385742188
338.760498046875 89.27195739746094 366.2002067565918 89.27195739746094 366.2002067565918 119.13360214233398 338.760498046875 119.13360214233398
338.4933166503906 89.74320983886719 366.19524002075195 89.74320983886719 366.19524002075195 118.89280319213867 338.4933166503906 118.89280319213867
339.26739501953125 89.65306091308594 367.46782302856445 89.65306091308594 367.46782302856445 118.565673828125 339.26739501953125 118.565673828125
339.844970703125 89.76616668701172 366.65937423706055 89.76616668701172 366.65937423706055 118.49859809875488 339.844970703125 118.49859809875488
341.4625549316406 89.47706604003906 368.3194389343262 89.47706604003906 368.3194389343262 117.99258041381836 341.4625549316406 117.99258041381836
341.1655578613281 90.18476867675781 367.73756980895996 90.18476867675781 367.73756980895996 118.14545059204102 341.1655578613281 118.14545059204102
340.46270751953125 90.64907836914062 368.62726974487305 90.64907836914062 368.62726974487305 117.4281005859375 340.46270751953125 117.4281005859375
342.31219482421875 89.46533203125 369.6313018798828 89.46533203125 369.6313018798828 117.89753723144531 342.31219482421875 117.89753723144531
341.7327880859375 88.43049621582031 369.8584289550781 88.43049621582031 369.8584289550781 117.39001083374023 341.7327880859375 117.39001083374023
342.4707946777344 89.13602447509766 370.74729347229004 89.13602447509766 370.74729347229004 117.0060920715332 342.4707946777344 117.0060920715332
343.7383117675781 89.11776733398438 371.5969429016113 89.11776733398438 371.5969429016113 117.88044357299805 343.7383117675781 117.88044357299805
343.5517578125 89.59303283691406 371.9197940826416 89.59303283691406 371.9197940826416 117.56323623657227 343.5517578125 117.56323623657227
343.2261657714844 88.39154815673828 372.79787826538086 88.39154815673828 372.79787826538086 116.81524848937988 343.2261657714844 116.81524848937988
344.141845703125 88.02525329589844 373.56077003479004 88.02525329589844 373.56077003479004 116.67000770568848 344.141845703125 116.67000770568848
344.0623474121094 88.7459716796875 373.0586452484131 88.7459716796875 373.0586452484131 116.44830894470215 344.0623474121094 116.44830894470215
344.56396484375 88.63648986816406 373.18962478637695 88.63648986816406 373.18962478637695 117.48990821838379 344.56396484375 117.48990821838379
344.81005859375 87.56755065917969 372.93259048461914 87.56755065917969 372.93259048461914 116.63447570800781 344.81005859375 116.63447570800781
345.3715515136719 87.96891784667969 373.5030574798584 87.96891784667969 373.5030574798584 116.72377395629883 345.3715515136719 116.72377395629883
344.9941101074219 86.45066833496094 374.1772155761719 86.45066833496094 374.1772155761719 116.61763381958008 344.9941101074219 116.61763381958008
345.2544860839844 88.24861907958984 372.4598388671875 88.24861907958984 372.4598388671875 116.17261123657227 345.2544860839844 116.17261123657227
344.62432861328125 87.11820983886719 374.05462646484375 87.11820983886719 374.05462646484375 116.02386856079102 344.62432861328125 116.02386856079102
346.26348876953125 88.8321533203125 374.5039310455322 88.8321533203125 374.5039310455322 117.31369018554688 346.26348876953125 117.31369018554688
345.65447998046875 88.29984283447266 374.445348739624 88.29984283447266 374.445348739624 116.55323028564453 345.65447998046875 116.55323028564453
344.4341735839844 87.43562316894531 374.3851661682129 87.43562316894531 374.3851661682129 116.24336242675781 344.4341735839844 116.24336242675781
345.90252685546875 87.51596069335938 374.4132328033447 87.51596069335938 374.4132328033447 116.3962287902832 345.90252685546875 116.3962287902832
346.33544921875 87.64068603515625 375.119441986084 87.64068603515625 375.119441986084 116.92148780822754 346.33544921875 116.92148780822754
345.5115966796875 87.93775939941406 374.8049564361572 87.93775939941406 374.8049564361572 116.20760536193848 345.5115966796875 116.20760536193848
345.9745788574219 87.40611267089844 375.5770263671875 87.40611267089844 375.5770263671875 116.16610336303711 345.9745788574219 116.16610336303711
344.9002990722656 85.90496826171875 374.46874618530273 85.90496826171875 374.46874618530273 115.60157775878906 344.9002990722656 115.60157775878906
345.41790771484375 87.10423278808594 375.3238162994385 87.10423278808594 375.3238162994385 115.58512878417969 345.41790771484375 115.58512878417969
345.89764404296875 86.47592163085938 376.6086368560791 86.47592163085938 376.6086368560791 116.21671676635742 345.89764404296875 116.21671676635742
345.5480041503906 87.3546142578125 375.7943420410156 87.3546142578125 375.7943420410156 116.75825881958008 345.5480041503906 116.75825881958008
345.97015380859375 86.88630676269531 375.59567642211914 86.88630676269531 375.59567642211914 115.50868797302246 345.97015380859375 115.50868797302246
346.67926025390625 87.28236389160156 376.2490634918213 87.28236389160156 376.2490634918213 115.59609603881836 346.67926025390625 115.59609603881836
346.3125 86.1662826538086 375.5289726257324 86.1662826538086 375.5289726257324 115.09358596801758 346.3125 115.09358596801758
346.8487548828125 87.04109954833984 376.6293525695801 87.04109954833984 376.6293525695801 116.0232925415039 346.8487548828125 116.0232925415039
347.43865966796875 88.60897827148438 377.02513122558594 88.60897827148438 377.02513122558594 116.60317611694336 347.43865966796875 116.60317611694336
347.22027587890625 86.9733657836914 376.4131832122803 86.9733657836914 376.4131832122803 115.88742446899414 347.22027587890625 115.88742446899414
346.79608154296875 87.9487075805664 376.4768581390381 87.9487075805664 376.4768581390381 116.69036483764648 346.79608154296875 116.69036483764648
347.61749267578125 88.29017639160156 375.7016544342041 88.29017639160156 375.7016544342041 116.59764671325684 347.61749267578125 116.59764671325684
346.0872802734375 85.7593765258789 375.4455986022949 85.7593765258789 375.4455986022949 115.03704452514648 346.0872802734375 115.03704452514648
345.5905456542969 86.34683227539062 375.4817810058594 86.34683227539062 375.4817810058594 115.51438331604004 345.5905456542969 115.51438331604004
346.18743896484375 86.67916107177734 375.6478633880615 86.67916107177734 375.6478633880615 115.93880081176758 346.18743896484375 115.93880081176758
346.03375244140625 86.08723449707031 375.834774017334 86.08723449707031 375.834774017334 115.10761642456055 346.03375244140625 115.10761642456055
346.1570739746094 86.6087875366211 375.2919063568115 86.6087875366211 375.2919063568115 115.57471084594727 346.1570739746094 115.57471084594727
346.36480712890625 86.96546936035156 376.2275390625 86.96546936035156 376.2275390625 114.92898559570312 346.36480712890625 114.92898559570312
346.1710205078125 86.86235046386719 376.1917018890381 86.86235046386719 376.1917018890381 115.91073226928711 346.1710205078125 115.91073226928711
346.3721923828125 86.87599182128906 375.976598739624 86.87599182128906 375.976598739624 115.29063034057617 346.3721923828125 115.29063034057617
346.3995666503906 86.80057525634766 376.1490726470947 86.80057525634766 376.1490726470947 115.51789093017578 346.3995666503906 115.51789093017578
345.4201965332031 85.02092742919922 375.2000274658203 85.02092742919922 375.2000274658203 113.74612236022949 345.4201965332031 113.74612236022949
346.4932556152344 86.21131134033203 375.6706485748291 86.21131134033203 375.6706485748291 114.61456489562988 346.4932556152344 114.61456489562988
345.1992492675781 85.29984283447266 376.2666835784912 85.29984283447266 376.2666835784912 113.90408706665039 345.1992492675781 113.90408706665039
345.5801696777344 86.19612884521484 374.77595138549805 86.19612884521484 374.77595138549805 115.1801986694336 345.5801696777344 115.1801986694336
345.241943359375 85.97833251953125 375.092809677124 85.97833251953125 375.092809677124 114.66711044311523 345.241943359375 114.66711044311523
345.39752197265625 85.98854064941406 375.56227684020996 85.98854064941406 375.56227684020996 114.7395133972168 345.39752197265625 114.7395133972168
344.6603088378906 86.5907974243164 374.57004165649414 86.5907974243164 374.57004165649414 114.84169387817383 344.6603088378906 114.84169387817383
344.2588806152344 85.45347595214844 374.30824851989746 85.45347595214844 374.30824851989746 113.12132263183594 344.2588806152344 113.12132263183594
344.93377685546875 86.19709777832031 374.8885440826416 86.19709777832031 374.8885440826416 113.75118637084961 344.93377685546875 113.75118637084961
343.253173828125 84.70238494873047 374.85944747924805 84.70238494873047 374.85944747924805 112.9796028137207 343.253173828125 112.9796028137207
344.06439208984375 86.01045227050781 374.67253494262695 86.01045227050781 374.67253494262695 114.07538223266602 344.06439208984375 114.07538223266602
344.43499755859375 85.38560485839844 374.8474636077881 85.38560485839844 374.8474636077881 113.3512077331543 344.43499755859375 113.3512077331543
344.4312438964844 86.98623657226562 375.0588264465332 86.98623657226562 375.0588264465332 113.60703086853027 344.4312438964844 113.60703086853027
344.040283203125 85.38560485839844 375.155481338501 85.38560485839844 375.155481338501 113.48606491088867 344.040283203125 113.48606491088867
344.0644226074219 85.9394760131836 374.06617164611816 85.9394760131836 374.06617164611816 113.49386978149414 344.0644226074219 113.49386978149414
344.12786865234375 85.13282775878906 374.4474182128906 85.13282775878906 374.4474182128906 113.458984375 344.12786865234375 113.458984375
343.7033386230469 86.45511627197266 373.42509841918945 86.45511627197266 373.42509841918945 113.70660781860352 343.7033386230469 113.70660781860352
344.6410217285156 85.7298583984375 374.6410827636719 85.7298583984375 374.6410827636719 113.19801330566406 344.6410217285156 113.19801330566406
344.4456787109375 85.3460922241211 374.1245574951172 85.3460922241211 374.1245574951172 113.20062446594238 344.4456787109375 113.20062446594238
343.7044677734375 84.21171569824219 373.76462173461914 84.21171569824219 373.76462173461914 112.75246238708496 343.7044677734375 112.75246238708496
344.5152893066406 85.02896118164062 373.40307235717773 85.02896118164062 373.40307235717773 112.6660041809082 344.5152893066406 112.6660041809082
343.81463623046875 85.60685729980469 373.22596168518066 85.60685729980469 373.22596168518066 112.92600440979004 343.81463623046875 112.92600440979004
343.1811218261719 84.53744506835938 372.7332000732422 84.53744506835938 372.7332000732422 111.61053466796875 343.1811218261719 111.61053466796875
343.4295654296875 84.83245086669922 373.6932182312012 84.83245086669922 373.6932182312012 112.70703506469727 343.4295654296875 112.70703506469727
344.0632019042969 84.93745422363281 373.33801651000977 84.93745422363281 373.33801651000977 111.64018821716309 344.0632019042969 111.64018821716309
343.8980407714844 84.47650146484375 372.9217948913574 84.47650146484375 372.9217948913574 112.03827476501465 343.8980407714844 112.03827476501465
343.29864501953125 84.09856414794922 373.2978916168213 84.09856414794922 373.2978916168213 110.66474151611328 343.29864501953125 110.66474151611328
343.6053771972656 85.02919006347656 374.22353744506836 85.02919006347656 374.22353744506836 112.12456703186035 343.6053771972656 112.12456703186035
343.8548583984375 85.01011657714844 374.2112331390381 85.01011657714844 374.2112331390381 112.07995223999023 343.8548583984375 112.07995223999023
343.22918701171875 85.06791687011719 372.9605140686035 85.06791687011719 372.9605140686035 111.5212459564209 343.22918701171875 111.5212459564209
342.75042724609375 84.24462890625 373.24388694763184 84.24462890625 373.24388694763184 112.02890586853027 342.75042724609375 112.02890586853027
342.28021240234375 83.72926330566406 372.0494842529297 83.72926330566406 372.0494842529297 111.39462280273438 342.28021240234375 111.39462280273438
342.9468688964844 84.11260986328125 372.48944091796875 84.11260986328125 372.48944091796875 111.64694786071777 342.9468688964844 111.64694786071777
341.7117004394531 83.17727661132812 372.0549774169922 83.17727661132812 372.0549774169922 110.61745262145996 341.7117004394531 110.61745262145996
341.7881164550781 83.78215789794922 372.4132022857666 83.78215789794922 372.4132022857666 111.43465423583984 341.7881164550781 111.43465423583984
342.0421142578125 83.53953552246094 372.50046730041504 83.53953552246094 372.50046730041504 111.14987182617188 342.0421142578125 111.14987182617188
341.3524475097656 83.98252868652344 371.4536437988281 83.98252868652344 371.4536437988281 110.94843101501465 341.3524475097656 110.94843101501465
340.80328369140625 83.28880310058594 371.9902858734131 83.28880310058594 371.9902858734131 111.31789207458496 340.80328369140625 111.31789207458496
341.0421447753906 82.98521423339844 372.0024833679199 82.98521423339844 372.0024833679199 111.20155334472656 341.0421447753906 111.20155334472656
341.1074523925781 83.74378967285156 372.3131561279297 83.74378967285156 372.3131561279297 112.00806617736816 341.1074523925781 112.00806617736816
340.09747314453125 81.95977783203125 372.16343688964844 81.95977783203125 372.16343688964844 110.36906433105469 340.09747314453125 110.36906433105469
339.4437561035156 82.68724060058594 370.9692077636719 82.68724060058594 370.9692077636719 111.25193214416504 339.4437561035156 111.25193214416504
339.82061767578125 82.0705337524414 371.1661949157715 82.0705337524414 371.1661949157715 110.41202545166016 339.82061767578125 110.41202545166016
339.10321044921875 81.7908935546875 371.7212600708008 81.7908935546875 371.7212600708008 110.69497680664062 339.10321044921875 110.69497680664062
340.3094787597656 82.95820617675781 370.1277370452881 82.95820617675781 370.1277370452881 111.05988121032715 340.3094787597656 111.05988121032715
339.024658203125 82.64545440673828 370.3313903808594 82.64545440673828 370.3313903808594 110.56799507141113 339.024658203125 110.56799507141113
339.24127197265625 82.55481719970703 369.8378505706787 82.55481719970703 369.8378505706787 110.19064712524414 339.24127197265625 110.19064712524414
339.42486572265625 82.52901458740234 370.7707939147949 82.52901458740234 370.7707939147949 109.84659957885742 339.42486572265625 109.84659957885742
338.6764221191406 82.7192153930664 369.65881729125977 82.7192153930664 369.65881729125977 110.09500503540039 338.6764221191406 110.09500503540039
339.29669189453125 82.84656524658203 369.9986114501953 82.84656524658203 369.9986114501953 109.82409858703613 339.29669189453125 109.82409858703613
337.7203674316406 81.93370819091797 368.67231369018555 81.93370819091797 368.67231369018555 110.21961784362793 337.7203674316406 110.21961784362793
338.699462890625 81.7332534790039 370.3109493255615 81.7332534790039 370.3109493255615 108.1856575012207 338.699462890625 108.1856575012207
338.3816223144531 82.75057983398438 369.74457931518555 82.75057983398438 369.74457931518555 109.06179237365723 338.3816223144531 109.06179237365723
338.99517822265625 83.19698333740234 369.6292533874512 83.19698333740234 369.6292533874512 110.2074146270752 338.99517822265625 110.2074146270752
337.8926696777344 83.45494842529297 368.7338562011719 83.45494842529297 368.7338562011719 109.76572036743164 337.8926696777344 109.76572036743164
338.55474853515625 82.68235778808594 368.3817386627197 82.68235778808594 368.3817386627197 109.63908958435059 338.55474853515625 109.63908958435059
337.85455322265625 82.12416076660156 368.3319606781006 82.12416076660156 368.3319606781006 109.83559226989746 337.85455322265625 109.83559226989746
337.71661376953125 81.9547348022461 367.22128677368164 81.9547348022461 367.22128677368164 109.26812553405762 337.71661376953125 109.26812553405762
338.1212463378906 82.1676254272461 368.3362236022949 82.1676254272461 368.3362236022949 109.31762504577637 338.1212463378906 109.31762504577637
336.9110412597656 82.53948974609375 367.24729347229004 82.53948974609375 367.24729347229004 108.69068336486816 336.9110412597656 108.69068336486816
337.19964599609375 82.97002410888672 367.4537773132324 82.97002410888672 367.4537773132324 109.81164932250977 337.19964599609375 109.81164932250977
336.94525146484375 82.82039642333984 367.18114852905273 82.82039642333984 367.18114852905273 109.18161392211914 336.94525146484375 109.18161392211914
336.69439697265625 82.75504302978516 366.2391777038574 82.75504302978516 366.2391777038574 109.90814971923828 336.69439697265625 109.90814971923828
336.0599060058594 82.39591979980469 366.20754051208496 82.39591979980469 366.20754051208496 108.70841407775879 336.0599060058594 108.70841407775879
336.9222106933594 82.25878143310547 366.56065368652344 82.25878143310547 366.56065368652344 109.10673904418945 336.9222106933594 109.10673904418945
336.3491516113281 82.54996490478516 366.17858505249023 82.54996490478516 366.17858505249023 109.73285293579102 336.3491516113281 109.73285293579102
335.9332275390625 81.34361267089844 367.2720642089844 81.34361267089844 367.2720642089844 108.3809757232666 335.9332275390625 108.3809757232666
335.60601806640625 82.61214447021484 365.94652366638184 82.61214447021484 365.94652366638184 108.6052417755127 335.60601806640625 108.6052417755127
335.0185241699219 83.59039306640625 366.405460357666 83.59039306640625 366.405460357666 110.00126266479492 335.0185241699219 110.00126266479492
335.61883544921875 86.10783386230469 365.3834114074707 86.10783386230469 365.3834114074707 113.32591247558594 335.61883544921875 113.32591247558594
335.3612976074219 89.98263549804688 364.6892280578613 89.98263549804688 364.6892280578613 116.77466773986816 335.3612976074219 116.77466773986816
334.92401123046875 89.28271484375 363.4357452392578 89.28271484375 363.4357452392578 118.45076942443848 334.92401123046875 118.45076942443848
334.775634765625 92.56871032714844 364.7204399108887 92.56871032714844 364.7204399108887 119.04124069213867 334.775634765625 119.04124069213867
333.8261413574219 96.17765045166016 364.5301704406738 96.17765045166016 364.5301704406738 121.33951950073242 333.8261413574219 121.33951950073242
333.7351379394531 98.01222229003906 364.0471954345703 98.01222229003906 364.0471954345703 124.75250816345215 333.7351379394531 124.75250816345215
336.05987548828125 103.5217056274414 364.1615104675293 103.5217056274414 364.1615104675293 129.91025924682617 336.05987548828125 129.91025924682617
334.34832763671875 105.5682601928711 363.40199279785156 105.5682601928711 363.40199279785156 130.3968448638916 334.34832763671875 130.3968448638916
333.4937744140625 107.41651916503906 363.4054203033447 107.41651916503906 363.4054203033447 132.92995643615723 333.4937744140625 132.92995643615723
333.19500732421875 108.77861022949219 363.48556900024414 108.77861022949219 363.48556900024414 135.7993984222412 333.19500732421875 135.7993984222412
333.0608825683594 111.2818832397461 362.6703243255615 111.2818832397461 362.6703243255615 137.82242012023926 333.0608825683594 137.82242012023926
333.67254638671875 114.18939208984375 363.6574954986572 114.18939208984375 363.6574954986572 141.44111251831055 333.67254638671875 141.44111251831055
333.3919372558594 117.88360595703125 363.26231956481934 117.88360595703125 363.26231956481934 143.3689250946045 333.3919372558594 143.3689250946045
333.3692932128906 120.38316345214844 363.3308410644531 120.38316345214844 363.3308410644531 146.61993789672852 333.3692932128906 146.61993789672852
331.6204528808594 121.5886001586914 362.14230728149414 121.5886001586914 362.14230728149414 148.49415969848633 331.6204528808594 148.49415969848633
331.7518005371094 124.89642333984375 361.85569190979004 124.89642333984375 361.85569190979004 150.7861843109131 331.7518005371094 150.7861843109131
332.4092102050781 127.6690444946289 361.1411933898926 127.6690444946289 361.1411933898926 154.1284008026123 332.4092102050781 154.1284008026123
332.79034423828125 131.3529815673828 361.7230739593506 131.3529815673828 361.7230739593506 158.31927871704102 332.79034423828125 158.31927871704102
332.498291015625 133.301025390625 361.9040412902832 133.301025390625 361.9040412902832 160.1739616394043 332.498291015625 160.1739616394043
331.2850036621094 134.62606811523438 359.6766242980957 134.62606811523438 359.6766242980957 162.46811485290527 331.2850036621094 162.46811485290527
332.24713134765625 138.2854766845703 361.61186599731445 138.2854766845703 361.61186599731445 164.29265975952148 332.24713134765625 164.29265975952148
331.75616455078125 141.978759765625 359.68446922302246 141.978759765625 359.68446922302246 168.11944580078125 331.75616455078125 168.11944580078125
331.132568359375 143.2296142578125 361.0680122375488 143.2296142578125 361.0680122375488 169.95856857299805 331.132568359375 169.95856857299805
331.46026611328125 147.82119750976562 360.831262588501 147.82119750976562 360.831262588501 173.6121940612793 331.46026611328125 173.6121940612793
331.78656005859375 151.32693481445312 361.1504154205322 151.32693481445312 361.1504154205322 178.10212326049805 331.78656005859375 178.10212326049805
331.004638671875 151.83059692382812 360.724889755249 151.83059692382812 360.724889755249 178.9420509338379 331.004638671875 178.9420509338379
332.18927001953125 155.12435913085938 359.75632667541504 155.12435913085938 359.75632667541504 180.72047805786133 332.18927001953125 180.72047805786133
331.32049560546875 157.40145874023438 359.34186363220215 157.40145874023438 359.34186363220215 185.08547973632812 331.32049560546875 185.08547973632812
329.59222412109375 159.69357299804688 357.4553165435791 159.69357299804688 357.4553165435791 186.2005500793457 329.59222412109375 186.2005500793457
331.29852294921875 163.1253662109375 359.84264755249023 163.1253662109375 359.84264755249023 189.13428115844727 331.29852294921875 189.13428115844727
331.6505126953125 165.48153686523438 360.9238700866699 165.48153686523438 360.9238700866699 192.88648414611816 331.6505126953125 192.88648414611816
330.5367736816406 171.04977416992188 357.5576286315918 171.04977416992188 357.5576286315918 195.78775215148926 330.5367736816406 195.78775215148926
330.2730712890625 171.786865234375 359.99375915527344 171.786865234375 359.99375915527344 198.05279922485352 330.2730712890625 198.05279922485352
329.7095642089844 175.061767578125 357.5247993469238 175.061767578125 357.5247993469238 200.18691635131836 329.7095642089844 200.18691635131836
330.5352478027344 177.4332733154297 358.1490230560303 177.4332733154297 358.1490230560303 203.20664596557617 330.5352478027344 203.20664596557617
329.38037109375 179.03216552734375 356.9803771972656 179.03216552734375 356.9803771972656 205.4123935699463 329.38037109375 205.4123935699463
329.6837463378906 183.4610137939453 357.2910404205322 183.4610137939453 357.2910404205322 208.33916473388672 329.6837463378906 208.33916473388672
329.7700500488281 185.13128662109375 356.31703758239746 185.13128662109375 356.31703758239746 210.21377563476562 329.7700500488281 210.21377563476562
329.7164611816406 188.8348388671875 357.7384433746338 188.8348388671875 357.7384433746338 214.42723846435547 329.7164611816406 214.42723846435547
329.8197021484375 191.5702362060547 356.96123123168945 191.5702362060547 356.96123123168945 215.9064769744873 329.8197021484375 215.9064769744873
329.7375793457031 193.37454223632812 357.0138454437256 193.37454223632812 357.0138454437256 218.6214485168457 329.7375793457031 218.6214485168457
329.68829345703125 195.87393188476562 357.8650608062744 195.87393188476562 357.8650608062744 221.77151489257812 329.68829345703125 221.77151489257812
329.03582763671875 199.63851928710938 356.9924430847168 199.63851928710938 356.9924430847168 224.20668411254883 329.03582763671875 224.20668411254883
332.2396240234375 202.9228057861328 358.7967987060547 202.9228057861328 358.7967987060547 228.3776798248291 332.2396240234375 228.3776798248291
331.4116516113281 205.50338745117188 358.7345848083496 205.50338745117188 358.7345848083496 230.83953857421875 331.4116516113281 230.83953857421875
330.1482849121094 207.162841796875 358.7147274017334 207.162841796875 358.7147274017334 231.89072036743164 330.1482849121094 231.89072036743164
333.1069030761719 212.31686401367188 360.8873291015625 212.31686401367188 360.8873291015625 236.7360496520996 333.1069030761719 236.7360496520996
330.44329833984375 212.9947509765625 359.2026882171631 212.9947509765625 359.2026882171631 238.3942108154297 330.44329833984375 238.3942108154297
327.6847839355469 214.76364135742188 357.2778434753418 214.76364135742188 357.2778434753418 240.5821418762207 327.6847839355469 240.5821418762207
331.34649658203125 218.3323974609375 357.8320960998535 218.3323974609375 357.8320960998535 244.2655086517334 331.34649658203125 244.2655086517334
328.6725158691406 221.21078491210938 355.53569412231445 221.21078491210938 355.53569412231445 246.71398544311523 328.6725158691406 246.71398544311523
327.00445556640625 222.1473388671875 353.76073837280273 222.1473388671875 353.76073837280273 247.14711952209473 327.00445556640625 247.14711952209473
325.7214660644531 223.7143096923828 352.16372299194336 223.7143096923828 352.16372299194336 249.4196262359619 325.7214660644531 249.4196262359619
325.3565368652344 223.22653198242188 352.63855934143066 223.22653198242188 352.63855934143066 249.46140098571777 325.3565368652344 249.46140098571777
324.99700927734375 222.68472290039062 352.4756660461426 222.68472290039062 352.4756660461426 249.10394287109375 324.99700927734375 249.10394287109375
324.55926513671875 224.0675811767578 351.3689670562744 224.0675811767578 351.3689670562744 249.76548385620117 324.55926513671875 249.76548385620117
325.4968566894531 223.6333770751953 351.3948574066162 223.6333770751953 351.3948574066162 250.3092803955078 325.4968566894531 250.3092803955078
325.64495849609375 224.38803100585938 352.4162902832031 224.38803100585938 352.4162902832031 249.26026344299316 325.64495849609375 249.26026344299316
324.4937438964844 224.4051055908203 351.5537223815918 224.4051055908203 351.5537223815918 249.9259433746338 324.4937438964844 249.9259433746338
324.3525695800781 223.0028076171875 351.7588233947754 223.0028076171875 351.7588233947754 248.75950241088867 324.3525695800781 248.75950241088867
323.69219970703125 223.3073272705078 352.0822448730469 223.3073272705078 352.0822448730469 247.9112434387207 323.69219970703125 247.9112434387207
325.2872619628906 223.46499633789062 352.73364639282227 223.46499633789062 352.73364639282227 248.59325408935547 325.2872619628906 248.59325408935547
324.3005065917969 223.30917358398438 352.16821670532227 223.30917358398438 352.16821670532227 248.67327308654785 324.3005065917969 248.67327308654785
324.2747497558594 223.88650512695312 351.93569564819336 223.88650512695312 351.93569564819336 250.0510768890381 324.2747497558594 250.0510768890381
324.16412353515625 224.0771484375 351.64502906799316 224.0771484375 351.64502906799316 248.8987808227539 324.16412353515625 248.8987808227539
324.2562255859375 223.20742797851562 351.92254638671875 223.20742797851562 351.92254638671875 249.21195602416992 324.2562255859375 249.21195602416992
324.00518798828125 223.2411346435547 352.2292175292969 223.2411346435547 352.2292175292969 249.48614120483398 324.00518798828125 249.48614120483398
323.0067443847656 222.66683959960938 352.0126190185547 222.66683959960938 352.0126190185547 248.59170150756836 323.0067443847656 248.59170150756836
323.0110778808594 221.9486846923828 351.9897651672363 221.9486846923828 351.9897651672363 249.56260299682617 323.0110778808594 249.56260299682617
322.351318359375 222.75735473632812 351.6148319244385 222.75735473632812 351.6148319244385 248.90102577209473 322.351318359375 248.90102577209473
323.009033203125 222.09078979492188 351.9162712097168 222.09078979492188 351.9162712097168 249.25083923339844 323.009033203125 249.25083923339844
322.1000061035156 221.91775512695312 350.84893226623535 221.91775512695312 350.84893226623535 248.19108200073242 322.1000061035156 248.19108200073242
321.767822265625 222.3503875732422 350.15744400024414 222.3503875732422 350.15744400024414 249.47793579101562 321.767822265625 249.47793579101562
321.44720458984375 222.7169952392578 350.8418617248535 222.7169952392578 350.8418617248535 248.64786338806152 321.44720458984375 248.64786338806152
321.1325988769531 222.3162841796875 349.8556728363037 222.3162841796875 349.8556728363037 248.11269187927246 321.1325988769531 248.11269187927246
321.42791748046875 221.9334716796875 350.22340965270996 221.9334716796875 350.22340965270996 248.5800323486328 321.42791748046875 248.5800323486328
321.2938537597656 222.78817749023438 350.0743770599365 222.78817749023438 350.0743770599365 248.3445224761963 321.2938537597656 248.3445224761963
321.88763427734375 221.1796112060547 350.1368217468262 221.1796112060547 350.1368217468262 247.96511840820312 321.88763427734375 247.96511840820312
321.20086669921875 222.1658172607422 350.10414123535156 222.1658172607422 350.10414123535156 247.82090759277344 321.20086669921875 247.82090759277344
320.7430725097656 222.0392608642578 348.75451278686523 222.0392608642578 348.75451278686523 247.58867073059082 320.7430725097656 247.58867073059082
320.7987365722656 221.4066925048828 349.486270904541 221.4066925048828 349.486270904541 247.6529998779297 320.7987365722656 247.6529998779297
320.17340087890625 221.27236938476562 349.51726722717285 221.27236938476562 349.51726722717285 247.1851863861084 320.17340087890625 247.1851863861084
320.42041015625 221.9537811279297 349.5226593017578 221.9537811279297 349.5226593017578 247.47606658935547 320.42041015625 247.47606658935547
320.18878173828125 221.4176025390625 347.85327529907227 221.4176025390625 347.85327529907227 247.34576797485352 320.18878173828125 247.34576797485352
320.0704345703125 220.3117218017578 348.38141441345215 220.3117218017578 348.38141441345215 246.95276260375977 320.0704345703125 246.95276260375977
319.5579528808594 221.71337890625 348.11474609375 221.71337890625 348.11474609375 246.714693069458 319.5579528808594 246.714693069458
318.80364990234375 221.2272491455078 347.36396408081055 221.2272491455078 347.36396408081055 246.80865478515625 318.80364990234375 246.80865478515625
317.8719787597656 220.81787109375 347.57858657836914 220.81787109375 347.57858657836914 247.08457374572754 317.8719787597656 247.08457374572754
319.2121887207031 221.8322296142578 347.6932373046875 221.8322296142578 347.6932373046875 247.54736709594727 319.2121887207031 247.54736709594727
316.6947326660156 221.3896484375 345.5226860046387 221.3896484375 345.5226860046387 246.23406791687012 316.6947326660156 246.23406791687012
317.83770751953125 221.95046997070312 346.46063804626465 221.95046997070312 346.46063804626465 246.89594841003418 317.83770751953125 246.89594841003418
317.6615295410156 221.87228393554688 346.17522621154785 221.87228393554688 346.17522621154785 246.62138748168945 317.6615295410156 246.62138748168945
316.7235412597656 219.9425506591797 345.00367736816406 219.9425506591797 345.00367736816406 245.65426635742188 316.7235412597656 245.65426635742188
316.5135803222656 220.9656219482422 344.351037979126 220.9656219482422 344.351037979126 246.16514587402344 316.5135803222656 246.16514587402344
317.1846618652344 221.783447265625 345.3758239746094 221.783447265625 345.3758239746094 247.51043701171875 317.1846618652344 247.51043701171875
316.79998779296875 221.90066528320312 344.8987636566162 221.90066528320312 344.8987636566162 247.05234146118164 316.79998779296875 247.05234146118164
316.0361328125 221.39797973632812 343.9023628234863 221.39797973632812 343.9023628234863 247.05108642578125 316.0361328125 247.05108642578125
317.0399169921875 221.240478515625 344.56590843200684 221.240478515625 344.56590843200684 246.84116744995117 317.0399169921875 246.84116744995117
315.7273864746094 222.03173828125 343.50050926208496 222.03173828125 343.50050926208496 246.44749069213867 315.7273864746094 246.44749069213867
314.99578857421875 220.93557739257812 343.1870632171631 220.93557739257812 343.1870632171631 246.4036464691162 314.99578857421875 246.4036464691162
314.69122314453125 221.1155242919922 343.2803382873535 221.1155242919922 343.2803382873535 246.0510025024414 314.69122314453125 246.0510025024414
315.0667419433594 220.39694213867188 343.06548500061035 220.39694213867188 343.06548500061035 245.93699645996094 315.0667419433594 245.93699645996094
314.4725646972656 221.01077270507812 342.66864013671875 221.01077270507812 342.66864013671875 246.0762119293213 314.4725646972656 246.0762119293213
314.050048828125 220.68185424804688 341.5489845275879 220.68185424804688 341.5489845275879 246.65077781677246 314.050048828125 246.65077781677246
314.2748718261719 220.181640625 342.5017795562744 220.181640625 342.5017795562744 246.11993026733398 314.2748718261719 246.11993026733398
314.00299072265625 220.8666534423828 342.08928298950195 220.8666534423828 342.08928298950195 246.69899940490723 314.00299072265625 246.69899940490723
313.52532958984375 220.5260772705078 341.8081474304199 220.5260772705078 341.8081474304199 245.75817108154297 313.52532958984375 245.75817108154297
313.6609191894531 220.0227813720703 341.473690032959 220.0227813720703 341.473690032959 245.63953590393066 313.6609191894531 245.63953590393066
313.40545654296875 219.44851684570312 341.29677391052246 219.44851684570312 341.29677391052246 245.47833251953125 313.40545654296875 245.47833251953125
312.6344299316406 219.89468383789062 340.21275901794434 219.89468383789062 340.21275901794434 245.98665237426758 312.6344299316406 245.98665237426758
312.23779296875 218.90951538085938 340.5053901672363 218.90951538085938 340.5053901672363 245.50734329223633 312.23779296875 245.50734329223633
312.45367431640625 219.13150024414062 340.3088722229004 219.13150024414062 340.3088722229004 244.71992683410645 312.45367431640625 244.71992683410645
312.6130065917969 220.5641632080078 339.93503189086914 220.5641632080078 339.93503189086914 246.23600387573242 312.6130065917969 246.23600387573242
311.37896728515625 218.4604034423828 339.04107093811035 218.4604034423828 339.04107093811035 245.23291015625 311.37896728515625 245.23291015625
311.31927490234375 219.00515747070312 339.4422664642334 219.00515747070312 339.4422664642334 245.38503456115723 311.31927490234375 245.38503456115723
311.05926513671875 219.4711151123047 338.3476257324219 219.4711151123047 338.3476257324219 245.1423740386963 311.05926513671875 245.1423740386963
309.9977111816406 218.48812866210938 338.21631240844727 218.48812866210938 338.21631240844727 244.7025260925293 309.9977111816406 244.7025260925293
309.9093933105469 218.8466796875 337.6980628967285 218.8466796875 337.6980628967285 244.11711502075195 309.9093933105469 244.11711502075195
309.6270446777344 219.4296112060547 336.9139156341553 219.4296112060547 336.9139156341553 244.90973472595215 309.6270446777344 244.90973472595215
309.6213684082031 218.63442993164062 337.0610294342041 218.63442993164062 337.0610294342041 244.77062606811523 309.6213684082031 244.77062606811523
308.7408142089844 219.4839324951172 336.7566776275635 219.4839324951172 336.7566776275635 245.08078575134277 308.7408142089844 245.08078575134277
309.29638671875 218.3614959716797 338.00859451293945 218.3614959716797 338.00859451293945 245.09589195251465 309.29638671875 245.09589195251465
308.8429260253906 218.07669067382812 337.0153350830078 218.07669067382812 337.0153350830078 244.94207191467285 308.8429260253906 244.94207191467285
306.97467041015625 217.69070434570312 335.7798652648926 217.69070434570312 335.7798652648926 243.62049865722656 306.97467041015625 243.62049865722656
307.29217529296875 216.63027954101562 336.024621963501 216.63027954101562 336.024621963501 243.88004684448242 307.29217529296875 243.88004684448242
307.3580627441406 217.97824096679688 335.25576400756836 217.97824096679688 335.25576400756836 243.69260787963867 307.3580627441406 243.69260787963867
308.24334716796875 216.7187042236328 336.115198135376 216.7187042236328 336.115198135376 244.42172813415527 308.24334716796875 244.42172813415527
307.1775817871094 218.6727752685547 334.33774185180664 218.6727752685547 334.33774185180664 244.63834190368652 307.1775817871094 244.63834190368652
305.48553466796875 218.52493286132812 333.55447006225586 218.52493286132812 333.55447006225586 244.3403434753418 305.48553466796875 244.3403434753418
305.5653076171875 217.5704345703125 333.6133785247803 217.5704345703125 333.6133785247803 244.61500930786133 305.5653076171875 244.61500930786133
306.40142822265625 217.88998413085938 334.2341728210449 217.88998413085938 334.2341728210449 245.45530700683594 306.40142822265625 245.45530700683594
305.32440185546875 217.81283569335938 334.16734886169434 217.81283569335938 334.16734886169434 244.34169006347656 305.32440185546875 244.34169006347656
304.7435302734375 216.5507049560547 333.5364017486572 216.5507049560547 333.5364017486572 244.02971267700195 304.7435302734375 244.02971267700195
305.0352478027344 215.8671417236328 334.2064914703369 215.8671417236328 334.2064914703369 244.09686851501465 305.0352478027344 244.09686851501465
305.32745361328125 216.5742950439453 333.667667388916 216.5742950439453 333.667667388916 244.52992630004883 305.32745361328125 244.52992630004883
304.7068786621094 216.51638793945312 333.7981986999512 216.51638793945312 333.7981986999512 244.1160373687744 304.7068786621094 244.1160373687744
304.8155212402344 216.6252899169922 334.31235122680664 216.6252899169922 334.31235122680664 244.80625534057617 304.8155212402344 244.80625534057617
303.74420166015625 217.7748565673828 334.02503395080566 217.7748565673828 334.02503395080566 244.21775817871094 303.74420166015625 244.21775817871094
303.9734191894531 216.4662628173828 333.1564426422119 216.4662628173828 333.1564426422119 244.43228721618652 303.9734191894531 244.43228721618652
303.7861633300781 215.4503173828125 332.6630039215088 215.4503173828125 332.6630039215088 243.57626724243164 303.7861633300781 243.57626724243164
303.49102783203125 216.1383819580078 332.71192359924316 216.1383819580078 332.71192359924316 244.02940368652344 303.49102783203125 244.02940368652344
303.43292236328125 216.45028686523438 332.2850036621094 216.45028686523438 332.2850036621094 243.65362167358398 303.43292236328125 243.65362167358398
302.14752197265625 217.1993865966797 331.36321449279785 217.1993865966797 331.36321449279785 243.84730911254883 302.14752197265625 243.84730911254883
302.63189697265625 216.21963500976562 330.3864345550537 216.21963500976562 330.3864345550537 243.31914901733398 302.63189697265625 243.31914901733398
301.8778381347656 216.5698699951172 330.7508029937744 216.5698699951172 330.7508029937744 243.18156814575195 301.8778381347656 243.18156814575195
301.2591247558594 216.989990234375 328.8775634765625 216.989990234375 328.8775634765625 243.56093978881836 301.2591247558594 243.56093978881836
300.803466796875 216.8712921142578 328.6381587982178 216.8712921142578 328.6381587982178 243.34531021118164 300.803466796875 243.34531021118164
298.61419677734375 217.0913848876953 328.2522678375244 217.0913848876953 328.2522678375244 242.1579933166504 298.61419677734375 242.1579933166504
298.6531982421875 215.9170379638672 328.65448570251465 215.9170379638672 328.65448570251465 242.64971542358398 298.6531982421875 242.64971542358398
299.46856689453125 216.3577423095703 328.6520881652832 216.3577423095703 328.6520881652832 242.9513702392578 299.46856689453125 242.9513702392578
299.52008056640625 216.2300567626953 329.37872314453125 216.2300567626953 329.37872314453125 243.11777687072754 299.52008056640625 243.11777687072754
298.3111267089844 215.2592315673828 328.5708465576172 215.2592315673828 328.5708465576172 242.61362075805664 298.3111267089844 242.61362075805664
297.6027526855469 216.44705200195312 328.046875 216.44705200195312 328.046875 243.42225074768066 297.6027526855469 243.42225074768066
298.7618713378906 216.60995483398438 328.8877716064453 216.60995483398438 328.8877716064453 243.83330726623535 298.7618713378906 243.83330726623535
298.2759704589844 216.0902099609375 327.6218719482422 216.0902099609375 327.6218719482422 242.9606990814209 298.2759704589844 242.9606990814209
298.124755859375 216.2572021484375 327.6120204925537 216.2572021484375 327.6120204925537 242.7105312347412 298.124755859375 242.7105312347412
297.3004455566406 215.926513671875 326.4067840576172 215.926513671875 326.4067840576172 242.54169273376465 297.3004455566406 242.54169273376465
297.24102783203125 215.81570434570312 326.955358505249 215.81570434570312 326.955358505249 242.72678184509277 297.24102783203125 242.72678184509277
295.52581787109375 214.8270263671875 325.1305961608887 214.8270263671875 325.1305961608887 242.13605308532715 295.52581787109375 242.13605308532715
297.00103759765625 214.9966278076172 326.3443260192871 214.9966278076172 326.3443260192871 242.24155235290527 297.00103759765625 242.24155235290527
295.1303405761719 214.9191436767578 324.4754829406738 214.9191436767578 324.4754829406738 242.6791229248047 295.1303405761719 242.6791229248047
296.05572509765625 215.16183471679688 325.0957489013672 215.16183471679688 325.0957489013672 242.04112243652344 296.05572509765625 242.04112243652344
295.017333984375 215.47021484375 324.2527370452881 215.47021484375 324.2527370452881 242.62304306030273 295.017333984375 242.62304306030273
294.5544128417969 215.09854125976562 323.2502689361572 215.09854125976562 323.2502689361572 242.6679344177246 294.5544128417969 242.6679344177246
294.315673828125 215.29837036132812 323.53346252441406 215.29837036132812 323.53346252441406 242.16623878479004 294.315673828125 242.16623878479004
294.12384033203125 214.8546142578125 323.26520347595215 214.8546142578125 323.26520347595215 241.89150047302246 294.12384033203125 241.89150047302246
294.50537109375 215.10946655273438 324.34777450561523 215.10946655273438 324.34777450561523 242.31715965270996 294.50537109375 242.31715965270996
294.638916015625 214.6004180908203 323.2614936828613 214.6004180908203 323.2614936828613 241.59194946289062 294.638916015625 241.59194946289062
