273.0 133.0 305.0 133.0 305.0 171.0 273.0 171.0
273.9276428222656 132.72293090820312 305.3034915924072 132.72293090820312 305.3034915924072 171.2560806274414 273.9276428222656 171.2560806274414
274.0435485839844 132.74172973632812 305.5219306945801 132.74172973632812 305.5219306945801 171.59619903564453 274.0435485839844 171.59619903564453
274.3669128417969 133.55294799804688 306.4420623779297 133.55294799804688 306.4420623779297 171.7500991821289 274.3669128417969 171.7500991821289
275.11846923828125 133.24917602539062 306.67029762268066 133.24917602539062 306.67029762268066 171.7928237915039 275.11846923828125 171.7928237915039
275.43939208984375 133.98565673828125 306.9059543609619 133.98565673828125 306.9059543609619 171.95077896118164 275.43939208984375 171.95077896118164
275.57470703125 134.38790893554688 306.84421157836914 134.38790893554688 306.84421157836914 171.99753189086914 275.57470703125 171.99753189086914
275.6776428222656 134.3210906982422 308.2825584411621 134.3210906982422 308.2825584411621 172.08585357666016 275.6776428222656 172.08585357666016
276.5965881347656 134.4951934814453 308.5066032409668 134.4951934814453 308.5066032409668 171.5627899169922 276.5965881347656 171.5627899169922
276.07672119140625 134.0144500732422 309.3451461791992 134.0144500732422 309.3451461791992 171.93108367919922 276.07672119140625 171.93108367919922
276.72430419921875 133.9656219482422 309.14904403686523 133.9656219482422 309.14904403686523 172.42872619628906 276.72430419921875 172.42872619628906
277.9778747558594 134.53619384765625 309.96796798706055 134.53619384765625 309.96796798706055 172.1897850036621 277.9778747558594 172.1897850036621
277.69598388671875 134.29164123535156 310.6425895690918 134.29164123535156 310.6425895690918 173.26692962646484 277.69598388671875 173.26692962646484
278.1858215332031 133.85302734375 310.9019088745117 133.85302734375 310.9019088745117 172.83765411376953 278.1858215332031 172.83765411376953
278.58984375 134.4072723388672 311.4042778015137 134.4072723388672 311.4042778015137 172.95325469970703 278.58984375 172.95325469970703
279.73699951171875 134.62014770507812 311.83990478515625 134.62014770507812 311.83990478515625 173.73213577270508 279.73699951171875 173.73213577270508
279.50445556640625 134.43624877929688 313.1219711303711 134.43624877929688 313.1219711303711 173.28495407104492 279.50445556640625 173.28495407104492
280.0354309082031 134.1463623046875 313.80257415771484 134.1463623046875 313.80257415771484 173.46781158447266 280.0354309082031 173.46781158447266
281.00274658203125 134.3413543701172 313.9834861755371 134.3413543701172 313.9834861755371 173.50315475463867 281.00274658203125 173.50315475463867
282.11962890625 133.71170043945312 313.9557399749756 133.71170043945312 313.9557399749756 174.02107620239258 282.11962890625 174.02107620239258
282.82452392578125 134.81900024414062 315.1604690551758 134.81900024414062 315.1604690551758 174.2811050415039 282.82452392578125 174.2811050415039
282.8702697753906 134.37936401367188 315.20421981811523 134.37936401367188 315.20421981811523 173.9450454711914 282.8702697753906 173.9450454711914
282.74285888671875 133.90676879882812 316.5004119873047 133.90676879882812 316.5004119873047 174.10747528076172 282.74285888671875 174.10747528076172
283.8006286621094 135.4520721435547 316.74620819091797 135.4520721435547 316.74620819091797 174.69108963012695 283.8006286621094 174.69108963012695
284.54473876953125 135.05055236816406 316.5866279602051 135.05055236816406 316.5866279602051 175.11670684814453 284.54473876953125 175.11670684814453
284.35638427734375 135.0666046142578 317.29088592529297 135.0666046142578 317.29088592529297 175.06507110595703 284.35638427734375 175.06507110595703
284.73687744140625 134.50927734375 318.26780700683594 134.50927734375 318.26780700683594 175.27209854125977 284.73687744140625 175.27209854125977
285.506103515625 136.05023193359375 319.3909721374512 136.05023193359375 319.3909721374512 175.09301376342773 285.506103515625 175.09301376342773
285.36761474609375 134.31240844726562 319.5155334472656 134.31240844726562 319.5155334472656 175.51451873779297 285.36761474609375 175.51451873779297
285.73291015625 134.90780639648438 319.72071075439453 134.90780639648438 319.72071075439453 175.63199615478516 285.73291015625 175.63199615478516
287.1849670410156 136.20150756835938 320.8131904602051 136.20150756835938 320.8131904602051 176.04033660888672 287.1849670410156 176.04033660888672
287.5655212402344 135.40280151367188 321.21031951904297 135.40280151367188 321.21031951904297 176.3210678100586 287.5655212402344 176.3210678100586
287.94281005859375 135.6923370361328 321.39094161987305 135.6923370361328 321.39094161987305 175.5699920654297 287.94281005859375 175.5699920654297
288.02276611328125 135.68104553222656 321.78409576416016 135.68104553222656 321.78409576416016 176.3903579711914 288.02276611328125 176.3903579711914
288.50799560546875 137.1949462890625 322.34375762939453 137.1949462890625 322.34375762939453 177.09689331054688 288.50799560546875 177.09689331054688
289.06036376953125 137.06884765625 322.42369842529297 137.06884765625 322.42369842529297 176.1538200378418 289.06036376953125 176.1538200378418
289.78643798828125 135.86082458496094 323.3313980102539 135.86082458496094 323.3313980102539 177.1502571105957 289.78643798828125 177.1502571105957
290.3835754394531 136.8636932373047 324.3557472229004 136.8636932373047 324.3557472229004 177.40433883666992 290.3835754394531 177.40433883666992
289.9706115722656 136.3784942626953 324.94111251831055 136.3784942626953 324.94111251831055 177.5978240966797 289.9706115722656 177.5978240966797
290.48785400390625 137.20761108398438 326.06539154052734 137.20761108398438 326.06539154052734 177.20447540283203 290.48785400390625 177.20447540283203
291.32257080078125 137.75938415527344 326.52703857421875 137.75938415527344 326.52703857421875 177.0093116760254 291.32257080078125 177.0093116760254
292.35797119140625 137.7576141357422 326.67464447021484 137.7576141357422 326.67464447021484 177.5998077392578 292.35797119140625 177.5998077392578
292.35638427734375 137.65219116210938 326.6078987121582 137.65219116210938 326.6078987121582 177.4087371826172 292.35638427734375 177.4087371826172
292.54107666015625 137.92457580566406 327.82656478881836 137.92457580566406 327.82656478881836 178.3634376525879 292.54107666015625 178.3634376525879
293.5638427734375 138.893798828125 328.53923416137695 138.893798828125 328.53923416137695 177.86255645751953 293.5638427734375 177.86255645751953
293.6368103027344 138.4329833984375 328.96113204956055 138.4329833984375 328.96113204956055 177.62848663330078 293.6368103027344 177.62848663330078
293.9815368652344 138.10179138183594 329.34928131103516 138.10179138183594 329.34928131103516 178.77660369873047 293.9815368652344 178.77660369873047
295.253173828125 139.247802734375 330.2347831726074 139.247802734375 330.2347831726074 178.63774871826172 295.253173828125 178.63774871826172
296.1242980957031 139.2667236328125 331.1978569030762 139.2667236328125 331.1978569030762 179.75607681274414 296.1242980957031 179.75607681274414
296.351318359375 138.23977661132812 332.0600051879883 138.23977661132812 332.0600051879883 179.25897979736328 296.351318359375 179.25897979736328
296.57171630859375 139.04605102539062 332.61515045166016 139.04605102539062 332.61515045166016 179.71644973754883 296.57171630859375 179.71644973754883
296.343017578125 139.4608917236328 332.73105239868164 139.4608917236328 332.73105239868164 179.54980087280273 296.343017578125 179.54980087280273
297.359130859375 139.37547302246094 332.4739189147949 139.37547302246094 332.4739189147949 179.86287307739258 297.359130859375 179.86287307739258
298.39337158203125 138.67874145507812 332.96109771728516 138.67874145507812 332.96109771728516 180.16879272460938 298.39337158203125 180.16879272460938
298.11968994140625 138.439697265625 333.9527359008789 138.439697265625 333.9527359008789 180.11473083496094 298.11968994140625 180.11473083496094
298.7357482910156 139.7960968017578 334.68660736083984 139.7960968017578 334.68660736083984 180.16747283935547 298.7357482910156 180.16747283935547
299.61962890625 139.61888122558594 335.7396049499512 139.61888122558594 335.7396049499512 180.56061172485352 299.61962890625 180.56061172485352
300.43927001953125 139.07594299316406 335.9538040161133 139.07594299316406 335.9538040161133 180.19489288330078 300.43927001953125 180.19489288330078
300.8240966796875 140.73092651367188 337.1574935913086 140.73092651367188 337.1574935913086 181.16668319702148 300.8240966796875 181.16668319702148
300.8072814941406 139.4247589111328 337.44686126708984 139.4247589111328 337.44686126708984 181.07878875732422 300.8072814941406 181.07878875732422
301.5904541015625 139.46023559570312 338.61356353759766 139.46023559570312 338.61356353759766 181.26931762695312 301.5904541015625 181.26931762695312
302.41363525390625 140.85049438476562 339.1879196166992 140.85049438476562 339.1879196166992 182.10546112060547 302.41363525390625 182.10546112060547
302.40704345703125 139.63290405273438 339.74007415771484 139.63290405273438 339.74007415771484 181.87779998779297 302.40704345703125 181.87779998779297
303.0859375 139.37039184570312 340.40251541137695 139.37039184570312 340.40251541137695 181.4188575744629 303.0859375 181.4188575744629
303.94110107421875 139.8217010498047 341.5430145263672 139.8217010498047 341.5430145263672 182.6082992553711 303.94110107421875 182.6082992553711
304.5954895019531 140.3415069580078 342.35198974609375 140.3415069580078 342.35198974609375 182.31134414672852 304.5954895019531 182.31134414672852
305.1868591308594 140.49839782714844 342.6677474975586 140.49839782714844 342.6677474975586 182.90835571289062 305.1868591308594 182.90835571289062
305.58831787109375 140.74154663085938 342.9031295776367 140.74154663085938 342.9031295776367 182.78831100463867 305.58831787109375 182.78831100463867
306.471435546875 139.66152954101562 344.3273811340332 139.66152954101562 344.3273811340332 182.99008178710938 306.471435546875 182.99008178710938
306.960693359375 140.17770385742188 344.71124267578125 140.17770385742188 344.71124267578125 183.24332809448242 306.960693359375 183.24332809448242
306.74774169921875 140.7361297607422 345.0853042602539 140.7361297607422 345.0853042602539 183.33343887329102 306.74774169921875 183.33343887329102
308.3136291503906 140.68154907226562 345.70987701416016 140.68154907226562 345.70987701416016 183.9374237060547 308.3136291503906 183.9374237060547
308.75555419921875 139.96229553222656 347.48352432250977 139.96229553222656 347.48352432250977 184.06154251098633 308.75555419921875 184.06154251098633
307.98870849609375 141.36354064941406 347.7924690246582 141.36354064941406 347.7924690246582 184.69399642944336 307.98870849609375 184.69399642944336
309.5780334472656 140.7913360595703 347.887451171875 140.7913360595703 347.887451171875 183.98535537719727 309.5780334472656 183.98535537719727
310.0902099609375 141.26156616210938 349.17211532592773 141.26156616210938 349.17211532592773 184.4211769104004 310.0902099609375 184.4211769104004
310.6213684082031 140.08349609375 349.6213150024414 140.08349609375 349.6213150024414 184.9837303161621 310.6213684082031 184.9837303161621
311.3694152832031 140.8408660888672 351.1583938598633 140.8408660888672 351.1583938598633 185.30383682250977 311.3694152832031 185.30383682250977
311.6536560058594 140.70217895507812 350.4343452453613 140.70217895507812 350.4343452453613 185.93012237548828 311.6536560058594 185.93012237548828
312.668701171875 141.30239868164062 351.0035400390625 141.30239868164062 351.0035400390625 187.01782989501953 312.668701171875 187.01782989501953
312.5274353027344 141.06947326660156 352.1348686218262 141.06947326660156 352.1348686218262 186.6196517944336 312.5274353027344 186.6196517944336
313.53131103515625 141.79310607910156 352.85559844970703 141.79310607910156 352.85559844970703 187.55907440185547 313.53131103515625 187.55907440185547
313.718505859375 142.29920959472656 353.3232002258301 142.29920959472656 353.3232002258301 187.26880645751953 313.718505859375 187.26880645751953
315.3938293457031 140.686767578125 353.72510528564453 140.686767578125 353.72510528564453 187.4532012939453 315.3938293457031 187.4532012939453
315.46331787109375 141.2759246826172 354.2962760925293 141.2759246826172 354.2962760925293 186.91472625732422 315.46331787109375 186.91472625732422
315.87884521484375 141.98199462890625 354.715518951416 141.98199462890625 354.715518951416 188.31526947021484 315.87884521484375 188.31526947021484
316.5720520019531 143.20120239257812 355.5789566040039 143.20120239257812 355.5789566040039 189.3177719116211 316.5720520019531 189.3177719116211
317.1819763183594 143.1306610107422 356.2908401489258 143.1306610107422 356.2908401489258 189.27843856811523 317.1819763183594 189.27843856811523
318.4508972167969 144.00839233398438 357.19886016845703 144.00839233398438 357.19886016845703 189.39801406860352 318.4508972167969 189.39801406860352
318.6128845214844 142.64340209960938 357.6288070678711 142.64340209960938 357.6288070678711 189.8469467163086 318.6128845214844 189.8469467163086
319.50494384765625 143.1008758544922 357.9647674560547 143.1008758544922 357.9647674560547 190.29005813598633 319.50494384765625 190.29005813598633
319.72344970703125 143.37496948242188 358.6751594543457 143.37496948242188 358.6751594543457 190.34179306030273 319.72344970703125 190.34179306030273
320.607177734375 144.138671875 360.7698211669922 144.138671875 360.7698211669922 191.40579986572266 320.607177734375 191.40579986572266
320.44329833984375 143.94064331054688 360.8336296081543 143.94064331054688 360.8336296081543 191.60383987426758 320.44329833984375 191.60383987426758
322.0894470214844 143.69056701660156 361.19862365722656 143.69056701660156 361.19862365722656 191.19170379638672 322.0894470214844 191.19170379638672
323.0240173339844 144.17160034179688 361.06786346435547 144.17160034179688 361.06786346435547 191.50707244873047 323.0240173339844 191.50707244873047
323.76324462890625 145.03604125976562 362.0674057006836 145.03604125976562 362.0674057006836 192.87675857543945 323.76324462890625 192.87675857543945
323.9850158691406 145.67477416992188 362.17679595947266 145.67477416992188 362.17679595947266 192.54274368286133 323.9850158691406 192.54274368286133
324.3774108886719 144.95233154296875 363.77339935302734 144.95233154296875 363.77339935302734 192.31520462036133 324.3774108886719 192.31520462036133
325.4852294921875 145.08372497558594 363.76355743408203 145.08372497558594 363.76355743408203 192.7474479675293 325.4852294921875 192.7474479675293
326.0028076171875 146.31785583496094 364.3679313659668 146.31785583496094 364.3679313659668 193.5773468017578 326.0028076171875 193.5773468017578
325.96466064453125 146.2251434326172 364.3396110534668 146.2251434326172 364.3396110534668 193.31305694580078 325.96466064453125 193.31305694580078
326.97039794921875 146.19903564453125 365.1993064880371 146.19903564453125 365.1993064880371 193.7437515258789 326.97039794921875 193.7437515258789
327.8712463378906 147.7751007080078 365.68828201293945 147.7751007080078 365.68828201293945 194.47699356079102 327.8712463378906 194.47699356079102
329.1317443847656 148.0384063720703 366.5156784057617 148.0384063720703 366.5156784057617 194.9582748413086 329.1317443847656 194.9582748413086
329.0163879394531 148.22299194335938 366.9903564453125 148.22299194335938 366.9903564453125 194.35921478271484 329.0163879394531 194.35921478271484
329.9142761230469 149.3217010498047 368.3793296813965 149.3217010498047 368.3793296813965 195.08125686645508 329.9142761230469 195.08125686645508
329.98028564453125 149.24179077148438 368.9743118286133 149.24179077148438 368.9743118286133 194.69047927856445 329.98028564453125 194.69047927856445
330.99200439453125 149.6969757080078 369.05797576904297 149.6969757080078 369.05797576904297 195.20786666870117 330.99200439453125 195.20786666870117
331.601318359375 150.07864379882812 369.6781806945801 150.07864379882812 369.6781806945801 195.11465072631836 331.601318359375 195.11465072631836
332.95159912109375 149.63803100585938 370.6175651550293 149.63803100585938 370.6175651550293 194.88938522338867 332.95159912109375 194.88938522338867
333.8992919921875 150.49496459960938 371.0435791015625 150.49496459960938 371.0435791015625 196.46698379516602 333.8992919921875 196.46698379516602
333.82025146484375 149.69613647460938 371.3135414123535 149.69613647460938 371.3135414123535 195.87098693847656 333.82025146484375 195.87098693847656
334.6805419921875 150.12168884277344 371.1131706237793 150.12168884277344 371.1131706237793 196.40525436401367 334.6805419921875 196.40525436401367
335.0736389160156 150.8350830078125 372.2436103820801 150.8350830078125 372.2436103820801 196.53050994873047 335.0736389160156 196.53050994873047
334.99591064453125 151.58621215820312 373.29419708251953 151.58621215820312 373.29419708251953 197.4043197631836 334.99591064453125 197.4043197631836
335.59503173828125 151.90380859375 374.2676544189453 151.90380859375 374.2676544189453 197.94234466552734 335.59503173828125 197.94234466552734
335.8307189941406 150.20419311523438 374.3312797546387 150.20419311523438 374.3312797546387 197.80135345458984 335.8307189941406 197.80135345458984
336.96759033203125 151.09088134765625 374.7939682006836 151.09088134765625 374.7939682006836 198.71919631958008 336.96759033203125 198.71919631958008
337.7190856933594 151.7562255859375 375.4322624206543 151.7562255859375 375.4322624206543 198.86017990112305 337.7190856933594 198.86017990112305
338.9454650878906 152.69491577148438 377.1572074890137 152.69491577148438 377.1572074890137 198.7849884033203 338.9454650878906 198.7849884033203
338.9327392578125 152.32740783691406 378.3085746765137 152.32740783691406 378.3085746765137 199.31376266479492 338.9327392578125 199.31376266479492
339.12042236328125 152.80307006835938 379.7426071166992 152.80307006835938 379.7426071166992 199.59830856323242 339.12042236328125 199.59830856323242
340.35919189453125 152.946533203125 379.34001541137695 152.946533203125 379.34001541137695 201.1761245727539 340.35919189453125 201.1761245727539
340.02490234375 152.78305053710938 380.3482666015625 152.78305053710938 380.3482666015625 200.30290985107422 340.02490234375 200.30290985107422
341.6805114746094 153.3511199951172 381.0155143737793 153.3511199951172 381.0155143737793 200.52956008911133 341.6805114746094 200.52956008911133
341.4288635253906 152.50094604492188 382.44832611083984 152.50094604492188 382.44832611083984 201.02807235717773 341.4288635253906 201.02807235717773
342.77398681640625 152.6124725341797 383.23624420166016 152.6124725341797 383.23624420166016 201.01963424682617 342.77398681640625 201.01963424682617
343.18218994140625 154.04006958007812 383.1654052734375 154.04006958007812 383.1654052734375 202.33361053466797 343.18218994140625 202.33361053466797
344.0298156738281 154.39993286132812 384.58422088623047 154.39993286132812 384.58422088623047 202.5563850402832 344.0298156738281 202.5563850402832
344.5333557128906 154.42880249023438 384.65815353393555 154.42880249023438 384.65815353393555 203.34896087646484 344.5333557128906 203.34896087646484
344.8357238769531 155.06680297851562 385.63648223876953 155.06680297851562 385.63648223876953 203.7697639465332 344.8357238769531 203.7697639465332
345.26239013671875 154.46356201171875 386.477783203125 154.46356201171875 386.477783203125 204.3105354309082 345.26239013671875 204.3105354309082
346.3491516113281 155.8391571044922 385.9020881652832 155.8391571044922 385.9020881652832 204.21753311157227 346.3491516113281 204.21753311157227
346.4713439941406 154.16629028320312 387.3957824707031 154.16629028320312 387.3957824707031 203.80575561523438 346.4713439941406 203.80575561523438
346.82708740234375 154.44277954101562 388.0943374633789 154.44277954101562 388.0943374633789 204.99440002441406 346.82708740234375 204.99440002441406
348.2369079589844 155.8380584716797 389.95337677001953 155.8380584716797 389.95337677001953 204.51117706298828 348.2369079589844 204.51117706298828
347.86956787109375 155.3416748046875 391.2514953613281 155.3416748046875 391.2514953613281 205.33570098876953 347.86956787109375 205.33570098876953
348.98602294921875 156.18502807617188 390.52491760253906 156.18502807617188 390.52491760253906 205.80498123168945 348.98602294921875 205.80498123168945
349.65106201171875 157.25546264648438 391.7469024658203 157.25546264648438 391.7469024658203 206.6927261352539 349.65106201171875 206.6927261352539
350.49761962890625 156.10617065429688 392.397705078125 156.10617065429688 392.397705078125 206.61608123779297 350.49761962890625 206.61608123779297
351.03173828125 156.39996337890625 392.3940658569336 156.39996337890625 392.3940658569336 207.19126892089844 351.03173828125 207.19126892089844
351.4449157714844 156.95126342773438 394.3958435058594 156.95126342773438 394.3958435058594 208.11125946044922 351.4449157714844 208.11125946044922
352.1539001464844 157.87112426757812 395.1085433959961 157.87112426757812 395.1085433959961 208.0302619934082 352.1539001464844 208.0302619934082
353.33453369140625 156.98629760742188 395.1026840209961 156.98629760742188 395.1026840209961 209.54059600830078 353.33453369140625 209.54059600830078
353.65765380859375 157.77716064453125 396.42841720581055 157.77716064453125 396.42841720581055 208.55927276611328 353.65765380859375 208.55927276611328
353.8728942871094 157.5126190185547 396.5350456237793 157.5126190185547 396.5350456237793 209.0426368713379 353.8728942871094 209.0426368713379
355.1598815917969 157.29034423828125 398.03825759887695 157.29034423828125 398.03825759887695 209.26126861572266 355.1598815917969 209.26126861572266
355.47381591796875 158.4661102294922 398.1347122192383 158.4661102294922 398.1347122192383 210.1848487854004 355.47381591796875 210.1848487854004
356.46917724609375 158.1255340576172 399.16712188720703 158.1255340576172 399.16712188720703 210.36011505126953 356.46917724609375 210.36011505126953
356.90081787109375 158.52996826171875 400.1189651489258 158.52996826171875 400.1189651489258 209.84945678710938 356.90081787109375 209.84945678710938
357.6958312988281 159.9769744873047 399.8043327331543 159.9769744873047 399.8043327331543 211.30330657958984 357.6958312988281 211.30330657958984
357.9175720214844 159.79623413085938 402.12713623046875 159.79623413085938 402.12713623046875 211.57525634765625 357.9175720214844 211.57525634765625
358.7623291015625 159.4093017578125 402.76045989990234 159.4093017578125 402.76045989990234 211.34051513671875 358.7623291015625 211.34051513671875
358.89593505859375 161.08926391601562 404.0254440307617 161.08926391601562 404.0254440307617 212.25184631347656 358.89593505859375 212.25184631347656
359.563232421875 160.49368286132812 404.326904296875 160.49368286132812 404.326904296875 212.41697311401367 359.563232421875 212.41697311401367
360.58941650390625 161.3013916015625 404.5690002441406 161.3013916015625 404.5690002441406 212.8924674987793 360.58941650390625 212.8924674987793
361.6551208496094 160.85157775878906 405.78415298461914 160.85157775878906 405.78415298461914 212.89015197753906 361.6551208496094 212.89015197753906
362.3114318847656 161.15518188476562 406.6455993652344 161.15518188476562 406.6455993652344 213.68967819213867 362.3114318847656 213.68967819213867
363.0134582519531 160.0245819091797 406.9416084289551 160.0245819091797 406.9416084289551 213.9302749633789 363.0134582519531 213.9302749633789
363.4143981933594 161.72671508789062 408.19042205810547 161.72671508789062 408.19042205810547 214.90377044677734 363.4143981933594 214.90377044677734
364.1549072265625 163.1508026123047 408.87149810791016 163.1508026123047 408.87149810791016 215.77752304077148 364.1549072265625 215.77752304077148
364.29412841796875 161.48983764648438 409.61769104003906 161.48983764648438 409.61769104003906 216.22727584838867 364.29412841796875 216.22727584838867
365.81439208984375 160.9112548828125 411.052978515625 160.9112548828125 411.052978515625 216.31416702270508 365.81439208984375 216.31416702270508
366.37738037109375 160.81582641601562 411.1919822692871 160.81582641601562 411.1919822692871 217.24441528320312 366.37738037109375 217.24441528320312
366.44122314453125 161.4566192626953 411.8719253540039 161.4566192626953 411.8719253540039 217.25136947631836 366.44122314453125 217.25136947631836
367.11236572265625 163.1947479248047 412.2260322570801 163.1947479248047 412.2260322570801 218.4283790588379 367.11236572265625 218.4283790588379
367.6912536621094 163.04429626464844 413.7143783569336 163.04429626464844 413.7143783569336 218.6316261291504 367.6912536621094 218.6316261291504
368.868896484375 163.6071014404297 414.3973083496094 163.6071014404297 414.3973083496094 219.4275131225586 368.868896484375 219.4275131225586
370.1600341796875 163.56988525390625 414.8700065612793 163.56988525390625 414.8700065612793 219.63960647583008 370.1600341796875 219.63960647583008
370.63983154296875 164.42164611816406 415.2449722290039 164.42164611816406 415.2449722290039 220.4224090576172 370.63983154296875 220.4224090576172
370.8473815917969 165.02029418945312 416.4445266723633 165.02029418945312 416.4445266723633 220.25371170043945 370.8473815917969 220.25371170043945
371.36163330078125 165.00418090820312 417.1736946105957 165.00418090820312 417.1736946105957 220.96259307861328 371.36163330078125 220.96259307861328
372.6251220703125 164.02987670898438 418.10717010498047 164.02987670898438 418.10717010498047 221.11502075195312 372.6251220703125 221.11502075195312
373.28082275390625 164.40548706054688 418.6877021789551 164.40548706054688 418.6877021789551 221.39638137817383 373.28082275390625 221.39638137817383
373.9936218261719 165.5333709716797 419.68481826782227 165.5333709716797 419.68481826782227 222.13739776611328 373.9936218261719 222.13739776611328
374.34808349609375 165.85598754882812 420.5612602233887 165.85598754882812 420.5612602233887 223.3892822265625 374.34808349609375 223.3892822265625
375.5418395996094 167.28433227539062 421.2482452392578 167.28433227539062 421.2482452392578 223.4779167175293 375.5418395996094 223.4779167175293
375.81390380859375 168.15228271484375 421.70558166503906 168.15228271484375 421.70558166503906 224.1205062866211 375.81390380859375 224.1205062866211
376.9447937011719 166.4016876220703 422.33777618408203 166.4016876220703 422.33777618408203 224.28876113891602 376.9447937011719 224.28876113891602
377.1513977050781 169.64964294433594 422.63933181762695 169.64964294433594 422.63933181762695 225.47054290771484 377.1513977050781 225.47054290771484
377.4101867675781 169.25909423828125 423.9951400756836 169.25909423828125 423.9951400756836 225.107666015625 377.4101867675781 225.107666015625
377.88824462890625 168.82192993164062 425.873233795166 168.82192993164062 425.873233795166 225.81047821044922 377.88824462890625 225.81047821044922
379.5825500488281 168.6736602783203 426.28656005859375 168.6736602783203 426.28656005859375 226.3985939025879 379.5825500488281 226.3985939025879
380.35638427734375 168.9884490966797 427.3328170776367 168.9884490966797 427.3328170776367 226.88584899902344 380.35638427734375 226.88584899902344
381.08514404296875 169.7534637451172 426.8092155456543 169.7534637451172 426.8092155456543 226.41464614868164 381.08514404296875 226.41464614868164
381.84228515625 168.75753784179688 427.39361572265625 168.75753784179688 427.39361572265625 227.56501388549805 381.84228515625 227.56501388549805
382.44378662109375 170.6046142578125 428.41040420532227 170.6046142578125 428.41040420532227 228.31636810302734 382.44378662109375 228.31636810302734
381.92303466796875 172.07363891601562 429.5819625854492 172.07363891601562 429.5819625854492 229.75252151489258 381.92303466796875 229.75252151489258
382.77899169921875 172.02670288085938 429.79944610595703 172.02670288085938 429.79944610595703 229.25809478759766 382.77899169921875 229.25809478759766
383.4990539550781 172.3502960205078 430.58706283569336 172.3502960205078 430.58706283569336 230.38425064086914 383.4990539550781 230.38425064086914
385.1681823730469 175.1814727783203 431.90208435058594 175.1814727783203 431.90208435058594 231.3696632385254 385.1681823730469 231.3696632385254
385.4801025390625 173.1627197265625 433.13477325439453 173.1627197265625 433.13477325439453 231.7221794128418 385.4801025390625 231.7221794128418
385.9849548339844 174.6332244873047 433.6337013244629 174.6332244873047 433.6337013244629 231.70239639282227 385.9849548339844 231.70239639282227
385.5155334472656 174.27493286132812 434.0076789855957 174.27493286132812 434.0076789855957 232.1807861328125 385.5155334472656 232.1807861328125
386.8024597167969 174.49786376953125 434.94433975219727 174.49786376953125 434.94433975219727 232.85037994384766 386.8024597167969 232.85037994384766
386.45489501953125 174.52980041503906 436.1493949890137 174.52980041503906 436.1493949890137 233.2651023864746 386.45489501953125 233.2651023864746
388.3183898925781 175.6175537109375 436.8419532775879 175.6175537109375 436.8419532775879 235.4191780090332 388.3183898925781 235.4191780090332
388.5826721191406 175.33172607421875 438.06661224365234 175.33172607421875 438.06661224365234 235.73738861083984 388.5826721191406 235.73738861083984
388.8436279296875 177.7565155029297 438.04273223876953 177.7565155029297 438.04273223876953 237.64104843139648 388.8436279296875 237.64104843139648
389.91302490234375 176.7509765625 439.6528091430664 176.7509765625 439.6528091430664 236.73433685302734 389.91302490234375 236.73433685302734
389.76922607421875 178.08938598632812 439.3139419555664 178.08938598632812 439.3139419555664 238.18717575073242 389.76922607421875 238.18717575073242
390.1962890625 175.86947631835938 440.7984619140625 175.86947631835938 440.7984619140625 237.45979690551758 390.1962890625 237.45979690551758
390.6573791503906 176.49705505371094 441.1027297973633 176.49705505371094 441.1027297973633 238.22025299072266 390.6573791503906 238.22025299072266
391.4041442871094 174.63653564453125 442.28028869628906 174.63653564453125 442.28028869628906 238.97947692871094 391.4041442871094 238.97947692871094
391.59234619140625 175.54953002929688 442.6994094848633 175.54953002929688 442.6994094848633 239.22069549560547 391.59234619140625 239.22069549560547
392.52423095703125 177.43099975585938 443.65713119506836 177.43099975585938 443.65713119506836 241.40155029296875 392.52423095703125 241.40155029296875
392.3958435058594 175.77723693847656 444.1588363647461 175.77723693847656 444.1588363647461 239.9349365234375 392.3958435058594 239.9349365234375
393.4600830078125 177.21652221679688 444.5346450805664 177.21652221679688 444.5346450805664 240.98220825195312 393.4600830078125 240.98220825195312
393.1016540527344 181.17822265625 444.4590950012207 181.17822265625 444.4590950012207 243.95161819458008 393.1016540527344 243.95161819458008
393.95574951171875 180.66102600097656 445.2049789428711 180.66102600097656 445.2049789428711 243.49046325683594 393.95574951171875 243.49046325683594
394.4198913574219 181.107666015625 446.20378494262695 181.107666015625 446.20378494262695 243.90128707885742 394.4198913574219 243.90128707885742
395.0527648925781 180.36761474609375 446.03850173950195 180.36761474609375 446.03850173950195 244.67649841308594 395.0527648925781 244.67649841308594
395.1087951660156 179.23513793945312 447.54205322265625 179.23513793945312 447.54205322265625 244.14798736572266 395.1087951660156 244.14798736572266
395.1155090332031 182.2967071533203 447.0321960449219 182.2967071533203 447.0321960449219 245.9885025024414 395.1155090332031 245.9885025024414
395.3448791503906 184.82379150390625 446.6610412597656 184.82379150390625 446.6610412597656 246.87108612060547 395.3448791503906 246.87108612060547
395.9988098144531 183.0696563720703 447.6311225891113 183.0696563720703 447.6311225891113 246.3844871520996 395.9988098144531 246.3844871520996
395.6003112792969 183.28500366210938 449.6836357116699 183.28500366210938 449.6836357116699 247.3394317626953 395.6003112792969 247.3394317626953
395.36810302734375 183.36871337890625 448.31656646728516 183.36871337890625 448.31656646728516 249.12397003173828 395.36810302734375 249.12397003173828
395.6759033203125 184.82444763183594 448.1519966125488 184.82444763183594 448.1519966125488 250.9507598876953 395.6759033203125 250.9507598876953
395.6610107421875 183.77218627929688 449.2435073852539 183.77218627929688 449.2435073852539 250.70545196533203 395.6610107421875 250.70545196533203
395.23712158203125 184.04306030273438 448.7821846008301 184.04306030273438 448.7821846008301 252.34576416015625 395.23712158203125 252.34576416015625
395.16632080078125 184.9329833984375 448.61506271362305 184.9329833984375 448.61506271362305 253.1372299194336 395.16632080078125 253.1372299194336
395.6914978027344 184.97203063964844 448.9944534301758 184.97203063964844 448.9944534301758 253.2034683227539 395.6914978027344 253.2034683227539
395.60626220703125 187.09542846679688 449.3126449584961 187.09542846679688 449.3126449584961 254.5802764892578 395.60626220703125 254.5802764892578
394.64801025390625 186.7279510498047 449.252197265625 186.7279510498047 449.252197265625 254.62612915039062 394.64801025390625 254.62612915039062
394.3043212890625 190.26058959960938 448.7970085144043 190.26058959960938 448.7970085144043 258.3766326904297 394.3043212890625 258.3766326904297
393.20758056640625 187.262939453125 449.2306098937988 187.262939453125 449.2306098937988 257.3286819458008 393.20758056640625 257.3286819458008
392.7957458496094 188.59925842285156 449.4145736694336 188.59925842285156 449.4145736694336 259.23058319091797 392.7957458496094 259.23058319091797
393.1629333496094 190.484375 448.8993339538574 190.484375 448.8993339538574 261.2903060913086 393.1629333496094 261.2903060913086
392.44378662109375 191.21505737304688 449.02783966064453 191.21505737304688 449.02783966064453 262.2889099121094 392.44378662109375 262.2889099121094
392.3957214355469 192.99771118164062 448.6805953979492 192.99771118164062 448.6805953979492 263.1466979980469 392.3957214355469 263.1466979980469
392.07159423828125 194.43490600585938 448.05803298950195 194.43490600585938 448.05803298950195 264.73890686035156 392.07159423828125 264.73890686035156
390.5685119628906 196.30978393554688 447.3850326538086 196.30978393554688 447.3850326538086 266.1332702636719 390.5685119628906 266.1332702636719
390.02972412109375 195.66763305664062 448.1568183898926 195.66763305664062 448.1568183898926 266.94700622558594 390.02972412109375 266.94700622558594
389.34771728515625 195.0335235595703 447.29239654541016 195.0335235595703 447.29239654541016 268.36158752441406 389.34771728515625 268.36158752441406
389.11041259765625 194.76577758789062 446.68599700927734 194.76577758789062 446.68599700927734 267.24317932128906 389.11041259765625 267.24317932128906
388.29876708984375 198.6103057861328 446.47449493408203 198.6103057861328 446.47449493408203 270.4488830566406 388.29876708984375 270.4488830566406
388.1178894042969 199.32852172851562 445.1798896789551 199.32852172851562 445.1798896789551 270.62110900878906 388.1178894042969 270.62110900878906
387.42950439453125 200.3656463623047 444.73774337768555 200.3656463623047 444.73774337768555 272.2519226074219 387.42950439453125 272.2519226074219
387.3120422363281 203.8004608154297 443.73360443115234 203.8004608154297 443.73360443115234 273.16961669921875 387.3120422363281 273.16961669921875
386.44671630859375 203.00009155273438 443.98590087890625 203.00009155273438 443.98590087890625 272.5199508666992 386.44671630859375 272.5199508666992
385.22943115234375 205.7173309326172 441.5941276550293 205.7173309326172 441.5941276550293 275.41253662109375 385.22943115234375 275.41253662109375
383.6338195800781 205.6879425048828 440.4771194458008 205.6879425048828 440.4771194458008 274.5869140625 383.6338195800781 274.5869140625
382.3611145019531 207.44400024414062 440.62503814697266 207.44400024414062 440.62503814697266 277.0463104248047 382.3611145019531 277.0463104248047
381.397705078125 207.71298217773438 439.3159866333008 207.71298217773438 439.3159866333008 277.5984344482422 381.397705078125 277.5984344482422
379.53533935546875 208.8447723388672 438.56023025512695 208.8447723388672 438.56023025512695 278.2057418823242 379.53533935546875 278.2057418823242
377.79443359375 210.28146362304688 436.88640213012695 210.28146362304688 436.88640213012695 279.44895935058594 377.79443359375 279.44895935058594
377.0133972167969 209.15908813476562 438.1889877319336 209.15908813476562 438.1889877319336 279.96905517578125 377.0133972167969 279.96905517578125
374.6309509277344 209.04421997070312 436.04871368408203 209.04421997070312 436.04871368408203 281.1095886230469 374.6309509277344 281.1095886230469
372.19085693359375 213.22006225585938 432.7347106933594 213.22006225585938 432.7347106933594 285.51890563964844 372.19085693359375 285.51890563964844
371.83746337890625 213.0463409423828 434.22685623168945 213.0463409423828 434.22685623168945 284.20176696777344 371.83746337890625 284.20176696777344
369.0001220703125 213.0692901611328 431.3283500671387 213.0692901611328 431.3283500671387 285.2634735107422 369.0001220703125 285.2634735107422
367.76507568359375 212.68002319335938 429.66594314575195 212.68002319335938 429.66594314575195 286.44883728027344 367.76507568359375 286.44883728027344
365.19854736328125 214.3401641845703 428.0426712036133 214.3401641845703 428.0426712036133 288.60498809814453 365.19854736328125 288.60498809814453
362.25018310546875 216.05636596679688 425.20038986206055 216.05636596679688 425.20038986206055 290.30836486816406 362.25018310546875 290.30836486816406
360.48590087890625 216.0979461669922 424.14379119873047 216.0979461669922 424.14379119873047 291.3888168334961 360.48590087890625 291.3888168334961
359.332763671875 216.0336456298828 424.3197937011719 216.0336456298828 424.3197937011719 292.92073822021484 359.332763671875 292.92073822021484
357.0159606933594 220.0199737548828 421.02941131591797 220.0199737548828 421.02941131591797 295.3529052734375 357.0159606933594 295.3529052734375
353.6021728515625 220.4555206298828 418.1367950439453 220.4555206298828 418.1367950439453 296.1142349243164 353.6021728515625 296.1142349243164
351.44549560546875 218.4830780029297 417.77303314208984 218.4830780029297 417.77303314208984 296.3211212158203 351.44549560546875 296.3211212158203
348.88232421875 221.5861358642578 415.7393341064453 221.5861358642578 415.7393341064453 301.28887939453125 348.88232421875 301.28887939453125
346.68682861328125 220.12246704101562 415.29251861572266 220.12246704101562 415.29251861572266 300.7357635498047 346.68682861328125 300.7357635498047
344.10968017578125 219.9752197265625 411.30918884277344 219.9752197265625 411.30918884277344 301.98533630371094 344.10968017578125 301.98533630371094
343.29180908203125 223.49642944335938 411.63414001464844 223.49642944335938 411.63414001464844 302.9446487426758 343.29180908203125 302.9446487426758
339.3543395996094 224.25302124023438 408.0969009399414 224.25302124023438 408.0969009399414 305.5435104370117 339.3543395996094 305.5435104370117
336.8371276855469 221.4560089111328 407.5492248535156 221.4560089111328 407.5492248535156 304.2309875488281 336.8371276855469 304.2309875488281
335.41851806640625 225.5038604736328 406.49090576171875 225.5038604736328 406.49090576171875 307.1566925048828 335.41851806640625 307.1566925048828
332.1134948730469 227.5413360595703 404.0111999511719 227.5413360595703 404.0111999511719 310.02709197998047 332.1134948730469 310.02709197998047
327.559814453125 231.16049194335938 396.87281799316406 231.16049194335938 396.87281799316406 312.0822296142578 327.559814453125 312.0822296142578
325.3542175292969 229.5186309814453 397.7698669433594 229.5186309814453 397.7698669433594 311.5879364013672 325.3542175292969 311.5879364013672
323.4632263183594 230.9447021484375 394.9502716064453 230.9447021484375 394.9502716064453 313.8778305053711 323.4632263183594 313.8778305053711
318.74249267578125 234.1322784423828 388.36668395996094 234.1322784423828 388.36668395996094 315.9513854980469 318.74249267578125 315.9513854980469
317.4478759765625 237.73910522460938 388.3663635253906 237.73910522460938 388.3663635253906 318.08555603027344 317.4478759765625 318.08555603027344
316.06085205078125 235.32168579101562 388.1230697631836 235.32168579101562 388.1230697631836 317.3804702758789 316.06085205078125 317.3804702758789
308.69287109375 241.6088104248047 380.46669006347656 241.6088104248047 380.46669006347656 323.46429443359375 308.69287109375 323.46429443359375
307.431884765625 239.4677734375 381.3670425415039 239.4677734375 381.3670425415039 323.1148452758789 307.431884765625 323.1148452758789
307.325927734375 238.18655395507812 382.38328552246094 238.18655395507812 382.38328552246094 321.9814758300781 307.325927734375 321.9814758300781
305.01416015625 242.1085968017578 379.3967819213867 242.1085968017578 379.3967819213867 326.916748046875 305.01416015625 326.916748046875
297.7880859375 245.66842651367188 373.00687408447266 245.66842651367188 373.00687408447266 328.72547149658203 297.7880859375 328.72547149658203
297.6044006347656 244.9093017578125 372.4180679321289 244.9093017578125 372.4180679321289 327.08507537841797 297.6044006347656 327.08507537841797
293.32232666015625 246.78256225585938 368.29410552978516 246.78256225585938 368.29410552978516 329.86415100097656 293.32232666015625 329.86415100097656
290.5823974609375 246.2923583984375 365.7306671142578 246.2923583984375 365.7306671142578 330.6809310913086 290.5823974609375 330.6809310913086
287.16973876953125 248.08016967773438 363.07682037353516 248.08016967773438 363.07682037353516 334.44417572021484 287.16973876953125 334.44417572021484
281.8869323730469 250.7064971923828 359.1468963623047 250.7064971923828 359.1468963623047 336.52003479003906 281.8869323730469 336.52003479003906
280.2228698730469 250.36703491210938 357.47755432128906 250.36703491210938 357.47755432128906 337.9537811279297 280.2228698730469 337.9537811279297
276.3436279296875 253.86123657226562 353.3793411254883 253.86123657226562 353.3793411254883 340.9412384033203 276.3436279296875 340.9412384033203
271.8182067871094 253.27456665039062 350.67750549316406 253.27456665039062 350.67750549316406 341.5029754638672 271.8182067871094 341.5029754638672
271.05712890625 254.62744140625 347.94432830810547 254.62744140625 347.94432830810547 342.9631576538086 271.05712890625 342.9631576538086
267.37701416015625 256.8512878417969 346.5867385864258 256.8512878417969 346.5867385864258 345.85292053222656 267.37701416015625 345.85292053222656
262.4689636230469 258.30133056640625 341.7894515991211 258.30133056640625 341.7894515991211 347.9886703491211 262.4689636230469 347.9886703491211
260.1459655761719 255.99832153320312 342.03795623779297 255.99832153320312 342.03795623779297 347.60003662109375 260.1459655761719 347.60003662109375
257.5604248046875 257.4900817871094 337.24779510498047 257.4900817871094 337.24779510498047 351.90955352783203 257.5604248046875 351.90955352783203
279.4707946777344 257.06182861328125 365.2058868408203 257.06182861328125 365.2058868408203 358.87223052978516 279.4707946777344 358.87223052978516
336.6055603027344 263.9245300292969 421.0818328857422 263.9245300292969 421.0818328857422 364.24009704589844 336.6055603027344 364.24009704589844
397.94488525390625 270.56890869140625 485.6103973388672 270.56890869140625 485.6103973388672 361.8965301513672 397.94488525390625 361.8965301513672
442.2123107910156 259.10687255859375 533.8392028808594 259.10687255859375 533.8392028808594 354.49591064453125 442.2123107910156 354.49591064453125
488.54388427734375 268.9853515625 574.1941070556641 268.9853515625 574.1941070556641 370.6949691772461 488.54388427734375 370.6949691772461
525.3221435546875 265.4716796875 613.7731857299805 265.4716796875 613.7731857299805 358.92162322998047 525.3221435546875 358.92162322998047
512.41015625 274.12188720703125 595.921630859375 274.12188720703125 595.921630859375 363.0195617675781 512.41015625 363.0195617675781
508.0193786621094 272.6247253417969 593.7447204589844 272.6247253417969 593.7447204589844 367.1359405517578 508.0193786621094 367.1359405517578
509.4059143066406 272.86004638671875 588.9139251708984 272.86004638671875 588.9139251708984 367.8381042480469 509.4059143066406 367.8381042480469
501.02374267578125 276.80853271484375 588.1751861572266 276.80853271484375 588.1751861572266 371.03868103027344 501.02374267578125 371.03868103027344
499.4082946777344 278.59423828125 579.752571105957 278.59423828125 579.752571105957 373.88639068603516 499.4082946777344 373.88639068603516
493.039306640625 279.48663330078125 576.8309707641602 279.48663330078125 576.8309707641602 377.71309661865234 493.039306640625 377.71309661865234
489.4845275878906 283.596923828125 576.08154296875 283.596923828125 576.08154296875 379.9007263183594 489.4845275878906 379.9007263183594
483.8092346191406 285.63336181640625 570.2739486694336 285.63336181640625 570.2739486694336 381.5409469604492 483.8092346191406 381.5409469604492
481.466064453125 285.3616638183594 564.4746017456055 285.3616638183594 564.4746017456055 382.32315826416016 481.466064453125 382.32315826416016
474.7989807128906 289.18402099609375 561.9443359375 289.18402099609375 561.9443359375 385.9939651489258 474.7989807128906 385.9939651489258
469.13970947265625 288.69122314453125 556.2139129638672 288.69122314453125 556.2139129638672 387.56048583984375 469.13970947265625 387.56048583984375
461.98260498046875 293.6583251953125 548.8499755859375 293.6583251953125 548.8499755859375 392.38951110839844 461.98260498046875 392.38951110839844
456.773193359375 294.447509765625 543.4611663818359 294.447509765625 543.4611663818359 392.6405715942383 456.773193359375 392.6405715942383
452.7662048339844 296.53399658203125 538.5744094848633 296.53399658203125 538.5744094848633 394.6755599975586 452.7662048339844 394.6755599975586
446.6895446777344 300.05181884765625 536.3036727905273 300.05181884765625 536.3036727905273 398.8002471923828 446.6895446777344 398.8002471923828
437.50970458984375 302.480712890625 527.1033325195312 302.480712890625 527.1033325195312 402.78944396972656 437.50970458984375 402.78944396972656
432.3091735839844 303.807373046875 520.1560745239258 303.807373046875 520.1560745239258 405.28028106689453 432.3091735839844 405.28028106689453
430.2969665527344 306.0867614746094 520.3309936523438 306.0867614746094 520.3309936523438 408.1178436279297 430.2969665527344 408.1178436279297
424.21173095703125 306.2296142578125 515.2527542114258 306.2296142578125 515.2527542114258 410.1218719482422 424.21173095703125 410.1218719482422
414.1961364746094 312.65716552734375 504.84425354003906 312.65716552734375 504.84425354003906 417.0733871459961 414.1961364746094 417.0733871459961
404.91387939453125 317.6315612792969 498.3524703979492 317.6315612792969 498.3524703979492 420.1598815917969 404.91387939453125 420.1598815917969
402.4198913574219 313.4700927734375 497.31004333496094 313.4700927734375 497.31004333496094 421.07579040527344 402.4198913574219 421.07579040527344
394.9559631347656 317.434326171875 486.93770599365234 317.434326171875 486.93770599365234 422.69503021240234 394.9559631347656 422.69503021240234
384.74774169921875 321.0118713378906 479.6160659790039 321.0118713378906 479.6160659790039 428.4860382080078 384.74774169921875 428.4860382080078
381.68267822265625 324.28436279296875 477.94493103027344 324.28436279296875 477.94493103027344 432.6254653930664 381.68267822265625 432.6254653930664
354.32928466796875 334.12030029296875 451.8113555908203 334.12030029296875 451.8113555908203 443.800048828125 354.32928466796875 443.800048828125
348.62054443359375 336.4771423339844 447.5953826904297 336.4771423339844 447.5953826904297 446.9886169433594 348.62054443359375 446.9886169433594
334.0399169921875 339.4052429199219 433.3277587890625 339.4052429199219 433.3277587890625 450.5623016357422 334.0399169921875 450.5623016357422
327.3853454589844 344.814697265625 428.16363525390625 344.814697265625 428.16363525390625 455.7813720703125 327.3853454589844 455.7813720703125
318.0042419433594 348.9639587402344 420.3834915161133 348.9639587402344 420.3834915161133 460.0851593017578 318.0042419433594 460.0851593017578
304.7743225097656 348.8424377441406 406.83126068115234 348.8424377441406 406.83126068115234 461.87549591064453 304.7743225097656 461.87549591064453
301.0048522949219 353.70306396484375 403.79236602783203 353.70306396484375 403.79236602783203 464.9979019165039 301.0048522949219 464.9979019165039
288.38763427734375 357.4344787597656 390.71177673339844 357.4344787597656 390.71177673339844 469.4422912597656 288.38763427734375 469.4422912597656
