110.0 96.0 134.0 96.0 134.0 142.0 110.0 142.0
110.22660827636719 96.44528198242188 134.470853805542 96.44528198242188 134.470853805542 142.24879837036133 110.22660827636719 142.24879837036133
110.8567886352539 96.59310150146484 135.0104694366455 96.59310150146484 135.0104694366455 142.59454345703125 110.8567886352539 142.59454345703125
112.146484375 98.12494659423828 136.33193969726562 98.12494659423828 136.33193969726562 142.62836837768555 112.146484375 142.62836837768555
113.42801666259766 99.07115936279297 137.52711296081543 99.07115936279297 137.52711296081543 143.47211837768555 113.42801666259766 143.47211837768555
114.58782958984375 100.23160552978516 138.96552658081055 100.23160552978516 138.96552658081055 144.35430145263672 114.58782958984375 144.35430145263672
115.57877349853516 99.5140151977539 139.8166561126709 99.5140151977539 139.8166561126709 146.91082763671875 115.57877349853516 146.91082763671875
116.11494445800781 100.98387145996094 141.88050270080566 100.98387145996094 141.88050270080566 147.91410064697266 116.11494445800781 147.91410064697266
117.13885498046875 101.607177734375 142.19624519348145 101.607177734375 142.19624519348145 149.1317253112793 117.13885498046875 149.1317253112793
117.5806884765625 102.59431457519531 142.87483596801758 102.59431457519531 142.87483596801758 148.18030166625977 117.5806884765625 148.18030166625977
118.78759765625 103.1373291015625 143.14460945129395 103.1373291015625 143.14460945129395 149.51326751708984 118.78759765625 149.51326751708984
118.73170471191406 103.50297546386719 144.6980857849121 103.50297546386719 144.6980857849121 151.08750915527344 118.73170471191406 151.08750915527344
119.88749694824219 104.1175537109375 145.2624053955078 104.1175537109375 145.2624053955078 152.77177047729492 119.88749694824219 152.77177047729492
120.3121566772461 104.30192565917969 145.6671314239502 104.30192565917969 145.6671314239502 153.14862060546875 120.3121566772461 153.14862060546875
121.12664794921875 105.90333557128906 146.33306884765625 105.90333557128906 146.33306884765625 152.47377014160156 121.12664794921875 152.47377014160156
122.0791015625 105.18896484375 147.32504653930664 105.18896484375 147.32504653930664 153.22753143310547 122.0791015625 153.22753143310547
122.3593521118164 106.18946838378906 148.8739185333252 106.18946838378906 148.8739185333252 155.15657806396484 122.3593521118164 155.15657806396484
123.8038330078125 107.1101303100586 149.44789695739746 107.1101303100586 149.44789695739746 155.17976760864258 123.8038330078125 155.17976760864258
125.99082946777344 108.50907897949219 151.1485652923584 108.50907897949219 151.1485652923584 157.4159278869629 125.99082946777344 157.4159278869629
127.76995849609375 110.08251953125 153.86301040649414 110.08251953125 153.86301040649414 158.6079978942871 127.76995849609375 158.6079978942871
128.93783569335938 110.83506774902344 155.76479530334473 110.83506774902344 155.76479530334473 159.2072410583496 128.93783569335938 159.2072410583496
130.07711791992188 111.13336181640625 156.4464874267578 111.13336181640625 156.4464874267578 160.83497619628906 130.07711791992188 160.83497619628906
130.62246704101562 110.7579574584961 157.30289840698242 110.7579574584961 157.30289840698242 161.68765258789062 130.62246704101562 161.68765258789062
131.9983367919922 113.2113265991211 158.4394016265869 113.2113265991211 158.4394016265869 161.92620086669922 131.9983367919922 161.92620086669922
133.19790649414062 112.3308334350586 159.9832706451416 112.3308334350586 159.9832706451416 163.1233024597168 133.19790649414062 163.1233024597168
133.51141357421875 113.1465835571289 160.873291015625 113.1465835571289 160.873291015625 163.9575080871582 133.51141357421875 163.9575080871582
135.10659790039062 114.5776138305664 162.16710472106934 114.5776138305664 162.16710472106934 164.2005844116211 135.10659790039062 164.2005844116211
136.47573852539062 115.86788177490234 163.59018898010254 115.86788177490234 163.59018898010254 166.2547721862793 136.47573852539062 166.2547721862793
137.73464965820312 116.11080169677734 167.48376083374023 116.11080169677734 167.48376083374023 167.27425384521484 137.73464965820312 167.27425384521484
138.82318115234375 116.25102233886719 167.5500602722168 116.25102233886719 167.5500602722168 168.3106346130371 138.82318115234375 168.3106346130371
139.4573974609375 118.2027587890625 168.33249282836914 118.2027587890625 168.33249282836914 167.63061141967773 139.4573974609375 167.63061141967773
140.16268920898438 118.45243835449219 169.34815406799316 118.45243835449219 169.34815406799316 170.24380111694336 140.16268920898438 170.24380111694336
141.32089233398438 120.77872467041016 169.70855140686035 120.77872467041016 169.70855140686035 170.40797424316406 141.32089233398438 170.40797424316406
142.02012634277344 121.5790786743164 170.07291793823242 121.5790786743164 170.07291793823242 169.41159057617188 142.02012634277344 169.41159057617188
143.02346801757812 123.74691009521484 172.2464141845703 123.74691009521484 172.2464141845703 170.4974822998047 143.02346801757812 170.4974822998047
143.51187133789062 124.13006591796875 172.11381912231445 124.13006591796875 172.11381912231445 169.99898529052734 143.51187133789062 169.99898529052734
143.9715118408203 126.25887298583984 172.37836265563965 126.25887298583984 172.37836265563965 170.5835304260254 143.9715118408203 170.5835304260254
143.9373779296875 121.09004974365234 172.7143497467041 121.09004974365234 172.7143497467041 176.24590301513672 143.9373779296875 176.24590301513672
143.739013671875 127.1595230102539 172.3955421447754 127.1595230102539 172.3955421447754 171.12905883789062 143.739013671875 171.12905883789062
143.11575317382812 128.53555297851562 174.09722328186035 128.53555297851562 174.09722328186035 177.05548095703125 143.11575317382812 177.05548095703125
143.64952087402344 127.62823486328125 174.55401229858398 127.62823486328125 174.55401229858398 178.9437141418457 143.64952087402344 178.9437141418457
144.33432006835938 128.6268768310547 175.60577392578125 128.6268768310547 175.60577392578125 181.7871322631836 144.33432006835938 181.7871322631836
144.74905395507812 129.71963500976562 175.13767623901367 129.71963500976562 175.13767623901367 184.10725021362305 144.74905395507812 184.10725021362305
145.22164916992188 130.12496948242188 175.40370178222656 130.12496948242188 175.40370178222656 185.79956817626953 145.22164916992188 185.79956817626953
145.25962829589844 131.9343719482422 175.29668807983398 131.9343719482422 175.29668807983398 186.10518646240234 145.25962829589844 186.10518646240234
145.7940673828125 131.6105194091797 175.28314590454102 131.6105194091797 175.28314590454102 187.82477569580078 145.7940673828125 187.82477569580078
145.9932403564453 132.88491821289062 175.22929000854492 132.88491821289062 175.22929000854492 188.95130157470703 145.9932403564453 188.95130157470703
145.51104736328125 133.6880645751953 175.42319297790527 133.6880645751953 175.42319297790527 189.88324737548828 145.51104736328125 189.88324737548828
146.09451293945312 134.8178253173828 175.65216064453125 134.8178253173828 175.65216064453125 191.43059539794922 146.09451293945312 191.43059539794922
145.70126342773438 135.65968322753906 174.94277000427246 135.65968322753906 174.94277000427246 194.04146575927734 145.70126342773438 194.04146575927734
145.24136352539062 136.3563995361328 175.21510314941406 136.3563995361328 175.21510314941406 193.8430938720703 145.24136352539062 193.8430938720703
146.0723419189453 138.21054077148438 174.9948387145996 138.21054077148438 174.9948387145996 194.9391098022461 146.0723419189453 194.9391098022461
145.26339721679688 139.3579559326172 175.47298049926758 139.3579559326172 175.47298049926758 194.9112892150879 145.26339721679688 194.9112892150879
144.20571899414062 141.24679565429688 175.09051513671875 141.24679565429688 175.09051513671875 199.30380249023438 144.20571899414062 199.30380249023438
143.5187530517578 141.95394897460938 175.1150608062744 141.95394897460938 175.1150608062744 201.07870483398438 143.5187530517578 201.07870483398438
142.3190155029297 144.4473876953125 174.0563144683838 144.4473876953125 174.0563144683838 200.98722457885742 142.3190155029297 200.98722457885742
139.83767700195312 146.7064666748047 173.06780242919922 146.7064666748047 173.06780242919922 205.49463653564453 139.83767700195312 205.49463653564453
138.8704833984375 148.5161895751953 170.77378463745117 148.5161895751953 170.77378463745117 207.12660217285156 138.8704833984375 207.12660217285156
135.7171173095703 149.3295440673828 169.92970657348633 149.3295440673828 169.92970657348633 207.60486221313477 135.7171173095703 207.60486221313477
132.96530151367188 152.11929321289062 166.32894897460938 152.11929321289062 166.32894897460938 210.55062103271484 132.96530151367188 210.55062103271484
131.178466796875 153.66905212402344 165.39611053466797 153.66905212402344 165.39611053466797 210.00403213500977 131.178466796875 210.00403213500977
128.97280883789062 154.0621795654297 163.51612091064453 154.0621795654297 163.51612091064453 212.25042343139648 128.97280883789062 212.25042343139648
127.16886901855469 156.82135009765625 161.16494369506836 156.82135009765625 161.16494369506836 215.8358154296875 127.16886901855469 215.8358154296875
123.1449966430664 158.59420776367188 157.7162322998047 158.59420776367188 157.7162322998047 216.70377349853516 123.1449966430664 216.70377349853516
117.60289001464844 158.54940795898438 154.70484161376953 158.54940795898438 154.70484161376953 220.63854217529297 117.60289001464844 220.63854217529297
115.01640319824219 161.4407958984375 151.28104400634766 161.4407958984375 151.28104400634766 221.2281494140625 115.01640319824219 221.2281494140625
112.625 164.6049346923828 148.2736701965332 164.6049346923828 148.2736701965332 223.30796813964844 112.625 223.30796813964844
107.73460388183594 164.36936950683594 143.50280380249023 164.36936950683594 143.50280380249023 226.88763046264648 107.73460388183594 226.88763046264648
104.5951156616211 167.4336395263672 140.42662811279297 167.4336395263672 140.42662811279297 227.8350601196289 104.5951156616211 227.8350601196289
102.33293151855469 168.5753173828125 139.03050994873047 168.5753173828125 139.03050994873047 228.8880844116211 102.33293151855469 228.8880844116211
99.03347778320312 169.7257843017578 135.4383659362793 169.7257843017578 135.4383659362793 230.08014297485352 99.03347778320312 230.08014297485352
94.71305847167969 172.673095703125 132.64883041381836 172.673095703125 132.64883041381836 234.76378631591797 94.71305847167969 234.76378631591797
91.29904174804688 173.35140991210938 129.56412506103516 173.35140991210938 129.56412506103516 236.13384246826172 91.29904174804688 236.13384246826172
85.20986938476562 177.30613708496094 123.91302871704102 177.30613708496094 123.91302871704102 240.15235137939453 85.20986938476562 240.15235137939453
79.7725601196289 180.0507354736328 118.78223037719727 180.0507354736328 118.78223037719727 242.8598403930664 79.7725601196289 242.8598403930664
76.0776138305664 182.27908325195312 116.23042678833008 182.27908325195312 116.23042678833008 245.8561897277832 76.0776138305664 245.8561897277832
71.64119720458984 185.78952026367188 111.11207580566406 185.78952026367188 111.11207580566406 248.44034576416016 71.64119720458984 248.44034576416016
70.3034439086914 185.70083618164062 109.86207580566406 185.70083618164062 109.86207580566406 249.82395935058594 70.3034439086914 249.82395935058594
64.60885620117188 191.29312133789062 103.39702987670898 191.29312133789062 103.39702987670898 254.75291061401367 64.60885620117188 254.75291061401367
59.07655715942383 192.5164794921875 98.51770782470703 192.5164794921875 98.51770782470703 257.6513671875 59.07655715942383 257.6513671875
51.5236701965332 195.96133422851562 91.82836532592773 195.96133422851562 91.82836532592773 262.20350646972656 51.5236701965332 262.20350646972656
41.10416793823242 205.2102508544922 81.18692398071289 205.2102508544922 81.18692398071289 267.7188949584961 41.10416793823242 267.7188949584961
33.19516372680664 206.77151489257812 73.63990783691406 206.77151489257812 73.63990783691406 271.4412841796875 33.19516372680664 271.4412841796875
26.179180145263672 211.00143432617188 66.49229049682617 211.00143432617188 66.49229049682617 274.6016540527344 26.179180145263672 274.6016540527344
