456.0 306.0 495.0 306.0 495.0 358.0 456.0 358.0
455.324951171875 304.60394287109375 494.5068054199219 304.60394287109375 494.5068054199219 358.3097038269043 455.324951171875 358.3097038269043
454.56439208984375 306.5605163574219 491.590763092041 306.5605163574219 491.590763092041 356.63732147216797 454.56439208984375 356.63732147216797
454.00372314453125 305.79632568359375 490.9792137145996 305.79632568359375 490.9792137145996 358.6673355102539 454.00372314453125 358.6673355102539
451.70245361328125 305.24932861328125 488.6907958984375 305.24932861328125 488.6907958984375 359.68354415893555 451.70245361328125 359.68354415893555
450.4720764160156 302.9306945800781 488.0086555480957 302.9306945800781 488.0086555480957 358.6012191772461 450.4720764160156 358.6012191772461
449.69970703125 300.1300354003906 486.05710220336914 300.1300354003906 486.05710220336914 356.5741767883301 449.69970703125 356.5741767883301
447.41259765625 300.97698974609375 484.57827377319336 300.97698974609375 484.57827377319336 355.37454986572266 447.41259765625 355.37454986572266
445.1727600097656 300.3458557128906 482.98232650756836 300.3458557128906 482.98232650756836 354.94178009033203 445.1727600097656 354.94178009033203
444.9147033691406 299.7781677246094 482.1759834289551 299.7781677246094 482.1759834289551 353.8124008178711 444.9147033691406 353.8124008178711
442.9913635253906 301.3979187011719 481.25975036621094 301.3979187011719 481.25975036621094 353.91463470458984 442.9913635253906 353.91463470458984
441.8451232910156 302.2441101074219 479.0201835632324 302.2441101074219 479.0201835632324 356.06954193115234 441.8451232910156 356.06954193115234
440.0711975097656 302.12841796875 477.8086814880371 302.12841796875 477.8086814880371 356.0658493041992 440.0711975097656 356.0658493041992
437.2007751464844 302.1849060058594 475.9435234069824 302.1849060058594 475.9435234069824 355.4596748352051 437.2007751464844 355.4596748352051
436.277099609375 300.87542724609375 474.49151611328125 300.87542724609375 474.49151611328125 356.7814407348633 436.277099609375 356.7814407348633
434.816650390625 299.6219482421875 472.1976852416992 299.6219482421875 472.1976852416992 353.6881904602051 434.816650390625 353.6881904602051
433.59539794921875 300.8231506347656 470.9704246520996 300.8231506347656 470.9704246520996 352.92426681518555 433.59539794921875 352.92426681518555
430.7012634277344 297.9869384765625 469.0693054199219 297.9869384765625 469.0693054199219 352.63861083984375 430.7012634277344 352.63861083984375
429.74169921875 298.10723876953125 468.0484733581543 298.10723876953125 468.0484733581543 352.0098075866699 429.74169921875 352.0098075866699
427.47119140625 298.3426513671875 466.50525665283203 298.3426513671875 466.50525665283203 353.7123832702637 427.47119140625 353.7123832702637
426.21197509765625 299.921875 465.2391700744629 299.921875 465.2391700744629 356.3471565246582 426.21197509765625 356.3471565246582
422.94342041015625 300.050537109375 462.4811210632324 300.050537109375 462.4811210632324 355.29487228393555 422.94342041015625 355.29487228393555
422.6680603027344 299.1406555175781 461.31388092041016 299.1406555175781 461.31388092041016 353.83977127075195 422.6680603027344 353.83977127075195
421.24530029296875 298.5716247558594 459.71818923950195 298.5716247558594 459.71818923950195 354.2295608520508 421.24530029296875 354.2295608520508
420.46221923828125 296.5787353515625 458.6736946105957 296.5787353515625 458.6736946105957 350.18993377685547 420.46221923828125 350.18993377685547
418.8529357910156 295.830078125 457.5109977722168 295.830078125 457.5109977722168 350.0586357116699 418.8529357910156 350.0586357116699
416.5079650878906 294.5714416503906 454.72914123535156 294.5714416503906 454.72914123535156 350.5057601928711 416.5079650878906 350.5057601928711
415.60076904296875 295.35711669921875 453.30433654785156 295.35711669921875 453.30433654785156 350.8828430175781 415.60076904296875 350.8828430175781
412.684814453125 296.7018127441406 450.6404037475586 296.7018127441406 450.6404037475586 353.9207077026367 412.684814453125 353.9207077026367
411.5313415527344 297.6910400390625 449.26085662841797 297.6910400390625 449.26085662841797 352.8390426635742 411.5313415527344 352.8390426635742
409.5294494628906 296.2928161621094 447.5229377746582 296.2928161621094 447.5229377746582 352.0652542114258 409.5294494628906 352.0652542114258
408.17633056640625 296.69915771484375 445.9732475280762 296.69915771484375 445.9732475280762 351.0560417175293 408.17633056640625 351.0560417175293
406.5771789550781 294.8172607421875 444.3829116821289 294.8172607421875 444.3829116821289 350.1858940124512 406.5771789550781 350.1858940124512
405.03680419921875 295.1957092285156 443.3695297241211 295.1957092285156 443.3695297241211 349.03931427001953 405.03680419921875 349.03931427001953
403.108642578125 293.64788818359375 441.5280456542969 293.64788818359375 441.5280456542969 348.7359313964844 403.108642578125 348.7359313964844
401.8628845214844 293.4910583496094 440.77324295043945 293.4910583496094 440.77324295043945 350.1751403808594 401.8628845214844 350.1751403808594
399.7452392578125 294.5899658203125 437.74683380126953 294.5899658203125 437.74683380126953 350.7166061401367 399.7452392578125 350.7166061401367
398.80792236328125 292.88397216796875 437.2627944946289 292.88397216796875 437.2627944946289 349.89290618896484 398.80792236328125 349.89290618896484
397.56524658203125 293.12078857421875 435.3204116821289 293.12078857421875 435.3204116821289 348.4607849121094 397.56524658203125 348.4607849121094
394.8172302246094 294.82904052734375 433.58487701416016 294.82904052734375 433.58487701416016 349.5610466003418 394.8172302246094 349.5610466003418
394.11785888671875 291.7516174316406 432.9277687072754 291.7516174316406 432.9277687072754 348.06348419189453 394.11785888671875 348.06348419189453
392.44366455078125 291.49053955078125 431.03213119506836 291.49053955078125 431.03213119506836 345.49254608154297 392.44366455078125 345.49254608154297
391.11627197265625 290.9128723144531 428.9373893737793 290.9128723144531 428.9373893737793 346.8702697753906 391.11627197265625 346.8702697753906
388.74969482421875 290.25189208984375 426.2988471984863 290.25189208984375 426.2988471984863 346.8814888000488 388.74969482421875 346.8814888000488
386.926025390625 289.7757263183594 425.5077819824219 289.7757263183594 425.5077819824219 345.8356628417969 386.926025390625 345.8356628417969
385.7353210449219 291.4381408691406 423.3994369506836 291.4381408691406 423.3994369506836 346.71724700927734 385.7353210449219 346.71724700927734
383.9899597167969 288.40728759765625 421.18003845214844 288.40728759765625 421.18003845214844 344.6863784790039 383.9899597167969 344.6863784790039
383.1385803222656 290.76397705078125 419.8212699890137 290.76397705078125 419.8212699890137 348.2566947937012 383.1385803222656 348.2566947937012
383.52630615234375 290.5227355957031 419.2374382019043 290.5227355957031 419.2374382019043 346.08023834228516 383.52630615234375 346.08023834228516
382.64239501953125 289.8799743652344 419.0130271911621 289.8799743652344 419.0130271911621 346.9998359680176 382.64239501953125 346.9998359680176
381.6658935546875 289.15228271484375 417.52639389038086 289.15228271484375 417.52639389038086 345.4169692993164 381.6658935546875 345.4169692993164
381.68756103515625 286.8387145996094 417.65185165405273 286.8387145996094 417.65185165405273 344.254150390625 381.68756103515625 344.254150390625
380.63153076171875 286.8621520996094 416.46068572998047 286.8621520996094 416.46068572998047 343.2502021789551 380.63153076171875 343.2502021789551
378.6448059082031 288.8747863769531 414.6414260864258 288.8747863769531 414.6414260864258 349.4117012023926 378.6448059082031 349.4117012023926
378.71246337890625 289.78369140625 414.5979118347168 289.78369140625 414.5979118347168 347.7499084472656 378.71246337890625 347.7499084472656
376.9466247558594 289.242919921875 412.9574089050293 289.242919921875 412.9574089050293 347.4195137023926 376.9466247558594 347.4195137023926
375.76751708984375 288.1726379394531 411.4369316101074 288.1726379394531 411.4369316101074 345.56629180908203 375.76751708984375 345.56629180908203
375.5811462402344 287.35540771484375 411.1601333618164 287.35540771484375 411.1601333618164 343.55583572387695 375.5811462402344 343.55583572387695
374.35235595703125 285.5619812011719 409.6131019592285 285.5619812011719 409.6131019592285 343.34222412109375 374.35235595703125 343.34222412109375
372.36114501953125 284.04150390625 407.9953918457031 284.04150390625 407.9953918457031 338.9099235534668 372.36114501953125 338.9099235534668
370.98516845703125 281.52667236328125 407.17932891845703 281.52667236328125 407.17932891845703 337.6958236694336 370.98516845703125 337.6958236694336
372.38800048828125 283.13275146484375 407.5450973510742 283.13275146484375 407.5450973510742 340.28483963012695 372.38800048828125 340.28483963012695
368.7879638671875 284.04931640625 404.6521301269531 284.04931640625 404.6521301269531 341.2162857055664 368.7879638671875 341.2162857055664
367.611572265625 282.3247375488281 404.17575454711914 282.3247375488281 404.17575454711914 339.2870292663574 367.611572265625 339.2870292663574
366.5276184082031 281.30816650390625 404.030574798584 281.30816650390625 404.030574798584 339.73698806762695 366.5276184082031 339.73698806762695
365.4269104003906 281.50091552734375 402.72554779052734 281.50091552734375 402.72554779052734 338.59806060791016 365.4269104003906 338.59806060791016
364.44085693359375 279.03887939453125 401.9570617675781 279.03887939453125 401.9570617675781 336.9223518371582 364.44085693359375 336.9223518371582
365.23809814453125 279.21417236328125 402.4703063964844 279.21417236328125 402.4703063964844 335.6920700073242 365.23809814453125 335.6920700073242
364.61419677734375 277.72552490234375 401.16088104248047 277.72552490234375 401.16088104248047 336.88317108154297 364.61419677734375 336.88317108154297
363.6285095214844 276.94757080078125 401.03370666503906 276.94757080078125 401.03370666503906 336.0958671569824 363.6285095214844 336.0958671569824
363.0460510253906 278.2384948730469 400.18249893188477 278.2384948730469 400.18249893188477 337.3129768371582 363.0460510253906 337.3129768371582
361.71734619140625 279.37152099609375 398.57081604003906 279.37152099609375 398.57081604003906 337.8719177246094 361.71734619140625 337.8719177246094
361.48309326171875 281.10308837890625 397.73529052734375 281.10308837890625 397.73529052734375 339.0111198425293 361.48309326171875 339.0111198425293
360.2438659667969 278.54656982421875 395.8550834655762 278.54656982421875 395.8550834655762 337.58187103271484 360.2438659667969 337.58187103271484
358.931396484375 277.7434387207031 394.9534225463867 277.7434387207031 394.9534225463867 337.0501403808594 358.931396484375 337.0501403808594
357.1239929199219 276.9940490722656 394.0411491394043 276.9940490722656 394.0411491394043 336.53496170043945 357.1239929199219 336.53496170043945
356.30322265625 276.7394714355469 393.1251029968262 276.7394714355469 393.1251029968262 336.09703826904297 356.30322265625 336.09703826904297
353.61309814453125 273.8258972167969 390.26729583740234 273.8258972167969 390.26729583740234 333.36003494262695 353.61309814453125 333.36003494262695
352.49993896484375 277.03857421875 388.5408058166504 277.03857421875 388.5408058166504 336.2664985656738 352.49993896484375 336.2664985656738
350.55364990234375 277.3797607421875 387.1363067626953 277.3797607421875 387.1363067626953 335.8877182006836 350.55364990234375 335.8877182006836
349.2026672363281 277.3199157714844 384.72414779663086 277.3199157714844 384.72414779663086 336.02625274658203 349.2026672363281 336.02625274658203
348.3061218261719 275.438232421875 383.7178955078125 275.438232421875 383.7178955078125 335.4202079772949 348.3061218261719 335.4202079772949
347.2514953613281 276.0495300292969 382.9437713623047 276.0495300292969 382.9437713623047 333.82605743408203 347.2514953613281 333.82605743408203
344.9802551269531 276.9060974121094 381.4552917480469 276.9060974121094 381.4552917480469 333.2777214050293 344.9802551269531 333.2777214050293
344.20654296875 275.043701171875 381.8501091003418 275.043701171875 381.8501091003418 332.85352325439453 344.20654296875 332.85352325439453
341.0843200683594 274.59661865234375 379.0428771972656 274.59661865234375 379.0428771972656 331.41191482543945 341.0843200683594 331.41191482543945
339.19891357421875 275.3214416503906 377.4564666748047 275.3214416503906 377.4564666748047 332.23055267333984 339.19891357421875 332.23055267333984
337.7154235839844 275.71453857421875 375.38358306884766 275.71453857421875 375.38358306884766 331.6333312988281 337.7154235839844 331.6333312988281
336.79119873046875 275.16387939453125 374.8110771179199 275.16387939453125 374.8110771179199 330.2729301452637 336.79119873046875 330.2729301452637
334.6136779785156 277.1276550292969 371.8255729675293 277.1276550292969 371.8255729675293 332.1897163391113 334.6136779785156 332.1897163391113
334.11529541015625 274.61767578125 371.0373649597168 274.61767578125 371.0373649597168 328.71053314208984 334.11529541015625 328.71053314208984
331.2103576660156 271.6308898925781 369.8347396850586 271.6308898925781 369.8347396850586 327.62091064453125 331.2103576660156 327.62091064453125
330.05609130859375 271.2452087402344 369.0281105041504 271.2452087402344 369.0281105041504 325.90815353393555 330.05609130859375 325.90815353393555
328.3214416503906 271.4232482910156 366.49100494384766 271.4232482910156 366.49100494384766 325.9904670715332 328.3214416503906 325.9904670715332
327.5530700683594 272.5511779785156 364.6546974182129 272.5511779785156 364.6546974182129 327.4739074707031 327.5530700683594 327.4739074707031
325.1116943359375 273.4496765136719 362.57617950439453 273.4496765136719 362.57617950439453 327.92536544799805 325.1116943359375 327.92536544799805
323.93939208984375 273.1905517578125 361.23061752319336 273.1905517578125 361.23061752319336 326.3599433898926 323.93939208984375 326.3599433898926
322.9805908203125 271.7397766113281 359.72767639160156 271.7397766113281 359.72767639160156 326.3873481750488 322.9805908203125 326.3873481750488
321.148681640625 269.0626525878906 358.78701400756836 269.0626525878906 358.78701400756836 324.06478118896484 321.148681640625 324.06478118896484
319.08135986328125 267.9187927246094 357.5574188232422 267.9187927246094 357.5574188232422 324.4697265625 319.08135986328125 324.4697265625
318.283203125 269.6260681152344 355.4084243774414 269.6260681152344 355.4084243774414 324.5144271850586 318.283203125 324.5144271850586
316.21990966796875 268.68658447265625 353.9085884094238 268.68658447265625 353.9085884094238 324.2909469604492 316.21990966796875 324.2909469604492
315.22125244140625 269.86993408203125 353.6696357727051 269.86993408203125 353.6696357727051 324.0477294921875 315.22125244140625 324.0477294921875
313.51776123046875 269.89837646484375 352.3598518371582 269.89837646484375 352.3598518371582 322.39962005615234 313.51776123046875 322.39962005615234
313.13812255859375 270.48541259765625 350.78722763061523 270.48541259765625 350.78722763061523 323.0038032531738 313.13812255859375 323.0038032531738
312.1338806152344 267.97271728515625 349.4320983886719 267.97271728515625 349.4320983886719 322.24288177490234 312.1338806152344 322.24288177490234
310.70306396484375 266.9541015625 348.25597381591797 266.9541015625 348.25597381591797 320.5379447937012 310.70306396484375 320.5379447937012
309.8882751464844 266.52459716796875 346.73848724365234 266.52459716796875 346.73848724365234 318.4363479614258 309.8882751464844 318.4363479614258
308.94476318359375 265.72857666015625 345.5737648010254 265.72857666015625 345.5737648010254 318.44379806518555 308.94476318359375 318.44379806518555
307.1923828125 266.06488037109375 343.8479537963867 266.06488037109375 343.8479537963867 318.4625358581543 307.1923828125 318.4625358581543
306.704345703125 266.1636962890625 343.1344223022461 266.1636962890625 343.1344223022461 318.9388542175293 306.704345703125 318.9388542175293
303.93798828125 267.4237976074219 341.4749946594238 267.4237976074219 341.4749946594238 321.13915252685547 303.93798828125 321.13915252685547
302.9418029785156 266.954345703125 340.6670951843262 266.954345703125 340.6670951843262 320.6430778503418 302.9418029785156 320.6430778503418
302.5341796875 266.5885009765625 340.090030670166 266.5885009765625 340.090030670166 319.1932067871094 302.5341796875 319.1932067871094
301.97564697265625 265.68035888671875 338.89085388183594 265.68035888671875 338.89085388183594 316.866268157959 301.97564697265625 316.866268157959
299.8142395019531 263.9007873535156 335.88731384277344 263.9007873535156 335.88731384277344 317.0450248718262 299.8142395019531 317.0450248718262
299.5899658203125 262.17803955078125 335.3989562988281 262.17803955078125 335.3989562988281 316.8873825073242 299.5899658203125 316.8873825073242
297.6974182128906 262.522705078125 335.01461029052734 262.522705078125 335.01461029052734 314.90544509887695 297.6974182128906 314.90544509887695
297.2954406738281 263.83367919921875 333.54836654663086 263.83367919921875 333.54836654663086 316.5794868469238 297.2954406738281 316.5794868469238
296.36578369140625 264.89849853515625 332.3694877624512 264.89849853515625 332.3694877624512 315.4565544128418 296.36578369140625 315.4565544128418
295.98028564453125 264.869384765625 332.4149703979492 264.869384765625 332.4149703979492 315.49129486083984 295.98028564453125 315.49129486083984
294.22845458984375 263.604736328125 330.59178924560547 263.604736328125 330.59178924560547 314.9128189086914 294.22845458984375 314.9128189086914
293.16693115234375 262.1374206542969 330.3924026489258 262.1374206542969 330.3924026489258 313.1733207702637 293.16693115234375 313.1733207702637
292.9065856933594 263.432861328125 328.79545974731445 263.432861328125 328.79545974731445 315.0566635131836 292.9065856933594 315.0566635131836
291.73602294921875 261.94110107421875 328.7837104797363 261.94110107421875 328.7837104797363 313.74471282958984 291.73602294921875 313.74471282958984
290.3238525390625 262.53436279296875 327.2361946105957 262.53436279296875 327.2361946105957 314.1711311340332 290.3238525390625 314.1711311340332
289.4819030761719 264.1805725097656 325.8022155761719 264.1805725097656 325.8022155761719 315.19654846191406 289.4819030761719 315.19654846191406
287.90521240234375 263.00335693359375 325.5247268676758 263.00335693359375 325.5247268676758 314.13191986083984 287.90521240234375 314.13191986083984
288.0992736816406 266.9266662597656 323.5971221923828 266.9266662597656 323.5971221923828 317.42467498779297 288.0992736816406 317.42467498779297
286.05804443359375 264.816650390625 323.3747367858887 264.816650390625 323.3747367858887 316.03870391845703 286.05804443359375 316.03870391845703
285.0550842285156 266.55657958984375 320.6776008605957 266.55657958984375 320.6776008605957 318.6463432312012 285.0550842285156 318.6463432312012
284.53143310546875 263.774658203125 320.3414077758789 263.774658203125 320.3414077758789 317.0336494445801 284.53143310546875 317.0336494445801
283.63555908203125 261.93707275390625 319.86096954345703 261.93707275390625 319.86096954345703 315.1676254272461 283.63555908203125 315.1676254272461
281.981201171875 261.4075622558594 318.6508903503418 261.4075622558594 318.6508903503418 316.49788665771484 281.981201171875 316.49788665771484
281.47784423828125 261.30291748046875 317.1505241394043 261.30291748046875 317.1505241394043 316.09101486206055 281.47784423828125 316.09101486206055
280.1388244628906 261.3059387207031 317.17822265625 261.3059387207031 317.17822265625 316.4928779602051 280.1388244628906 316.4928779602051
280.30096435546875 261.0172424316406 316.40457916259766 261.0172424316406 316.40457916259766 315.7394104003906 280.30096435546875 315.7394104003906
278.63641357421875 260.51226806640625 314.85009002685547 260.51226806640625 314.85009002685547 316.7910385131836 278.63641357421875 316.7910385131836
278.50909423828125 259.6468811035156 314.48270416259766 259.6468811035156 314.48270416259766 315.4618225097656 278.50909423828125 315.4618225097656
277.021484375 258.4666442871094 313.5921859741211 258.4666442871094 313.5921859741211 312.5217514038086 277.021484375 312.5217514038086
276.0357360839844 255.9148712158203 311.6920967102051 255.9148712158203 311.6920967102051 310.01425552368164 276.0357360839844 310.01425552368164
276.02984619140625 255.7609100341797 311.4870071411133 255.7609100341797 311.4870071411133 310.01783752441406 276.02984619140625 310.01783752441406
275.69671630859375 255.9478302001953 311.9935646057129 255.9478302001953 311.9935646057129 310.19017791748047 275.69671630859375 310.19017791748047
274.6388244628906 257.24200439453125 310.9572334289551 257.24200439453125 310.9572334289551 312.9667549133301 274.6388244628906 312.9667549133301
271.61712646484375 257.020751953125 308.5522651672363 257.020751953125 308.5522651672363 310.3285102844238 271.61712646484375 310.3285102844238
272.42449951171875 259.84423828125 309.2522201538086 259.84423828125 309.2522201538086 313.5531120300293 272.42449951171875 313.5531120300293
270.18878173828125 258.61541748046875 308.13887786865234 258.61541748046875 308.13887786865234 313.1348190307617 270.18878173828125 313.1348190307617
270.49310302734375 257.04144287109375 308.2225112915039 257.04144287109375 308.2225112915039 311.1416816711426 270.49310302734375 311.1416816711426
268.86181640625 254.98330688476562 306.11208724975586 254.98330688476562 306.11208724975586 309.4307975769043 268.86181640625 309.4307975769043
267.9003601074219 254.7913055419922 305.1214904785156 254.7913055419922 305.1214904785156 308.9484329223633 267.9003601074219 308.9484329223633
267.89105224609375 254.587890625 304.62138748168945 254.587890625 304.62138748168945 308.72710037231445 267.89105224609375 308.72710037231445
267.15899658203125 256.37957763671875 303.7053909301758 256.37957763671875 303.7053909301758 309.9506645202637 267.15899658203125 309.9506645202637
265.6947937011719 255.8302001953125 302.9881057739258 255.8302001953125 302.9881057739258 309.3608207702637 265.6947937011719 309.3608207702637
264.83709716796875 257.0453186035156 301.3232765197754 257.0453186035156 301.3232765197754 310.2613639831543 264.83709716796875 310.2613639831543
263.9639892578125 256.1089782714844 301.49946212768555 256.1089782714844 301.49946212768555 309.4647636413574 263.9639892578125 309.4647636413574
264.2892150878906 256.5310363769531 301.49390411376953 256.5310363769531 301.49390411376953 308.60648345947266 264.2892150878906 308.60648345947266
263.39111328125 254.4627227783203 299.8476333618164 254.4627227783203 299.8476333618164 307.03015899658203 263.39111328125 307.03015899658203
262.70184326171875 253.2531280517578 300.0955276489258 253.2531280517578 300.0955276489258 305.2124252319336 262.70184326171875 305.2124252319336
263.2787780761719 252.7906036376953 299.35291290283203 252.7906036376953 299.35291290283203 305.36172103881836 263.2787780761719 305.36172103881836
262.1446533203125 254.5253448486328 298.1956672668457 254.5253448486328 298.1956672668457 307.1054039001465 262.1446533203125 307.1054039001465
260.8299865722656 254.767822265625 296.8617286682129 254.767822265625 296.8617286682129 307.1740608215332 260.8299865722656 307.1740608215332
260.20794677734375 256.56097412109375 296.2298049926758 256.56097412109375 296.2298049926758 308.31822967529297 260.20794677734375 308.31822967529297
260.28564453125 254.91635131835938 295.84843826293945 254.91635131835938 295.84843826293945 309.21916580200195 260.28564453125 309.21916580200195
259.02978515625 251.83056640625 295.5613670349121 251.83056640625 295.5613670349121 305.71170806884766 259.02978515625 305.71170806884766
258.59356689453125 252.6038055419922 293.5088691711426 252.6038055419922 293.5088691711426 306.3121871948242 258.59356689453125 306.3121871948242
257.286376953125 251.9319610595703 292.76590728759766 251.9319610595703 292.76590728759766 305.29378509521484 257.286376953125 305.29378509521484
256.90570068359375 250.8219451904297 291.9979782104492 250.8219451904297 291.9979782104492 303.0891342163086 256.90570068359375 303.0891342163086
257.1910095214844 251.34024047851562 292.4444351196289 251.34024047851562 292.4444351196289 303.5191345214844 257.1910095214844 303.5191345214844
256.433349609375 250.7744903564453 292.27685928344727 250.7744903564453 292.27685928344727 303.5858497619629 256.433349609375 303.5858497619629
255.4319610595703 251.56057739257812 290.6575584411621 251.56057739257812 290.6575584411621 305.80701446533203 255.4319610595703 305.80701446533203
255.76217651367188 253.7257843017578 290.5536117553711 253.7257843017578 290.5536117553711 306.8641700744629 255.76217651367188 306.8641700744629
253.9056854248047 250.3994598388672 289.01154708862305 250.3994598388672 289.01154708862305 303.3910675048828 253.9056854248047 303.3910675048828
254.0751190185547 249.65396118164062 289.9515800476074 249.65396118164062 289.9515800476074 302.71806716918945 254.0751190185547 302.71806716918945
252.5139923095703 247.75906372070312 288.7259750366211 247.75906372070312 288.7259750366211 300.7851142883301 252.5139923095703 300.7851142883301
252.3260040283203 247.1475372314453 288.8803901672363 247.1475372314453 288.8803901672363 300.50179290771484 252.3260040283203 300.50179290771484
251.0054473876953 248.43179321289062 288.18635177612305 248.43179321289062 288.18635177612305 301.70500564575195 251.0054473876953 301.70500564575195
250.1356964111328 248.64364624023438 286.350528717041 248.64364624023438 286.350528717041 301.4398384094238 250.1356964111328 301.4398384094238
250.41552734375 249.132080078125 287.25205993652344 249.132080078125 287.25205993652344 301.6799430847168 250.41552734375 301.6799430847168
249.16748046875 251.75765991210938 285.5490837097168 251.75765991210938 285.5490837097168 305.2562942504883 249.16748046875 305.2562942504883
247.04342651367188 248.83935546875 283.15299224853516 248.83935546875 283.15299224853516 302.35169219970703 247.04342651367188 302.35169219970703
247.163330078125 250.1966094970703 283.5660934448242 250.1966094970703 283.5660934448242 302.961124420166 247.163330078125 302.961124420166
245.7339630126953 247.8698272705078 281.45922088623047 247.8698272705078 281.45922088623047 299.6799774169922 245.7339630126953 299.6799774169922
244.0504608154297 246.1710662841797 279.8843460083008 246.1710662841797 279.8843460083008 298.91539001464844 244.0504608154297 298.91539001464844
243.0438690185547 246.15478515625 278.46300506591797 246.15478515625 278.46300506591797 297.3202590942383 243.0438690185547 297.3202590942383
242.96524047851562 245.2467803955078 277.6181106567383 245.2467803955078 277.6181106567383 295.37354278564453 242.96524047851562 295.37354278564453
242.2715301513672 246.24813842773438 277.491397857666 246.24813842773438 277.491397857666 296.2881851196289 242.2715301513672 296.2881851196289
240.9886932373047 247.4987335205078 276.58447647094727 247.4987335205078 276.58447647094727 298.4878158569336 240.9886932373047 298.4878158569336
240.14706420898438 247.06289672851562 275.8710250854492 247.06289672851562 275.8710250854492 298.0559425354004 240.14706420898438 298.0559425354004
240.1079559326172 247.93942260742188 275.85064697265625 247.93942260742188 275.85064697265625 300.4981880187988 240.1079559326172 300.4981880187988
237.80838012695312 245.1035614013672 274.50047302246094 245.1035614013672 274.50047302246094 295.8852653503418 237.80838012695312 295.8852653503418
237.7785186767578 244.607177734375 274.1476364135742 244.607177734375 274.1476364135742 297.16668701171875 237.7785186767578 297.16668701171875
238.0770721435547 244.27566528320312 273.70191955566406 244.27566528320312 273.70191955566406 296.5243225097656 238.0770721435547 296.5243225097656
238.3597412109375 244.1240997314453 272.94432830810547 244.1240997314453 272.94432830810547 296.2957191467285 238.3597412109375 296.2957191467285
237.22177124023438 244.63339233398438 272.0990104675293 244.63339233398438 272.0990104675293 295.72319412231445 237.22177124023438 295.72319412231445
236.4484100341797 246.3597412109375 271.7769317626953 246.3597412109375 271.7769317626953 295.95327377319336 236.4484100341797 295.95327377319336
236.3147430419922 247.2229461669922 271.813289642334 247.2229461669922 271.813289642334 296.43761444091797 236.3147430419922 296.43761444091797
234.7100372314453 246.99679565429688 269.3546371459961 246.99679565429688 269.3546371459961 297.40617752075195 234.7100372314453 297.40617752075195
233.8075714111328 246.3571319580078 268.2266387939453 246.3571319580078 268.2266387939453 296.31922912597656 233.8075714111328 296.31922912597656
232.67660522460938 244.65493774414062 268.2106704711914 244.65493774414062 268.2106704711914 294.0872001647949 232.67660522460938 294.0872001647949
233.6551513671875 245.28665161132812 267.58399200439453 245.28665161132812 267.58399200439453 296.3307991027832 233.6551513671875 296.3307991027832
230.8974151611328 242.4863739013672 265.1075630187988 242.4863739013672 265.1075630187988 292.053955078125 230.8974151611328 292.053955078125
231.0263671875 243.8695526123047 265.16815185546875 243.8695526123047 265.16815185546875 292.78428649902344 231.0263671875 292.78428649902344
230.4957275390625 244.7637481689453 264.5574264526367 244.7637481689453 264.5574264526367 292.8143196105957 230.4957275390625 292.8143196105957
229.92453002929688 244.459716796875 263.8027572631836 244.459716796875 263.8027572631836 293.74695587158203 229.92453002929688 293.74695587158203
229.5340576171875 244.3180694580078 264.12756729125977 244.3180694580078 264.12756729125977 294.33960723876953 229.5340576171875 294.33960723876953
227.70840454101562 244.15774536132812 261.28228759765625 244.15774536132812 261.28228759765625 294.38692474365234 227.70840454101562 294.38692474365234
227.044677734375 244.16763305664062 261.3215522766113 244.16763305664062 261.3215522766113 294.7902717590332 227.044677734375 294.7902717590332
227.00527954101562 243.1057586669922 261.56075286865234 243.1057586669922 261.56075286865234 293.1255111694336 227.00527954101562 293.1255111694336
226.22079467773438 241.9944610595703 260.81080627441406 241.9944610595703 260.81080627441406 291.88741302490234 226.22079467773438 291.88741302490234
225.58084106445312 240.2519073486328 259.0356140136719 240.2519073486328 259.0356140136719 291.34508895874023 225.58084106445312 291.34508895874023
224.5098114013672 241.0961151123047 258.7263946533203 241.0961151123047 258.7263946533203 290.49658966064453 224.5098114013672 290.49658966064453
223.7483673095703 244.33041381835938 258.3074607849121 244.33041381835938 258.3074607849121 292.47628021240234 223.7483673095703 292.47628021240234
221.63916015625 243.4791717529297 256.06627655029297 243.4791717529297 256.06627655029297 290.6044464111328 221.63916015625 290.6044464111328
220.7994384765625 242.5026092529297 255.75146484375 242.5026092529297 255.75146484375 290.68727111816406 220.7994384765625 290.68727111816406
220.93115234375 243.4171905517578 255.03682708740234 243.4171905517578 255.03682708740234 291.62265396118164 220.93115234375 291.62265396118164
219.36135864257812 241.9987030029297 253.33321380615234 241.9987030029297 253.33321380615234 289.4344139099121 219.36135864257812 289.4344139099121
219.1615447998047 240.86196899414062 253.1164207458496 240.86196899414062 253.1164207458496 289.16478729248047 219.1615447998047 289.16478729248047
218.3585968017578 239.4805908203125 252.48438262939453 239.4805908203125 252.48438262939453 287.79175567626953 218.3585968017578 287.79175567626953
216.90835571289062 240.60995483398438 251.79717254638672 240.60995483398438 251.79717254638672 288.84431076049805 216.90835571289062 288.84431076049805
216.9259490966797 240.08303833007812 251.5500717163086 240.08303833007812 251.5500717163086 288.3243637084961 216.9259490966797 288.3243637084961
216.10476684570312 242.03799438476562 250.64952850341797 242.03799438476562 250.64952850341797 290.2844123840332 216.10476684570312 290.2844123840332
215.2864227294922 242.1632080078125 249.53141403198242 242.1632080078125 249.53141403198242 289.0438423156738 215.2864227294922 289.0438423156738
214.6033935546875 241.2412872314453 248.6784439086914 241.2412872314453 248.6784439086914 288.74512481689453 214.6033935546875 288.74512481689453
214.1360321044922 239.9552001953125 248.58824157714844 239.9552001953125 248.58824157714844 288.07280349731445 214.1360321044922 288.07280349731445
213.6962127685547 239.649658203125 247.84094619750977 239.649658203125 247.84094619750977 288.45019912719727 213.6962127685547 288.45019912719727
212.9774627685547 238.8500518798828 247.0729217529297 238.8500518798828 247.0729217529297 287.09151458740234 212.9774627685547 287.09151458740234
211.2890625 238.68649291992188 245.26482391357422 238.68649291992188 245.26482391357422 287.50170516967773 211.2890625 287.50170516967773
210.7091522216797 239.57931518554688 245.02869415283203 239.57931518554688 245.02869415283203 288.9424247741699 210.7091522216797 288.9424247741699
209.99282836914062 240.3140411376953 244.3672866821289 240.3140411376953 244.3672866821289 287.6664276123047 209.99282836914062 287.6664276123047
208.49331665039062 240.4100341796875 241.83867645263672 240.4100341796875 241.83867645263672 288.8396873474121 208.49331665039062 288.8396873474121
207.8681182861328 238.87338256835938 242.3151092529297 238.87338256835938 242.3151092529297 286.5016555786133 207.8681182861328 286.5016555786133
207.3791961669922 238.7629852294922 241.7016372680664 238.7629852294922 241.7016372680664 287.3134117126465 207.3791961669922 287.3134117126465
206.5807342529297 238.5302276611328 240.76230239868164 238.5302276611328 240.76230239868164 285.6809387207031 206.5807342529297 285.6809387207031
205.5214080810547 237.6974639892578 238.83360290527344 237.6974639892578 238.83360290527344 283.9340362548828 205.5214080810547 283.9340362548828
204.8878936767578 236.0511474609375 238.83834075927734 236.0511474609375 238.83834075927734 283.5380096435547 204.8878936767578 283.5380096435547
203.44924926757812 237.4950408935547 237.95452117919922 237.4950408935547 237.95452117919922 284.36702728271484 203.44924926757812 284.36702728271484
203.321044921875 237.98583984375 236.85623168945312 237.98583984375 236.85623168945312 284.1272392272949 203.321044921875 284.1272392272949
202.044189453125 239.3220977783203 235.41667938232422 239.3220977783203 235.41667938232422 285.8035087585449 202.044189453125 285.8035087585449
201.83865356445312 239.3779754638672 235.9131851196289 239.3779754638672 235.9131851196289 285.00156021118164 201.83865356445312 285.00156021118164
200.7924041748047 238.8696746826172 234.47244262695312 238.8696746826172 234.47244262695312 284.8127670288086 200.7924041748047 284.8127670288086
199.64389038085938 236.99099731445312 234.50233840942383 236.99099731445312 234.50233840942383 283.1899528503418 199.64389038085938 283.1899528503418
199.7202606201172 236.927490234375 234.4393539428711 236.927490234375 234.4393539428711 282.8548393249512 199.7202606201172 282.8548393249512
199.198486328125 235.87954711914062 233.52745819091797 235.87954711914062 233.52745819091797 281.6368637084961 199.198486328125 281.6368637084961
198.6315460205078 236.11181640625 232.35639190673828 236.11181640625 232.35639190673828 281.3019714355469 198.6315460205078 281.3019714355469
197.33248901367188 236.18505859375 231.72399139404297 236.18505859375 231.72399139404297 281.7296905517578 197.33248901367188 281.7296905517578
197.18199157714844 237.1487274169922 231.1977424621582 237.1487274169922 231.1977424621582 282.4802703857422 197.18199157714844 282.4802703857422
196.1290740966797 235.317138671875 230.04749298095703 235.317138671875 230.04749298095703 280.50914764404297 196.1290740966797 280.50914764404297
195.7010955810547 236.1589813232422 229.51378631591797 236.1589813232422 229.51378631591797 282.1604766845703 195.7010955810547 282.1604766845703
194.2369384765625 234.9952850341797 228.1651382446289 234.9952850341797 228.1651382446289 280.6365776062012 194.2369384765625 280.6365776062012
194.159423828125 235.37228393554688 228.1840476989746 235.37228393554688 228.1840476989746 280.3580513000488 194.159423828125 280.3580513000488
192.4418182373047 232.89932250976562 226.63609313964844 232.89932250976562 226.63609313964844 278.0727767944336 192.4418182373047 278.0727767944336
192.37098693847656 233.2017822265625 226.93772506713867 233.2017822265625 226.93772506713867 278.6632423400879 192.37098693847656 278.6632423400879
191.21473693847656 232.51028442382812 225.50584411621094 232.51028442382812 225.50584411621094 278.0504951477051 191.21473693847656 278.0504951477051
190.8960723876953 234.2353057861328 224.92027282714844 234.2353057861328 224.92027282714844 278.5784225463867 190.8960723876953 278.5784225463867
190.55630493164062 235.1383056640625 224.15443801879883 235.1383056640625 224.15443801879883 279.6529769897461 190.55630493164062 279.6529769897461
189.91000366210938 234.6968536376953 222.99946975708008 234.6968536376953 222.99946975708008 279.00893783569336 189.91000366210938 279.00893783569336
189.30596923828125 234.3488311767578 223.06841278076172 234.3488311767578 223.06841278076172 278.46528244018555 189.30596923828125 278.46528244018555
189.1971435546875 234.47323608398438 222.8177032470703 234.47323608398438 222.8177032470703 278.8413276672363 189.1971435546875 278.8413276672363
188.8089141845703 232.4308319091797 222.75141525268555 232.4308319091797 222.75141525268555 277.98645782470703 188.8089141845703 277.98645782470703
187.2024688720703 232.8416748046875 221.57018661499023 232.8416748046875 221.57018661499023 279.0737495422363 187.2024688720703 279.0737495422363
185.70538330078125 230.8314971923828 221.54854583740234 230.8314971923828 221.54854583740234 276.47727966308594 185.70538330078125 276.47727966308594
185.46878051757812 230.7655792236328 221.36627578735352 230.7655792236328 221.36627578735352 276.22608184814453 185.46878051757812 276.22608184814453
185.05055236816406 232.00704956054688 219.8742446899414 232.00704956054688 219.8742446899414 277.6893501281738 185.05055236816406 277.6893501281738
184.34805297851562 232.41415405273438 219.69755935668945 232.41415405273438 219.69755935668945 278.5697441101074 184.34805297851562 278.5697441101074
184.07884216308594 232.9905548095703 219.01236724853516 232.9905548095703 219.01236724853516 279.58959579467773 184.07884216308594 279.58959579467773
183.0502166748047 231.9500732421875 218.18700790405273 231.9500732421875 218.18700790405273 277.7229309082031 183.0502166748047 277.7229309082031
181.72915649414062 231.13845825195312 215.58429336547852 231.13845825195312 215.58429336547852 275.537654876709 181.72915649414062 275.537654876709
181.49468994140625 231.70510864257812 215.6417121887207 231.70510864257812 215.6417121887207 275.7903137207031 181.49468994140625 275.7903137207031
180.53915405273438 229.5370635986328 215.02788543701172 229.5370635986328 215.02788543701172 273.65026092529297 180.53915405273438 273.65026092529297
179.89590454101562 230.1422882080078 213.01025009155273 230.1422882080078 213.01025009155273 273.028133392334 179.89590454101562 273.028133392334
179.8748321533203 229.75888061523438 213.30577087402344 229.75888061523438 213.30577087402344 274.0871047973633 179.8748321533203 274.0871047973633
179.75682067871094 232.2709503173828 213.00131607055664 232.2709503173828 213.00131607055664 275.6058883666992 179.75682067871094 275.6058883666992
178.80137634277344 231.7986297607422 211.6975860595703 231.7986297607422 211.6975860595703 274.9796600341797 178.80137634277344 274.9796600341797
177.55755615234375 231.514892578125 210.94512176513672 231.514892578125 210.94512176513672 274.49860763549805 177.55755615234375 274.49860763549805
177.49911499023438 229.593505859375 211.0910873413086 229.593505859375 211.0910873413086 273.5706367492676 177.49911499023438 273.5706367492676
177.91690063476562 229.5881805419922 211.39729690551758 229.5881805419922 211.39729690551758 273.53409576416016 177.91690063476562 273.53409576416016
176.61819458007812 229.46533203125 209.7126007080078 229.46533203125 209.7126007080078 273.8535346984863 176.61819458007812 273.8535346984863
175.30210876464844 228.3935089111328 208.81996154785156 228.3935089111328 208.81996154785156 272.62911224365234 175.30210876464844 272.62911224365234
174.8136749267578 227.8638916015625 208.0529556274414 227.8638916015625 208.0529556274414 273.0368881225586 174.8136749267578 273.0368881225586
173.46511840820312 229.27651977539062 206.31915283203125 229.27651977539062 206.31915283203125 272.9561195373535 173.46511840820312 272.9561195373535
173.03353881835938 229.44216918945312 206.0104103088379 229.44216918945312 206.0104103088379 272.2957534790039 173.03353881835938 272.2957534790039
171.6582489013672 229.4241180419922 204.19115829467773 229.4241180419922 204.19115829467773 272.9492988586426 171.6582489013672 272.9492988586426
171.0720672607422 228.90957641601562 203.6946029663086 228.90957641601562 203.6946029663086 272.4844665527344 171.0720672607422 272.4844665527344
169.9170379638672 228.5407257080078 202.97919464111328 228.5407257080078 202.97919464111328 272.58020401000977 169.9170379638672 272.58020401000977
169.43927001953125 227.31478881835938 201.8067855834961 227.31478881835938 201.8067855834961 273.5827102661133 169.43927001953125 273.5827102661133
168.77122497558594 226.23495483398438 201.8204574584961 226.23495483398438 201.8204574584961 271.32625579833984 168.77122497558594 271.32625579833984
168.34841918945312 225.6427001953125 200.45677185058594 225.6427001953125 200.45677185058594 271.35338973999023 168.34841918945312 271.35338973999023
168.58175659179688 226.69775390625 200.2787265777588 226.69775390625 200.2787265777588 272.66339111328125 168.58175659179688 272.66339111328125
167.68283081054688 226.5976104736328 199.28640365600586 226.5976104736328 199.28640365600586 273.0255470275879 167.68283081054688 273.0255470275879
167.86624145507812 229.24398803710938 199.46759033203125 229.24398803710938 199.46759033203125 273.296630859375 167.86624145507812 273.296630859375
167.3524932861328 229.1453857421875 198.32377243041992 229.1453857421875 198.32377243041992 273.41942596435547 167.3524932861328 273.41942596435547
166.87652587890625 227.13235473632812 198.33673095703125 227.13235473632812 198.33673095703125 270.8639030456543 166.87652587890625 270.8639030456543
167.3665008544922 226.9524383544922 198.9197654724121 226.9524383544922 198.9197654724121 270.96701431274414 167.3665008544922 270.96701431274414
166.58743286132812 225.197265625 197.99944686889648 225.197265625 197.99944686889648 269.1139030456543 166.58743286132812 269.1139030456543
165.13841247558594 224.32321166992188 197.32969284057617 224.32321166992188 197.32969284057617 268.79730224609375 165.13841247558594 268.79730224609375
164.89004516601562 226.52444458007812 196.56573867797852 226.52444458007812 196.56573867797852 273.03321075439453 164.89004516601562 273.03321075439453
164.97006225585938 226.0352783203125 196.82838439941406 226.0352783203125 196.82838439941406 270.10292053222656 164.97006225585938 270.10292053222656
163.329833984375 227.1094207763672 194.0864143371582 227.1094207763672 194.0864143371582 271.9735565185547 163.329833984375 271.9735565185547
164.016845703125 227.9986114501953 195.54249954223633 227.9986114501953 195.54249954223633 272.70130157470703 164.016845703125 272.70130157470703
163.15945434570312 226.91165161132812 194.25869750976562 226.91165161132812 194.25869750976562 271.4859809875488 163.15945434570312 271.4859809875488
162.05722045898438 225.45968627929688 193.29006958007812 225.45968627929688 193.29006958007812 270.4384307861328 162.05722045898438 270.4384307861328
160.40196228027344 223.59146118164062 192.7598419189453 223.59146118164062 192.7598419189453 267.77222061157227 160.40196228027344 267.77222061157227
160.305419921875 224.93301391601562 192.37963104248047 224.93301391601562 192.37963104248047 268.33460235595703 160.305419921875 268.33460235595703
160.099853515625 223.9523162841797 192.16724395751953 223.9523162841797 192.16724395751953 268.2624320983887 160.099853515625 268.2624320983887
160.01486206054688 225.47183227539062 192.13361358642578 225.47183227539062 192.13361358642578 268.3656692504883 160.01486206054688 268.3656692504883
158.33053588867188 225.5612030029297 190.47549438476562 225.5612030029297 190.47549438476562 268.46669006347656 158.33053588867188 268.46669006347656
159.81509399414062 226.2860107421875 191.0927619934082 226.2860107421875 191.0927619934082 268.39037704467773 159.81509399414062 268.39037704467773
158.5900421142578 226.1736297607422 189.54254531860352 226.1736297607422 189.54254531860352 268.06445693969727 158.5900421142578 268.06445693969727
157.26968383789062 224.1846466064453 189.6790008544922 224.1846466064453 189.6790008544922 265.78218841552734 157.26968383789062 265.78218841552734
158.25686645507812 223.9175567626953 189.6679630279541 223.9175567626953 189.6679630279541 266.65966415405273 158.25686645507812 266.65966415405273
156.73876953125 221.4352569580078 188.5579376220703 221.4352569580078 188.5579376220703 264.4019660949707 156.73876953125 264.4019660949707
155.63186645507812 221.7969207763672 187.93156051635742 221.7969207763672 187.93156051635742 264.2433624267578 155.63186645507812 264.2433624267578
155.9508819580078 222.9862060546875 187.8350124359131 222.9862060546875 187.8350124359131 265.7083625793457 155.9508819580078 265.7083625793457
154.39662170410156 223.81283569335938 186.10734176635742 223.81283569335938 186.10734176635742 266.98388671875 154.39662170410156 266.98388671875
153.90611267089844 223.91995239257812 185.20693588256836 223.91995239257812 185.20693588256836 266.83437728881836 153.90611267089844 266.83437728881836
153.54368591308594 223.9391632080078 185.07274436950684 223.9391632080078 185.07274436950684 266.15274810791016 153.54368591308594 266.15274810791016
152.59730529785156 223.8369903564453 184.52277755737305 223.8369903564453 184.52277755737305 266.02609634399414 152.59730529785156 266.02609634399414
152.0555877685547 222.2284698486328 183.87897109985352 222.2284698486328 183.87897109985352 265.6602592468262 152.0555877685547 265.6602592468262
152.3354034423828 221.8458251953125 183.29121017456055 221.8458251953125 183.29121017456055 264.6490821838379 152.3354034423828 264.6490821838379
151.0989532470703 220.86428833007812 182.33929061889648 220.86428833007812 182.33929061889648 264.1084671020508 151.0989532470703 264.1084671020508
151.3250274658203 221.30899047851562 182.29840087890625 221.30899047851562 182.29840087890625 263.87613677978516 151.3250274658203 263.87613677978516
149.83425903320312 222.1848602294922 181.4664306640625 222.1848602294922 181.4664306640625 263.7404098510742 149.83425903320312 263.7404098510742
150.253662109375 223.0181884765625 181.56326866149902 223.0181884765625 181.56326866149902 265.5985641479492 150.253662109375 265.5985641479492
149.77688598632812 222.97567749023438 181.54710960388184 222.97567749023438 181.54710960388184 264.9684524536133 149.77688598632812 264.9684524536133
149.4296417236328 223.42404174804688 180.37230491638184 223.42404174804688 180.37230491638184 266.2759094238281 149.4296417236328 266.2759094238281
148.99685668945312 221.7834930419922 180.41475868225098 221.7834930419922 180.41475868225098 264.65015029907227 148.99685668945312 264.65015029907227
147.6571807861328 220.349365234375 180.38407135009766 220.349365234375 180.38407135009766 262.7331008911133 147.6571807861328 262.7331008911133
147.63609313964844 220.26889038085938 180.0535659790039 220.26889038085938 180.0535659790039 261.8988952636719 147.63609313964844 261.8988952636719
146.41421508789062 220.7531280517578 177.91839027404785 220.7531280517578 177.91839027404785 261.72534561157227 146.41421508789062 261.72534561157227
146.74984741210938 219.2197265625 178.63600158691406 219.2197265625 178.63600158691406 261.6212844848633 146.74984741210938 261.6212844848633
144.5085906982422 222.1360321044922 176.72353744506836 222.1360321044922 176.72353744506836 262.7776641845703 144.5085906982422 262.7776641845703
144.94717407226562 221.0625457763672 177.51552200317383 221.0625457763672 177.51552200317383 262.80014419555664 144.94717407226562 262.80014419555664
143.25094604492188 220.5810546875 174.79435348510742 220.5810546875 174.79435348510742 262.91845703125 143.25094604492188 262.91845703125
142.48545837402344 220.2738037109375 173.94400024414062 220.2738037109375 173.94400024414062 262.37435150146484 142.48545837402344 262.37435150146484
141.93348693847656 220.1736297607422 173.7499122619629 220.1736297607422 173.7499122619629 262.3273582458496 141.93348693847656 262.3273582458496
140.0233917236328 218.06283569335938 172.1745147705078 218.06283569335938 172.1745147705078 260.41585540771484 140.0233917236328 260.41585540771484
139.35928344726562 219.23046875 171.56322479248047 219.23046875 171.56322479248047 261.6171569824219 139.35928344726562 261.6171569824219
138.94827270507812 219.07394409179688 172.10335540771484 219.07394409179688 172.10335540771484 261.20770263671875 138.94827270507812 261.20770263671875
137.92959594726562 216.9248046875 171.43710708618164 216.9248046875 171.43710708618164 260.5165100097656 137.92959594726562 260.5165100097656
138.67849731445312 217.8520965576172 170.42602157592773 217.8520965576172 170.42602157592773 260.1821060180664 138.67849731445312 260.1821060180664
136.39694213867188 218.82901000976562 170.31538772583008 218.82901000976562 170.31538772583008 262.59942626953125 136.39694213867188 262.59942626953125
135.06198120117188 216.8872528076172 168.70448684692383 216.8872528076172 168.70448684692383 261.4667549133301 135.06198120117188 261.4667549133301
134.2407684326172 217.4209442138672 168.1149787902832 217.4209442138672 168.1149787902832 261.49785232543945 134.2407684326172 261.49785232543945
133.84140014648438 219.15478515625 168.40067672729492 219.15478515625 168.40067672729492 263.0856742858887 133.84140014648438 263.0856742858887
134.12474060058594 218.443603515625 167.83026885986328 218.443603515625 167.83026885986328 262.201114654541 134.12474060058594 262.201114654541
132.7180938720703 217.19497680664062 166.3974838256836 217.19497680664062 166.3974838256836 260.8359909057617 132.7180938720703 260.8359909057617
132.84164428710938 215.7734375 166.73078155517578 215.7734375 166.73078155517578 259.8341293334961 132.84164428710938 259.8341293334961
131.55252075195312 217.6492919921875 165.39733123779297 217.6492919921875 165.39733123779297 260.97687911987305 131.55252075195312 260.97687911987305
