298.0 255.0 314.0 255.0 314.0 295.0 298.0 295.0
298.09185791015625 255.34762573242188 314.0612277984619 255.34762573242188 314.0612277984619 293.90069580078125 298.09185791015625 293.90069580078125
297.4571228027344 254.6458282470703 314.58011627197266 254.6458282470703 314.58011627197266 294.35099029541016 297.4571228027344 294.35099029541016
298.256103515625 254.66439819335938 313.85897636413574 254.66439819335938 313.85897636413574 295.5837936401367 298.256103515625 295.5837936401367
297.5672912597656 255.39120483398438 314.2494087219238 255.39120483398438 314.2494087219238 295.2660140991211 297.5672912597656 295.2660140991211
297.75421142578125 255.0516815185547 314.45215225219727 255.0516815185547 314.45215225219727 295.5501403808594 297.75421142578125 295.5501403808594
298.242919921875 254.6674041748047 314.5640678405762 254.6674041748047 314.5640678405762 295.9699363708496 298.242919921875 295.9699363708496
297.93011474609375 256.016357421875 314.5284004211426 256.016357421875 314.5284004211426 295.83861541748047 297.93011474609375 295.83861541748047
298.2358093261719 255.5730743408203 314.094633102417 255.5730743408203 314.094633102417 295.89212799072266 298.2358093261719 295.89212799072266
298.12481689453125 254.83877563476562 314.45671463012695 254.83877563476562 314.45671463012695 295.04831314086914 298.12481689453125 295.04831314086914
298.26519775390625 255.5195770263672 314.35937118530273 255.5195770263672 314.35937118530273 295.0051803588867 298.26519775390625 295.0051803588867
297.89208984375 254.7838134765625 314.3344783782959 254.7838134765625 314.3344783782959 295.46552658081055 297.89208984375 295.46552658081055
298.08233642578125 256.2744445800781 314.2930507659912 256.2744445800781 314.2930507659912 295.5323257446289 298.08233642578125 295.5323257446289
298.1875915527344 255.1460418701172 314.3429927825928 255.1460418701172 314.3429927825928 295.3642921447754 298.1875915527344 295.3642921447754
298.4500427246094 257.09686279296875 314.2119541168213 257.09686279296875 314.2119541168213 297.2699661254883 298.4500427246094 297.2699661254883
298.47650146484375 256.17138671875 314.23331451416016 256.17138671875 314.23331451416016 296.2297782897949 298.47650146484375 296.2297782897949
298.30572509765625 256.18182373046875 314.36525535583496 256.18182373046875 314.36525535583496 296.4866180419922 298.30572509765625 296.4866180419922
298.5185852050781 256.75750732421875 314.65666580200195 256.75750732421875 314.65666580200195 296.4524459838867 298.5185852050781 296.4524459838867
298.11767578125 255.7671356201172 314.6431941986084 255.7671356201172 314.6431941986084 296.02677154541016 298.11767578125 296.02677154541016
298.4232482910156 255.9729766845703 314.9773941040039 255.9729766845703 314.9773941040039 296.87363052368164 298.4232482910156 296.87363052368164
298.510498046875 255.37344360351562 314.87549209594727 255.37344360351562 314.87549209594727 295.90266036987305 298.510498046875 295.90266036987305
298.61395263671875 256.8465270996094 315.01722717285156 256.8465270996094 315.01722717285156 296.5427436828613 298.61395263671875 296.5427436828613
298.4297790527344 257.376708984375 315.3649845123291 257.376708984375 315.3649845123291 297.7764892578125 298.4297790527344 297.7764892578125
298.25360107421875 257.09161376953125 315.5702476501465 257.09161376953125 315.5702476501465 297.3665313720703 298.25360107421875 297.3665313720703
298.4325256347656 256.3440856933594 315.45709800720215 256.3440856933594 315.45709800720215 297.83700942993164 298.4325256347656 297.83700942993164
298.6465148925781 256.8441162109375 315.8378505706787 256.8441162109375 315.8378505706787 298.75666427612305 298.6465148925781 298.75666427612305
298.8649597167969 255.8173370361328 315.93993377685547 255.8173370361328 315.93993377685547 298.1882514953613 298.8649597167969 298.1882514953613
298.99932861328125 255.9010009765625 316.24810791015625 255.9010009765625 316.24810791015625 298.5359230041504 298.99932861328125 298.5359230041504
299.47894287109375 256.4063415527344 316.2491512298584 256.4063415527344 316.2491512298584 297.93334197998047 299.47894287109375 297.93334197998047
299.7020568847656 255.5826873779297 316.12052154541016 255.5826873779297 316.12052154541016 297.5780601501465 299.7020568847656 297.5780601501465
299.76385498046875 256.5281677246094 316.3705406188965 256.5281677246094 316.3705406188965 298.4025115966797 299.76385498046875 298.4025115966797
299.5030822753906 256.102294921875 316.54987716674805 256.102294921875 316.54987716674805 296.7778015136719 299.5030822753906 296.7778015136719
299.52545166015625 256.684326171875 316.8018684387207 256.684326171875 316.8018684387207 298.0534858703613 299.52545166015625 298.0534858703613
299.8818054199219 256.91314697265625 316.5845127105713 256.91314697265625 316.5845127105713 298.8898696899414 299.8818054199219 298.8898696899414
300.1897888183594 257.6976623535156 316.8979663848877 257.6976623535156 316.8979663848877 299.26129150390625 300.1897888183594 299.26129150390625
299.8811340332031 257.48431396484375 316.90071868896484 257.48431396484375 316.90071868896484 299.9448051452637 299.8811340332031 299.9448051452637
300.27459716796875 256.78326416015625 317.23639488220215 256.78326416015625 317.23639488220215 298.9456977844238 300.27459716796875 298.9456977844238
300.36962890625 257.6622009277344 316.9798774719238 257.6622009277344 316.9798774719238 299.8224792480469 300.36962890625 299.8224792480469
300.5839538574219 257.2074890136719 317.41474533081055 257.2074890136719 317.41474533081055 300.93961334228516 300.5839538574219 300.93961334228516
300.8530578613281 256.84796142578125 317.78960609436035 256.84796142578125 317.78960609436035 299.8344039916992 300.8530578613281 299.8344039916992
300.908447265625 255.9147491455078 318.18664169311523 255.9147491455078 318.18664169311523 299.52520751953125 300.908447265625 299.52520751953125
301.12725830078125 256.7298278808594 318.26078605651855 256.7298278808594 318.26078605651855 299.2818374633789 301.12725830078125 299.2818374633789
301.2706604003906 257.32122802734375 318.65948486328125 257.32122802734375 318.65948486328125 300.7901916503906 301.2706604003906 300.7901916503906
301.4464111328125 257.27386474609375 318.5123691558838 257.27386474609375 318.5123691558838 300.82030487060547 301.4464111328125 300.82030487060547
301.78363037109375 257.6844177246094 318.90972328186035 257.6844177246094 318.90972328186035 300.11357498168945 301.78363037109375 300.11357498168945
301.7232360839844 255.97537231445312 318.89406967163086 255.97537231445312 318.89406967163086 300.5953559875488 301.7232360839844 300.5953559875488
301.9169616699219 256.7997741699219 319.18755531311035 256.7997741699219 319.18755531311035 300.39630126953125 301.9169616699219 300.39630126953125
301.54998779296875 257.2730407714844 319.3430595397949 257.2730407714844 319.3430595397949 300.79373931884766 301.54998779296875 300.79373931884766
301.7237243652344 257.5296936035156 320.09288787841797 257.5296936035156 320.09288787841797 301.1104507446289 301.7237243652344 301.1104507446289
302.13525390625 256.9624328613281 320.12458419799805 256.9624328613281 320.12458419799805 301.02717208862305 302.13525390625 301.02717208862305
302.1370849609375 256.57012939453125 320.2941131591797 256.57012939453125 320.2941131591797 301.09973526000977 302.1370849609375 301.09973526000977
301.9652404785156 254.7320098876953 320.0376091003418 254.7320098876953 320.0376091003418 301.0599594116211 301.9652404785156 301.0599594116211
302.083740234375 255.7344970703125 320.6207447052002 255.7344970703125 320.6207447052002 300.8283500671387 302.083740234375 300.8283500671387
302.72662353515625 255.91787719726562 320.65915870666504 255.91787719726562 320.65915870666504 301.15491485595703 302.72662353515625 301.15491485595703
302.6263122558594 256.23260498046875 320.91394805908203 256.23260498046875 320.91394805908203 301.1439895629883 302.6263122558594 301.1439895629883
302.68798828125 257.50421142578125 320.888973236084 257.50421142578125 320.888973236084 301.23633575439453 302.68798828125 301.23633575439453
303.39874267578125 258.30401611328125 321.3917942047119 258.30401611328125 321.3917942047119 301.1514358520508 303.39874267578125 301.1514358520508
303.3934631347656 257.1348571777344 322.02197647094727 257.1348571777344 322.02197647094727 302.1128616333008 303.3934631347656 302.1128616333008
303.4143981933594 257.40130615234375 321.95584869384766 257.40130615234375 321.95584869384766 302.2790756225586 303.4143981933594 302.2790756225586
303.2096862792969 256.5160217285156 321.9789695739746 256.5160217285156 321.9789695739746 302.8937683105469 303.2096862792969 302.8937683105469
303.4138488769531 255.334228515625 322.2044849395752 255.334228515625 322.2044849395752 303.1951675415039 303.4138488769531 303.1951675415039
303.64300537109375 255.91250610351562 322.45618629455566 255.91250610351562 322.45618629455566 302.77779388427734 303.64300537109375 302.77779388427734
303.1944885253906 255.8637237548828 322.7673149108887 255.8637237548828 322.7673149108887 303.0648956298828 303.1944885253906 303.0648956298828
303.6715393066406 256.2429504394531 323.5016212463379 256.2429504394531 323.5016212463379 304.41383361816406 303.6715393066406 304.41383361816406
303.65655517578125 256.44488525390625 323.87051010131836 256.44488525390625 323.87051010131836 304.2066841125488 303.65655517578125 304.2066841125488
303.904541015625 257.6247253417969 324.2266330718994 257.6247253417969 324.2266330718994 304.7159194946289 303.904541015625 304.7159194946289
303.98895263671875 256.222412109375 324.39452171325684 256.222412109375 324.39452171325684 304.6099739074707 303.98895263671875 304.6099739074707
304.4164123535156 256.41619873046875 324.8089008331299 256.41619873046875 324.8089008331299 304.47492599487305 304.4164123535156 304.47492599487305
305.4316101074219 255.4740753173828 325.30555152893066 255.4740753173828 325.30555152893066 303.4950828552246 305.4316101074219 303.4950828552246
305.1068420410156 255.63241577148438 325.73131370544434 255.63241577148438 325.73131370544434 302.7454261779785 305.1068420410156 302.7454261779785
305.0541076660156 255.90823364257812 325.5316562652588 255.90823364257812 325.5316562652588 303.0863265991211 305.0541076660156 303.0863265991211
305.84735107421875 256.60894775390625 326.01257705688477 256.60894775390625 326.01257705688477 304.86029052734375 305.84735107421875 304.86029052734375
305.619873046875 256.3153381347656 326.5634651184082 256.3153381347656 326.5634651184082 304.2680473327637 305.619873046875 304.2680473327637
306.32513427734375 257.14105224609375 326.22144317626953 257.14105224609375 326.22144317626953 304.8816909790039 306.32513427734375 304.8816909790039
305.6256408691406 255.3814239501953 326.37334632873535 255.3814239501953 326.37334632873535 305.22264862060547 305.6256408691406 305.22264862060547
305.9122314453125 255.03604125976562 326.4443168640137 255.03604125976562 326.4443168640137 305.0503120422363 305.9122314453125 305.0503120422363
306.3753662109375 257.28631591796875 327.0251770019531 257.28631591796875 327.0251770019531 305.3728218078613 306.3753662109375 305.3728218078613
306.1474304199219 256.49090576171875 327.1882209777832 256.49090576171875 327.1882209777832 304.24361419677734 306.1474304199219 304.24361419677734
306.95550537109375 257.90264892578125 327.3533191680908 257.90264892578125 327.3533191680908 305.31815338134766 306.95550537109375 305.31815338134766
306.5709228515625 256.65838623046875 327.6897888183594 256.65838623046875 327.6897888183594 305.7663154602051 306.5709228515625 305.7663154602051
306.84747314453125 257.79840087890625 328.2439956665039 257.79840087890625 328.2439956665039 305.5100517272949 306.84747314453125 305.5100517272949
307.1595153808594 256.6047058105469 327.94910049438477 256.6047058105469 327.94910049438477 306.34131622314453 307.1595153808594 306.34131622314453
307.03387451171875 256.5174865722656 327.4401741027832 256.5174865722656 327.4401741027832 305.5050621032715 307.03387451171875 305.5050621032715
307.0439147949219 255.9213409423828 327.89469146728516 255.9213409423828 327.89469146728516 306.37671661376953 307.0439147949219 306.37671661376953
307.30126953125 258.3685607910156 328.2139434814453 258.3685607910156 328.2139434814453 306.13206481933594 307.30126953125 306.13206481933594
307.10418701171875 258.3738098144531 328.50053787231445 258.3738098144531 328.50053787231445 307.09322357177734 307.10418701171875 307.09322357177734
307.81927490234375 259.88995361328125 328.34047508239746 259.88995361328125 328.34047508239746 307.8782958984375 307.81927490234375 307.8782958984375
308.219970703125 258.8423156738281 328.98584938049316 258.8423156738281 328.98584938049316 305.7608757019043 308.219970703125 305.7608757019043
308.6799621582031 258.12371826171875 328.6625862121582 258.12371826171875 328.6625862121582 306.4074821472168 308.6799621582031 306.4074821472168
309.31988525390625 257.1212158203125 328.5081977844238 257.1212158203125 328.5081977844238 306.19136810302734 309.31988525390625 306.19136810302734
309.4296875 257.29864501953125 328.6900386810303 257.29864501953125 328.6900386810303 305.9595413208008 309.4296875 305.9595413208008
309.7132873535156 258.18438720703125 329.24218368530273 258.18438720703125 329.24218368530273 306.8396682739258 309.7132873535156 306.8396682739258
310.18408203125 257.7115173339844 329.06178092956543 257.7115173339844 329.06178092956543 305.80980682373047 310.18408203125 305.80980682373047
310.46173095703125 257.8287353515625 329.43970680236816 257.8287353515625 329.43970680236816 307.10721588134766 310.46173095703125 307.10721588134766
310.10504150390625 260.11395263671875 329.6646423339844 260.11395263671875 329.6646423339844 308.17193603515625 310.10504150390625 308.17193603515625
310.0315856933594 260.65655517578125 329.6329536437988 260.65655517578125 329.6329536437988 307.50375747680664 310.0315856933594 307.50375747680664
310.11859130859375 261.55609130859375 329.4964828491211 261.55609130859375 329.4964828491211 307.3845405578613 310.11859130859375 307.3845405578613
309.7779541015625 260.2803649902344 329.86107444763184 260.2803649902344 329.86107444763184 306.6877555847168 309.7779541015625 306.6877555847168
309.8307189941406 260.56683349609375 329.7357349395752 260.56683349609375 329.7357349395752 307.82271575927734 309.8307189941406 307.82271575927734
309.4844665527344 257.76953125 329.97787857055664 257.76953125 329.97787857055664 305.8659973144531 309.4844665527344 305.8659973144531
309.9839782714844 259.0552673339844 329.8299160003662 259.0552673339844 329.8299160003662 306.77666091918945 309.9839782714844 306.77666091918945
310.52740478515625 259.979248046875 329.9636917114258 259.979248046875 329.9636917114258 307.64083099365234 310.52740478515625 307.64083099365234
310.1330871582031 259.15869140625 329.77589988708496 259.15869140625 329.77589988708496 307.1837387084961 310.1330871582031 307.1837387084961
310.30059814453125 261.8385314941406 330.60219955444336 261.8385314941406 330.60219955444336 307.8767318725586 310.30059814453125 307.8767318725586
310.07891845703125 260.6964416503906 330.7082462310791 260.6964416503906 330.7082462310791 307.24646377563477 310.07891845703125 307.24646377563477
310.942626953125 264.40753173828125 330.76294326782227 264.40753173828125 330.76294326782227 309.3891716003418 310.942626953125 309.3891716003418
310.71307373046875 261.37689208984375 330.84543800354004 261.37689208984375 330.84543800354004 308.76146697998047 310.71307373046875 308.76146697998047
310.61541748046875 260.09075927734375 331.1408939361572 260.09075927734375 331.1408939361572 308.15092849731445 310.61541748046875 308.15092849731445
311.4818115234375 261.9106750488281 331.1070442199707 261.9106750488281 331.1070442199707 308.47559356689453 311.4818115234375 308.47559356689453
311.3422546386719 261.50042724609375 331.4803123474121 261.50042724609375 331.4803123474121 308.5186080932617 311.3422546386719 308.5186080932617
311.5483703613281 260.1916809082031 331.04943084716797 260.1916809082031 331.04943084716797 306.46828842163086 311.5483703613281 306.46828842163086
311.4208068847656 262.51446533203125 331.70655632019043 262.51446533203125 331.70655632019043 307.69143295288086 311.4208068847656 307.69143295288086
311.65264892578125 261.62432861328125 331.36683082580566 261.62432861328125 331.36683082580566 308.4586372375488 311.65264892578125 308.4586372375488
311.3735046386719 262.04327392578125 330.98172187805176 262.04327392578125 330.98172187805176 308.33815002441406 311.3735046386719 308.33815002441406
311.6208801269531 263.7210998535156 331.6710910797119 263.7210998535156 331.6710910797119 310.4493827819824 311.6208801269531 310.4493827819824
311.6977233886719 262.93487548828125 331.5850601196289 262.93487548828125 331.5850601196289 309.24517822265625 311.6977233886719 309.24517822265625
311.4751281738281 263.4320373535156 331.35810470581055 263.4320373535156 331.35810470581055 310.24224853515625 311.4751281738281 310.24224853515625
311.2418212890625 263.8517150878906 331.40418815612793 263.8517150878906 331.40418815612793 309.31262969970703 311.2418212890625 309.31262969970703
311.1769714355469 264.1153869628906 331.64497566223145 264.1153869628906 331.64497566223145 309.6652297973633 311.1769714355469 309.6652297973633
311.5417175292969 262.30267333984375 331.723934173584 262.30267333984375 331.723934173584 309.5904121398926 311.5417175292969 309.5904121398926
311.4173889160156 261.52459716796875 331.24312019348145 261.52459716796875 331.24312019348145 309.1314888000488 311.4173889160156 309.1314888000488
311.14404296875 262.3112487792969 331.501953125 262.3112487792969 331.501953125 309.26464080810547 311.14404296875 309.26464080810547
311.1009826660156 262.30426025390625 331.5965461730957 262.30426025390625 331.5965461730957 309.62139892578125 311.1009826660156 309.62139892578125
311.1200256347656 264.50408935546875 331.5050621032715 264.50408935546875 331.5050621032715 310.61466217041016 311.1200256347656 310.61466217041016
311.2928771972656 265.17974853515625 331.3090419769287 265.17974853515625 331.3090419769287 311.9820556640625 311.2928771972656 311.9820556640625
311.4393615722656 264.20050048828125 331.50520515441895 264.20050048828125 331.50520515441895 311.0366439819336 311.4393615722656 311.0366439819336
311.2184143066406 264.5052795410156 331.6655330657959 264.5052795410156 331.6655330657959 311.1592788696289 311.2184143066406 311.1592788696289
311.7814025878906 264.76177978515625 331.4005012512207 264.76177978515625 331.4005012512207 311.7856216430664 311.7814025878906 311.7856216430664
311.2470703125 264.23175048828125 331.5083827972412 264.23175048828125 331.5083827972412 310.6872787475586 311.2470703125 310.6872787475586
311.5960998535156 263.7931213378906 331.6278553009033 263.7931213378906 331.6278553009033 309.8696060180664 311.5960998535156 309.8696060180664
310.95684814453125 262.53594970703125 331.10243225097656 262.53594970703125 331.10243225097656 310.01269912719727 310.95684814453125 310.01269912719727
311.15191650390625 262.45050048828125 331.20983505249023 262.45050048828125 331.20983505249023 311.11243438720703 311.15191650390625 311.11243438720703
311.1813049316406 264.2650146484375 331.1770133972168 264.2650146484375 331.1770133972168 312.1278190612793 311.1813049316406 312.1278190612793
310.3983459472656 263.79681396484375 331.5026454925537 263.79681396484375 331.5026454925537 311.4863967895508 310.3983459472656 311.4863967895508
309.95355224609375 265.19085693359375 330.93759536743164 265.19085693359375 330.93759536743164 311.93689727783203 309.95355224609375 311.93689727783203
310.07427978515625 264.2816467285156 331.28272438049316 264.2816467285156 331.28272438049316 311.59753799438477 310.07427978515625 311.59753799438477
309.6614074707031 263.1029357910156 331.0160427093506 263.1029357910156 331.0160427093506 312.1167755126953 309.6614074707031 312.1167755126953
308.9512634277344 261.1743469238281 330.51630783081055 261.1743469238281 330.51630783081055 311.6044120788574 308.9512634277344 311.6044120788574
308.27777099609375 259.2330627441406 330.4585247039795 259.2330627441406 330.4585247039795 310.60770416259766 308.27777099609375 310.60770416259766
307.56158447265625 261.020751953125 330.1693992614746 261.020751953125 330.1693992614746 310.56981658935547 307.56158447265625 310.56981658935547
307.8255310058594 260.86358642578125 330.0806369781494 260.86358642578125 330.0806369781494 312.4469680786133 307.8255310058594 312.4469680786133
308.059814453125 261.904541015625 329.9672546386719 261.904541015625 329.9672546386719 311.7852592468262 308.059814453125 311.7852592468262
308.85919189453125 261.7806091308594 329.96495246887207 261.7806091308594 329.96495246887207 312.7418098449707 308.85919189453125 312.7418098449707
308.81365966796875 262.90008544921875 329.9226131439209 262.90008544921875 329.9226131439209 314.1679496765137 308.81365966796875 314.1679496765137
308.98651123046875 263.1388244628906 329.95333671569824 263.1388244628906 329.95333671569824 314.3068428039551 308.98651123046875 314.3068428039551
308.41229248046875 262.49786376953125 330.0500011444092 262.49786376953125 330.0500011444092 312.98255157470703 308.41229248046875 312.98255157470703
308.2057189941406 263.6910095214844 330.0589256286621 263.6910095214844 330.0589256286621 314.37450408935547 308.2057189941406 314.37450408935547
308.94793701171875 262.1112365722656 329.7212371826172 262.1112365722656 329.7212371826172 313.04283142089844 308.94793701171875 313.04283142089844
308.49169921875 262.54998779296875 330.10920333862305 262.54998779296875 330.10920333862305 313.58577728271484 308.49169921875 313.58577728271484
308.2860107421875 261.18231201171875 329.9085235595703 261.18231201171875 329.9085235595703 313.29974365234375 308.2860107421875 313.29974365234375
308.67388916015625 261.8269958496094 329.55661392211914 261.8269958496094 329.55661392211914 313.1745719909668 308.67388916015625 313.1745719909668
309.3211364746094 266.3690490722656 329.827844619751 266.3690490722656 329.827844619751 315.4208450317383 309.3211364746094 315.4208450317383
309.0540466308594 264.40167236328125 329.76161766052246 264.40167236328125 329.76161766052246 315.07616424560547 309.0540466308594 315.07616424560547
308.7176818847656 263.03948974609375 329.8300380706787 263.03948974609375 329.8300380706787 313.7582893371582 308.7176818847656 313.7582893371582
309.3955078125 265.3356018066406 329.51662826538086 265.3356018066406 329.51662826538086 316.2688522338867 309.3955078125 316.2688522338867
308.8474426269531 264.3787841796875 329.71674728393555 264.3787841796875 329.71674728393555 315.5105743408203 308.8474426269531 315.5105743408203
308.78875732421875 263.78961181640625 329.79690170288086 263.78961181640625 329.79690170288086 315.3632125854492 308.78875732421875 315.3632125854492
309.1482849121094 265.05560302734375 329.78809547424316 265.05560302734375 329.78809547424316 315.813045501709 309.1482849121094 315.813045501709
308.8568420410156 263.35107421875 329.6972122192383 263.35107421875 329.6972122192383 316.2520523071289 308.8568420410156 316.2520523071289
308.8535461425781 263.70965576171875 329.8264274597168 263.70965576171875 329.8264274597168 315.7406692504883 308.8535461425781 315.7406692504883
309.1080322265625 264.16522216796875 329.81796646118164 264.16522216796875 329.81796646118164 315.6110954284668 309.1080322265625 315.6110954284668
308.5842590332031 264.6891174316406 330.1765327453613 264.6891174316406 330.1765327453613 315.657470703125 308.5842590332031 315.657470703125
309.15032958984375 268.58648681640625 330.131555557251 268.58648681640625 330.131555557251 318.5290412902832 309.15032958984375 318.5290412902832
308.82733154296875 266.3704528808594 330.5100917816162 266.3704528808594 330.5100917816162 317.9409713745117 308.82733154296875 317.9409713745117
308.7293701171875 267.71527099609375 330.5655517578125 267.71527099609375 330.5655517578125 318.1612014770508 308.7293701171875 318.1612014770508
309.20440673828125 266.92181396484375 330.5905284881592 266.92181396484375 330.5905284881592 318.0808219909668 309.20440673828125 318.0808219909668
308.82958984375 266.574462890625 330.9018745422363 266.574462890625 330.9018745422363 317.0520248413086 308.82958984375 317.0520248413086
308.93603515625 266.24066162109375 331.1751003265381 266.24066162109375 331.1751003265381 317.78719329833984 308.93603515625 317.78719329833984
309.14056396484375 266.32684326171875 331.1731834411621 266.32684326171875 331.1731834411621 316.4976692199707 309.14056396484375 316.4976692199707
309.12939453125 267.20965576171875 330.7616138458252 267.20965576171875 330.7616138458252 317.64470291137695 309.12939453125 317.64470291137695
309.19415283203125 267.1083984375 330.65732765197754 267.1083984375 330.65732765197754 318.3238754272461 309.19415283203125 318.3238754272461
309.3753356933594 268.44830322265625 330.45875358581543 268.44830322265625 330.45875358581543 318.2473907470703 309.3753356933594 318.2473907470703
309.6031799316406 270.2550354003906 330.1396827697754 270.2550354003906 330.1396827697754 319.2301826477051 309.6031799316406 319.2301826477051
309.0903625488281 271.8567810058594 330.07012367248535 271.8567810058594 330.07012367248535 320.37464904785156 309.0903625488281 320.37464904785156
308.6184387207031 265.4102478027344 329.86004066467285 265.4102478027344 329.86004066467285 318.6266975402832 308.6184387207031 318.6266975402832
308.72479248046875 266.41741943359375 330.3669738769531 266.41741943359375 330.3669738769531 318.00757598876953 308.72479248046875 318.00757598876953
308.39959716796875 266.7301940917969 330.25630950927734 266.7301940917969 330.25630950927734 318.3139953613281 308.39959716796875 318.3139953613281
308.5229797363281 264.50457763671875 330.391902923584 264.50457763671875 330.391902923584 317.21268463134766 308.5229797363281 317.21268463134766
308.4488830566406 265.9188232421875 330.3688907623291 265.9188232421875 330.3688907623291 318.0697937011719 308.4488830566406 318.0697937011719
308.3855895996094 267.1915588378906 330.5901908874512 267.1915588378906 330.5901908874512 318.18177795410156 308.3855895996094 318.18177795410156
307.98980712890625 265.8018493652344 331.0866508483887 265.8018493652344 331.0866508483887 318.2676887512207 307.98980712890625 318.2676887512207
307.58721923828125 266.93353271484375 330.7229118347168 266.93353271484375 330.7229118347168 317.83195877075195 307.58721923828125 317.83195877075195
308.3665466308594 266.792724609375 330.61581230163574 266.792724609375 330.61581230163574 319.04706954956055 308.3665466308594 319.04706954956055
308.36456298828125 265.226318359375 330.5433883666992 265.226318359375 330.5433883666992 319.8029899597168 308.36456298828125 319.8029899597168
307.9244079589844 265.5743408203125 331.1301574707031 265.5743408203125 331.1301574707031 319.49982833862305 307.9244079589844 319.49982833862305
307.9003601074219 264.02716064453125 330.7937355041504 264.02716064453125 330.7937355041504 319.4678153991699 307.9003601074219 319.4678153991699
307.708251953125 264.6214294433594 331.07159423828125 264.6214294433594 331.07159423828125 320.1292953491211 307.708251953125 320.1292953491211
307.78900146484375 265.3086853027344 330.89434814453125 265.3086853027344 330.89434814453125 318.7134819030762 307.78900146484375 318.7134819030762
308.15234375 265.45379638671875 330.6238441467285 265.45379638671875 330.6238441467285 319.65278244018555 308.15234375 319.65278244018555
308.00994873046875 265.7244567871094 330.93813705444336 265.7244567871094 330.93813705444336 320.1854934692383 308.00994873046875 320.1854934692383
308.03692626953125 265.3243103027344 330.419734954834 265.3243103027344 330.419734954834 319.0090103149414 308.03692626953125 319.0090103149414
307.503173828125 268.22137451171875 330.43148040771484 268.22137451171875 330.43148040771484 321.5967483520508 307.503173828125 321.5967483520508
307.6173095703125 268.86090087890625 329.955114364624 268.86090087890625 329.955114364624 322.5680236816406 307.6173095703125 322.5680236816406
307.0545959472656 270.0965881347656 330.3543815612793 270.0965881347656 330.3543815612793 322.4356384277344 307.0545959472656 322.4356384277344
307.34173583984375 267.6129150390625 330.3857307434082 267.6129150390625 330.3857307434082 321.6011962890625 307.34173583984375 321.6011962890625
307.3291931152344 266.8714294433594 330.18273544311523 266.8714294433594 330.18273544311523 322.0662422180176 307.3291931152344 322.0662422180176
307.3554992675781 265.8783264160156 330.16449546813965 265.8783264160156 330.16449546813965 321.8269271850586 307.3554992675781 321.8269271850586
307.13934326171875 266.13800048828125 330.1123104095459 266.13800048828125 330.1123104095459 321.7716751098633 307.13934326171875 321.7716751098633
307.13330078125 267.28472900390625 330.25035667419434 267.28472900390625 330.25035667419434 321.6630744934082 307.13330078125 321.6630744934082
307.15814208984375 269.2516784667969 330.0216636657715 269.2516784667969 330.0216636657715 322.87507247924805 307.15814208984375 322.87507247924805
307.05743408203125 271.4154357910156 330.130407333374 271.4154357910156 330.130407333374 324.2597122192383 307.05743408203125 324.2597122192383
306.8147888183594 273.9367370605469 329.8931541442871 273.9367370605469 329.8931541442871 325.5933151245117 306.8147888183594 325.5933151245117
306.951171875 272.85772705078125 329.9828071594238 272.85772705078125 329.9828071594238 325.20147705078125 306.951171875 325.20147705078125
306.74420166015625 273.42059326171875 329.7757205963135 273.42059326171875 329.7757205963135 325.2733345031738 306.74420166015625 325.2733345031738
306.67950439453125 273.0078125 329.3617286682129 273.0078125 329.3617286682129 325.2399215698242 306.67950439453125 325.2399215698242
306.70257568359375 271.56317138671875 329.4912738800049 271.56317138671875 329.4912738800049 323.9022331237793 306.70257568359375 323.9022331237793
306.7762756347656 271.94537353515625 329.4951591491699 271.94537353515625 329.4951591491699 325.3331184387207 306.7762756347656 325.3331184387207
307.15667724609375 273.76885986328125 329.61594009399414 273.76885986328125 329.61594009399414 325.0016059875488 307.15667724609375 325.0016059875488
307.0152893066406 275.194091796875 328.89473724365234 275.194091796875 328.89473724365234 325.66972732543945 307.0152893066406 325.66972732543945
307.4288024902344 274.60992431640625 329.12768936157227 274.60992431640625 329.12768936157227 325.75395584106445 307.4288024902344 325.75395584106445
306.6492004394531 276.17755126953125 329.0236396789551 276.17755126953125 329.0236396789551 326.64147567749023 306.6492004394531 326.64147567749023
306.7400207519531 274.55242919921875 329.26476097106934 274.55242919921875 329.26476097106934 325.06614685058594 306.7400207519531 325.06614685058594
306.6673583984375 275.58697509765625 329.0009994506836 275.58697509765625 329.0009994506836 325.4047203063965 306.6673583984375 325.4047203063965
305.9280700683594 274.0394592285156 329.0219917297363 274.0394592285156 329.0219917297363 326.6883239746094 305.9280700683594 326.6883239746094
306.68145751953125 274.047607421875 329.2034320831299 274.047607421875 329.2034320831299 326.0103530883789 306.68145751953125 326.0103530883789
305.98004150390625 274.48565673828125 328.9810485839844 274.48565673828125 328.9810485839844 326.5914993286133 305.98004150390625 326.5914993286133
305.9919128417969 273.6497497558594 329.230899810791 273.6497497558594 329.230899810791 327.1482849121094 305.9919128417969 327.1482849121094
306.21063232421875 273.281494140625 329.33825492858887 273.281494140625 329.33825492858887 325.7955741882324 306.21063232421875 325.7955741882324
305.6904296875 272.47442626953125 329.37112045288086 272.47442626953125 329.37112045288086 326.50042724609375 305.6904296875 326.50042724609375
306.1308288574219 274.24505615234375 329.35948181152344 274.24505615234375 329.35948181152344 327.97049713134766 306.1308288574219 327.97049713134766
305.38494873046875 273.78594970703125 329.30068588256836 273.78594970703125 329.30068588256836 328.1470947265625 305.38494873046875 328.1470947265625
306.03778076171875 273.9998779296875 329.44743728637695 273.9998779296875 329.44743728637695 328.08609771728516 306.03778076171875 328.08609771728516
305.96661376953125 271.82318115234375 329.3634777069092 271.82318115234375 329.3634777069092 327.28357696533203 305.96661376953125 327.28357696533203
306.3578796386719 272.92376708984375 329.1390266418457 272.92376708984375 329.1390266418457 328.6527214050293 306.3578796386719 328.6527214050293
306.09613037109375 271.6618957519531 329.40890884399414 271.6618957519531 329.40890884399414 328.1822700500488 306.09613037109375 328.1822700500488
306.219482421875 272.8321228027344 329.65561866760254 272.8321228027344 329.65561866760254 328.19902420043945 306.219482421875 328.19902420043945
306.0718078613281 273.3318786621094 328.8796806335449 273.3318786621094 328.8796806335449 328.8540229797363 306.0718078613281 328.8540229797363
305.7132263183594 272.3915710449219 329.22065353393555 272.3915710449219 329.22065353393555 329.11187744140625 305.7132263183594 329.11187744140625
304.9261169433594 275.55169677734375 328.68096923828125 275.55169677734375 328.68096923828125 330.42191314697266 304.9261169433594 330.42191314697266
305.1173095703125 273.4095153808594 329.0902500152588 273.4095153808594 329.0902500152588 330.7137565612793 305.1173095703125 330.7137565612793
305.2794494628906 271.29327392578125 329.6147212982178 271.29327392578125 329.6147212982178 329.3069076538086 305.2794494628906 329.3069076538086
304.99774169921875 272.3128662109375 329.0129737854004 272.3128662109375 329.0129737854004 329.57548904418945 304.99774169921875 329.57548904418945
305.0997619628906 272.4051208496094 329.2118110656738 272.4051208496094 329.2118110656738 330.6123847961426 305.0997619628906 330.6123847961426
305.4801330566406 273.052734375 329.23734855651855 273.052734375 329.23734855651855 328.9976005554199 305.4801330566406 328.9976005554199
305.3785400390625 274.84796142578125 329.1727466583252 274.84796142578125 329.1727466583252 330.8134651184082 305.3785400390625 330.8134651184082
305.5142822265625 275.22723388671875 329.10551834106445 275.22723388671875 329.10551834106445 331.46167755126953 305.5142822265625 331.46167755126953
305.5045471191406 273.8465881347656 328.4828910827637 273.8465881347656 328.4828910827637 331.90435791015625 305.5045471191406 331.90435791015625
305.12408447265625 274.50653076171875 328.20010566711426 274.50653076171875 328.20010566711426 330.87871170043945 305.12408447265625 330.87871170043945
305.60479736328125 272.08892822265625 328.9287509918213 272.08892822265625 328.9287509918213 329.15813064575195 305.60479736328125 329.15813064575195
305.3346862792969 272.0557556152344 328.92676162719727 272.0557556152344 328.92676162719727 329.4310531616211 305.3346862792969 329.4310531616211
304.6363830566406 275.66986083984375 328.3047294616699 275.66986083984375 328.3047294616699 333.3351821899414 304.6363830566406 333.3351821899414
304.7786560058594 272.56158447265625 328.7299556732178 272.56158447265625 328.7299556732178 331.8653259277344 304.7786560058594 331.8653259277344
304.140380859375 273.22052001953125 329.41948318481445 273.22052001953125 329.41948318481445 333.5431709289551 304.140380859375 333.5431709289551
304.9445495605469 275.9154357910156 328.8368148803711 275.9154357910156 328.8368148803711 333.7121696472168 304.9445495605469 333.7121696472168
304.2672424316406 273.88165283203125 328.18783950805664 273.88165283203125 328.18783950805664 332.43824005126953 304.2672424316406 332.43824005126953
304.593505859375 274.9530029296875 328.41222190856934 274.9530029296875 328.41222190856934 334.61773681640625 304.593505859375 334.61773681640625
305.3011474609375 274.65997314453125 328.4568271636963 274.65997314453125 328.4568271636963 334.2538948059082 305.3011474609375 334.2538948059082
305.04071044921875 274.99078369140625 328.2138271331787 274.99078369140625 328.2138271331787 333.9166145324707 305.04071044921875 333.9166145324707
304.84503173828125 274.8478088378906 328.0671081542969 274.8478088378906 328.0671081542969 334.16740798950195 304.84503173828125 334.16740798950195
304.47601318359375 275.73052978515625 328.4293212890625 275.73052978515625 328.4293212890625 334.1907539367676 304.47601318359375 334.1907539367676
303.91656494140625 275.39178466796875 327.6581802368164 275.39178466796875 327.6581802368164 334.6850051879883 303.91656494140625 334.6850051879883
304.28533935546875 275.7108154296875 328.3766040802002 275.7108154296875 328.3766040802002 334.23102951049805 304.28533935546875 334.23102951049805
304.4879150390625 278.234130859375 328.3633003234863 278.234130859375 328.3633003234863 335.07977294921875 304.4879150390625 335.07977294921875
303.9205627441406 275.5919494628906 328.77809715270996 275.5919494628906 328.77809715270996 334.8997917175293 303.9205627441406 334.8997917175293
303.327880859375 276.55224609375 328.01281356811523 276.55224609375 328.01281356811523 336.3563232421875 303.327880859375 336.3563232421875
304.1556701660156 276.896240234375 328.2582130432129 276.896240234375 328.2582130432129 336.3841667175293 304.1556701660156 336.3841667175293
304.1429443359375 275.6871643066406 327.9994716644287 275.6871643066406 327.9994716644287 335.5973701477051 304.1429443359375 335.5973701477051
305.0859375 277.7908630371094 328.29887771606445 277.7908630371094 328.29887771606445 338.3296928405762 305.0859375 338.3296928405762
303.6056213378906 277.57080078125 328.3120861053467 277.57080078125 328.3120861053467 337.8094367980957 303.6056213378906 337.8094367980957
303.8710021972656 278.1722412109375 328.1518249511719 278.1722412109375 328.1518249511719 338.6984443664551 303.8710021972656 338.6984443664551
304.1163635253906 277.6869812011719 327.97896575927734 277.6869812011719 327.97896575927734 336.9950065612793 304.1163635253906 336.9950065612793
303.4047546386719 277.742431640625 328.2824649810791 277.742431640625 328.2824649810791 338.99201583862305 303.4047546386719 338.99201583862305
303.6322326660156 277.07611083984375 328.0361099243164 277.07611083984375 328.0361099243164 337.77668380737305 303.6322326660156 337.77668380737305
303.1551818847656 276.62261962890625 327.45062255859375 276.62261962890625 327.45062255859375 338.4772262573242 303.1551818847656 338.4772262573242
302.980224609375 279.57427978515625 327.48283767700195 279.57427978515625 327.48283767700195 338.9029769897461 302.980224609375 338.9029769897461
302.98187255859375 279.89459228515625 327.31371116638184 279.89459228515625 327.31371116638184 339.3935546875 302.98187255859375 339.3935546875
302.95709228515625 278.5165710449219 326.6731758117676 278.5165710449219 326.6731758117676 339.5299758911133 302.95709228515625 339.5299758911133
303.01031494140625 278.9337158203125 326.86908531188965 278.9337158203125 326.86908531188965 338.9219970703125 303.01031494140625 338.9219970703125
302.84820556640625 276.90228271484375 326.35906410217285 276.90228271484375 326.35906410217285 338.2981071472168 302.84820556640625 338.2981071472168
303.0621337890625 277.2652587890625 326.4983615875244 277.2652587890625 326.4983615875244 338.67089080810547 303.0621337890625 338.67089080810547
302.72906494140625 278.0869140625 326.382022857666 278.0869140625 326.382022857666 339.31861114501953 302.72906494140625 339.31861114501953
303.200439453125 278.82403564453125 326.5393753051758 278.82403564453125 326.5393753051758 340.0991020202637 303.200439453125 340.0991020202637
302.24139404296875 279.62652587890625 326.5043640136719 279.62652587890625 326.5043640136719 341.9550476074219 302.24139404296875 341.9550476074219
302.51898193359375 280.93505859375 326.28059005737305 280.93505859375 326.28059005737305 342.19123458862305 302.51898193359375 342.19123458862305
302.2552490234375 280.90826416015625 326.1504669189453 280.90826416015625 326.1504669189453 343.7954406738281 302.2552490234375 343.7954406738281
302.20526123046875 280.0968017578125 325.9954013824463 280.0968017578125 325.9954013824463 343.1436576843262 302.20526123046875 343.1436576843262
302.69000244140625 280.6164245605469 326.2677879333496 280.6164245605469 326.2677879333496 343.6721305847168 302.69000244140625 343.6721305847168
301.73529052734375 282.5180358886719 325.72341537475586 282.5180358886719 325.72341537475586 344.8345413208008 301.73529052734375 344.8345413208008
302.2946472167969 283.1663513183594 325.65753173828125 283.1663513183594 325.65753173828125 345.1830520629883 302.2946472167969 345.1830520629883
301.5733337402344 283.2200622558594 325.9797649383545 283.2200622558594 325.9797649383545 346.0868721008301 301.5733337402344 346.0868721008301
301.76837158203125 283.54669189453125 325.68818283081055 283.54669189453125 325.68818283081055 347.55928802490234 301.76837158203125 347.55928802490234
301.8358154296875 286.2041931152344 325.0977840423584 286.2041931152344 325.0977840423584 346.6068305969238 301.8358154296875 346.6068305969238
301.6304016113281 284.9056396484375 325.26411628723145 284.9056396484375 325.26411628723145 347.87285232543945 301.6304016113281 347.87285232543945
301.27386474609375 284.2181701660156 325.26691246032715 284.2181701660156 325.26691246032715 347.1777877807617 301.27386474609375 347.1777877807617
301.5716857910156 285.18212890625 324.9821434020996 285.18212890625 324.9821434020996 347.7781982421875 301.5716857910156 347.7781982421875
301.4214782714844 285.2738342285156 325.20383071899414 285.2738342285156 325.20383071899414 345.7448043823242 301.4214782714844 345.7448043823242
301.10198974609375 285.96356201171875 324.66137313842773 285.96356201171875 324.66137313842773 345.8246955871582 301.10198974609375 345.8246955871582
301.1976623535156 285.99371337890625 325.0955066680908 285.99371337890625 325.0955066680908 346.4457702636719 301.1976623535156 346.4457702636719
300.068115234375 286.15411376953125 324.97189712524414 286.15411376953125 324.97189712524414 345.8743896484375 300.068115234375 345.8743896484375
299.90069580078125 284.19854736328125 324.77285385131836 284.19854736328125 324.77285385131836 344.4794502258301 299.90069580078125 344.4794502258301
300.1347961425781 285.26104736328125 324.5053958892822 285.26104736328125 324.5053958892822 346.1964111328125 300.1347961425781 346.1964111328125
299.69708251953125 284.8811340332031 324.371000289917 284.8811340332031 324.371000289917 344.8879699707031 299.69708251953125 344.8879699707031
300.31011962890625 288.4801025390625 324.23070526123047 288.4801025390625 324.23070526123047 347.41483306884766 300.31011962890625 347.41483306884766
299.45892333984375 285.7657775878906 323.86348724365234 285.7657775878906 323.86348724365234 344.9812316894531 299.45892333984375 344.9812316894531
299.7149353027344 288.74169921875 324.4118309020996 288.74169921875 324.4118309020996 347.86333084106445 299.7149353027344 347.86333084106445
299.1681213378906 288.518798828125 323.78457260131836 288.518798828125 323.78457260131836 348.95870208740234 299.1681213378906 348.95870208740234
298.784912109375 288.02093505859375 323.8382263183594 288.02093505859375 323.8382263183594 348.40970611572266 298.784912109375 348.40970611572266
298.59405517578125 287.29705810546875 324.0984630584717 287.29705810546875 324.0984630584717 347.57526779174805 298.59405517578125 347.57526779174805
298.0582275390625 286.23712158203125 323.86249923706055 286.23712158203125 323.86249923706055 348.46648025512695 298.0582275390625 348.46648025512695
297.59124755859375 285.6996765136719 323.0507125854492 285.6996765136719 323.0507125854492 348.4637260437012 297.59124755859375 348.4637260437012
297.6964416503906 286.9168395996094 323.43915939331055 286.9168395996094 323.43915939331055 349.58545684814453 297.6964416503906 349.58545684814453
299.0724182128906 288.83270263671875 323.3050594329834 288.83270263671875 323.3050594329834 350.36942291259766 299.0724182128906 350.36942291259766
297.65985107421875 287.7513732910156 323.18735122680664 287.7513732910156 323.18735122680664 350.5447578430176 297.65985107421875 350.5447578430176
297.12713623046875 286.8175354003906 322.835750579834 286.8175354003906 322.835750579834 348.8186721801758 297.12713623046875 348.8186721801758
296.96636962890625 287.14532470703125 323.14783668518066 287.14532470703125 323.14783668518066 349.8565788269043 296.96636962890625 349.8565788269043
296.29083251953125 286.19329833984375 322.7624263763428 286.19329833984375 322.7624263763428 347.7065238952637 296.29083251953125 347.7065238952637
296.5359802246094 286.5056457519531 322.7591743469238 286.5056457519531 322.7591743469238 348.4936294555664 296.5359802246094 348.4936294555664
296.812744140625 286.5514831542969 322.09052658081055 286.5514831542969 322.09052658081055 349.40020751953125 296.812744140625 349.40020751953125
296.6621398925781 285.92596435546875 321.7538146972656 285.92596435546875 321.7538146972656 347.8369445800781 296.6621398925781 347.8369445800781
296.3106994628906 288.4361267089844 320.91864013671875 288.4361267089844 320.91864013671875 348.66154861450195 296.3106994628906 348.66154861450195
295.343505859375 288.1047058105469 320.0859603881836 288.1047058105469 320.0859603881836 347.95992279052734 295.343505859375 347.95992279052734
295.3436584472656 289.16412353515625 319.7195281982422 289.16412353515625 319.7195281982422 348.5028762817383 295.3436584472656 348.5028762817383
294.91607666015625 288.3528747558594 319.71495819091797 288.3528747558594 319.71495819091797 348.8339538574219 294.91607666015625 348.8339538574219
293.4029846191406 288.8678894042969 318.618127822876 288.8678894042969 318.618127822876 349.51080322265625 293.4029846191406 349.51080322265625
293.18109130859375 289.915283203125 318.75611877441406 289.915283203125 318.75611877441406 350.46842193603516 293.18109130859375 350.46842193603516
293.45794677734375 288.76116943359375 318.5375728607178 288.76116943359375 318.5375728607178 350.5539779663086 293.45794677734375 350.5539779663086
293.36102294921875 288.7130432128906 318.61454010009766 288.7130432128906 318.61454010009766 349.85503005981445 293.36102294921875 349.85503005981445
292.2864685058594 290.34368896484375 318.29802894592285 290.34368896484375 318.29802894592285 352.21989822387695 292.2864685058594 352.21989822387695
291.5260314941406 291.88043212890625 317.92359352111816 291.88043212890625 317.92359352111816 352.3051567077637 291.5260314941406 352.3051567077637
292.14447021484375 291.73870849609375 317.6760425567627 291.73870849609375 317.6760425567627 351.9438056945801 292.14447021484375 351.9438056945801
291.45391845703125 290.91107177734375 317.49602699279785 290.91107177734375 317.49602699279785 352.63819122314453 291.45391845703125 352.63819122314453
291.1109313964844 291.1260681152344 317.6610908508301 291.1260681152344 317.6610908508301 352.29619216918945 291.1109313964844 352.29619216918945
289.48516845703125 293.0567321777344 316.71521949768066 293.0567321777344 316.71521949768066 354.3651313781738 289.48516845703125 354.3651313781738
288.8001708984375 293.12542724609375 315.57661056518555 293.12542724609375 315.57661056518555 353.4919548034668 288.8001708984375 353.4919548034668
288.5476379394531 293.3435974121094 315.3415012359619 293.3435974121094 315.3415012359619 354.8719787597656 288.5476379394531 354.8719787597656
288.58209228515625 293.8167419433594 314.26701736450195 293.8167419433594 314.26701736450195 354.5146789550781 288.58209228515625 354.5146789550781
288.6986389160156 292.8221435546875 314.27622413635254 292.8221435546875 314.27622413635254 354.12370681762695 288.6986389160156 354.12370681762695
287.2868957519531 292.56011962890625 312.95805740356445 292.56011962890625 312.95805740356445 352.91138458251953 287.2868957519531 352.91138458251953
287.48175048828125 293.17889404296875 312.32556533813477 293.17889404296875 312.32556533813477 352.96772384643555 287.48175048828125 352.96772384643555
286.8934326171875 295.73370361328125 312.3162536621094 295.73370361328125 312.3162536621094 352.97136306762695 286.8934326171875 352.97136306762695
285.2376403808594 291.8865966796875 311.4407596588135 291.8865966796875 311.4407596588135 352.29076385498047 285.2376403808594 352.29076385498047
285.05889892578125 293.4410705566406 311.29981994628906 293.4410705566406 311.29981994628906 353.64501953125 285.05889892578125 353.64501953125
284.9571228027344 294.3743591308594 311.10031509399414 294.3743591308594 311.10031509399414 354.4389457702637 284.9571228027344 354.4389457702637
285.14483642578125 294.84808349609375 311.5063419342041 294.84808349609375 311.5063419342041 354.8663444519043 285.14483642578125 354.8663444519043
284.200927734375 295.4935607910156 311.0850467681885 295.4935607910156 311.0850467681885 357.0838088989258 284.200927734375 357.0838088989258
283.8619384765625 296.09271240234375 310.43488693237305 296.09271240234375 310.43488693237305 358.5191879272461 283.8619384765625 358.5191879272461
283.2721862792969 294.86749267578125 310.5182800292969 294.86749267578125 310.5182800292969 356.4265556335449 283.2721862792969 356.4265556335449
283.4390869140625 297.3176574707031 310.0528144836426 297.3176574707031 310.0528144836426 358.0425491333008 283.4390869140625 358.0425491333008
283.228271484375 297.97943115234375 310.4738254547119 297.97943115234375 310.4738254547119 358.78857421875 283.228271484375 358.78857421875
282.7639465332031 298.2966613769531 309.4480743408203 298.2966613769531 309.4480743408203 358.9469985961914 282.7639465332031 358.9469985961914
281.7481689453125 297.2190856933594 309.5093936920166 297.2190856933594 309.5093936920166 357.7208938598633 281.7481689453125 357.7208938598633
280.3449401855469 297.1962890625 308.5579376220703 297.1962890625 308.5579376220703 357.94974517822266 280.3449401855469 357.94974517822266
279.81756591796875 296.25384521484375 307.74279403686523 296.25384521484375 307.74279403686523 357.7197151184082 279.81756591796875 357.7197151184082
279.9383850097656 296.3293151855469 307.41448402404785 296.3293151855469 307.41448402404785 358.03800201416016 279.9383850097656 358.03800201416016
278.89288330078125 296.61859130859375 306.8308906555176 296.61859130859375 306.8308906555176 357.20398712158203 278.89288330078125 357.20398712158203
279.2451171875 297.7567443847656 305.65574645996094 297.7567443847656 305.65574645996094 358.1618766784668 279.2451171875 358.1618766784668
279.197509765625 298.6382141113281 305.6633186340332 298.6382141113281 305.6633186340332 357.69664764404297 279.197509765625 357.69664764404297
278.50152587890625 298.0838317871094 305.3553886413574 298.0838317871094 305.3553886413574 356.3050956726074 278.50152587890625 356.3050956726074
278.2812805175781 299.468994140625 305.05786514282227 299.468994140625 305.05786514282227 357.6256790161133 278.2812805175781 357.6256790161133
277.63018798828125 300.095947265625 304.28313636779785 300.095947265625 304.28313636779785 358.3189697265625 277.63018798828125 358.3189697265625
277.1641540527344 300.81292724609375 303.4595432281494 300.81292724609375 303.4595432281494 358.6260566711426 277.1641540527344 358.6260566711426
276.93096923828125 300.31988525390625 303.22893714904785 300.31988525390625 303.22893714904785 358.8193893432617 276.93096923828125 358.8193893432617
275.7671813964844 299.22894287109375 302.82196044921875 299.22894287109375 302.82196044921875 358.8387451171875 275.7671813964844 358.8387451171875
274.65472412109375 299.08514404296875 301.90639305114746 299.08514404296875 301.90639305114746 358.8381576538086 274.65472412109375 358.8381576538086
274.7729187011719 299.86419677734375 301.89250564575195 299.86419677734375 301.89250564575195 359.1142349243164 274.7729187011719 359.1142349243164
274.2450256347656 298.26324462890625 301.8240165710449 298.26324462890625 301.8240165710449 359.07343673706055 274.2450256347656 359.07343673706055
273.7784118652344 298.8771667480469 300.4399070739746 298.8771667480469 300.4399070739746 357.9915466308594 273.7784118652344 357.9915466308594
273.061767578125 300.5209045410156 300.40732192993164 300.5209045410156 300.40732192993164 359.5945358276367 273.061767578125 359.5945358276367
272.73480224609375 302.6324462890625 300.6791801452637 302.6324462890625 300.6791801452637 361.3254089355469 272.73480224609375 361.3254089355469
272.98541259765625 302.49298095703125 300.6042022705078 302.49298095703125 300.6042022705078 360.8323173522949 272.98541259765625 360.8323173522949
270.7869567871094 301.5347595214844 298.3367614746094 301.5347595214844 298.3367614746094 360.01324462890625 270.7869567871094 360.01324462890625
270.4056091308594 302.6745910644531 298.01333236694336 302.6745910644531 298.01333236694336 361.4536437988281 270.4056091308594 361.4536437988281
270.1347351074219 303.60504150390625 297.55205154418945 303.60504150390625 297.55205154418945 362.16085052490234 270.1347351074219 362.16085052490234
270.3148498535156 302.9302062988281 297.2898464202881 302.9302062988281 297.2898464202881 363.2269706726074 270.3148498535156 363.2269706726074
268.58013916015625 302.00823974609375 295.3023738861084 302.00823974609375 295.3023738861084 361.59850311279297 268.58013916015625 361.59850311279297
268.3988037109375 301.785888671875 294.8352565765381 301.785888671875 294.8352565765381 360.70330810546875 268.3988037109375 360.70330810546875
268.0618896484375 301.0768127441406 294.6500186920166 301.0768127441406 294.6500186920166 360.66448974609375 268.0618896484375 360.66448974609375
268.1307067871094 303.23052978515625 294.526819229126 303.23052978515625 294.526819229126 361.2849807739258 268.1307067871094 361.2849807739258
266.1314392089844 303.8951721191406 292.757568359375 303.8951721191406 292.757568359375 362.3517150878906 266.1314392089844 362.3517150878906
264.54449462890625 302.56475830078125 291.34994888305664 302.56475830078125 291.34994888305664 361.26624298095703 264.54449462890625 361.26624298095703
264.932861328125 302.86669921875 291.59662437438965 302.86669921875 291.59662437438965 363.8593940734863 264.932861328125 363.8593940734863
263.6427001953125 304.5489807128906 291.2049961090088 304.5489807128906 291.2049961090088 366.61772537231445 263.6427001953125 366.61772537231445
263.61956787109375 303.4369201660156 291.8616065979004 303.4369201660156 291.8616065979004 368.244384765625 263.61956787109375 368.244384765625
263.2309265136719 304.41790771484375 291.120569229126 304.41790771484375 291.120569229126 367.2186164855957 263.2309265136719 367.2186164855957
262.7171936035156 302.97906494140625 291.00897789001465 302.97906494140625 291.00897789001465 367.5541229248047 262.7171936035156 367.5541229248047
262.6566467285156 304.95867919921875 291.19935607910156 304.95867919921875 291.19935607910156 367.84029388427734 262.6566467285156 367.84029388427734
261.52099609375 306.7522888183594 290.31383323669434 306.7522888183594 290.31383323669434 368.6213188171387 261.52099609375 368.6213188171387
261.232421875 306.5903015136719 289.51255798339844 306.5903015136719 289.51255798339844 368.6285514831543 261.232421875 368.6285514831543
260.08233642578125 307.93780517578125 288.9918632507324 307.93780517578125 288.9918632507324 368.8478584289551 260.08233642578125 368.8478584289551
259.45233154296875 306.6034851074219 288.3131618499756 306.6034851074219 288.3131618499756 367.7383918762207 259.45233154296875 367.7383918762207
258.6958923339844 307.2896728515625 287.1816349029541 307.2896728515625 287.1816349029541 367.0266342163086 258.6958923339844 367.0266342163086
258.6007995605469 307.55145263671875 286.977596282959 307.55145263671875 286.977596282959 368.6977653503418 258.6007995605469 368.6977653503418
258.73486328125 309.6166076660156 286.57533264160156 309.6166076660156 286.57533264160156 370.2217788696289 258.73486328125 370.2217788696289
257.852294921875 308.0755310058594 285.91711044311523 308.0755310058594 285.91711044311523 370.04790115356445 257.852294921875 370.04790115356445
257.87969970703125 308.28033447265625 285.26231384277344 308.28033447265625 285.26231384277344 368.6576232910156 257.87969970703125 368.6576232910156
257.6741027832031 308.2335510253906 284.8660526275635 308.2335510253906 284.8660526275635 368.3241500854492 257.6741027832031 368.3241500854492
257.23089599609375 310.986328125 284.18078231811523 310.986328125 284.18078231811523 370.3185615539551 257.23089599609375 370.3185615539551
256.3858337402344 311.4090270996094 283.52270126342773 311.4090270996094 283.52270126342773 371.2571601867676 256.3858337402344 371.2571601867676
256.42950439453125 312.49749755859375 283.9715633392334 312.49749755859375 283.9715633392334 371.21195220947266 256.42950439453125 371.21195220947266
255.86264038085938 313.2680358886719 283.34019470214844 313.2680358886719 283.34019470214844 372.1608772277832 255.86264038085938 372.1608772277832
253.787109375 311.8219299316406 282.1878204345703 311.8219299316406 282.1878204345703 373.35095977783203 253.787109375 373.35095977783203
253.82888793945312 310.4656982421875 282.8867988586426 310.4656982421875 282.8867988586426 372.0703315734863 253.82888793945312 372.0703315734863
253.61477661132812 309.93548583984375 282.2748622894287 309.93548583984375 282.2748622894287 372.4260673522949 253.61477661132812 372.4260673522949
253.86331176757812 309.93817138671875 281.9347229003906 309.93817138671875 281.9347229003906 372.5601577758789 253.86331176757812 372.5601577758789
253.06857299804688 310.24639892578125 280.8271541595459 310.24639892578125 280.8271541595459 372.50711822509766 253.06857299804688 372.50711822509766
252.3275146484375 312.41217041015625 280.5104923248291 312.41217041015625 280.5104923248291 374.12372970581055 252.3275146484375 374.12372970581055
252.2047882080078 313.9574890136719 280.3887119293213 313.9574890136719 280.3887119293213 375.71651458740234 252.2047882080078 375.71651458740234
250.90771484375 309.3616638183594 279.3863582611084 309.3616638183594 279.3863582611084 371.9123306274414 250.90771484375 371.9123306274414
249.95614624023438 312.96502685546875 278.7560920715332 312.96502685546875 278.7560920715332 375.5110855102539 249.95614624023438 375.5110855102539
249.8003692626953 310.74652099609375 277.60096740722656 310.74652099609375 277.60096740722656 372.94522857666016 249.8003692626953 372.94522857666016
249.2498016357422 310.3704528808594 277.70526695251465 310.3704528808594 277.70526695251465 373.1087341308594 249.2498016357422 373.1087341308594
249.4405059814453 312.50396728515625 277.1313419342041 312.50396728515625 277.1313419342041 375.0363883972168 249.4405059814453 375.0363883972168
248.90188598632812 314.11773681640625 277.056188583374 314.11773681640625 277.056188583374 375.53978729248047 248.90188598632812 375.53978729248047
248.9810333251953 311.94085693359375 277.1239414215088 311.94085693359375 277.1239414215088 375.0093460083008 248.9810333251953 375.0093460083008
248.3782958984375 315.8868408203125 276.03435134887695 315.8868408203125 276.03435134887695 376.0124931335449 248.3782958984375 376.0124931335449
247.25186157226562 313.62921142578125 275.18674087524414 313.62921142578125 275.18674087524414 374.7362289428711 247.25186157226562 374.7362289428711
247.5272674560547 313.236328125 275.23345947265625 313.236328125 275.23345947265625 375.90998458862305 247.5272674560547 375.90998458862305
246.70339965820312 314.4371643066406 274.63547706604004 314.4371643066406 274.63547706604004 376.0029716491699 246.70339965820312 376.0029716491699
245.82003784179688 313.6686706542969 274.3276424407959 313.6686706542969 274.3276424407959 377.4813003540039 245.82003784179688 377.4813003540039
245.53939819335938 317.33233642578125 274.9561653137207 317.33233642578125 274.9561653137207 382.0140609741211 245.53939819335938 382.0140609741211
245.6638946533203 316.461181640625 274.6844120025635 316.461181640625 274.6844120025635 381.7430877685547 245.6638946533203 381.7430877685547
244.83840942382812 314.35845947265625 274.23082542419434 314.35845947265625 274.23082542419434 379.3141403198242 244.83840942382812 379.3141403198242
244.15078735351562 313.62200927734375 273.5188789367676 313.62200927734375 273.5188789367676 380.2770767211914 244.15078735351562 380.2770767211914
244.1908721923828 314.8132629394531 273.41596031188965 314.8132629394531 273.41596031188965 379.9955368041992 244.1908721923828 379.9955368041992
243.2285919189453 315.3731994628906 272.53916358947754 315.3731994628906 272.53916358947754 379.95985412597656 243.2285919189453 379.95985412597656
242.8075714111328 315.6098327636719 272.3125457763672 315.6098327636719 272.3125457763672 379.23096466064453 242.8075714111328 379.23096466064453
242.70089721679688 315.8811340332031 271.4995765686035 315.8811340332031 271.4995765686035 380.12001037597656 242.70089721679688 380.12001037597656
242.77841186523438 317.7778015136719 271.3552703857422 317.7778015136719 271.3552703857422 382.4136505126953 242.77841186523438 382.4136505126953
240.7828369140625 314.52532958984375 269.1639099121094 314.52532958984375 269.1639099121094 379.46910095214844 240.7828369140625 379.46910095214844
240.2465362548828 316.1368103027344 268.42323303222656 316.1368103027344 268.42323303222656 380.53649139404297 240.2465362548828 380.53649139404297
240.18148803710938 314.6782531738281 267.8196678161621 314.6782531738281 267.8196678161621 380.54286193847656 240.18148803710938 380.54286193847656
240.4675750732422 316.42669677734375 268.31243896484375 316.42669677734375 268.31243896484375 382.79476165771484 240.4675750732422 382.79476165771484
240.3078155517578 316.55938720703125 267.5016841888428 316.55938720703125 267.5016841888428 381.5264129638672 240.3078155517578 381.5264129638672
239.48709106445312 316.3717346191406 267.0462951660156 316.3717346191406 267.0462951660156 380.5008010864258 239.48709106445312 380.5008010864258
239.34024047851562 319.30133056640625 266.7303409576416 319.30133056640625 266.7303409576416 381.4752502441406 239.34024047851562 381.4752502441406
238.45803833007812 319.7998962402344 266.65882873535156 319.7998962402344 266.65882873535156 382.0752182006836 238.45803833007812 382.0752182006836
237.8852996826172 319.6935119628906 266.1347770690918 319.6935119628906 266.1347770690918 382.4335632324219 237.8852996826172 382.4335632324219
237.2801513671875 320.13238525390625 266.48655128479004 320.13238525390625 266.48655128479004 385.01363372802734 237.2801513671875 385.01363372802734
237.59140014648438 320.1376953125 266.086669921875 320.1376953125 266.086669921875 385.1708297729492 237.59140014648438 385.1708297729492
237.1412811279297 321.02008056640625 266.1514492034912 321.02008056640625 266.1514492034912 384.01093673706055 237.1412811279297 384.01093673706055
236.5365753173828 321.7682800292969 266.02236557006836 321.7682800292969 266.02236557006836 387.08007049560547 236.5365753173828 387.08007049560547
236.6773223876953 320.3616638183594 266.3507652282715 320.3616638183594 266.3507652282715 385.8302459716797 236.6773223876953 385.8302459716797
235.8808135986328 319.2937927246094 265.6708526611328 319.2937927246094 265.6708526611328 386.53853607177734 235.8808135986328 386.53853607177734
236.6689453125 322.08575439453125 266.1600284576416 322.08575439453125 266.1600284576416 387.0072326660156 236.6689453125 387.0072326660156
235.9420928955078 322.98529052734375 265.4264678955078 322.98529052734375 265.4264678955078 386.94086837768555 235.9420928955078 386.94086837768555
235.15103149414062 322.77130126953125 264.6949520111084 322.77130126953125 264.6949520111084 386.34850311279297 235.15103149414062 386.34850311279297
235.38864135742188 322.3153076171875 264.4872589111328 322.3153076171875 264.4872589111328 387.92198181152344 235.38864135742188 387.92198181152344
233.5056610107422 321.5686340332031 263.7033443450928 321.5686340332031 263.7033443450928 387.83287811279297 233.5056610107422 387.83287811279297
234.4691925048828 320.7750244140625 263.0992183685303 320.7750244140625 263.0992183685303 387.4284973144531 234.4691925048828 387.4284973144531
233.23477172851562 320.4405212402344 262.1591453552246 320.4405212402344 262.1591453552246 387.1823043823242 233.23477172851562 387.1823043823242
233.39163208007812 321.26226806640625 262.22558212280273 321.26226806640625 262.22558212280273 387.21669006347656 233.39163208007812 387.21669006347656
232.98764038085938 323.3738708496094 261.89306640625 323.3738708496094 261.89306640625 388.7148666381836 232.98764038085938 388.7148666381836
232.6451416015625 321.0732421875 261.96511459350586 321.0732421875 261.96511459350586 387.27147674560547 232.6451416015625 387.27147674560547
229.8998565673828 323.5801086425781 261.212926864624 323.5801086425781 261.212926864624 388.067626953125 229.8998565673828 388.067626953125
230.64242553710938 325.8689880371094 261.3573818206787 325.8689880371094 261.3573818206787 389.4936714172363 230.64242553710938 389.4936714172363
229.44625854492188 324.4781494140625 261.6019058227539 324.4781494140625 261.6019058227539 390.43799591064453 229.44625854492188 390.43799591064453
229.4861297607422 325.56439208984375 261.0550956726074 325.56439208984375 261.0550956726074 391.1836700439453 229.4861297607422 391.1836700439453
229.60610961914062 324.0258483886719 261.2305030822754 324.0258483886719 261.2305030822754 390.6427459716797 229.60610961914062 390.6427459716797
229.7771453857422 324.48638916015625 261.57798767089844 324.48638916015625 261.57798767089844 390.5930633544922 229.7771453857422 390.5930633544922
227.62490844726562 324.9332275390625 259.9855766296387 324.9332275390625 259.9855766296387 392.5398406982422 227.62490844726562 392.5398406982422
227.7967071533203 323.5722961425781 260.7987976074219 323.5722961425781 260.7987976074219 391.4745788574219 227.7967071533203 391.4745788574219
227.9216766357422 324.24920654296875 260.107608795166 324.24920654296875 260.107608795166 390.6940002441406 227.9216766357422 390.6940002441406
226.2461395263672 323.9195251464844 258.98887634277344 323.9195251464844 258.98887634277344 390.5172805786133 226.2461395263672 390.5172805786133
225.82431030273438 325.250244140625 259.04958724975586 325.250244140625 259.04958724975586 392.1724853515625 225.82431030273438 392.1724853515625
225.61312866210938 326.58612060546875 257.706356048584 326.58612060546875 257.706356048584 391.5870361328125 225.61312866210938 391.5870361328125
224.56356811523438 331.2772216796875 257.15478515625 331.2772216796875 257.15478515625 392.99420166015625 224.56356811523438 392.99420166015625
223.36593627929688 330.21942138671875 255.49225997924805 330.21942138671875 255.49225997924805 391.9665336608887 223.36593627929688 391.9665336608887
222.8332061767578 330.6837463378906 254.83518981933594 330.6837463378906 254.83518981933594 391.86290740966797 222.8332061767578 391.86290740966797
222.12124633789062 330.3238220214844 253.21596336364746 330.3238220214844 253.21596336364746 390.8130683898926 222.12124633789062 390.8130683898926
221.26895141601562 328.33612060546875 251.9690456390381 328.33612060546875 251.9690456390381 390.9495315551758 221.26895141601562 390.9495315551758
219.766845703125 328.9326171875 250.85742568969727 328.9326171875 250.85742568969727 391.7744560241699 219.766845703125 391.7744560241699
218.780517578125 331.222900390625 250.02041053771973 331.222900390625 250.02041053771973 391.5132637023926 218.780517578125 391.5132637023926
218.32333374023438 330.4557189941406 250.37598037719727 330.4557189941406 250.37598037719727 391.14179611206055 218.32333374023438 391.14179611206055
219.1270294189453 331.7964782714844 249.4040927886963 331.7964782714844 249.4040927886963 391.3887252807617 219.1270294189453 391.3887252807617
215.42221069335938 330.9505310058594 246.5290985107422 330.9505310058594 246.5290985107422 391.328857421875 215.42221069335938 391.328857421875
215.2080078125 330.5049743652344 245.83786010742188 330.5049743652344 245.83786010742188 390.61922454833984 215.2080078125 390.61922454833984
213.6577606201172 331.9547119140625 245.0010871887207 331.9547119140625 245.0010871887207 392.3783378601074 213.6577606201172 392.3783378601074
211.269775390625 331.8985900878906 243.02524948120117 331.8985900878906 243.02524948120117 394.2528305053711 211.269775390625 394.2528305053711
210.5923614501953 330.52313232421875 242.13677978515625 330.52313232421875 242.13677978515625 394.1005859375 210.5923614501953 394.1005859375
210.34097290039062 328.8884582519531 240.4079246520996 328.8884582519531 240.4079246520996 391.77120208740234 210.34097290039062 391.77120208740234
208.63925170898438 328.42742919921875 239.45660018920898 328.42742919921875 239.45660018920898 391.57764434814453 208.63925170898438 391.57764434814453
207.2259979248047 327.36285400390625 238.45568466186523 327.36285400390625 238.45568466186523 391.02010345458984 207.2259979248047 391.02010345458984
205.87680053710938 329.3446960449219 236.73966598510742 329.3446960449219 236.73966598510742 392.3197441101074 205.87680053710938 392.3197441101074
204.16299438476562 328.48944091796875 236.41936492919922 328.48944091796875 236.41936492919922 392.9042053222656 204.16299438476562 392.9042053222656
201.3345947265625 332.2085266113281 234.51605224609375 332.2085266113281 234.51605224609375 395.3797721862793 201.3345947265625 395.3797721862793
199.34596252441406 334.62823486328125 232.5304183959961 334.62823486328125 232.5304183959961 396.99141693115234 199.34596252441406 396.99141693115234
197.0610809326172 336.3796691894531 229.00688552856445 336.3796691894531 229.00688552856445 399.7517776489258 197.0610809326172 399.7517776489258
194.93405151367188 332.75885009765625 225.6627712249756 332.75885009765625 225.6627712249756 399.09254455566406 194.93405151367188 399.09254455566406
193.1949005126953 335.07025146484375 224.60910987854004 335.07025146484375 224.60910987854004 400.62752532958984 193.1949005126953 400.62752532958984
190.7212371826172 336.42462158203125 222.55519676208496 336.42462158203125 222.55519676208496 403.7454605102539 190.7212371826172 403.7454605102539
191.350830078125 333.7634582519531 221.3504981994629 333.7634582519531 221.3504981994629 400.6460647583008 191.350830078125 400.6460647583008
191.36996459960938 337.2001953125 221.71872520446777 337.2001953125 221.71872520446777 403.3317642211914 191.36996459960938 403.3317642211914
190.8179168701172 339.12738037109375 221.73605346679688 339.12738037109375 221.73605346679688 405.03540802001953 190.8179168701172 405.03540802001953
189.46969604492188 337.26947021484375 219.45465087890625 337.26947021484375 219.45465087890625 402.9793395996094 189.46969604492188 402.9793395996094
189.6649932861328 338.98846435546875 219.23107528686523 338.98846435546875 219.23107528686523 404.5408248901367 189.6649932861328 404.5408248901367
187.50143432617188 337.96929931640625 216.98134422302246 337.96929931640625 216.98134422302246 404.59625244140625 187.50143432617188 404.59625244140625
183.82302856445312 349.19061279296875 211.16291427612305 349.19061279296875 211.16291427612305 418.7221221923828 183.82302856445312 418.7221221923828
181.4569854736328 334.82073974609375 209.94376182556152 334.82073974609375 209.94376182556152 402.69102478027344 181.4569854736328 402.69102478027344
178.93528747558594 331.67779541015625 208.11913108825684 331.67779541015625 208.11913108825684 401.39537048339844 178.93528747558594 401.39537048339844
176.73257446289062 331.9649353027344 207.9358615875244 331.9649353027344 207.9358615875244 405.4242477416992 176.73257446289062 405.4242477416992
176.78460693359375 331.6187438964844 207.20394897460938 331.6187438964844 207.20394897460938 404.51988983154297 176.78460693359375 404.51988983154297
176.35049438476562 333.5213317871094 206.74583435058594 333.5213317871094 206.74583435058594 404.91493225097656 176.35049438476562 404.91493225097656
174.20458984375 329.0989685058594 204.62369346618652 329.0989685058594 204.62369346618652 400.4639892578125 174.20458984375 400.4639892578125
173.47463989257812 332.8641662597656 203.63487243652344 332.8641662597656 203.63487243652344 403.2642288208008 173.47463989257812 403.2642288208008
173.9886016845703 335.3896179199219 204.34825706481934 335.3896179199219 204.34825706481934 407.86002349853516 173.9886016845703 407.86002349853516
173.6759796142578 336.64447021484375 203.67218017578125 336.64447021484375 203.67218017578125 407.0814666748047 173.6759796142578 407.0814666748047
171.26502990722656 337.91937255859375 202.70537948608398 337.91937255859375 202.70537948608398 408.6953582763672 171.26502990722656 408.6953582763672
171.1234588623047 335.3752746582031 202.5732078552246 335.3752746582031 202.5732078552246 407.38936614990234 171.1234588623047 407.38936614990234
170.90570068359375 336.7432556152344 202.0946044921875 336.7432556152344 202.0946044921875 409.71680450439453 170.90570068359375 409.71680450439453
169.89260864257812 337.4934997558594 201.87305641174316 337.4934997558594 201.87305641174316 409.8951721191406 169.89260864257812 409.8951721191406
168.92868041992188 336.6869812011719 199.93325233459473 336.6869812011719 199.93325233459473 408.1133270263672 168.92868041992188 408.1133270263672
168.64735412597656 336.6098937988281 199.34560203552246 336.6098937988281 199.34560203552246 407.8728790283203 168.64735412597656 407.8728790283203
169.5600128173828 338.0087890625 199.66953086853027 338.0087890625 199.66953086853027 408.1083679199219 169.5600128173828 408.1083679199219
168.4678955078125 339.5411682128906 198.34042930603027 339.5411682128906 198.34042930603027 409.52791595458984 168.4678955078125 409.52791595458984
168.19033813476562 339.19378662109375 198.4497127532959 339.19378662109375 198.4497127532959 411.3383560180664 168.19033813476562 411.3383560180664
168.12220764160156 340.5502014160156 198.9610939025879 340.5502014160156 198.9610939025879 414.2073211669922 168.12220764160156 414.2073211669922
167.1798095703125 340.25042724609375 198.41587257385254 340.25042724609375 198.41587257385254 413.000244140625 167.1798095703125 413.000244140625
167.12002563476562 340.45440673828125 198.70373153686523 340.45440673828125 198.70373153686523 413.74481201171875 167.12002563476562 413.74481201171875
168.41323852539062 340.5469055175781 199.16475868225098 340.5469055175781 199.16475868225098 414.76438903808594 168.41323852539062 414.76438903808594
167.7492218017578 339.7764587402344 198.9557991027832 339.7764587402344 198.9557991027832 413.82447814941406 167.7492218017578 413.82447814941406
167.81234741210938 339.1724548339844 198.5292854309082 339.1724548339844 198.5292854309082 413.2206497192383 167.81234741210938 413.2206497192383
169.31825256347656 341.21136474609375 199.88531494140625 341.21136474609375 199.88531494140625 415.07559967041016 169.31825256347656 415.07559967041016
169.50572204589844 342.183837890625 199.69756507873535 342.183837890625 199.69756507873535 417.07254791259766 169.50572204589844 417.07254791259766
169.26626586914062 344.6512756347656 199.61026000976562 344.6512756347656 199.61026000976562 419.7252197265625 169.26626586914062 419.7252197265625
169.64700317382812 344.0401916503906 200.72624588012695 344.0401916503906 200.72624588012695 419.9213333129883 169.64700317382812 419.9213333129883
169.2600555419922 345.90582275390625 200.0650291442871 345.90582275390625 200.0650291442871 420.7657928466797 169.2600555419922 420.7657928466797
167.86599731445312 343.44622802734375 199.49575805664062 343.44622802734375 199.49575805664062 419.7538146972656 167.86599731445312 419.7538146972656
168.9972686767578 344.46551513671875 199.83909606933594 344.46551513671875 199.83909606933594 419.50782775878906 168.9972686767578 419.50782775878906
168.27743530273438 342.60028076171875 199.18362045288086 342.60028076171875 199.18362045288086 416.5659484863281 168.27743530273438 416.5659484863281
168.90631103515625 345.1593322753906 200.23319625854492 345.1593322753906 200.23319625854492 421.65989685058594 168.90631103515625 421.65989685058594
168.7104034423828 343.9233093261719 199.60743713378906 343.9233093261719 199.60743713378906 419.63441467285156 168.7104034423828 419.63441467285156
168.92904663085938 345.5162353515625 199.35089111328125 345.5162353515625 199.35089111328125 419.15089416503906 168.92904663085938 419.15089416503906
169.921142578125 347.0220642089844 200.8672637939453 347.0220642089844 200.8672637939453 421.7822952270508 169.921142578125 421.7822952270508
168.93051147460938 347.84515380859375 199.9248390197754 347.84515380859375 199.9248390197754 423.56724548339844 168.93051147460938 423.56724548339844
169.3465576171875 346.35003662109375 200.71759605407715 346.35003662109375 200.71759605407715 421.95809173583984 169.3465576171875 421.95809173583984
169.3324432373047 347.03363037109375 201.6556396484375 347.03363037109375 201.6556396484375 423.1766128540039 169.3324432373047 423.1766128540039
169.0216064453125 348.2422790527344 201.51039505004883 348.2422790527344 201.51039505004883 424.09507751464844 169.0216064453125 424.09507751464844
169.68341064453125 347.7400817871094 202.0451889038086 347.7400817871094 202.0451889038086 424.55934143066406 169.68341064453125 424.55934143066406
170.6591796875 346.08319091796875 202.67591857910156 346.08319091796875 202.67591857910156 424.05482482910156 170.6591796875 424.05482482910156
170.15164184570312 346.6039123535156 202.23910522460938 346.6039123535156 202.23910522460938 424.1977767944336 170.15164184570312 424.1977767944336
170.1927947998047 350.957275390625 201.73992538452148 350.957275390625 201.73992538452148 424.80616760253906 170.1927947998047 424.80616760253906
170.73110961914062 350.7671813964844 201.95943069458008 350.7671813964844 201.95943069458008 423.862060546875 170.73110961914062 423.862060546875
169.64041137695312 350.4587097167969 201.5557518005371 350.4587097167969 201.5557518005371 425.30394744873047 169.64041137695312 425.30394744873047
168.69522094726562 350.0308837890625 200.72724151611328 350.0308837890625 200.72724151611328 426.6500778198242 168.69522094726562 426.6500778198242
168.52366638183594 350.9758605957031 200.1803741455078 350.9758605957031 200.1803741455078 426.11578369140625 168.52366638183594 426.11578369140625
167.51675415039062 349.0292053222656 199.60455322265625 349.0292053222656 199.60455322265625 426.26055908203125 167.51675415039062 426.26055908203125
168.71871948242188 350.8409729003906 200.20870971679688 350.8409729003906 200.20870971679688 425.94026947021484 168.71871948242188 425.94026947021484
167.94293212890625 349.0874938964844 199.07705116271973 349.0874938964844 199.07705116271973 424.6671676635742 167.94293212890625 424.6671676635742
167.53843688964844 350.69781494140625 198.98145484924316 350.69781494140625 198.98145484924316 427.59925842285156 167.53843688964844 427.59925842285156
167.57589721679688 350.72113037109375 197.58251571655273 350.72113037109375 197.58251571655273 426.9406967163086 167.57589721679688 426.9406967163086
167.16592407226562 351.1473693847656 198.02445030212402 351.1473693847656 198.02445030212402 426.5714569091797 167.16592407226562 426.5714569091797
166.39219665527344 353.2304382324219 197.42221450805664 353.2304382324219 197.42221450805664 428.0507507324219 166.39219665527344 428.0507507324219
166.1780548095703 355.52471923828125 197.08120155334473 355.52471923828125 197.08120155334473 428.8918228149414 166.1780548095703 428.8918228149414
165.06419372558594 354.80096435546875 196.9335060119629 354.80096435546875 196.9335060119629 428.73717498779297 165.06419372558594 428.73717498779297
163.77024841308594 353.04412841796875 195.5812225341797 353.04412841796875 195.5812225341797 427.8909225463867 163.77024841308594 427.8909225463867
162.58335876464844 352.9595947265625 195.8338508605957 352.9595947265625 195.8338508605957 428.5640106201172 162.58335876464844 428.5640106201172
162.07870483398438 354.9058532714844 195.5457878112793 354.9058532714844 195.5457878112793 431.15160369873047 162.07870483398438 431.15160369873047
161.65280151367188 352.6965637207031 194.06254959106445 352.6965637207031 194.06254959106445 428.82151794433594 161.65280151367188 428.82151794433594
161.6331787109375 352.1589660644531 193.50879859924316 352.1589660644531 193.50879859924316 431.0544662475586 161.6331787109375 431.0544662475586
160.67230224609375 351.9844970703125 193.41914749145508 351.9844970703125 193.41914749145508 431.50587463378906 160.67230224609375 431.50587463378906
160.97752380371094 356.2314758300781 193.1690216064453 356.2314758300781 193.1690216064453 433.8559341430664 160.97752380371094 433.8559341430664
158.07565307617188 355.3180236816406 190.6742057800293 355.3180236816406 190.6742057800293 433.45577239990234 158.07565307617188 433.45577239990234
157.36708068847656 358.19915771484375 190.4932403564453 358.19915771484375 190.4932403564453 434.37310791015625 157.36708068847656 434.37310791015625
157.51040649414062 359.35809326171875 190.43172454833984 359.35809326171875 190.43172454833984 433.9195098876953 157.51040649414062 433.9195098876953
154.65643310546875 359.24835205078125 187.7755355834961 359.24835205078125 187.7755355834961 435.76612854003906 154.65643310546875 435.76612854003906
154.67471313476562 360.70611572265625 186.74972534179688 360.70611572265625 186.74972534179688 436.3799133300781 154.67471313476562 436.3799133300781
154.06784057617188 360.2325744628906 186.1276626586914 360.2325744628906 186.1276626586914 437.19654083251953 154.06784057617188 437.19654083251953
153.63290405273438 359.87860107421875 186.2008171081543 359.87860107421875 186.2008171081543 436.9713363647461 153.63290405273438 436.9713363647461
152.39076232910156 360.03887939453125 184.98959732055664 360.03887939453125 184.98959732055664 435.3345413208008 152.39076232910156 435.3345413208008
150.7559051513672 360.20477294921875 184.25283813476562 360.20477294921875 184.25283813476562 434.26456451416016 150.7559051513672 434.26456451416016
150.56179809570312 360.33013916015625 183.99388885498047 360.33013916015625 183.99388885498047 434.2888641357422 150.56179809570312 434.2888641357422
149.1411590576172 361.59613037109375 182.81755828857422 361.59613037109375 182.81755828857422 436.57222747802734 149.1411590576172 436.57222747802734
147.8837890625 362.940673828125 180.9372673034668 362.940673828125 180.9372673034668 439.0317611694336 147.8837890625 439.0317611694336
146.6457061767578 362.25262451171875 180.11153411865234 362.25262451171875 180.11153411865234 439.5813751220703 146.6457061767578 439.5813751220703
146.85104370117188 366.9041748046875 180.05490112304688 366.9041748046875 180.05490112304688 442.59510803222656 146.85104370117188 442.59510803222656
144.0763397216797 361.3404235839844 178.50786209106445 361.3404235839844 178.50786209106445 440.3014907836914 144.0763397216797 440.3014907836914
143.6632843017578 361.54962158203125 178.38172149658203 361.54962158203125 178.38172149658203 439.2292709350586 143.6632843017578 439.2292709350586
142.68600463867188 360.16485595703125 175.96370315551758 360.16485595703125 175.96370315551758 438.5929870605469 142.68600463867188 438.5929870605469
143.1418914794922 361.70562744140625 175.9861717224121 361.70562744140625 175.9861717224121 440.16465759277344 143.1418914794922 440.16465759277344
141.24969482421875 363.3611755371094 174.81204223632812 363.3611755371094 174.81204223632812 440.4782180786133 141.24969482421875 440.4782180786133
140.7877960205078 365.57415771484375 174.09708404541016 365.57415771484375 174.09708404541016 443.4583282470703 140.7877960205078 443.4583282470703
140.2228546142578 367.7759094238281 173.33443450927734 367.7759094238281 173.33443450927734 444.1947784423828 140.2228546142578 444.1947784423828
136.97584533691406 366.7975769042969 170.71408462524414 366.7975769042969 170.71408462524414 442.31993865966797 136.97584533691406 442.31993865966797
136.69944763183594 366.0389709472656 169.54448699951172 366.0389709472656 169.54448699951172 441.7218322753906 136.69944763183594 441.7218322753906
135.18634033203125 367.43243408203125 169.2200584411621 367.43243408203125 169.2200584411621 444.9885559082031 135.18634033203125 444.9885559082031
133.8231964111328 365.9635009765625 167.54843139648438 365.9635009765625 167.54843139648438 444.03956604003906 133.8231964111328 444.03956604003906
132.67520141601562 366.5707092285156 165.97298431396484 366.5707092285156 165.97298431396484 444.09705352783203 132.67520141601562 444.09705352783203
130.32125854492188 365.0339050292969 164.50516891479492 365.0339050292969 164.50516891479492 444.4404754638672 130.32125854492188 444.4404754638672
130.9528045654297 367.7488708496094 164.43383026123047 367.7488708496094 164.43383026123047 443.6921920776367 130.9528045654297 443.6921920776367
130.01397705078125 367.3966369628906 164.00756454467773 367.3966369628906 164.00756454467773 443.60164642333984 130.01397705078125 443.60164642333984
129.86306762695312 368.5855712890625 162.98159408569336 368.5855712890625 162.98159408569336 444.0980224609375 129.86306762695312 444.0980224609375
127.33699798583984 367.65545654296875 161.50215911865234 367.65545654296875 161.50215911865234 444.35447692871094 127.33699798583984 444.35447692871094
126.05763244628906 367.5113220214844 159.81411361694336 367.5113220214844 159.81411361694336 444.37560272216797 126.05763244628906 444.37560272216797
125.48304748535156 366.8685607910156 159.35808563232422 366.8685607910156 159.35808563232422 444.15271759033203 125.48304748535156 444.15271759033203
123.47794342041016 370.12646484375 157.66790390014648 370.12646484375 157.66790390014648 447.9771041870117 123.47794342041016 447.9771041870117
121.81291198730469 368.5858154296875 156.3840217590332 368.5858154296875 156.3840217590332 448.1018981933594 121.81291198730469 448.1018981933594
122.07584381103516 367.69671630859375 154.73035049438477 367.69671630859375 154.73035049438477 444.6696014404297 122.07584381103516 444.6696014404297
120.30747985839844 370.38360595703125 154.12184524536133 370.38360595703125 154.12184524536133 447.15038299560547 120.30747985839844 447.15038299560547
119.2369613647461 369.23699951171875 152.618408203125 369.23699951171875 152.618408203125 445.0792007446289 119.2369613647461 445.0792007446289
117.67573547363281 370.5407409667969 151.76738357543945 370.5407409667969 151.76738357543945 447.265380859375 117.67573547363281 447.265380859375
115.8892822265625 373.3645935058594 150.10325622558594 373.3645935058594 150.10325622558594 448.1059875488281 115.8892822265625 448.1059875488281
112.0413818359375 374.1197204589844 148.12084197998047 374.1197204589844 148.12084197998047 450.00054931640625 112.0413818359375 450.00054931640625
110.93804931640625 377.5099182128906 147.78099822998047 377.5099182128906 147.78099822998047 453.42027282714844 110.93804931640625 453.42027282714844
108.97892761230469 376.3297424316406 145.30064010620117 376.3297424316406 145.30064010620117 453.6437759399414 108.97892761230469 453.6437759399414
108.7928237915039 378.9546813964844 143.39262008666992 378.9546813964844 143.39262008666992 453.38561248779297 108.7928237915039 453.38561248779297
107.40396881103516 374.5809631347656 139.85883712768555 374.5809631347656 139.85883712768555 451.0265808105469 107.40396881103516 451.0265808105469
105.45893859863281 372.7203063964844 137.5561866760254 372.7203063964844 137.5561866760254 449.8921585083008 105.45893859863281 449.8921585083008
104.594970703125 372.5182189941406 138.11628341674805 372.5182189941406 138.11628341674805 450.01952362060547 104.594970703125 450.01952362060547
102.95484924316406 375.9150085449219 137.4442138671875 375.9150085449219 137.4442138671875 453.34156799316406 102.95484924316406 453.34156799316406
100.50580596923828 377.51971435546875 135.42339706420898 377.51971435546875 135.42339706420898 452.94779205322266 100.50580596923828 452.94779205322266
100.39102935791016 379.37017822265625 134.8069610595703 379.37017822265625 134.8069610595703 453.70206451416016 100.39102935791016 453.70206451416016
98.14701080322266 378.1653137207031 132.343505859375 378.1653137207031 132.343505859375 453.8079299926758 98.14701080322266 453.8079299926758
96.93864440917969 376.0130920410156 130.46853256225586 376.0130920410156 130.46853256225586 453.2809753417969 96.93864440917969 453.2809753417969
93.19548034667969 375.7624206542969 127.83100128173828 375.7624206542969 127.83100128173828 456.4931335449219 93.19548034667969 456.4931335449219
93.21772003173828 375.7259216308594 126.61341857910156 375.7259216308594 126.61341857910156 454.7255401611328 93.21772003173828 454.7255401611328
90.83541870117188 375.84637451171875 125.5792007446289 375.84637451171875 125.5792007446289 456.68062591552734 90.83541870117188 456.68062591552734
89.15303802490234 375.056396484375 123.17262649536133 375.056396484375 123.17262649536133 455.2382278442383 89.15303802490234 455.2382278442383
86.81724548339844 374.63714599609375 120.24083709716797 374.63714599609375 120.24083709716797 454.44032287597656 86.81724548339844 454.44032287597656
85.6848373413086 377.8751525878906 120.3533935546875 377.8751525878906 120.3533935546875 455.5925979614258 85.6848373413086 455.5925979614258
84.00373840332031 376.13800048828125 117.14022445678711 376.13800048828125 117.14022445678711 454.23887634277344 84.00373840332031 454.23887634277344
81.1888198852539 382.470458984375 115.84998321533203 382.470458984375 115.84998321533203 457.3969497680664 81.1888198852539 457.3969497680664
79.75950622558594 382.95184326171875 114.27118301391602 382.95184326171875 114.27118301391602 458.0394592285156 79.75950622558594 458.0394592285156
76.75772857666016 382.4881896972656 110.3154411315918 382.4881896972656 110.3154411315918 457.13817596435547 76.75772857666016 457.13817596435547
75.12998962402344 382.65325927734375 107.79267120361328 382.65325927734375 107.79267120361328 457.9636688232422 75.12998962402344 457.9636688232422
73.27962493896484 381.907470703125 106.13922500610352 381.907470703125 106.13922500610352 457.7417449951172 73.27962493896484 457.7417449951172
72.93836975097656 380.933349609375 106.09713745117188 380.933349609375 106.09713745117188 459.0341339111328 72.93836975097656 459.0341339111328
68.24800872802734 384.5484313964844 102.89405059814453 384.5484313964844 102.89405059814453 461.3367462158203 68.24800872802734 461.3367462158203
67.77367401123047 385.3343811035156 102.74626159667969 385.3343811035156 102.74626159667969 460.6591110229492 67.77367401123047 460.6591110229492
66.02067565917969 384.96453857421875 100.59698867797852 384.96453857421875 100.59698867797852 459.8064956665039 66.02067565917969 459.8064956665039
65.67879486083984 387.6013488769531 100.57726669311523 387.6013488769531 100.57726669311523 461.07704162597656 65.67879486083984 461.07704162597656
62.53110885620117 388.5395202636719 97.3492317199707 388.5395202636719 97.3492317199707 460.435791015625 62.53110885620117 460.435791015625
60.36838912963867 389.0389709472656 95.10715866088867 389.0389709472656 95.10715866088867 462.78077697753906 60.36838912963867 462.78077697753906
58.62378692626953 389.464111328125 93.58285522460938 389.464111328125 93.58285522460938 463.1162796020508 58.62378692626953 463.1162796020508
55.8867073059082 389.30462646484375 90.04365158081055 389.30462646484375 90.04365158081055 464.17108154296875 55.8867073059082 464.17108154296875
54.56184005737305 389.3211975097656 89.10637283325195 389.3211975097656 89.10637283325195 463.51475524902344 54.56184005737305 463.51475524902344
53.1207160949707 387.7079162597656 86.5946159362793 387.7079162597656 86.5946159362793 461.55689239501953 53.1207160949707 461.55689239501953
51.95899200439453 387.9309387207031 85.61128234863281 387.9309387207031 85.61128234863281 460.03880310058594 51.95899200439453 460.03880310058594
48.20094299316406 391.457275390625 81.02037811279297 391.457275390625 81.02037811279297 461.913330078125 48.20094299316406 461.913330078125
47.06277847290039 391.7445373535156 79.45043182373047 391.7445373535156 79.45043182373047 461.5019836425781 47.06277847290039 461.5019836425781
45.516357421875 393.46417236328125 77.4604606628418 393.46417236328125 77.4604606628418 461.7700881958008 45.516357421875 461.7700881958008
41.17642593383789 393.1067810058594 72.88758659362793 393.1067810058594 72.88758659362793 461.0248489379883 41.17642593383789 461.0248489379883
39.4599723815918 394.45849609375 72.70164108276367 394.45849609375 72.70164108276367 462.87374114990234 39.4599723815918 462.87374114990234
36.89348602294922 394.49713134765625 68.92479705810547 394.49713134765625 68.92479705810547 461.7417755126953 36.89348602294922 461.7417755126953
36.85357666015625 394.2814636230469 68.40001487731934 394.2814636230469 68.40001487731934 461.8769836425781 36.85357666015625 461.8769836425781
32.29155349731445 393.3760681152344 62.81797790527344 393.3760681152344 62.81797790527344 462.72318267822266 32.29155349731445 462.72318267822266
30.119426727294922 393.90545654296875 61.197509765625 393.90545654296875 61.197509765625 462.87178802490234 30.119426727294922 462.87178802490234
29.232330322265625 394.1577453613281 60.85355186462402 394.1577453613281 60.85355186462402 462.9707794189453 29.232330322265625 462.9707794189453
28.252307891845703 394.04998779296875 59.55322265625 394.04998779296875 59.55322265625 461.54345703125 28.252307891845703 461.54345703125
25.26738739013672 398.00115966796875 55.8742790222168 398.00115966796875 55.8742790222168 462.99810791015625 25.26738739013672 462.99810791015625
24.06121063232422 399.0474853515625 55.1818962097168 399.0474853515625 55.1818962097168 463.72483825683594 24.06121063232422 463.72483825683594
20.83236312866211 397.927734375 52.67445373535156 397.927734375 52.67445373535156 461.6755180358887 20.83236312866211 461.6755180358887
19.384777069091797 398.5562744140625 51.41998291015625 398.5562744140625 51.41998291015625 464.6328887939453 19.384777069091797 464.6328887939453
18.725080490112305 400.75689697265625 49.74417495727539 400.75689697265625 49.74417495727539 464.6951103210449 18.725080490112305 464.6951103210449
16.198518753051758 399.67572021484375 46.19289970397949 399.67572021484375 46.19289970397949 463.6236877441406 16.198518753051758 463.6236877441406
14.402056694030762 400.255615234375 45.435824394226074 400.255615234375 45.435824394226074 464.9154510498047 14.402056694030762 464.9154510498047
13.111120223999023 399.2144775390625 43.57983589172363 399.2144775390625 43.57983589172363 464.4104461669922 13.111120223999023 464.4104461669922
11.55764102935791 399.35858154296875 43.354342460632324 399.35858154296875 43.354342460632324 464.24259185791016 11.55764102935791 464.24259185791016
6.702944755554199 399.47552490234375 37.0673189163208 399.47552490234375 37.0673189163208 463.99974060058594 6.702944755554199 463.99974060058594
