361.0 217.0 410.0 217.0 410.0 385.0 361.0 385.0
365.98956298828125 220.9451446533203 414.37425994873047 220.9451446533203 414.37425994873047 384.88775634765625 365.98956298828125 384.88775634765625
370.91058349609375 219.94308471679688 416.98648834228516 219.94308471679688 416.98648834228516 389.239013671875 370.91058349609375 389.239013671875
377.28350830078125 218.0313262939453 423.12315368652344 218.0313262939453 423.12315368652344 391.9710388183594 377.28350830078125 391.9710388183594
380.7880554199219 220.03659057617188 427.66705322265625 220.03659057617188 427.66705322265625 390.0401306152344 380.7880554199219 390.0401306152344
386.852783203125 219.6767578125 432.77193450927734 219.6767578125 432.77193450927734 391.6394500732422 386.852783203125 391.6394500732422
392.7280578613281 220.3656768798828 437.45052337646484 220.3656768798828 437.45052337646484 388.94561767578125 392.7280578613281 388.94561767578125
396.6498107910156 221.9933319091797 442.5527687072754 221.9933319091797 442.5527687072754 387.15989685058594 396.6498107910156 387.15989685058594
401.0286560058594 224.91525268554688 445.22050857543945 224.91525268554688 445.22050857543945 390.1642608642578 401.0286560058594 390.1642608642578
402.42926025390625 226.9767608642578 450.49439239501953 226.9767608642578 450.49439239501953 391.5157012939453 402.42926025390625 391.5157012939453
408.5375061035156 227.0885467529297 455.5604476928711 227.0885467529297 455.5604476928711 400.39300537109375 408.5375061035156 400.39300537109375
409.803466796875 225.58407592773438 459.67745208740234 225.58407592773438 459.67745208740234 399.09129333496094 409.803466796875 399.09129333496094
414.8880920410156 224.3137969970703 462.4765319824219 224.3137969970703 462.4765319824219 395.3616027832031 414.8880920410156 395.3616027832031
418.0699768066406 223.68392944335938 466.06497955322266 223.68392944335938 466.06497955322266 398.87086486816406 418.0699768066406 398.87086486816406
415.64605712890625 225.938232421875 464.50020599365234 225.938232421875 464.50020599365234 395.9731903076172 415.64605712890625 395.9731903076172
408.7467346191406 225.5035400390625 456.61673736572266 225.5035400390625 456.61673736572266 391.55027770996094 408.7467346191406 391.55027770996094
397.91705322265625 230.56680297851562 448.475830078125 230.56680297851562 448.475830078125 391.4827880859375 397.91705322265625 391.4827880859375
389.030517578125 230.6581573486328 439.82912826538086 230.6581573486328 439.82912826538086 392.1353302001953 389.030517578125 392.1353302001953
377.61590576171875 227.8773193359375 428.2710609436035 227.8773193359375 428.2710609436035 401.1022033691406 377.61590576171875 401.1022033691406
374.7106628417969 228.1296844482422 423.14305877685547 228.1296844482422 423.14305877685547 405.1650390625 374.7106628417969 405.1650390625
362.783203125 225.73336791992188 410.87560653686523 225.73336791992188 410.87560653686523 403.3046112060547 362.783203125 403.3046112060547
354.75482177734375 227.21023559570312 402.29927825927734 227.21023559570312 402.29927825927734 398.8031311035156 354.75482177734375 398.8031311035156
345.34307861328125 226.55984497070312 394.0966148376465 226.55984497070312 394.0966148376465 399.03662109375 345.34307861328125 399.03662109375
335.3814697265625 234.329345703125 383.98827362060547 234.329345703125 383.98827362060547 396.74620056152344 335.3814697265625 396.74620056152344
327.517333984375 235.18087768554688 377.40932846069336 235.18087768554688 377.40932846069336 400.4696960449219 327.517333984375 400.4696960449219
310.1266174316406 233.2183074951172 361.1958694458008 233.2183074951172 361.1958694458008 401.92030334472656 310.1266174316406 401.92030334472656
301.88543701171875 232.09683227539062 351.3043746948242 232.09683227539062 351.3043746948242 406.0022277832031 301.88543701171875 406.0022277832031
292.4046325683594 232.0826873779297 341.46027755737305 232.0826873779297 341.46027755737305 407.1534729003906 292.4046325683594 407.1534729003906
274.29632568359375 233.8723907470703 322.9709587097168 233.8723907470703 322.9709587097168 403.8883361816406 274.29632568359375 403.8883361816406
265.3586730957031 232.8613739013672 315.0103988647461 232.8613739013672 315.0103988647461 406.2475128173828 265.3586730957031 406.2475128173828
255.3759765625 235.38510131835938 304.9687271118164 235.38510131835938 304.9687271118164 400.7659606933594 255.3759765625 400.7659606933594
241.5481414794922 235.2565155029297 292.14904403686523 235.2565155029297 292.14904403686523 404.14451599121094 241.5481414794922 404.14451599121094
229.304931640625 234.731689453125 276.27927017211914 234.731689453125 276.27927017211914 409.215576171875 229.304931640625 409.215576171875
215.4225616455078 234.7411651611328 264.37381744384766 234.7411651611328 264.37381744384766 413.13819885253906 215.4225616455078 413.13819885253906
207.86636352539062 231.3434295654297 255.15362930297852 231.3434295654297 255.15362930297852 409.0997009277344 207.86636352539062 409.0997009277344
196.5869903564453 235.2091827392578 244.61939239501953 235.2091827392578 244.61939239501953 405.9319610595703 196.5869903564453 405.9319610595703
185.27377319335938 235.2292022705078 234.87639617919922 235.2292022705078 234.87639617919922 405.9978485107422 185.27377319335938 405.9978485107422
170.97267150878906 238.19778442382812 223.60474014282227 238.19778442382812 223.60474014282227 403.8793487548828 170.97267150878906 403.8793487548828
154.432373046875 239.0334014892578 205.70943450927734 239.0334014892578 205.70943450927734 409.3268127441406 154.432373046875 409.3268127441406
143.72119140625 240.2125244140625 194.05286407470703 240.2125244140625 194.05286407470703 409.72511291503906 143.72119140625 409.72511291503906
125.2408676147461 239.07662963867188 177.0241928100586 239.07662963867188 177.0241928100586 410.3666229248047 125.2408676147461 410.3666229248047
111.66386413574219 235.79806518554688 162.1844940185547 235.79806518554688 162.1844940185547 409.05006408691406 111.66386413574219 409.05006408691406
103.36214447021484 235.7863311767578 153.99068450927734 235.7863311767578 153.99068450927734 414.7557830810547 103.36214447021484 414.7557830810547
91.92948913574219 239.8723602294922 145.52685928344727 239.8723602294922 145.52685928344727 410.99232482910156 91.92948913574219 410.99232482910156
79.85501861572266 241.92593383789062 133.02740478515625 241.92593383789062 133.02740478515625 412.88221740722656 79.85501861572266 412.88221740722656
66.59407043457031 241.6447296142578 117.85218811035156 241.6447296142578 117.85218811035156 415.90577697753906 66.59407043457031 415.90577697753906
57.419837951660156 238.55581665039062 108.24722290039062 238.55581665039062 108.24722290039062 417.36944580078125 57.419837951660156 417.36944580078125
45.14482498168945 238.789306640625 95.43531036376953 238.789306640625 95.43531036376953 413.8707275390625 45.14482498168945 413.8707275390625
32.81959915161133 237.6231689453125 84.0615119934082 237.6231689453125 84.0615119934082 412.40966796875 32.81959915161133 412.40966796875
27.0465030670166 235.54226684570312 77.52027702331543 235.54226684570312 77.52027702331543 413.3412780761719 27.0465030670166 413.3412780761719
26.14901351928711 238.228271484375 79.36197280883789 238.228271484375 79.36197280883789 413.8186340332031 26.14901351928711 413.8186340332031
30.097667694091797 240.3179168701172 83.48637008666992 240.3179168701172 83.48637008666992 415.36781311035156 30.097667694091797 415.36781311035156
34.753475189208984 237.5868682861328 85.55171203613281 237.5868682861328 85.55171203613281 413.9469299316406 34.753475189208984 413.9469299316406
38.832637786865234 234.4254608154297 90.15034866333008 234.4254608154297 90.15034866333008 412.42298889160156 38.832637786865234 412.42298889160156
46.105377197265625 230.7144012451172 96.46920013427734 230.7144012451172 96.46920013427734 406.99098205566406 46.105377197265625 406.99098205566406
52.05109405517578 228.7805938720703 99.12826156616211 228.7805938720703 99.12826156616211 408.33702087402344 52.05109405517578 408.33702087402344
55.97356414794922 227.5523681640625 105.58428192138672 227.5523681640625 105.58428192138672 405.54327392578125 55.97356414794922 405.54327392578125
59.81746292114258 229.28634643554688 110.3958854675293 229.28634643554688 110.3958854675293 404.43431091308594 59.81746292114258 404.43431091308594
64.04714965820312 225.05795288085938 114.13801193237305 225.05795288085938 114.13801193237305 406.8465576171875 64.04714965820312 406.8465576171875
70.73287200927734 228.357421875 121.2403335571289 228.357421875 121.2403335571289 407.0264434814453 70.73287200927734 407.0264434814453
75.0029296875 225.0242919921875 125.97754287719727 225.0242919921875 125.97754287719727 405.2126922607422 75.0029296875 405.2126922607422
79.35796356201172 225.31005859375 130.58731079101562 225.31005859375 130.58731079101562 404.68092346191406 79.35796356201172 404.68092346191406
84.9830551147461 225.92562866210938 134.50927734375 225.92562866210938 134.50927734375 402.41949462890625 84.9830551147461 402.41949462890625
91.84812927246094 224.9705810546875 143.83050918579102 224.9705810546875 143.83050918579102 406.9179382324219 91.84812927246094 406.9179382324219
97.76173400878906 225.90487670898438 149.32635879516602 225.90487670898438 149.32635879516602 405.3055114746094 97.76173400878906 405.3055114746094
104.15422058105469 226.50338745117188 155.59169006347656 226.50338745117188 155.59169006347656 407.8962097167969 104.15422058105469 407.8962097167969
104.9815902709961 229.6886444091797 156.93331146240234 229.6886444091797 156.93331146240234 402.7263946533203 104.9815902709961 402.7263946533203
109.7027359008789 228.1341552734375 161.30288696289062 228.1341552734375 161.30288696289062 404.31504821777344 109.7027359008789 404.31504821777344
117.05953216552734 228.34420776367188 167.00944137573242 228.34420776367188 167.00944137573242 405.3060760498047 117.05953216552734 405.3060760498047
121.3701400756836 227.12710571289062 170.01489639282227 227.12710571289062 170.01489639282227 399.1405487060547 121.3701400756836 399.1405487060547
126.09078216552734 224.61886596679688 177.21951293945312 224.61886596679688 177.21951293945312 403.7876434326172 126.09078216552734 403.7876434326172
130.68185424804688 225.62033081054688 181.41618728637695 225.62033081054688 181.41618728637695 407.5177917480469 130.68185424804688 407.5177917480469
132.6623992919922 225.8635711669922 184.97760772705078 225.8635711669922 184.97760772705078 401.9511260986328 132.6623992919922 401.9511260986328
138.02430725097656 226.2232666015625 189.20216751098633 226.2232666015625 189.20216751098633 406.3338623046875 138.02430725097656 406.3338623046875
140.05630493164062 223.5448455810547 191.48193359375 223.5448455810547 191.48193359375 401.4169616699219 140.05630493164062 401.4169616699219
142.223388671875 222.13809204101562 193.48110961914062 222.13809204101562 193.48110961914062 408.73106384277344 142.223388671875 408.73106384277344
146.05982971191406 224.3164520263672 196.9061393737793 224.3164520263672 196.9061393737793 404.4969024658203 146.05982971191406 404.4969024658203
152.09913635253906 221.1224822998047 201.50261688232422 221.1224822998047 201.50261688232422 400.0442352294922 152.09913635253906 400.0442352294922
159.89466857910156 221.6454315185547 209.86910247802734 221.6454315185547 209.86910247802734 404.82395935058594 159.89466857910156 404.82395935058594
165.52084350585938 220.94479370117188 216.85679244995117 220.94479370117188 216.85679244995117 405.74462890625 165.52084350585938 405.74462890625
168.45095825195312 222.69375610351562 222.7763671875 222.69375610351562 222.7763671875 403.2615051269531 168.45095825195312 403.2615051269531
174.50521850585938 220.94332885742188 225.5136375427246 220.94332885742188 225.5136375427246 403.93885803222656 174.50521850585938 403.93885803222656
176.3544464111328 222.65585327148438 227.9272117614746 222.65585327148438 227.9272117614746 401.5020751953125 176.3544464111328 401.5020751953125
181.7561492919922 224.2216339111328 230.2360076904297 224.2216339111328 230.2360076904297 403.74961853027344 181.7561492919922 403.74961853027344
185.68270874023438 222.4578399658203 235.19050216674805 222.4578399658203 235.19050216674805 402.6566619873047 185.68270874023438 402.6566619873047
189.3387451171875 220.68765258789062 237.2916030883789 220.68765258789062 237.2916030883789 400.5941162109375 189.3387451171875 400.5941162109375
194.03018188476562 216.3455810546875 243.2855110168457 216.3455810546875 243.2855110168457 400.8268127441406 194.03018188476562 400.8268127441406
199.06640625 218.1344757080078 250.30864715576172 218.1344757080078 250.30864715576172 398.34788513183594 199.06640625 398.34788513183594
204.31961059570312 221.22793579101562 257.31121826171875 221.22793579101562 257.31121826171875 395.52154541015625 204.31961059570312 395.52154541015625
198.31275939941406 224.00857543945312 251.67607879638672 224.00857543945312 251.67607879638672 400.2733154296875 198.31275939941406 400.2733154296875
191.36416625976562 220.71987915039062 241.4755630493164 220.71987915039062 241.4755630493164 399.9024963378906 191.36416625976562 399.9024963378906
181.29885864257812 216.2794952392578 233.14457321166992 216.2794952392578 233.14457321166992 398.37620544433594 181.29885864257812 398.37620544433594
170.56655883789062 217.9440460205078 222.37248611450195 217.9440460205078 222.37248611450195 397.1048126220703 170.56655883789062 397.1048126220703
164.38938903808594 215.79708862304688 216.55287170410156 215.79708862304688 216.55287170410156 401.5039825439453 164.38938903808594 401.5039825439453
155.74966430664062 216.3804931640625 208.02193069458008 216.3804931640625 208.02193069458008 399.383056640625 155.74966430664062 399.383056640625
144.25010681152344 223.68923950195312 198.35065460205078 223.68923950195312 198.35065460205078 397.0209655761719 144.25010681152344 397.0209655761719
143.31503295898438 224.00869750976562 194.51097869873047 224.00869750976562 194.51097869873047 396.14178466796875 143.31503295898438 396.14178466796875
147.28045654296875 219.4462432861328 198.84550094604492 219.4462432861328 198.84550094604492 397.24632263183594 147.28045654296875 397.24632263183594
148.8372344970703 217.4765625 200.99365615844727 217.4765625 200.99365615844727 397.92015075683594 148.8372344970703 397.92015075683594
157.02395629882812 217.09054565429688 207.71527862548828 217.09054565429688 207.71527862548828 399.02191162109375 157.02395629882812 399.02191162109375
156.9571533203125 216.7834930419922 210.23579025268555 216.7834930419922 210.23579025268555 397.5833282470703 156.9571533203125 397.5833282470703
163.1298065185547 214.7949981689453 214.72200775146484 214.7949981689453 214.72200775146484 399.4257354736328 163.1298065185547 399.4257354736328
170.0703582763672 213.8089599609375 219.28114318847656 213.8089599609375 219.28114318847656 398.9158172607422 170.0703582763672 398.9158172607422
173.47901916503906 212.51187133789062 226.15793228149414 212.51187133789062 226.15793228149414 395.7240295410156 173.47901916503906 395.7240295410156
179.56948852539062 216.220703125 232.13405227661133 216.220703125 232.13405227661133 392.5235137939453 179.56948852539062 392.5235137939453
184.63552856445312 209.07852172851562 234.1424674987793 209.07852172851562 234.1424674987793 388.8513488769531 184.63552856445312 388.8513488769531
186.2234344482422 207.77786254882812 237.31875228881836 207.77786254882812 237.31875228881836 391.9101104736328 186.2234344482422 391.9101104736328
192.84043884277344 205.47116088867188 244.48340225219727 205.47116088867188 244.48340225219727 390.65098571777344 192.84043884277344 390.65098571777344
198.44288635253906 205.34268188476562 248.0110969543457 205.34268188476562 248.0110969543457 385.4257354736328 198.44288635253906 385.4257354736328
209.21176147460938 204.61270141601562 255.01410675048828 204.61270141601562 255.01410675048828 387.60003662109375 209.21176147460938 387.60003662109375
212.7444305419922 207.5502166748047 261.06451416015625 207.5502166748047 261.06451416015625 385.8739471435547 212.7444305419922 385.8739471435547
219.7457733154297 211.101318359375 266.94276428222656 211.101318359375 266.94276428222656 383.2975616455078 219.7457733154297 383.2975616455078
216.2119140625 203.98394775390625 265.7113342285156 203.98394775390625 265.7113342285156 386.37635803222656 216.2119140625 386.37635803222656
205.9899444580078 204.28738403320312 256.60429763793945 204.28738403320312 256.60429763793945 385.40655517578125 205.9899444580078 385.40655517578125
199.18739318847656 202.37269592285156 250.3154525756836 202.37269592285156 250.3154525756836 385.0176239013672 199.18739318847656 385.0176239013672
192.87985229492188 197.4385986328125 244.28939056396484 197.4385986328125 244.28939056396484 383.09344482421875 192.87985229492188 383.09344482421875
181.07046508789062 197.43576049804688 231.56478118896484 197.43576049804688 231.56478118896484 384.3641052246094 181.07046508789062 384.3641052246094
175.45909118652344 204.8564910888672 225.8019676208496 204.8564910888672 225.8019676208496 382.39825439453125 175.45909118652344 382.39825439453125
168.79867553710938 198.1456298828125 220.41931915283203 198.1456298828125 220.41931915283203 381.2800598144531 168.79867553710938 381.2800598144531
159.7396240234375 200.0130157470703 210.64878463745117 200.0130157470703 210.64878463745117 375.3120422363281 159.7396240234375 375.3120422363281
149.15907287597656 202.51019287109375 201.96932220458984 202.51019287109375 201.96932220458984 378.1339569091797 149.15907287597656 378.1339569091797
137.90921020507812 202.6767120361328 190.04825973510742 202.6767120361328 190.04825973510742 377.96910095214844 137.90921020507812 377.96910095214844
132.26278686523438 201.75303649902344 182.85735321044922 201.75303649902344 182.85735321044922 381.40589904785156 132.26278686523438 381.40589904785156
128.4443359375 203.32266235351562 179.80197143554688 203.32266235351562 179.80197143554688 376.11785888671875 128.4443359375 376.11785888671875
133.6195526123047 204.36312866210938 180.3597183227539 204.36312866210938 180.3597183227539 374.5087890625 133.6195526123047 374.5087890625
139.64675903320312 206.9045867919922 187.63427352905273 206.9045867919922 187.63427352905273 373.69505310058594 139.64675903320312 373.69505310058594
153.74844360351562 205.4296417236328 199.4376220703125 205.4296417236328 199.4376220703125 371.70387268066406 153.74844360351562 371.70387268066406
162.8075408935547 206.23373413085938 206.94979858398438 206.23373413085938 206.94979858398438 371.82322692871094 162.8075408935547 371.82322692871094
164.8640899658203 208.2511749267578 212.1504249572754 208.2511749267578 212.1504249572754 369.3994598388672 164.8640899658203 369.3994598388672
170.31076049804688 203.89398193359375 217.07000350952148 203.89398193359375 217.07000350952148 374.5597229003906 170.31076049804688 374.5597229003906
177.58877563476562 203.98817443847656 222.56906127929688 203.98817443847656 222.56906127929688 378.66615295410156 177.58877563476562 378.66615295410156
178.525146484375 202.0966033935547 225.2489776611328 202.0966033935547 225.2489776611328 375.0454864501953 178.525146484375 375.0454864501953
184.53152465820312 200.899658203125 230.99597549438477 200.899658203125 230.99597549438477 373.06809997558594 184.53152465820312 373.06809997558594
194.4552001953125 199.07969665527344 239.34942626953125 199.07969665527344 239.34942626953125 376.6924591064453 194.4552001953125 376.6924591064453
199.8406524658203 202.9045867919922 246.21236419677734 202.9045867919922 246.21236419677734 370.39112854003906 199.8406524658203 370.39112854003906
207.8074493408203 199.8165283203125 252.69106674194336 199.8165283203125 252.69106674194336 368.64927673339844 207.8074493408203 368.64927673339844
210.8483428955078 201.22935485839844 257.82442474365234 201.22935485839844 257.82442474365234 367.14892578125 210.8483428955078 367.14892578125
217.7649383544922 199.22213745117188 264.0276107788086 199.22213745117188 264.0276107788086 376.5724639892578 217.7649383544922 376.5724639892578
222.2151641845703 196.54135131835938 270.2835273742676 196.54135131835938 270.2835273742676 374.2387237548828 222.2151641845703 374.2387237548828
217.914306640625 194.9349822998047 267.1327705383301 194.9349822998047 267.1327705383301 372.80128479003906 217.914306640625 372.80128479003906
215.95248413085938 197.01663208007812 262.7705307006836 197.01663208007812 262.7705307006836 374.5574951171875 215.95248413085938 374.5574951171875
210.17556762695312 195.96847534179688 256.29870223999023 195.96847534179688 256.29870223999023 371.53700256347656 210.17556762695312 371.53700256347656
199.68557739257812 194.1197967529297 248.10257720947266 194.1197967529297 248.10257720947266 367.19854736328125 199.68557739257812 367.19854736328125
193.64382934570312 197.7643585205078 241.19844818115234 197.7643585205078 241.19844818115234 364.5653839111328 193.64382934570312 364.5653839111328
183.08609008789062 194.20867919921875 232.605224609375 194.20867919921875 232.605224609375 367.77772521972656 183.08609008789062 367.77772521972656
181.19195556640625 193.28305053710938 228.09372329711914 193.28305053710938 228.09372329711914 367.15240478515625 181.19195556640625 367.15240478515625
177.0901641845703 193.14797973632812 226.36803436279297 193.14797973632812 226.36803436279297 362.37770080566406 177.0901641845703 362.37770080566406
188.87796020507812 191.6406707763672 236.2454376220703 191.6406707763672 236.2454376220703 365.5296173095703 188.87796020507812 365.5296173095703
197.51760864257812 190.0526580810547 244.3555145263672 190.0526580810547 244.3555145263672 359.9147491455078 197.51760864257812 359.9147491455078
214.0627899169922 188.73379516601562 259.7434539794922 188.73379516601562 259.7434539794922 359.91973876953125 214.0627899169922 359.91973876953125
227.92385864257812 188.35816955566406 273.1284294128418 188.35816955566406 273.1284294128418 355.1690368652344 227.92385864257812 355.1690368652344
236.5297393798828 188.7714080810547 282.0352554321289 188.7714080810547 282.0352554321289 354.4911804199219 236.5297393798828 354.4911804199219
247.30368041992188 187.00784301757812 293.52364349365234 187.00784301757812 293.52364349365234 350.60650634765625 247.30368041992188 350.60650634765625
258.6097412109375 182.06614685058594 305.36904525756836 182.06614685058594 305.36904525756836 347.5574035644531 258.6097412109375 347.5574035644531
264.6058349609375 177.16232299804688 312.57762145996094 177.16232299804688 312.57762145996094 350.8534393310547 264.6058349609375 350.8534393310547
277.0589294433594 178.34750366210938 324.70633697509766 178.34750366210938 324.70633697509766 347.25782775878906 277.0589294433594 347.25782775878906
285.8185729980469 177.62783813476562 334.3697319030762 177.62783813476562 334.3697319030762 348.64801025390625 285.8185729980469 348.64801025390625
296.485595703125 178.874267578125 343.9663314819336 178.874267578125 343.9663314819336 348.7696838378906 296.485595703125 348.7696838378906
307.59283447265625 180.5690155029297 356.48059463500977 180.5690155029297 356.48059463500977 348.48854064941406 307.59283447265625 348.48854064941406
320.075927734375 177.075927734375 368.4715576171875 177.075927734375 368.4715576171875 349.3160095214844 320.075927734375 349.3160095214844
329.38629150390625 175.5193634033203 377.09257888793945 175.5193634033203 377.09257888793945 348.14678955078125 329.38629150390625 348.14678955078125
342.6956787109375 178.75665283203125 391.02912521362305 178.75665283203125 391.02912521362305 349.6994171142578 342.6956787109375 349.6994171142578
355.1990051269531 180.1330108642578 401.2708969116211 180.1330108642578 401.2708969116211 346.61851501464844 355.1990051269531 346.61851501464844
362.45587158203125 174.57876586914062 407.8255920410156 174.57876586914062 407.8255920410156 350.0824737548828 362.45587158203125 350.0824737548828
362.61834716796875 172.4859161376953 406.01667404174805 172.4859161376953 406.01667404174805 350.63035583496094 362.61834716796875 350.63035583496094
357.35968017578125 178.17611694335938 403.3816375732422 178.17611694335938 403.3816375732422 350.52186584472656 357.35968017578125 350.52186584472656
355.0340270996094 178.80087280273438 400.44925689697266 178.80087280273438 400.44925689697266 346.74571228027344 355.0340270996094 346.74571228027344
349.79034423828125 180.28073120117188 395.9628562927246 180.28073120117188 395.9628562927246 345.58148193359375 349.79034423828125 345.58148193359375
335.60205078125 183.56900024414062 382.63653564453125 183.56900024414062 382.63653564453125 345.9947052001953 335.60205078125 345.9947052001953
309.83074951171875 179.1344451904297 356.67691802978516 179.1344451904297 356.67691802978516 341.43817138671875 309.83074951171875 341.43817138671875
318.58709716796875 183.8979034423828 366.0669479370117 183.8979034423828 366.0669479370117 343.4866943359375 318.58709716796875 343.4866943359375
313.9386901855469 183.0777130126953 363.0397071838379 183.0777130126953 363.0397071838379 339.7041778564453 313.9386901855469 339.7041778564453
305.7534484863281 178.81954956054688 352.27759170532227 178.81954956054688 352.27759170532227 337.0499267578125 305.7534484863281 337.0499267578125
301.55914306640625 184.24722290039062 345.6517219543457 184.24722290039062 345.6517219543457 337.6690979003906 301.55914306640625 337.6690979003906
296.44781494140625 183.7256622314453 340.630672454834 183.7256622314453 340.630672454834 335.5855407714844 296.44781494140625 335.5855407714844
292.9988708496094 185.00314331054688 336.96472930908203 185.00314331054688 336.96472930908203 337.5111083984375 292.9988708496094 337.5111083984375
285.91119384765625 183.44517517089844 329.5616645812988 183.44517517089844 329.5616645812988 336.51243591308594 285.91119384765625 336.51243591308594
282.74591064453125 178.4000701904297 325.85448455810547 178.4000701904297 325.85448455810547 336.2761688232422 282.74591064453125 336.2761688232422
276.54278564453125 177.10061645507812 320.29123306274414 177.10061645507812 320.29123306274414 334.9628448486328 276.54278564453125 334.9628448486328
274.62322998046875 175.380859375 318.0957717895508 175.380859375 318.0957717895508 336.0144805908203 274.62322998046875 336.0144805908203
267.7561950683594 176.38792419433594 311.28038787841797 176.38792419433594 311.28038787841797 334.36720275878906 267.7561950683594 334.36720275878906
264.8615417480469 176.91839599609375 308.87854766845703 176.91839599609375 308.87854766845703 337.4601135253906 264.8615417480469 337.4601135253906
260.7618103027344 178.15438842773438 304.1413993835449 178.15438842773438 304.1413993835449 339.71095275878906 260.7618103027344 339.71095275878906
254.8783721923828 175.12985229492188 298.5577926635742 175.12985229492188 298.5577926635742 338.0811462402344 254.8783721923828 338.0811462402344
257.1891784667969 178.34750366210938 302.6716651916504 178.34750366210938 302.6716651916504 339.5682373046875 257.1891784667969 339.5682373046875
266.49761962890625 174.167236328125 313.5746841430664 174.167236328125 313.5746841430664 332.97174072265625 266.49761962890625 332.97174072265625
281.2129821777344 169.673828125 327.4465560913086 169.673828125 327.4465560913086 332.76904296875 281.2129821777344 332.76904296875
284.9626770019531 169.87442016601562 332.54452896118164 169.87442016601562 332.54452896118164 327.2407531738281 284.9626770019531 327.2407531738281
298.52581787109375 171.74136352539062 345.1178665161133 171.74136352539062 345.1178665161133 330.4659118652344 298.52581787109375 330.4659118652344
292.34808349609375 167.95445251464844 336.0434875488281 167.95445251464844 336.0434875488281 328.71986389160156 292.34808349609375 328.71986389160156
285.2608642578125 167.38201904296875 329.6237487792969 167.38201904296875 329.6237487792969 328.44517517089844 285.2608642578125 328.44517517089844
278.8781433105469 167.9155731201172 324.335262298584 167.9155731201172 324.335262298584 323.97230529785156 278.8781433105469 323.97230529785156
272.3858947753906 168.4028778076172 318.8694534301758 168.4028778076172 318.8694534301758 322.6494445800781 272.3858947753906 322.6494445800781
268.8233947753906 168.32644653320312 315.81629943847656 168.32644653320312 315.81629943847656 321.3745422363281 268.8233947753906 321.3745422363281
263.7190246582031 166.40383911132812 308.6957817077637 166.40383911132812 308.6957817077637 325.0897216796875 263.7190246582031 325.0897216796875
256.7391662597656 161.1974639892578 299.3550338745117 161.1974639892578 299.3550338745117 325.9514617919922 256.7391662597656 325.9514617919922
252.7716064453125 160.88784790039062 295.031494140625 160.88784790039062 295.031494140625 324.2542724609375 252.7716064453125 324.2542724609375
249.7928009033203 158.9004669189453 293.6860885620117 158.9004669189453 293.6860885620117 324.02171325683594 249.7928009033203 324.02171325683594
244.94754028320312 160.90103149414062 289.2568550109863 160.90103149414062 289.2568550109863 324.11114501953125 244.94754028320312 324.11114501953125
238.7231903076172 160.5625762939453 282.6889533996582 160.5625762939453 282.6889533996582 327.1638641357422 238.7231903076172 327.1638641357422
232.0582733154297 159.40740966796875 276.8000946044922 159.40740966796875 276.8000946044922 324.6266632080078 232.0582733154297 324.6266632080078
228.63626098632812 160.4878692626953 274.6088066101074 160.4878692626953 274.6088066101074 323.96449279785156 228.63626098632812 323.96449279785156
222.33767700195312 157.87258911132812 266.5085144042969 157.87258911132812 266.5085144042969 322.03033447265625 222.33767700195312 322.03033447265625
217.06155395507812 158.38522338867188 261.85821533203125 158.38522338867188 261.85821533203125 324.3677978515625 217.06155395507812 324.3677978515625
215.10470581054688 156.1068115234375 259.3373031616211 156.1068115234375 259.3373031616211 322.5499572753906 215.10470581054688 322.5499572753906
209.7340850830078 159.52841186523438 254.69556045532227 159.52841186523438 254.69556045532227 319.249267578125 209.7340850830078 319.249267578125
201.44100952148438 160.07305908203125 247.37570190429688 160.07305908203125 247.37570190429688 314.3154602050781 201.44100952148438 314.3154602050781
200.99520874023438 155.81594848632812 244.34626388549805 155.81594848632812 244.34626388549805 316.3207092285156 200.99520874023438 316.3207092285156
196.69775390625 155.66163635253906 239.88228607177734 155.66163635253906 239.88228607177734 314.2935028076172 196.69775390625 314.2935028076172
194.01858520507812 155.72061157226562 237.51831436157227 155.72061157226562 237.51831436157227 313.4921417236328 194.01858520507812 313.4921417236328
186.68869018554688 162.0184783935547 230.4430809020996 162.0184783935547 230.4430809020996 312.2048034667969 186.68869018554688 312.2048034667969
180.5033416748047 160.90924072265625 224.18870544433594 160.90924072265625 224.18870544433594 309.7023468017578 180.5033416748047 309.7023468017578
172.22003173828125 157.91307067871094 217.02619171142578 157.91307067871094 217.02619171142578 312.33973693847656 172.22003173828125 312.33973693847656
168.61607360839844 157.8932342529297 213.53032684326172 157.8932342529297 213.53032684326172 316.73480224609375 168.61607360839844 316.73480224609375
164.66482543945312 158.01678466796875 209.20973205566406 158.01678466796875 209.20973205566406 313.6145324707031 164.66482543945312 313.6145324707031
160.4954833984375 156.56082153320312 203.42359924316406 156.56082153320312 203.42359924316406 315.9491729736328 160.4954833984375 315.9491729736328
154.19387817382812 156.80029296875 198.22845077514648 156.80029296875 198.22845077514648 313.9120178222656 154.19387817382812 313.9120178222656
148.43792724609375 157.09585571289062 191.90582275390625 157.09585571289062 191.90582275390625 312.2060546875 148.43792724609375 312.2060546875
143.12887573242188 156.1795654296875 186.92081451416016 156.1795654296875 186.92081451416016 308.5155944824219 143.12887573242188 308.5155944824219
138.23959350585938 157.4814910888672 182.35098266601562 157.4814910888672 182.35098266601562 309.36097717285156 138.23959350585938 309.36097717285156
132.344482421875 158.067626953125 176.1963882446289 158.067626953125 176.1963882446289 311.8111877441406 132.344482421875 311.8111877441406
128.28823852539062 158.306884765625 173.00093841552734 158.306884765625 173.00093841552734 312.2798767089844 128.28823852539062 312.2798767089844
120.8551254272461 154.6729736328125 165.88937377929688 154.6729736328125 165.88937377929688 311.0523986816406 120.8551254272461 311.0523986816406
116.87336730957031 153.77029418945312 160.86029434204102 153.77029418945312 160.86029434204102 307.8667755126953 116.87336730957031 307.8667755126953
112.72871398925781 152.2272186279297 156.91974258422852 152.2272186279297 156.91974258422852 305.6853485107422 112.72871398925781 305.6853485107422
111.427734375 149.75003051757812 154.19353103637695 149.75003051757812 154.19353103637695 306.36851501464844 111.427734375 306.36851501464844
109.36370849609375 149.17115783691406 150.8095359802246 149.17115783691406 150.8095359802246 305.96234130859375 109.36370849609375 305.96234130859375
102.6688232421875 147.638916015625 145.74303436279297 147.638916015625 145.74303436279297 300.74363708496094 102.6688232421875 300.74363708496094
97.31010437011719 148.4395751953125 140.9372215270996 148.4395751953125 140.9372215270996 302.3195037841797 97.31010437011719 302.3195037841797
93.40823364257812 149.2197265625 137.57292556762695 149.2197265625 137.57292556762695 303.11328125 93.40823364257812 303.11328125
87.65718078613281 147.8518524169922 130.50984954833984 147.8518524169922 130.50984954833984 302.95997619628906 87.65718078613281 302.95997619628906
84.39962005615234 147.76815795898438 126.92398452758789 147.76815795898438 126.92398452758789 301.639892578125 84.39962005615234 301.639892578125
76.5031967163086 146.51199340820312 120.37615966796875 146.51199340820312 120.37615966796875 304.0296173095703 76.5031967163086 304.0296173095703
72.4103775024414 146.10226440429688 115.71652221679688 146.10226440429688 115.71652221679688 300.9454040527344 72.4103775024414 300.9454040527344
68.02122497558594 144.3439178466797 111.11622619628906 144.3439178466797 111.11622619628906 299.10752868652344 68.02122497558594 299.10752868652344
63.66557693481445 144.83628845214844 106.69143676757812 144.83628845214844 106.69143676757812 298.85340881347656 63.66557693481445 298.85340881347656
61.539527893066406 146.6735382080078 104.06085968017578 146.6735382080078 104.06085968017578 300.3117980957031 61.539527893066406 300.3117980957031
58.300697326660156 147.89195251464844 100.41854858398438 147.89195251464844 100.41854858398438 299.51161193847656 58.300697326660156 299.51161193847656
54.967613220214844 146.64993286132812 98.05741882324219 146.64993286132812 98.05741882324219 300.6549530029297 54.967613220214844 300.6549530029297
50.968849182128906 144.4285125732422 93.89143371582031 144.4285125732422 93.89143371582031 298.3639831542969 50.968849182128906 298.3639831542969
47.94340896606445 143.96786499023438 91.04360961914062 143.96786499023438 91.04360961914062 297.1131591796875 47.94340896606445 297.1131591796875
51.472564697265625 143.22225952148438 93.69159317016602 143.22225952148438 93.69159317016602 293.6357421875 51.472564697265625 293.6357421875
60.7866325378418 140.8189697265625 102.56452941894531 140.8189697265625 102.56452941894531 291.76832580566406 60.7866325378418 291.76832580566406
63.16526412963867 140.566162109375 105.50503540039062 140.566162109375 105.50503540039062 289.4992218017578 63.16526412963867 289.4992218017578
67.86647033691406 139.73007202148438 110.82306671142578 139.73007202148438 110.82306671142578 291.22743225097656 67.86647033691406 291.22743225097656
74.98472595214844 140.03965759277344 116.366455078125 140.03965759277344 116.366455078125 290.62158203125 74.98472595214844 290.62158203125
81.6187973022461 138.7561798095703 123.75061416625977 138.7561798095703 123.75061416625977 287.07591247558594 81.6187973022461 287.07591247558594
86.50684356689453 137.4469757080078 128.03271102905273 137.4469757080078 128.03271102905273 286.43995666503906 86.50684356689453 286.43995666503906
91.1097640991211 139.8059844970703 133.20315551757812 139.8059844970703 133.20315551757812 284.6930694580078 91.1097640991211 284.6930694580078
95.59779357910156 139.20297241210938 137.50433349609375 139.20297241210938 137.50433349609375 283.5189208984375 95.59779357910156 283.5189208984375
100.4465103149414 136.19204711914062 141.46879959106445 136.19204711914062 141.46879959106445 283.47691345214844 100.4465103149414 283.47691345214844
102.78487396240234 135.30575561523438 145.20408248901367 135.30575561523438 145.20408248901367 281.76416015625 102.78487396240234 281.76416015625
106.0179214477539 135.22007751464844 148.4923324584961 135.22007751464844 148.4923324584961 285.12925720214844 106.0179214477539 285.12925720214844
111.7882080078125 132.18191528320312 153.61221313476562 132.18191528320312 153.61221313476562 286.2449645996094 111.7882080078125 286.2449645996094
114.68255615234375 130.87649536132812 157.1313362121582 130.87649536132812 157.1313362121582 285.4131317138672 114.68255615234375 285.4131317138672
120.98770904541016 131.8065185546875 164.42671585083008 131.8065185546875 164.42671585083008 286.9423065185547 120.98770904541016 286.9423065185547
124.7482681274414 130.4534454345703 167.60843658447266 130.4534454345703 167.60843658447266 282.6646270751953 124.7482681274414 282.6646270751953
130.75335693359375 130.19642639160156 174.33661651611328 130.19642639160156 174.33661651611328 281.79913330078125 130.75335693359375 281.79913330078125
137.2423095703125 129.47003173828125 181.52851104736328 129.47003173828125 181.52851104736328 281.2150115966797 137.2423095703125 281.2150115966797
139.6654510498047 122.66252136230469 184.01728439331055 122.66252136230469 184.01728439331055 282.7028503417969 139.6654510498047 282.7028503417969
144.7852325439453 122.62457275390625 189.72859954833984 122.62457275390625 189.72859954833984 280.1775207519531 144.7852325439453 280.1775207519531
148.1998748779297 118.70426177978516 193.61722946166992 118.70426177978516 193.61722946166992 278.43701934814453 148.1998748779297 278.43701934814453
153.71759033203125 121.30224609375 198.5771141052246 121.30224609375 198.5771141052246 279.4341125488281 153.71759033203125 279.4341125488281
159.09088134765625 117.71751403808594 203.47176361083984 117.71751403808594 203.47176361083984 276.9718780517578 159.09088134765625 276.9718780517578
165.19259643554688 115.80965423583984 210.02608108520508 115.80965423583984 210.02608108520508 275.80077362060547 165.19259643554688 275.80077362060547
172.24093627929688 116.82896423339844 215.66753387451172 116.82896423339844 215.66753387451172 273.09625244140625 172.24093627929688 273.09625244140625
174.0844268798828 116.44410705566406 219.02245712280273 116.44410705566406 219.02245712280273 270.41761779785156 174.0844268798828 270.41761779785156
181.05857849121094 116.92818450927734 225.02551651000977 116.92818450927734 225.02551651000977 271.29405975341797 181.05857849121094 271.29405975341797
184.39334106445312 115.0276107788086 227.6767349243164 115.0276107788086 227.6767349243164 272.23448944091797 184.39334106445312 272.23448944091797
185.64013671875 116.0619125366211 230.1306381225586 116.0619125366211 230.1306381225586 272.78331756591797 185.64013671875 272.78331756591797
188.03187561035156 118.22154235839844 233.17237854003906 118.22154235839844 233.17237854003906 270.96417236328125 188.03187561035156 270.96417236328125
192.76124572753906 115.1921157836914 237.15406799316406 115.1921157836914 237.15406799316406 269.7448959350586 192.76124572753906 269.7448959350586
198.0540008544922 115.6598129272461 241.54883575439453 115.6598129272461 241.54883575439453 269.0591506958008 198.0540008544922 269.0591506958008
203.50103759765625 115.2384262084961 248.39456939697266 115.2384262084961 248.39456939697266 270.4437789916992 203.50103759765625 270.4437789916992
205.3501739501953 113.98419189453125 248.65302276611328 113.98419189453125 248.65302276611328 269.23130798339844 205.3501739501953 269.23130798339844
212.64453125 116.58792877197266 255.9909896850586 116.58792877197266 255.9909896850586 267.47789764404297 212.64453125 267.47789764404297
215.8925323486328 115.26168060302734 259.7560272216797 115.26168060302734 259.7560272216797 266.94495391845703 215.8925323486328 266.94495391845703
222.59732055664062 116.4698486328125 267.263614654541 116.4698486328125 267.263614654541 268.7893829345703 222.59732055664062 268.7893829345703
225.61453247070312 110.97254943847656 270.06232833862305 110.97254943847656 270.06232833862305 268.0264434814453 225.61453247070312 268.0264434814453
230.25234985351562 109.7579574584961 275.4167823791504 109.7579574584961 275.4167823791504 263.22277069091797 230.25234985351562 263.22277069091797
236.8855438232422 109.33607482910156 283.9277572631836 109.33607482910156 283.9277572631836 263.19346618652344 236.8855438232422 263.19346618652344
241.8028106689453 107.8363265991211 288.35954666137695 107.8363265991211 288.35954666137695 261.9734878540039 241.8028106689453 261.9734878540039
248.40866088867188 106.71270751953125 296.77721405029297 106.71270751953125 296.77721405029297 260.3672180175781 248.40866088867188 260.3672180175781
259.9051208496094 93.37178802490234 304.79569244384766 93.37178802490234 304.79569244384766 247.28197479248047 259.9051208496094 247.28197479248047
264.91925048828125 91.82954406738281 310.0305404663086 91.82954406738281 310.0305404663086 246.49649047851562 264.91925048828125 246.49649047851562
270.10943603515625 94.72636413574219 315.1754722595215 94.72636413574219 315.1754722595215 249.2381591796875 270.10943603515625 249.2381591796875
275.71673583984375 97.87974548339844 320.6181411743164 97.87974548339844 320.6181411743164 251.82708740234375 275.71673583984375 251.82708740234375
280.1996765136719 61.214683532714844 325.19852447509766 61.214683532714844 325.19852447509766 215.4961166381836 280.1996765136719 215.4961166381836
281.8885192871094 92.38446044921875 327.2688293457031 92.38446044921875 327.2688293457031 247.97377014160156 281.8885192871094 247.97377014160156
311.0674133300781 76.05354309082031 356.49198150634766 76.05354309082031 356.49198150634766 231.79458618164062 311.0674133300781 231.79458618164062
363.13018798828125 69.23483276367188 409.0555419921875 69.23483276367188 409.0555419921875 226.69287109375 363.13018798828125 226.69287109375
391.9909973144531 57.490196228027344 437.7965507507324 57.490196228027344 437.7965507507324 214.5374984741211 391.9909973144531 214.5374984741211
437.2198791503906 72.7128677368164 482.5914993286133 72.7128677368164 482.5914993286133 228.27239227294922 437.2198791503906 228.27239227294922
420.5912170410156 65.13941955566406 466.36116790771484 65.13941955566406 466.36116790771484 222.06463623046875 420.5912170410156 222.06463623046875
395.22503662109375 45.93894577026367 440.4257507324219 45.93894577026367 440.4257507324219 200.91250228881836 395.22503662109375 200.91250228881836
416.17254638671875 54.64493942260742 461.53261947631836 54.64493942260742 461.53261947631836 210.16486740112305 416.17254638671875 210.16486740112305
432.80816650390625 12.007234573364258 478.73400115966797 12.007234573364258 478.73400115966797 169.46692085266113 432.80816650390625 169.46692085266113
405.5023193359375 17.204421997070312 450.7611427307129 17.204421997070312 450.7611427307129 172.37722778320312 405.5023193359375 172.37722778320312
382.92205810546875 27.68450927734375 428.96690368652344 27.68450927734375 428.96690368652344 185.55223083496094 382.92205810546875 185.55223083496094
409.93133544921875 28.404399871826172 455.7351760864258 28.404399871826172 455.7351760864258 185.4458122253418 409.93133544921875 185.4458122253418
331.390625 -2.6565117835998535 377.04076385498047 -2.6565117835998535 377.04076385498047 153.85792303085327 331.390625 153.85792303085327
280.15869140625 28.463302612304688 325.5061340332031 28.463302612304688 325.5061340332031 183.93991088867188 280.15869140625 183.93991088867188
323.8592224121094 58.41151809692383 368.975887298584 58.41151809692383 368.975887298584 213.09689712524414 323.8592224121094 213.09689712524414
405.6562805175781 63.90442657470703 451.1302604675293 63.90442657470703 451.1302604675293 219.81488800048828 405.6562805175781 219.81488800048828
413.4278259277344 71.59839630126953 458.3458251953125 71.59839630126953 458.3458251953125 225.6026382446289 413.4278259277344 225.6026382446289
413.55780029296875 58.44548416137695 458.4449234008789 58.44548416137695 458.4449234008789 212.34387588500977 413.55780029296875 212.34387588500977
415.1560974121094 29.347143173217773 460.2294387817383 29.347143173217773 460.2294387817383 183.8839931488037 415.1560974121094 183.8839931488037
483.57879638671875 70.88152313232422 528.6938896179199 70.88152313232422 528.6938896179199 225.56151580810547 483.57879638671875 225.56151580810547
502.3253479003906 66.34688568115234 547.6356391906738 66.34688568115234 547.6356391906738 221.69612884521484 502.3253479003906 221.69612884521484
524.444091796875 52.15278244018555 569.4510803222656 52.15278244018555 569.4510803222656 206.46213912963867 524.444091796875 206.46213912963867
528.5454711914062 52.591102600097656 573.4924926757812 52.591102600097656 573.4924926757812 206.6948471069336 528.5454711914062 206.6948471069336
572.3790283203125 -2.1678671836853027 617.0257263183594 -2.1678671836853027 617.0257263183594 150.90619897842407 572.3790283203125 150.90619897842407
568.9548950195312 -14.911340713500977 613.8266105651855 -14.911340713500977 613.8266105651855 138.9342098236084 568.9548950195312 138.9342098236084
571.0208129882812 -21.977664947509766 615.3862190246582 -21.977664947509766 615.3862190246582 130.13195419311523 571.0208129882812 130.13195419311523
547.2196655273438 2.393256425857544 591.2639999389648 2.393256425857544 591.2639999389648 153.40207600593567 547.2196655273438 153.40207600593567
571.8248901367188 -25.20981788635254 615.8394775390625 -25.20981788635254 615.8394775390625 125.69699668884277 571.8248901367188 125.69699668884277
571.7645263671875 -21.75252342224121 614.956916809082 -21.75252342224121 614.956916809082 126.33533668518066 571.7645263671875 126.33533668518066
565.6036376953125 -15.337701797485352 608.7801284790039 -15.337701797485352 608.7801284790039 132.69565391540527 565.6036376953125 132.69565391540527
526.1270751953125 20.37989616394043 568.682445526123 20.37989616394043 568.682445526123 166.28370475769043 526.1270751953125 166.28370475769043
485.16168212890625 48.80233383178711 527.6759338378906 48.80233383178711 527.6759338378906 194.56516647338867 485.16168212890625 194.56516647338867
475.18792724609375 72.46005249023438 516.9285316467285 72.46005249023438 516.9285316467285 215.57037353515625 475.18792724609375 215.57037353515625
476.5508728027344 79.0880355834961 518.4833145141602 79.0880355834961 518.4833145141602 222.85607147216797 476.5508728027344 222.85607147216797
482.4974670410156 77.67039489746094 528.3801040649414 77.67039489746094 528.3801040649414 220.77210998535156 482.4974670410156 220.77210998535156
493.94171142578125 75.62189483642578 538.0335311889648 75.62189483642578 538.0335311889648 216.8578872680664 493.94171142578125 216.8578872680664
500.3943786621094 74.17708587646484 545.638744354248 74.17708587646484 545.638744354248 212.4765396118164 500.3943786621094 212.4765396118164
503.61480712890625 74.56918334960938 547.4500579833984 74.56918334960938 547.4500579833984 211.57081604003906 503.61480712890625 211.57081604003906
510.1643981933594 72.86483001708984 554.4724006652832 72.86483001708984 554.4724006652832 211.72891998291016 510.1643981933594 211.72891998291016
521.8053588867188 70.93866729736328 567.7300605773926 70.93866729736328 567.7300605773926 212.6314468383789 521.8053588867188 212.6314468383789
533.3348388671875 71.84953308105469 578.233772277832 71.84953308105469 578.233772277832 212.4512939453125 533.3348388671875 212.4512939453125
542.5989379882812 73.6119155883789 585.7087097167969 73.6119155883789 585.7087097167969 208.78955841064453 542.5989379882812 208.78955841064453
551.8681640625 69.18978118896484 594.421085357666 69.18978118896484 594.421085357666 208.3333969116211 551.8681640625 208.3333969116211
560.0093994140625 65.70973205566406 603.8109397888184 65.70973205566406 603.8109397888184 205.33938598632812 560.0093994140625 205.33938598632812
561.2285766601562 63.6500129699707 604.4374084472656 63.6500129699707 604.4374084472656 206.58076858520508 561.2285766601562 206.58076858520508
556.505126953125 61.59455490112305 599.2656784057617 61.59455490112305 599.2656784057617 206.5895652770996 556.505126953125 206.5895652770996
555.3519287109375 62.279052734375 596.8358345031738 62.279052734375 596.8358345031738 205.47377014160156 555.3519287109375 205.47377014160156
550.7062377929688 62.66178512573242 591.7557983398438 62.66178512573242 591.7557983398438 209.6094627380371 550.7062377929688 209.6094627380371
549.2406005859375 64.59513092041016 589.6303787231445 64.59513092041016 589.6303787231445 211.31989288330078 549.2406005859375 211.31989288330078
546.5516967773438 63.55011749267578 587.0976943969727 63.55011749267578 587.0976943969727 208.83995819091797 546.5516967773438 208.83995819091797
542.246826171875 62.07440185546875 581.6321716308594 62.07440185546875 581.6321716308594 207.42971801757812 542.246826171875 207.42971801757812
539.1339111328125 59.13167190551758 579.4611892700195 59.13167190551758 579.4611892700195 207.1027717590332 539.1339111328125 207.1027717590332
536.95751953125 59.92287063598633 576.4293441772461 59.92287063598633 576.4293441772461 206.18730545043945 536.95751953125 206.18730545043945
520.7418212890625 56.60011672973633 561.1140060424805 56.60011672973633 561.1140060424805 195.0186653137207 520.7418212890625 195.0186653137207
509.3284606933594 58.83656692504883 549.1183776855469 58.83656692504883 549.1183776855469 197.8126106262207 509.3284606933594 197.8126106262207
505.03021240234375 57.91363525390625 546.672981262207 57.91363525390625 546.672981262207 197.76170349121094 505.03021240234375 197.76170349121094
502.8351135253906 55.66666793823242 542.9209823608398 55.66666793823242 542.9209823608398 192.3091697692871 502.8351135253906 192.3091697692871
501.0968322753906 52.6124382019043 541.5637512207031 52.6124382019043 541.5637512207031 196.6584587097168 501.0968322753906 196.6584587097168
506.3158264160156 52.609596252441406 546.9465560913086 52.609596252441406 546.9465560913086 191.91455841064453 506.3158264160156 191.91455841064453
478.2735900878906 50.07925796508789 519.2598457336426 50.07925796508789 519.2598457336426 192.87553787231445 478.2735900878906 192.87553787231445
473.86883544921875 47.21023941040039 515.1163940429688 47.21023941040039 515.1163940429688 192.4470558166504 473.86883544921875 192.4470558166504
472.9036560058594 48.244712829589844 512.90478515625 48.244712829589844 512.90478515625 185.39104461669922 472.9036560058594 185.39104461669922
465.81585693359375 48.04648971557617 506.44840240478516 48.04648971557617 506.44840240478516 189.24868392944336 465.81585693359375 189.24868392944336
470.0428771972656 42.930667877197266 509.99384689331055 42.930667877197266 509.99384689331055 179.90503311157227 470.0428771972656 179.90503311157227
463.3423767089844 46.42650604248047 504.0479850769043 46.42650604248047 504.0479850769043 183.91938018798828 463.3423767089844 183.91938018798828
459.6033630371094 46.49224090576172 500.4267158508301 46.49224090576172 500.4267158508301 186.5731430053711 459.6033630371094 186.5731430053711
458.7620544433594 45.66756820678711 498.1915855407715 45.66756820678711 498.1915855407715 181.79279708862305 458.7620544433594 181.79279708862305
456.7637634277344 43.253807067871094 496.08282470703125 43.253807067871094 496.08282470703125 179.79117584228516 456.7637634277344 179.79117584228516
453.756103515625 44.33827590942383 492.51453399658203 44.33827590942383 492.51453399658203 182.26996231079102 453.756103515625 182.26996231079102
451.148681640625 40.13190460205078 490.9914093017578 40.13190460205078 490.9914093017578 180.63208770751953 451.148681640625 180.63208770751953
448.2701110839844 36.35016632080078 488.95322036743164 36.35016632080078 488.95322036743164 177.70259857177734 448.2701110839844 177.70259857177734
446.554931640625 37.00577926635742 486.73601150512695 37.00577926635742 486.73601150512695 181.94004440307617 446.554931640625 181.94004440307617
442.4716796875 36.20683670043945 482.10955810546875 36.20683670043945 482.10955810546875 178.32809829711914 442.4716796875 178.32809829711914
433.33966064453125 34.00649642944336 473.93102264404297 34.00649642944336 473.93102264404297 177.04734420776367 433.33966064453125 177.04734420776367
426.86126708984375 33.876075744628906 466.74261474609375 33.876075744628906 466.74261474609375 174.40863800048828 426.86126708984375 174.40863800048828
422.45635986328125 34.153114318847656 463.18692779541016 34.153114318847656 463.18692779541016 172.94715118408203 422.45635986328125 172.94715118408203
421.7138671875 32.61360549926758 461.3098678588867 32.61360549926758 461.3098678588867 169.8431282043457 421.7138671875 169.8431282043457
418.4851989746094 31.583703994750977 458.9713134765625 31.583703994750977 458.9713134765625 170.9511661529541 418.4851989746094 170.9511661529541
417.78375244140625 30.0096492767334 459.0564193725586 30.0096492767334 459.0564193725586 171.55133628845215 417.78375244140625 171.55133628845215
415.87957763671875 29.22091293334961 456.87211990356445 29.22091293334961 456.87211990356445 171.05614852905273 415.87957763671875 171.05614852905273
411.42120361328125 27.52118492126465 452.2212600708008 27.52118492126465 452.2212600708008 172.1667537689209 411.42120361328125 172.1667537689209
411.04425048828125 24.436511993408203 451.64009857177734 24.436511993408203 451.64009857177734 172.1183204650879 411.04425048828125 172.1183204650879
408.0111083984375 26.13567543029785 449.1622314453125 26.13567543029785 449.1622314453125 177.12160682678223 408.0111083984375 177.12160682678223
406.80352783203125 31.43389320373535 447.7856330871582 31.43389320373535 447.7856330871582 179.49837684631348 406.80352783203125 179.49837684631348
405.5365295410156 37.315040588378906 446.89350509643555 37.315040588378906 446.89350509643555 187.93921661376953 405.5365295410156 187.93921661376953
401.6042175292969 42.758827209472656 443.18407440185547 42.758827209472656 443.18407440185547 193.85547637939453 401.6042175292969 193.85547637939453
396.61578369140625 51.742637634277344 437.8414115905762 51.742637634277344 437.8414115905762 201.16382598876953 396.61578369140625 201.16382598876953
393.7380065917969 55.893348693847656 435.3124122619629 55.893348693847656 435.3124122619629 206.30292510986328 393.7380065917969 206.30292510986328
389.77740478515625 64.69511413574219 430.18484115600586 64.69511413574219 430.18484115600586 211.75865173339844 389.77740478515625 211.75865173339844
389.51824951171875 69.8548355102539 430.2727470397949 69.8548355102539 430.2727470397949 214.72164154052734 389.51824951171875 214.72164154052734
388.07177734375 73.51306915283203 428.79264068603516 73.51306915283203 428.79264068603516 221.1554946899414 388.07177734375 221.1554946899414
384.645751953125 79.29878234863281 425.9808158874512 79.29878234863281 425.9808158874512 224.41665649414062 384.645751953125 224.41665649414062
385.77862548828125 84.83349609375 427.22986602783203 84.83349609375 427.22986602783203 226.74977111816406 385.77862548828125 226.74977111816406
383.62347412109375 89.32269287109375 424.3850212097168 89.32269287109375 424.3850212097168 232.08041381835938 383.62347412109375 232.08041381835938
384.98944091796875 90.74622344970703 427.1663131713867 90.74622344970703 427.1663131713867 236.22782135009766 384.98944091796875 236.22782135009766
380.26104736328125 98.573974609375 421.7515068054199 98.573974609375 421.7515068054199 244.3638916015625 380.26104736328125 244.3638916015625
377.46307373046875 101.99156188964844 418.29163360595703 101.99156188964844 418.29163360595703 250.0020751953125 377.46307373046875 250.0020751953125
376.43524169921875 103.36256408691406 417.329647064209 103.36256408691406 417.329647064209 257.19383239746094 376.43524169921875 257.19383239746094
375.90838623046875 109.4103012084961 416.21572494506836 109.4103012084961 416.21572494506836 260.81810760498047 375.90838623046875 260.81810760498047
372.3779296875 111.48527526855469 412.44751739501953 111.48527526855469 412.44751739501953 267.73646545410156 372.3779296875 267.73646545410156
372.7453308105469 117.697265625 412.2996711730957 117.697265625 412.2996711730957 271.4339294433594 372.7453308105469 271.4339294433594
366.8727111816406 123.7138900756836 405.1495590209961 123.7138900756836 405.1495590209961 275.0016860961914 366.8727111816406 275.0016860961914
366.2283020019531 132.51339721679688 404.17020416259766 132.51339721679688 404.17020416259766 278.1552734375 366.2283020019531 278.1552734375
366.4617614746094 138.8766632080078 403.47350311279297 138.8766632080078 403.47350311279297 284.36253356933594 366.4617614746094 284.36253356933594
365.05987548828125 144.9999237060547 403.69025802612305 144.9999237060547 403.69025802612305 290.5348815917969 365.05987548828125 290.5348815917969
365.625732421875 153.837158203125 405.8581314086914 153.837158203125 405.8581314086914 304.3699645996094 365.625732421875 304.3699645996094
357.14666748046875 163.78013610839844 396.5482940673828 163.78013610839844 396.5482940673828 313.22230529785156 357.14666748046875 313.22230529785156
349.2638244628906 167.49685668945312 387.8832473754883 167.49685668945312 387.8832473754883 308.83355712890625 349.2638244628906 308.83355712890625
348.76220703125 173.84226989746094 386.53797149658203 173.84226989746094 386.53797149658203 314.4762878417969 348.76220703125 314.4762878417969
346.29510498046875 178.7645263671875 386.37589263916016 178.7645263671875 386.37589263916016 319.5460510253906 346.29510498046875 319.5460510253906
345.72845458984375 187.55789184570312 383.76867294311523 187.55789184570312 383.76867294311523 328.4028625488281 345.72845458984375 328.4028625488281
339.77508544921875 197.98492431640625 378.5785903930664 197.98492431640625 378.5785903930664 336.9467468261719 339.77508544921875 336.9467468261719
337.1088562011719 200.1092529296875 376.4710006713867 200.1092529296875 376.4710006713867 339.5809326171875 337.1088562011719 339.5809326171875
335.7464599609375 207.9475555419922 374.6603775024414 207.9475555419922 374.6603775024414 348.22450256347656 335.7464599609375 348.22450256347656
328.70361328125 214.6194305419922 368.7364273071289 214.6194305419922 368.7364273071289 351.7702178955078 328.70361328125 351.7702178955078
325.53607177734375 223.5789337158203 363.9982223510742 223.5789337158203 363.9982223510742 359.34739685058594 325.53607177734375 359.34739685058594
319.18701171875 231.93692016601562 358.2862548828125 231.93692016601562 358.2862548828125 365.8483581542969 319.18701171875 365.8483581542969
317.0653381347656 236.6883087158203 357.96711349487305 236.6883087158203 357.96711349487305 371.33363342285156 317.0653381347656 371.33363342285156
314.03369140625 245.85440063476562 354.45603942871094 245.85440063476562 354.45603942871094 379.2582092285156 314.03369140625 379.2582092285156
310.72015380859375 250.16439819335938 351.23969650268555 250.16439819335938 351.23969650268555 378.62025451660156 310.72015380859375 378.62025451660156
310.99334716796875 246.07321166992188 351.4786911010742 246.07321166992188 351.4786911010742 377.4454040527344 310.99334716796875 377.4454040527344
307.81134033203125 247.34765625 347.5142059326172 247.34765625 347.5142059326172 377.11865234375 307.81134033203125 377.11865234375
307.03704833984375 242.5288848876953 347.38151931762695 242.5288848876953 347.38151931762695 374.2166290283203 307.03704833984375 374.2166290283203
306.57666015625 243.77871704101562 346.30854415893555 243.77871704101562 346.30854415893555 375.9490509033203 306.57666015625 375.9490509033203
304.493408203125 244.92568969726562 345.09859466552734 244.92568969726562 345.09859466552734 377.3651885986328 304.493408203125 377.3651885986328
302.79791259765625 243.76266479492188 343.0433006286621 243.76266479492188 343.0433006286621 377.0262451171875 302.79791259765625 377.0262451171875
300.65447998046875 244.27828979492188 341.06664276123047 244.27828979492188 341.06664276123047 381.3794250488281 300.65447998046875 381.3794250488281
295.96771240234375 241.559326171875 335.9535446166992 241.559326171875 335.9535446166992 375.9241485595703 295.96771240234375 375.9241485595703
298.8558349609375 241.44381713867188 338.74108123779297 241.44381713867188 338.74108123779297 378.1112365722656 298.8558349609375 378.1112365722656
291.26007080078125 242.2163543701172 330.4129104614258 242.2163543701172 330.4129104614258 376.265869140625 291.26007080078125 376.265869140625
292.59161376953125 239.36453247070312 333.8988227844238 239.36453247070312 333.8988227844238 370.562744140625 292.59161376953125 370.562744140625
297.9089660644531 242.6313018798828 337.51183319091797 242.6313018798828 337.51183319091797 373.3376770019531 297.9089660644531 373.3376770019531
304.288330078125 244.579833984375 344.41627502441406 244.579833984375 344.41627502441406 372.3418197631836 304.288330078125 372.3418197631836
308.06103515625 244.2657928466797 347.4447479248047 244.2657928466797 347.4447479248047 371.2916946411133 308.06103515625 371.2916946411133
313.406982421875 241.53500366210938 353.69697189331055 241.53500366210938 353.69697189331055 368.8068542480469 313.406982421875 368.8068542480469
319.10833740234375 241.26040649414062 362.3271484375 241.26040649414062 362.3271484375 366.72411346435547 319.10833740234375 366.72411346435547
326.7121887207031 242.41854858398438 367.6400833129883 242.41854858398438 367.6400833129883 368.30321502685547 326.7121887207031 368.30321502685547
331.5379638671875 242.45361328125 373.2600326538086 242.45361328125 373.2600326538086 362.4446563720703 331.5379638671875 362.4446563720703
338.7608337402344 243.84423828125 380.9428482055664 243.84423828125 380.9428482055664 365.68833923339844 338.7608337402344 365.68833923339844
375.7713928222656 238.1820068359375 413.10567474365234 238.1820068359375 413.10567474365234 366.1848602294922 375.7713928222656 366.1848602294922
386.7143859863281 238.84121704101562 429.05894470214844 238.84121704101562 429.05894470214844 362.8256149291992 386.7143859863281 362.8256149291992
402.2745666503906 238.198486328125 443.0804672241211 238.198486328125 443.0804672241211 360.0246810913086 402.2745666503906 360.0246810913086
417.4957580566406 237.86526489257812 457.8369140625 237.86526489257812 457.8369140625 357.62159729003906 417.4957580566406 357.62159729003906
430.6337890625 239.0366668701172 469.02724838256836 239.0366668701172 469.02724838256836 359.6112289428711 430.6337890625 359.6112289428711
433.31109619140625 235.98410034179688 472.97655487060547 235.98410034179688 472.97655487060547 357.38512420654297 433.31109619140625 357.38512420654297
439.5838928222656 236.7584228515625 480.34383392333984 236.7584228515625 480.34383392333984 356.1583480834961 439.5838928222656 356.1583480834961
444.4984436035156 234.0673370361328 485.7019157409668 234.0673370361328 485.7019157409668 354.8393859863281 444.4984436035156 354.8393859863281
453.8486328125 234.89144897460938 493.7296829223633 234.89144897460938 493.7296829223633 352.1199645996094 453.8486328125 352.1199645996094
460.6128845214844 236.2029571533203 500.8836250305176 236.2029571533203 500.8836250305176 352.9880676269531 460.6128845214844 352.9880676269531
468.7762145996094 236.5907745361328 507.9539260864258 236.5907745361328 507.9539260864258 349.6692199707031 468.7762145996094 349.6692199707031
475.87896728515625 235.0266876220703 514.8441200256348 235.0266876220703 514.8441200256348 347.9752960205078 475.87896728515625 347.9752960205078
478.811767578125 236.3254852294922 517.8256301879883 236.3254852294922 517.8256301879883 350.01402282714844 478.811767578125 350.01402282714844
486.81024169921875 234.9419708251953 526.4946556091309 234.9419708251953 526.4946556091309 347.5426940917969 486.81024169921875 347.5426940917969
493.19146728515625 233.91357421875 532.3919448852539 233.91357421875 532.3919448852539 348.8968505859375 493.19146728515625 348.8968505859375
505.1905212402344 233.41384887695312 542.3068771362305 233.41384887695312 542.3068771362305 347.6869430541992 505.1905212402344 347.6869430541992
500.4886779785156 233.74777221679688 536.4722709655762 233.74777221679688 536.4722709655762 348.08802032470703 500.4886779785156 348.08802032470703
497.1761169433594 232.0745086669922 533.3059310913086 232.0745086669922 533.3059310913086 348.08277130126953 497.1761169433594 348.08277130126953
495.6297912597656 229.85000610351562 530.6049652099609 229.85000610351562 530.6049652099609 345.5650329589844 495.6297912597656 345.5650329589844
491.479736328125 232.59280395507812 527.6573486328125 232.59280395507812 527.6573486328125 347.32481384277344 491.479736328125 347.32481384277344
489.114501953125 233.48678588867188 524.0897026062012 233.48678588867188 524.0897026062012 348.3635559082031 489.114501953125 348.3635559082031
485.86846923828125 231.0244598388672 520.9397048950195 231.0244598388672 520.9397048950195 346.53355407714844 485.86846923828125 346.53355407714844
481.78350830078125 229.27261352539062 518.1006240844727 229.27261352539062 518.1006240844727 341.52415466308594 481.78350830078125 341.52415466308594
482.2876892089844 230.7271728515625 517.6545639038086 230.7271728515625 517.6545639038086 342.12657165527344 482.2876892089844 342.12657165527344
479.4217224121094 229.5195770263672 515.7589225769043 229.5195770263672 515.7589225769043 339.94921875 479.4217224121094 339.94921875
482.16412353515625 230.5177764892578 517.2651138305664 230.5177764892578 517.2651138305664 340.20951080322266 482.16412353515625 340.20951080322266
479.92413330078125 229.2971649169922 514.6242408752441 229.2971649169922 514.6242408752441 338.5927200317383 479.92413330078125 338.5927200317383
478.81878662109375 230.4637908935547 514.2331657409668 230.4637908935547 514.2331657409668 341.47764587402344 478.81878662109375 341.47764587402344
475.846923828125 230.69833374023438 511.20198822021484 230.69833374023438 511.20198822021484 339.37376403808594 475.846923828125 339.37376403808594
475.832275390625 226.0677947998047 512.5129699707031 226.0677947998047 512.5129699707031 336.0897445678711 475.832275390625 336.0897445678711
476.27825927734375 227.0740966796875 512.864875793457 227.0740966796875 512.864875793457 339.25340270996094 476.27825927734375 339.25340270996094
471.7657775878906 226.796630859375 507.3275451660156 226.796630859375 507.3275451660156 337.51123046875 471.7657775878906 337.51123046875
471.547119140625 225.7495574951172 507.22060775756836 225.7495574951172 507.22060775756836 338.3578109741211 471.547119140625 338.3578109741211
467.2867126464844 224.9530487060547 502.97275161743164 224.9530487060547 502.97275161743164 337.40069580078125 467.2867126464844 337.40069580078125
462.98602294921875 226.35275268554688 498.1443748474121 226.35275268554688 498.1443748474121 337.9371643066406 462.98602294921875 337.9371643066406
464.792724609375 225.25924682617188 498.55660247802734 225.25924682617188 498.55660247802734 335.8580017089844 464.792724609375 335.8580017089844
462.1175842285156 224.73046875 495.99942779541016 224.73046875 495.99942779541016 335.3769073486328 462.1175842285156 335.3769073486328
460.7891540527344 225.9477996826172 494.7495536804199 225.9477996826172 494.7495536804199 334.65753173828125 460.7891540527344 334.65753173828125
458.024169921875 223.514404296875 492.5797996520996 223.514404296875 492.5797996520996 330.2623519897461 458.024169921875 330.2623519897461
457.77197265625 224.21621704101562 491.3945846557617 224.21621704101562 491.3945846557617 328.8135223388672 457.77197265625 328.8135223388672
458.045166015625 223.29824829101562 492.2979164123535 223.29824829101562 492.2979164123535 329.2166061401367 458.045166015625 329.2166061401367
456.182373046875 223.68124389648438 490.3576889038086 223.68124389648438 490.3576889038086 329.75257873535156 456.182373046875 329.75257873535156
455.46832275390625 225.19314575195312 489.60894775390625 225.19314575195312 489.60894775390625 329.5154113769531 455.46832275390625 329.5154113769531
455.8439025878906 225.5476531982422 489.181396484375 225.5476531982422 489.181396484375 330.83050537109375 455.8439025878906 330.83050537109375
449.3138732910156 223.2923583984375 483.2639694213867 223.2923583984375 483.2639694213867 325.11483001708984 449.3138732910156 325.11483001708984
448.92645263671875 223.1984100341797 481.87904357910156 223.1984100341797 481.87904357910156 325.4775390625 448.92645263671875 325.4775390625
447.61553955078125 224.5272216796875 480.56493377685547 224.5272216796875 480.56493377685547 326.76502990722656 447.61553955078125 326.76502990722656
446.5806579589844 222.2633819580078 479.17374420166016 222.2633819580078 479.17374420166016 326.0309143066406 446.5806579589844 326.0309143066406
444.14947509765625 219.109619140625 477.22090911865234 219.109619140625 477.22090911865234 324.19403076171875 444.14947509765625 324.19403076171875
441.1727600097656 221.5000762939453 474.11517333984375 221.5000762939453 474.11517333984375 327.0852966308594 441.1727600097656 327.0852966308594
441.1517639160156 220.9496307373047 473.9499206542969 220.9496307373047 473.9499206542969 326.82115173339844 441.1517639160156 326.82115173339844
441.0863342285156 220.31576538085938 472.97826766967773 220.31576538085938 472.97826766967773 327.0162811279297 441.0863342285156 327.0162811279297
438.08050537109375 220.9759521484375 470.5006561279297 220.9759521484375 470.5006561279297 326.0067596435547 438.08050537109375 326.0067596435547
436.16851806640625 220.4672393798828 468.27396392822266 220.4672393798828 468.27396392822266 325.0198516845703 436.16851806640625 325.0198516845703
433.1026306152344 219.7396240234375 465.20059967041016 219.7396240234375 465.20059967041016 326.37388610839844 433.1026306152344 326.37388610839844
430.979736328125 219.7343292236328 462.4550266265869 219.7343292236328 462.4550266265869 319.88138580322266 430.979736328125 319.88138580322266
431.35406494140625 220.75100708007812 463.1631774902344 220.75100708007812 463.1631774902344 323.3215866088867 431.35406494140625 323.3215866088867
430.3184509277344 220.9698944091797 461.20251846313477 220.9698944091797 461.20251846313477 320.48670196533203 430.3184509277344 320.48670196533203
428.62939453125 222.98593139648438 459.9090633392334 222.98593139648438 459.9090633392334 322.44861602783203 428.62939453125 322.44861602783203
426.469970703125 220.15023803710938 457.7972526550293 220.15023803710938 457.7972526550293 320.21839904785156 426.469970703125 320.21839904785156
423.680908203125 220.5692901611328 455.3776454925537 220.5692901611328 455.3776454925537 319.53711700439453 423.680908203125 319.53711700439453
423.7860412597656 217.7722930908203 455.3102054595947 217.7722930908203 455.3102054595947 317.85247802734375 423.7860412597656 317.85247802734375
422.7784118652344 216.52621459960938 453.9486999511719 216.52621459960938 453.9486999511719 317.6090316772461 422.7784118652344 317.6090316772461
421.82830810546875 217.27505493164062 452.3477897644043 217.27505493164062 452.3477897644043 319.24835205078125 421.82830810546875 319.24835205078125
421.06695556640625 215.8091583251953 451.5040473937988 215.8091583251953 451.5040473937988 318.8927764892578 421.06695556640625 318.8927764892578
419.30535888671875 215.283447265625 449.301721572876 215.283447265625 449.301721572876 318.76859283447266 419.30535888671875 318.76859283447266
418.63531494140625 215.7272186279297 448.422887802124 215.7272186279297 448.422887802124 316.6507797241211 418.63531494140625 316.6507797241211
416.5408630371094 215.38748168945312 446.5897407531738 215.38748168945312 446.5897407531738 320.3462371826172 416.5408630371094 320.3462371826172
415.0564880371094 213.1633758544922 445.24798583984375 213.1633758544922 445.24798583984375 316.33565521240234 415.0564880371094 316.33565521240234
413.2769470214844 215.3185272216797 443.8305549621582 215.3185272216797 443.8305549621582 318.4000930786133 413.2769470214844 318.4000930786133
413.70635986328125 213.08090209960938 443.93634605407715 213.08090209960938 443.93634605407715 316.6104431152344 413.70635986328125 316.6104431152344
409.7532653808594 214.09341430664062 439.8397617340088 214.09341430664062 439.8397617340088 317.7341003417969 409.7532653808594 317.7341003417969
407.474365234375 215.4557342529297 437.19249534606934 215.4557342529297 437.19249534606934 315.43495178222656 407.474365234375 315.43495178222656
406.948486328125 211.9375 437.0435485839844 211.9375 437.0435485839844 310.9270553588867 406.948486328125 310.9270553588867
407.13385009765625 215.7683868408203 437.089599609375 215.7683868408203 437.089599609375 316.04285430908203 407.13385009765625 316.04285430908203
