216.0 123.0 258.0 123.0 258.0 152.0 216.0 152.0
216.97119140625 123.0745620727539 258.99962997436523 123.0745620727539 258.99962997436523 152.13585090637207 216.97119140625 152.13585090637207
217.0452423095703 122.86180114746094 259.8630828857422 122.86180114746094 259.8630828857422 152.2367401123047 217.0452423095703 152.2367401123047
217.5540008544922 123.18856048583984 261.6707572937012 123.18856048583984 261.6707572937012 154.18156242370605 217.5540008544922 154.18156242370605
218.8403778076172 123.66790771484375 261.4099655151367 123.66790771484375 261.4099655151367 153.5590419769287 218.8403778076172 153.5590419769287
220.06301879882812 124.55644226074219 263.4516716003418 124.55644226074219 263.4516716003418 152.5223445892334 220.06301879882812 152.5223445892334
221.212646484375 124.40950012207031 262.7577781677246 124.40950012207031 262.7577781677246 153.78657913208008 221.212646484375 153.78657913208008
222.18215942382812 124.97574615478516 264.64825439453125 124.97574615478516 264.64825439453125 154.36433029174805 222.18215942382812 154.36433029174805
221.9794464111328 124.9245834350586 264.4313087463379 124.9245834350586 264.4313087463379 154.31284713745117 221.9794464111328 154.31284713745117
223.54495239257812 125.81538391113281 266.233154296875 125.81538391113281 266.233154296875 154.6720085144043 223.54495239257812 154.6720085144043
223.3997344970703 124.94987487792969 266.2303886413574 124.94987487792969 266.2303886413574 154.95181274414062 223.3997344970703 154.95181274414062
225.2387237548828 126.56727600097656 267.3675308227539 126.56727600097656 267.3675308227539 155.34649658203125 225.2387237548828 155.34649658203125
225.8812713623047 126.30400085449219 268.32772064208984 126.30400085449219 268.32772064208984 155.5598964691162 225.8812713623047 155.5598964691162
226.8988800048828 127.78897857666016 269.4783020019531 127.78897857666016 269.4783020019531 155.8324909210205 226.8988800048828 155.8324909210205
227.4990997314453 126.90287780761719 270.6931915283203 126.90287780761719 270.6931915283203 156.33545875549316 227.4990997314453 156.33545875549316
227.8636016845703 127.09046936035156 271.62257385253906 127.09046936035156 271.62257385253906 156.14041709899902 227.8636016845703 156.14041709899902
228.0652618408203 127.41426086425781 272.64758682250977 127.41426086425781 272.64758682250977 156.90614318847656 228.0652618408203 156.90614318847656
229.6626434326172 128.20436096191406 273.42552185058594 128.20436096191406 273.42552185058594 158.05312156677246 229.6626434326172 158.05312156677246
229.6438446044922 127.66900634765625 275.2246322631836 127.66900634765625 275.2246322631836 158.71633529663086 229.6438446044922 158.71633529663086
230.79013061523438 128.4876251220703 275.6322212219238 128.4876251220703 275.6322212219238 157.24956703186035 230.79013061523438 157.24956703186035
229.689697265625 127.6978759765625 276.2138137817383 127.6978759765625 276.2138137817383 157.5947265625 229.689697265625 157.5947265625
234.70849609375 128.86158752441406 280.63549041748047 128.86158752441406 280.63549041748047 158.84674453735352 234.70849609375 158.84674453735352
235.94711303710938 129.3431854248047 281.93325424194336 129.3431854248047 281.93325424194336 159.6667137145996 235.94711303710938 159.6667137145996
237.1167449951172 129.7035369873047 283.93907928466797 129.7035369873047 283.93907928466797 159.59707260131836 237.1167449951172 159.59707260131836
238.0466766357422 129.4980010986328 284.95367431640625 129.4980010986328 284.95367431640625 160.07537460327148 238.0466766357422 160.07537460327148
238.465576171875 129.39041137695312 284.8110885620117 129.39041137695312 284.8110885620117 159.53591918945312 238.465576171875 159.53591918945312
239.75830078125 131.3397216796875 285.8908157348633 131.3397216796875 285.8908157348633 160.9718894958496 239.75830078125 160.9718894958496
241.79769897460938 129.95242309570312 287.3523941040039 129.95242309570312 287.3523941040039 161.3529567718506 241.79769897460938 161.3529567718506
242.74612426757812 130.16384887695312 289.20731353759766 130.16384887695312 289.20731353759766 161.5078125 242.74612426757812 161.5078125
246.49288940429688 132.37826538085938 292.9349555969238 132.37826538085938 292.9349555969238 162.53135681152344 246.49288940429688 162.53135681152344
247.82180786132812 132.74658203125 293.16759490966797 132.74658203125 293.16759490966797 163.57746505737305 247.82180786132812 163.57746505737305
252.06851196289062 134.3807373046875 297.61819076538086 134.3807373046875 297.61819076538086 163.5709342956543 252.06851196289062 163.5709342956543
253.34695434570312 134.24130249023438 300.26567459106445 134.24130249023438 300.26567459106445 163.06045532226562 253.34695434570312 163.06045532226562
254.0929718017578 134.80477905273438 300.35478591918945 134.80477905273438 300.35478591918945 164.62614822387695 254.0929718017578 164.62614822387695
254.819091796875 134.2086639404297 301.66064453125 134.2086639404297 301.66064453125 164.60443496704102 254.819091796875 164.60443496704102
257.0828552246094 133.78578186035156 304.3631248474121 133.78578186035156 304.3631248474121 165.7989158630371 257.0828552246094 165.7989158630371
258.7065124511719 135.1945037841797 306.22280502319336 135.1945037841797 306.22280502319336 165.67038536071777 258.7065124511719 165.67038536071777
259.4104309082031 135.21939086914062 306.7227554321289 135.21939086914062 306.7227554321289 167.84801483154297 259.4104309082031 167.84801483154297
260.8204040527344 134.76991271972656 308.4598579406738 134.76991271972656 308.4598579406738 167.42220306396484 260.8204040527344 167.42220306396484
263.3042907714844 136.0285186767578 311.3768005371094 136.0285186767578 311.3768005371094 168.22225189208984 263.3042907714844 168.22225189208984
263.3704833984375 137.26739501953125 311.19498443603516 137.26739501953125 311.19498443603516 169.0634708404541 263.3704833984375 169.0634708404541
265.7900085449219 137.17648315429688 311.98763275146484 137.17648315429688 311.98763275146484 169.17719268798828 265.7900085449219 169.17719268798828
264.62847900390625 136.70321655273438 313.02054595947266 136.70321655273438 313.02054595947266 168.63486099243164 264.62847900390625 168.63486099243164
266.34393310546875 137.36038208007812 314.8536376953125 137.36038208007812 314.8536376953125 169.39213180541992 266.34393310546875 169.39213180541992
266.99005126953125 138.92254638671875 315.2059860229492 138.92254638671875 315.2059860229492 169.78549194335938 266.99005126953125 169.78549194335938
268.681884765625 138.59912109375 317.8558654785156 138.59912109375 317.8558654785156 170.5364990234375 268.681884765625 170.5364990234375
270.0849914550781 138.49606323242188 319.47300720214844 138.49606323242188 319.47300720214844 169.79961585998535 270.0849914550781 169.79961585998535
270.9059143066406 138.52145385742188 318.46999740600586 138.52145385742188 318.46999740600586 171.01511001586914 270.9059143066406 171.01511001586914
273.195556640625 139.25340270996094 320.851318359375 139.25340270996094 320.851318359375 171.22673988342285 273.195556640625 171.22673988342285
275.5188293457031 138.86936950683594 323.47197341918945 138.86936950683594 323.47197341918945 170.67056274414062 275.5188293457031 170.67056274414062
277.39556884765625 139.9718780517578 324.4434814453125 139.9718780517578 324.4434814453125 170.9590721130371 277.39556884765625 170.9590721130371
278.9066467285156 141.40664672851562 326.6893882751465 141.40664672851562 326.6893882751465 173.37529373168945 278.9066467285156 173.37529373168945
278.6007385253906 142.10523986816406 328.84636306762695 142.10523986816406 328.84636306762695 174.54443359375 278.6007385253906 174.54443359375
280.8714294433594 142.22494506835938 328.4834518432617 142.22494506835938 328.4834518432617 173.74061012268066 280.8714294433594 173.74061012268066
284.3173522949219 144.03689575195312 332.3819808959961 144.03689575195312 332.3819808959961 175.86013793945312 284.3173522949219 175.86013793945312
286.5508117675781 144.54519653320312 333.2093086242676 144.54519653320312 333.2093086242676 175.97136306762695 286.5508117675781 175.97136306762695
295.01947021484375 146.61370849609375 344.1651306152344 146.61370849609375 344.1651306152344 179.16819763183594 295.01947021484375 179.16819763183594
294.5965270996094 146.3828582763672 343.80057525634766 146.3828582763672 343.80057525634766 179.02745819091797 294.5965270996094 179.02745819091797
297.2039489746094 147.40097045898438 346.83079528808594 147.40097045898438 346.83079528808594 180.6552734375 297.2039489746094 180.6552734375
299.3235778808594 148.35177612304688 349.9231185913086 148.35177612304688 349.9231185913086 180.97402954101562 299.3235778808594 180.97402954101562
303.42620849609375 149.60635375976562 352.6777763366699 149.60635375976562 352.6777763366699 181.72076797485352 303.42620849609375 181.72076797485352
305.76068115234375 149.97817993164062 355.1866989135742 149.97817993164062 355.1866989135742 182.34957122802734 305.76068115234375 182.34957122802734
307.91912841796875 150.15383911132812 357.03772735595703 150.15383911132812 357.03772735595703 182.10143661499023 307.91912841796875 182.10143661499023
314.05621337890625 152.38803100585938 363.1674156188965 152.38803100585938 363.1674156188965 183.74692344665527 314.05621337890625 183.74692344665527
316.60894775390625 153.61083984375 367.50684356689453 153.61083984375 367.50684356689453 185.43482398986816 316.60894775390625 185.43482398986816
318.864501953125 154.34005737304688 369.0167007446289 154.34005737304688 369.0167007446289 185.67777061462402 318.864501953125 185.67777061462402
320.06304931640625 154.31065368652344 370.6517219543457 154.31065368652344 370.6517219543457 186.04786682128906 320.06304931640625 186.04786682128906
322.98065185546875 156.09414672851562 372.20626068115234 156.09414672851562 372.20626068115234 187.55578994750977 322.98065185546875 187.55578994750977
324.7601013183594 156.1731719970703 373.86421966552734 156.1731719970703 373.86421966552734 188.0898551940918 324.7601013183594 188.0898551940918
324.8562927246094 156.27183532714844 375.3609848022461 156.27183532714844 375.3609848022461 188.89941787719727 324.8562927246094 188.89941787719727
325.62591552734375 156.2068634033203 376.94103240966797 156.2068634033203 376.94103240966797 189.9280662536621 325.62591552734375 189.9280662536621
327.39227294921875 158.44122314453125 378.23280334472656 158.44122314453125 378.23280334472656 191.31275177001953 327.39227294921875 191.31275177001953
328.3309020996094 159.0507049560547 379.37305450439453 159.0507049560547 379.37305450439453 192.17130279541016 328.3309020996094 192.17130279541016
329.6886901855469 160.22024536132812 381.53466033935547 160.22024536132812 381.53466033935547 191.57833862304688 329.6886901855469 191.57833862304688
330.730712890625 161.01353454589844 383.0993766784668 161.01353454589844 383.0993766784668 191.98389625549316 330.730712890625 191.98389625549316
330.15472412109375 161.9231414794922 383.0178031921387 161.9231414794922 383.0178031921387 193.03403854370117 330.15472412109375 193.03403854370117
330.506103515625 161.99221801757812 384.5715446472168 161.99221801757812 384.5715446472168 194.1682586669922 330.506103515625 194.1682586669922
331.1678161621094 161.86575317382812 385.8896903991699 161.86575317382812 385.8896903991699 194.41120147705078 331.1678161621094 194.41120147705078
331.883544921875 162.63072204589844 386.6527214050293 162.63072204589844 386.6527214050293 196.24819564819336 331.883544921875 196.24819564819336
334.0518798828125 164.41714477539062 388.1205825805664 164.41714477539062 388.1205825805664 196.58922576904297 334.0518798828125 196.58922576904297
335.08563232421875 165.08065795898438 389.5276107788086 165.08065795898438 389.5276107788086 198.72482299804688 335.08563232421875 198.72482299804688
336.4058837890625 165.90835571289062 389.83773040771484 165.90835571289062 389.83773040771484 198.5807228088379 336.4058837890625 198.5807228088379
336.9599304199219 167.03297424316406 390.4672431945801 167.03297424316406 390.4672431945801 199.52429580688477 336.9599304199219 199.52429580688477
337.3426818847656 168.52981567382812 392.6410827636719 168.52981567382812 392.6410827636719 200.12789916992188 337.3426818847656 200.12789916992188
339.2178649902344 167.85057067871094 393.53289794921875 167.85057067871094 393.53289794921875 201.19520950317383 339.2178649902344 201.19520950317383
338.5469665527344 168.993896484375 394.5059700012207 168.993896484375 394.5059700012207 202.53907012939453 338.5469665527344 202.53907012939453
339.49847412109375 169.65032958984375 395.0468635559082 169.65032958984375 395.0468635559082 203.0554656982422 339.49847412109375 203.0554656982422
339.5536193847656 170.32864379882812 396.0136947631836 170.32864379882812 396.0136947631836 202.8863296508789 339.5536193847656 202.8863296508789
341.0665588378906 171.39846801757812 396.8905563354492 171.39846801757812 396.8905563354492 205.27721405029297 341.0665588378906 205.27721405029297
341.6739501953125 171.93948364257812 398.1620788574219 171.93948364257812 398.1620788574219 205.71224975585938 341.6739501953125 205.71224975585938
342.60406494140625 172.44461059570312 397.9273147583008 172.44461059570312 397.9273147583008 205.70319366455078 342.60406494140625 205.70319366455078
342.97100830078125 173.26812744140625 399.23027420043945 173.26812744140625 399.23027420043945 205.73065185546875 342.97100830078125 205.73065185546875
343.4734191894531 174.46121215820312 400.2018814086914 174.46121215820312 400.2018814086914 207.6426544189453 343.4734191894531 207.6426544189453
344.41888427734375 176.17868041992188 400.18865966796875 176.17868041992188 400.18865966796875 208.3633804321289 344.41888427734375 208.3633804321289
344.8252868652344 176.48617553710938 400.93566131591797 176.48617553710938 400.93566131591797 208.8679313659668 344.8252868652344 208.8679313659668
344.9144592285156 177.81692504882812 402.3771743774414 177.81692504882812 402.3771743774414 211.1600456237793 344.9144592285156 211.1600456237793
345.9720153808594 178.0559539794922 402.4962463378906 178.0559539794922 402.4962463378906 212.6063232421875 345.9720153808594 212.6063232421875
347.5953063964844 180.31558227539062 404.0968551635742 180.31558227539062 404.0968551635742 213.89066696166992 347.5953063964844 213.89066696166992
347.3977966308594 181.09559631347656 403.5614013671875 181.09559631347656 403.5614013671875 215.75689315795898 347.3977966308594 215.75689315795898
348.41607666015625 182.4432830810547 405.8442192077637 182.4432830810547 405.8442192077637 215.87480926513672 348.41607666015625 215.87480926513672
347.7936096191406 183.39300537109375 406.1868705749512 183.39300537109375 406.1868705749512 218.0636100769043 347.7936096191406 218.0636100769043
348.8697509765625 184.54794311523438 407.1480522155762 184.54794311523438 407.1480522155762 218.76360321044922 348.8697509765625 218.76360321044922
348.62353515625 185.03616333007812 406.46280670166016 185.03616333007812 406.46280670166016 219.1108856201172 348.62353515625 219.1108856201172
349.6507873535156 186.2174835205078 408.3394355773926 186.2174835205078 408.3394355773926 219.99490356445312 349.6507873535156 219.99490356445312
351.0210876464844 188.7477569580078 408.43754959106445 188.7477569580078 408.43754959106445 222.36961364746094 351.0210876464844 222.36961364746094
348.61065673828125 190.13125610351562 410.4799385070801 190.13125610351562 410.4799385070801 223.22011184692383 348.61065673828125 223.22011184692383
350.6083068847656 191.60501098632812 410.4469680786133 191.60501098632812 410.4469680786133 226.42899322509766 350.6083068847656 226.42899322509766
348.92596435546875 191.67433166503906 410.0818290710449 191.67433166503906 410.0818290710449 226.09805297851562 348.92596435546875 226.09805297851562
349.3988342285156 193.9996337890625 411.4046745300293 193.9996337890625 411.4046745300293 228.469970703125 349.3988342285156 228.469970703125
349.0887756347656 195.1448211669922 412.1367416381836 195.1448211669922 412.1367416381836 229.77479553222656 349.0887756347656 229.77479553222656
349.9674987792969 197.35049438476562 411.70758056640625 197.35049438476562 411.70758056640625 233.34697723388672 349.9674987792969 233.34697723388672
348.01495361328125 198.28485107421875 410.90596771240234 198.28485107421875 410.90596771240234 233.49033737182617 348.01495361328125 233.49033737182617
348.9136657714844 199.51783752441406 411.37531661987305 199.51783752441406 411.37531661987305 234.81754684448242 348.9136657714844 234.81754684448242
349.109619140625 200.19517517089844 411.9546432495117 200.19517517089844 411.9546432495117 235.3158073425293 349.109619140625 235.3158073425293
347.87127685546875 202.15171813964844 410.7408561706543 202.15171813964844 410.7408561706543 238.43079376220703 347.87127685546875 238.43079376220703
345.7181396484375 203.24856567382812 410.81909942626953 203.24856567382812 410.81909942626953 239.9275779724121 345.7181396484375 239.9275779724121
344.4329833984375 205.19924926757812 411.2866973876953 205.19924926757812 411.2866973876953 242.25496292114258 344.4329833984375 242.25496292114258
343.81964111328125 206.87338256835938 409.9102478027344 206.87338256835938 409.9102478027344 242.60175704956055 343.81964111328125 242.60175704956055
341.51904296875 207.74588012695312 409.1192932128906 207.74588012695312 409.1192932128906 244.49403762817383 341.51904296875 244.49403762817383
344.44464111328125 209.1259002685547 409.97410583496094 209.1259002685547 409.97410583496094 246.69437789916992 344.44464111328125 246.69437789916992
340.9222717285156 210.42721557617188 408.3978576660156 210.42721557617188 408.3978576660156 249.3452262878418 340.9222717285156 249.3452262878418
339.33673095703125 210.84860229492188 408.12276458740234 210.84860229492188 408.12276458740234 250.51649475097656 339.33673095703125 250.51649475097656
338.62835693359375 212.63070678710938 407.13236236572266 212.63070678710938 407.13236236572266 251.55282592773438 338.62835693359375 251.55282592773438
336.9126892089844 215.171142578125 405.8336639404297 215.171142578125 405.8336639404297 253.2644271850586 336.9126892089844 253.2644271850586
334.9518737792969 218.5113067626953 402.5579147338867 218.5113067626953 402.5579147338867 256.98133850097656 334.9518737792969 256.98133850097656
332.93145751953125 219.6665802001953 401.7688751220703 219.6665802001953 401.7688751220703 258.2297134399414 332.93145751953125 258.2297134399414
330.60357666015625 221.47775268554688 398.4934844970703 221.47775268554688 398.4934844970703 262.2137794494629 330.60357666015625 262.2137794494629
328.0047912597656 223.6998291015625 397.3949966430664 223.6998291015625 397.3949966430664 264.03821182250977 328.0047912597656 264.03821182250977
324.53851318359375 228.25814819335938 394.0072326660156 228.25814819335938 394.0072326660156 267.9004020690918 324.53851318359375 267.9004020690918
322.6978454589844 228.7158966064453 394.14556884765625 228.7158966064453 394.14556884765625 270.36633682250977 322.6978454589844 270.36633682250977
320.542236328125 228.65658569335938 392.6062774658203 228.65658569335938 392.6062774658203 271.04113006591797 320.542236328125 271.04113006591797
317.08392333984375 232.6282196044922 392.01112365722656 232.6282196044922 392.01112365722656 276.29034423828125 317.08392333984375 276.29034423828125
313.12066650390625 234.5363311767578 388.505126953125 234.5363311767578 388.505126953125 278.46178436279297 313.12066650390625 278.46178436279297
312.8515319824219 236.9170684814453 387.7860565185547 236.9170684814453 387.7860565185547 281.5598793029785 312.8515319824219 281.5598793029785
309.93218994140625 237.0692901611328 386.05767822265625 237.0692901611328 386.05767822265625 282.2917709350586 309.93218994140625 282.2917709350586
304.656005859375 239.8053436279297 381.5421905517578 239.8053436279297 381.5421905517578 286.5021743774414 304.656005859375 286.5021743774414
300.763916015625 243.1048583984375 380.3895034790039 243.1048583984375 380.3895034790039 288.5660209655762 300.763916015625 288.5660209655762
297.4444885253906 245.5836639404297 377.0725631713867 245.5836639404297 377.0725631713867 289.77612686157227 297.4444885253906 289.77612686157227
292.6738586425781 247.98294067382812 373.7207946777344 247.98294067382812 373.7207946777344 293.38660049438477 292.6738586425781 293.38660049438477
289.65899658203125 250.18771362304688 370.59351348876953 250.18771362304688 370.59351348876953 298.45255279541016 289.65899658203125 298.45255279541016
277.674072265625 256.282470703125 360.6532974243164 256.282470703125 360.6532974243164 305.24597549438477 277.674072265625 305.24597549438477
270.6979064941406 261.2635803222656 357.1657028198242 261.2635803222656 357.1657028198242 309.8028030395508 270.6979064941406 309.8028030395508
267.6875305175781 265.1312561035156 353.89151763916016 265.1312561035156 353.89151763916016 314.9723014831543 267.6875305175781 314.9723014831543
261.37799072265625 265.97027587890625 348.65319061279297 265.97027587890625 348.65319061279297 316.9374771118164 261.37799072265625 316.9374771118164
256.5704650878906 269.9768981933594 343.5497741699219 269.9768981933594 343.5497741699219 321.74365997314453 256.5704650878906 321.74365997314453
246.88314819335938 275.79302978515625 335.4147186279297 275.79302978515625 335.4147186279297 326.53003311157227 246.88314819335938 326.53003311157227
245.57302856445312 275.72052001953125 334.8496627807617 275.72052001953125 334.8496627807617 326.7986831665039 245.57302856445312 326.7986831665039
235.7343292236328 280.3641052246094 329.45987701416016 280.3641052246094 329.45987701416016 332.9219055175781 235.7343292236328 332.9219055175781
229.57070922851562 283.6263122558594 319.6779251098633 283.6263122558594 319.6779251098633 336.5248107910156 229.57070922851562 336.5248107910156
219.0736083984375 289.2398986816406 309.8358154296875 289.2398986816406 309.8358154296875 342.34331130981445 219.0736083984375 342.34331130981445
209.6277313232422 292.6645202636719 303.38145446777344 292.6645202636719 303.38145446777344 347.0209541320801 209.6277313232422 347.0209541320801
205.2052001953125 298.0310974121094 297.1249542236328 298.0310974121094 297.1249542236328 352.6926498413086 205.2052001953125 352.6926498413086
184.7496337890625 303.7632751464844 275.79434967041016 303.7632751464844 275.79434967041016 357.78966522216797 184.7496337890625 357.78966522216797
174.0453643798828 310.36212158203125 268.06048583984375 310.36212158203125 268.06048583984375 366.23798751831055 174.0453643798828 366.23798751831055
157.97940063476562 317.0553894042969 252.95012664794922 317.0553894042969 252.95012664794922 373.31275177001953 157.97940063476562 373.31275177001953
147.84878540039062 319.29425048828125 244.17625427246094 319.29425048828125 244.17625427246094 376.4243392944336 147.84878540039062 376.4243392944336
132.9148712158203 329.26202392578125 229.21249389648438 329.26202392578125 229.21249389648438 385.8561019897461 132.9148712158203 385.8561019897461
117.58660888671875 334.0830383300781 214.3214569091797 334.0830383300781 214.3214569091797 390.8994026184082 117.58660888671875 390.8994026184082
105.06270599365234 340.82208251953125 203.96155548095703 340.82208251953125 203.96155548095703 398.3259391784668 105.06270599365234 398.3259391784668
94.90291595458984 344.6040954589844 191.76590728759766 344.6040954589844 191.76590728759766 402.5473098754883 94.90291595458984 402.5473098754883
80.04679107666016 351.1549987792969 178.7629165649414 351.1549987792969 178.7629165649414 408.46771240234375 80.04679107666016 408.46771240234375
74.05744171142578 356.6673278808594 172.61351776123047 356.6673278808594 172.61351776123047 414.85286712646484 74.05744171142578 414.85286712646484
56.702781677246094 362.73577880859375 154.1624755859375 362.73577880859375 154.1624755859375 418.5352668762207 56.702781677246094 418.5352668762207
32.15512466430664 370.47833251953125 130.64003372192383 370.47833251953125 130.64003372192383 429.20665740966797 32.15512466430664 429.20665740966797
