176.0 226.0 303.0 226.0 303.0 304.0 176.0 304.0
175.22789001464844 225.9698486328125 302.09815216064453 225.9698486328125 302.09815216064453 303.7138366699219 175.22789001464844 303.7138366699219
175.3624267578125 226.50155639648438 301.05648040771484 226.50155639648438 301.05648040771484 303.5052261352539 175.3624267578125 303.5052261352539
175.2300567626953 226.14785766601562 300.55590057373047 226.14785766601562 300.55590057373047 302.7980499267578 175.2300567626953 302.7980499267578
174.6099395751953 226.41482543945312 299.8277893066406 226.41482543945312 299.8277893066406 302.4056854248047 174.6099395751953 302.4056854248047
173.90184020996094 226.5638885498047 299.1487045288086 226.5638885498047 299.1487045288086 302.0798797607422 173.90184020996094 302.0798797607422
173.25357055664062 226.5227813720703 297.8452453613281 226.5227813720703 297.8452453613281 302.0791549682617 173.25357055664062 302.0791549682617
172.8154296875 226.83462524414062 297.7503662109375 226.83462524414062 297.7503662109375 301.5176239013672 172.8154296875 301.5176239013672
171.9349365234375 226.92190551757812 297.7191619873047 226.92190551757812 297.7191619873047 301.3848114013672 171.9349365234375 301.3848114013672
172.54824829101562 227.155517578125 297.1492462158203 227.155517578125 297.1492462158203 301.36341094970703 172.54824829101562 301.36341094970703
171.22427368164062 226.9149169921875 296.1393356323242 226.9149169921875 296.1393356323242 301.7983856201172 171.22427368164062 301.7983856201172
171.58843994140625 226.89794921875 295.56724548339844 226.89794921875 295.56724548339844 301.76378631591797 171.58843994140625 301.76378631591797
170.92465209960938 226.0680389404297 294.8345031738281 226.0680389404297 294.8345031738281 302.41646575927734 170.92465209960938 302.41646575927734
171.06857299804688 225.98532104492188 293.86244201660156 225.98532104492188 293.86244201660156 301.96006774902344 171.06857299804688 301.96006774902344
170.37811279296875 226.28640747070312 292.99658203125 226.28640747070312 292.99658203125 302.43626403808594 170.37811279296875 302.43626403808594
168.53506469726562 226.08578491210938 292.6464309692383 226.08578491210938 292.6464309692383 302.0990447998047 168.53506469726562 302.0990447998047
168.8130645751953 225.8920440673828 291.6924362182617 225.8920440673828 291.6924362182617 302.1930160522461 168.8130645751953 302.1930160522461
167.36614990234375 225.3610076904297 292.3126983642578 225.3610076904297 292.3126983642578 302.05078125 167.36614990234375 302.05078125
167.18252563476562 225.24044799804688 291.7898406982422 225.24044799804688 291.7898406982422 301.76072692871094 167.18252563476562 301.76072692871094
166.53079223632812 225.22061157226562 291.84595489501953 225.22061157226562 291.84595489501953 301.5569763183594 166.53079223632812 301.5569763183594
165.0920867919922 224.86123657226562 291.6585388183594 224.86123657226562 291.6585388183594 302.0504608154297 165.0920867919922 302.0504608154297
164.669921875 224.94985961914062 290.6046600341797 224.94985961914062 290.6046600341797 301.59447479248047 164.669921875 301.59447479248047
164.33306884765625 224.76510620117188 291.0008087158203 224.76510620117188 291.0008087158203 302.04834747314453 164.33306884765625 302.04834747314453
164.37362670898438 224.9345245361328 289.9951629638672 224.9345245361328 289.9951629638672 301.8503189086914 164.37362670898438 301.8503189086914
163.51502990722656 224.30288696289062 289.56214904785156 224.30288696289062 289.56214904785156 302.21864318847656 163.51502990722656 302.21864318847656
163.4796905517578 224.7549591064453 288.6362609863281 224.7549591064453 288.6362609863281 301.6372833251953 163.4796905517578 301.6372833251953
162.85665893554688 224.60769653320312 287.7521209716797 224.60769653320312 287.7521209716797 301.34923553466797 162.85665893554688 301.34923553466797
162.3092041015625 224.56787109375 287.7917251586914 224.56787109375 287.7917251586914 301.6212921142578 162.3092041015625 301.6212921142578
161.94300842285156 224.15390014648438 286.9337158203125 224.15390014648438 286.9337158203125 301.9669876098633 161.94300842285156 301.9669876098633
161.68894958496094 224.2317352294922 287.8870544433594 224.2317352294922 287.8870544433594 301.35093688964844 161.68894958496094 301.35093688964844
160.46946716308594 224.24783325195312 287.12244415283203 224.24783325195312 287.12244415283203 301.91551208496094 160.46946716308594 301.91551208496094
161.3760223388672 224.0941925048828 286.8040237426758 224.0941925048828 286.8040237426758 302.2501220703125 161.3760223388672 302.2501220703125
161.63746643066406 224.3453369140625 285.88014221191406 224.3453369140625 285.88014221191406 301.5021209716797 161.63746643066406 301.5021209716797
161.31185913085938 223.84310913085938 286.02833557128906 223.84310913085938 286.02833557128906 302.1983947753906 161.31185913085938 302.1983947753906
161.048828125 224.0357208251953 285.77217864990234 224.0357208251953 285.77217864990234 301.9092254638672 161.048828125 301.9092254638672
160.3595733642578 224.3717498779297 285.73095703125 224.3717498779297 285.73095703125 301.49361419677734 160.3595733642578 301.49361419677734
160.42324829101562 223.7576141357422 286.6744689941406 223.7576141357422 286.6744689941406 301.73702239990234 160.42324829101562 301.73702239990234
159.85348510742188 223.68142700195312 285.9855194091797 223.68142700195312 285.9855194091797 301.69482421875 159.85348510742188 301.69482421875
159.7172393798828 223.99545288085938 285.30462646484375 223.99545288085938 285.30462646484375 301.4690246582031 159.7172393798828 301.4690246582031
159.33876037597656 223.7009735107422 284.6983337402344 223.7009735107422 284.6983337402344 301.22058868408203 159.33876037597656 301.22058868408203
159.50119018554688 224.11001586914062 284.71876525878906 224.11001586914062 284.71876525878906 301.2056198120117 159.50119018554688 301.2056198120117
159.2919158935547 224.0530242919922 284.3692092895508 224.0530242919922 284.3692092895508 300.8579559326172 159.2919158935547 300.8579559326172
158.64332580566406 224.0210418701172 284.8194351196289 224.0210418701172 284.8194351196289 301.68817138671875 158.64332580566406 301.68817138671875
159.4053497314453 224.22158813476562 284.92272186279297 224.22158813476562 284.92272186279297 300.9576644897461 159.4053497314453 300.9576644897461
158.6358184814453 223.9827117919922 285.0801544189453 223.9827117919922 285.0801544189453 301.7508850097656 158.6358184814453 301.7508850097656
158.6453399658203 223.98330688476562 284.4382095336914 223.98330688476562 284.4382095336914 301.1401062011719 158.6453399658203 301.1401062011719
157.98448181152344 223.7585906982422 284.42332458496094 223.7585906982422 284.42332458496094 301.4762191772461 157.98448181152344 301.4762191772461
159.11996459960938 224.2884063720703 283.71495819091797 224.2884063720703 283.71495819091797 301.1014175415039 159.11996459960938 301.1014175415039
158.80496215820312 223.7264404296875 284.5727005004883 223.7264404296875 284.5727005004883 301.4660873413086 158.80496215820312 301.4660873413086
158.67111206054688 223.93789672851562 284.0811309814453 223.93789672851562 284.0811309814453 301.43994903564453 158.67111206054688 301.43994903564453
157.3056640625 223.84033203125 284.21334075927734 223.84033203125 284.21334075927734 301.5102081298828 157.3056640625 301.5102081298828
158.4804229736328 224.2064666748047 283.90660858154297 224.2064666748047 283.90660858154297 301.40028381347656 158.4804229736328 301.40028381347656
158.75502014160156 223.88461303710938 284.65001678466797 223.88461303710938 284.65001678466797 302.4884567260742 158.75502014160156 302.4884567260742
158.3245391845703 224.322021484375 283.8814697265625 224.322021484375 283.8814697265625 300.89627838134766 158.3245391845703 300.89627838134766
158.0744171142578 223.9520721435547 284.4517593383789 223.9520721435547 284.4517593383789 301.0589904785156 158.0744171142578 301.0589904785156
158.05966186523438 224.447509765625 283.5949401855469 224.447509765625 283.5949401855469 300.72882080078125 158.05966186523438 300.72882080078125
159.11724853515625 224.3762664794922 283.22178649902344 224.3762664794922 283.22178649902344 301.46227264404297 159.11724853515625 301.46227264404297
159.3413848876953 224.45870971679688 284.2007369995117 224.45870971679688 284.2007369995117 301.2838897705078 159.3413848876953 301.2838897705078
159.06080627441406 224.09933471679688 284.08819580078125 224.09933471679688 284.08819580078125 300.93385314941406 159.06080627441406 300.93385314941406
159.57301330566406 224.46524047851562 284.25115966796875 224.46524047851562 284.25115966796875 301.1991653442383 159.57301330566406 301.1991653442383
159.4388885498047 224.2730255126953 283.8871765136719 224.2730255126953 283.8871765136719 301.44952392578125 159.4388885498047 301.44952392578125
159.93734741210938 224.5083465576172 283.34852600097656 224.5083465576172 283.34852600097656 301.5327606201172 159.93734741210938 301.5327606201172
159.58380126953125 224.80575561523438 283.1370391845703 224.80575561523438 283.1370391845703 301.2439422607422 159.58380126953125 301.2439422607422
160.26333618164062 224.8747100830078 283.5146942138672 224.8747100830078 283.5146942138672 301.54117584228516 160.26333618164062 301.54117584228516
159.89646911621094 224.4692840576172 283.4449691772461 224.4692840576172 283.4449691772461 301.53894805908203 159.89646911621094 301.53894805908203
159.55235290527344 224.4014434814453 283.5326614379883 224.4014434814453 283.5326614379883 302.3486328125 159.55235290527344 302.3486328125
159.7315673828125 224.71939086914062 284.16253662109375 224.71939086914062 284.16253662109375 301.2574234008789 159.7315673828125 301.2574234008789
159.37698364257812 224.67236328125 284.38633728027344 224.67236328125 284.38633728027344 302.1653747558594 159.37698364257812 302.1653747558594
159.4310760498047 224.5254669189453 283.4870910644531 224.5254669189453 283.4870910644531 302.04466247558594 159.4310760498047 302.04466247558594
159.8083038330078 224.7086944580078 283.90856170654297 224.7086944580078 283.90856170654297 301.6542510986328 159.8083038330078 301.6542510986328
160.15560913085938 224.5169677734375 283.54701232910156 224.5169677734375 283.54701232910156 301.8569869995117 160.15560913085938 301.8569869995117
159.4056396484375 224.6531219482422 283.6150131225586 224.6531219482422 283.6150131225586 301.9455871582031 159.4056396484375 301.9455871582031
159.4840850830078 224.9164276123047 283.97350311279297 224.9164276123047 283.97350311279297 302.17735290527344 159.4840850830078 302.17735290527344
160.33380126953125 224.96923828125 284.2920150756836 224.96923828125 284.2920150756836 302.2393569946289 160.33380126953125 302.2393569946289
160.40167236328125 224.43173217773438 283.4652862548828 224.43173217773438 283.4652862548828 302.2951126098633 160.40167236328125 302.2951126098633
159.41754150390625 224.8622589111328 283.2959442138672 224.8622589111328 283.2959442138672 302.06439208984375 159.41754150390625 302.06439208984375
160.19064331054688 225.25088500976562 284.1361541748047 225.25088500976562 284.1361541748047 301.5388946533203 160.19064331054688 301.5388946533203
160.4931640625 224.8271484375 284.63590240478516 224.8271484375 284.63590240478516 301.75128173828125 160.4931640625 301.75128173828125
160.3619384765625 224.74044799804688 284.7957992553711 224.74044799804688 284.7957992553711 302.3606872558594 160.3619384765625 302.3606872558594
159.6417694091797 225.2897491455078 284.0500946044922 225.2897491455078 284.0500946044922 302.2582702636719 159.6417694091797 302.2582702636719
160.6632080078125 225.04385375976562 284.4058609008789 225.04385375976562 284.4058609008789 301.88887786865234 160.6632080078125 301.88887786865234
161.2509002685547 224.7554168701172 285.23535919189453 224.7554168701172 285.23535919189453 302.3259582519531 161.2509002685547 302.3259582519531
161.9617919921875 225.345703125 285.44313049316406 225.345703125 285.44313049316406 302.3203430175781 161.9617919921875 302.3203430175781
162.1103973388672 224.7554473876953 286.20042419433594 224.7554473876953 286.20042419433594 302.3578872680664 162.1103973388672 302.3578872680664
162.7311553955078 225.16152954101562 286.27003479003906 225.16152954101562 286.27003479003906 302.1422576904297 162.7311553955078 302.1422576904297
163.287109375 224.64419555664062 287.27783203125 224.64419555664062 287.27783203125 302.76666259765625 163.287109375 302.76666259765625
163.3882598876953 225.20492553710938 287.1742858886719 225.20492553710938 287.1742858886719 302.2395782470703 163.3882598876953 302.2395782470703
164.61212158203125 225.0169677734375 288.84388732910156 225.0169677734375 288.84388732910156 302.6155242919922 164.61212158203125 302.6155242919922
164.84454345703125 225.1839599609375 289.22914123535156 225.1839599609375 289.22914123535156 302.5419692993164 164.84454345703125 302.5419692993164
164.84671020507812 224.33255004882812 289.9044723510742 224.33255004882812 289.9044723510742 302.3159713745117 164.84671020507812 302.3159713745117
166.05642700195312 225.33206176757812 290.68861389160156 225.33206176757812 290.68861389160156 302.21974182128906 166.05642700195312 302.21974182128906
167.01943969726562 224.94180297851562 292.11631774902344 224.94180297851562 292.11631774902344 302.49588775634766 167.01943969726562 302.49588775634766
168.53439331054688 225.17529296875 293.5244598388672 225.17529296875 293.5244598388672 302.1002731323242 168.53439331054688 302.1002731323242
168.6996307373047 224.8214874267578 293.8800277709961 224.8214874267578 293.8800277709961 302.53943634033203 168.6996307373047 302.53943634033203
171.5243377685547 224.68270874023438 295.8949279785156 224.68270874023438 295.8949279785156 302.31822204589844 171.5243377685547 302.31822204589844
170.52760314941406 224.5339813232422 298.13651275634766 224.5339813232422 298.13651275634766 302.2344970703125 170.52760314941406 302.2344970703125
172.981201171875 225.4430694580078 298.80291748046875 225.4430694580078 298.80291748046875 302.1586456298828 172.981201171875 302.1586456298828
175.63150024414062 224.95346069335938 300.9372100830078 224.95346069335938 300.9372100830078 302.11766052246094 175.63150024414062 302.11766052246094
177.52346801757812 224.9361572265625 302.1571350097656 224.9361572265625 302.1571350097656 301.9456024169922 177.52346801757812 301.9456024169922
180.52841186523438 224.7850799560547 305.8980026245117 224.7850799560547 305.8980026245117 301.75096130371094 180.52841186523438 301.75096130371094
180.7980194091797 225.04397583007812 307.9886703491211 225.04397583007812 307.9886703491211 301.4964294433594 180.7980194091797 301.4964294433594
181.66531372070312 224.3446807861328 311.0367736816406 224.3446807861328 311.0367736816406 301.95001220703125 181.66531372070312 301.95001220703125
186.52511596679688 224.75247192382812 313.97789764404297 224.75247192382812 313.97789764404297 301.4672546386719 186.52511596679688 301.4672546386719
190.6090087890625 223.6517333984375 317.2686538696289 223.6517333984375 317.2686538696289 301.9737091064453 190.6090087890625 301.9737091064453
193.28536987304688 224.0078582763672 321.0539245605469 224.0078582763672 321.0539245605469 301.6849670410156 193.28536987304688 301.6849670410156
195.90213012695312 224.1074676513672 324.4530029296875 224.1074676513672 324.4530029296875 301.38291931152344 195.90213012695312 301.38291931152344
200.43258666992188 224.63388061523438 327.9849166870117 224.63388061523438 327.9849166870117 300.52227783203125 200.43258666992188 300.52227783203125
204.41835021972656 224.41952514648438 333.66416931152344 224.41952514648438 333.66416931152344 299.96156311035156 204.41835021972656 299.96156311035156
206.9815216064453 224.1178741455078 336.0619354248047 224.1178741455078 336.0619354248047 300.6790313720703 206.9815216064453 300.6790313720703
212.89208984375 224.2025146484375 341.59352111816406 224.2025146484375 341.59352111816406 300.6820526123047 212.89208984375 300.6820526123047
215.4464569091797 223.47726440429688 343.23120880126953 223.47726440429688 343.23120880126953 300.64322662353516 215.4464569091797 300.64322662353516
217.6284637451172 223.3502197265625 348.9406433105469 223.3502197265625 348.9406433105469 300.28551483154297 217.6284637451172 300.28551483154297
223.0978240966797 223.9246826171875 352.3794403076172 223.9246826171875 352.3794403076172 299.62720489501953 223.0978240966797 299.62720489501953
228.7870635986328 224.0231170654297 358.79331970214844 224.0231170654297 358.79331970214844 299.267578125 228.7870635986328 299.267578125
234.81039428710938 223.01065063476562 361.96864318847656 223.01065063476562 361.96864318847656 299.7098922729492 234.81039428710938 299.7098922729492
242.4326934814453 223.6162109375 368.99365234375 223.6162109375 368.99365234375 298.5328826904297 242.4326934814453 298.5328826904297
242.046142578125 223.5306396484375 370.4992370605469 223.5306396484375 370.4992370605469 298.02327728271484 242.046142578125 298.02327728271484
251.521728515625 223.73422241210938 376.4279022216797 223.73422241210938 376.4279022216797 298.60621643066406 251.521728515625 298.60621643066406
252.1707000732422 223.5417022705078 380.55613708496094 223.5417022705078 380.55613708496094 297.40258026123047 252.1707000732422 297.40258026123047
260.9396057128906 223.2994842529297 386.51819610595703 223.2994842529297 386.51819610595703 298.8305358886719 260.9396057128906 298.8305358886719
263.3988342285156 223.48666381835938 391.1962356567383 223.48666381835938 391.1962356567383 298.5072784423828 263.3988342285156 298.5072784423828
267.3684387207031 223.288330078125 395.8862762451172 223.288330078125 395.8862762451172 297.968505859375 267.3684387207031 297.968505859375
268.83587646484375 222.48934936523438 400.07688903808594 222.48934936523438 400.07688903808594 298.2606887817383 268.83587646484375 298.2606887817383
274.1984558105469 223.0940399169922 403.1250915527344 223.0940399169922 403.1250915527344 296.1920471191406 274.1984558105469 296.1920471191406
281.957275390625 223.44595336914062 407.6201171875 223.44595336914062 407.6201171875 297.42938232421875 281.957275390625 297.42938232421875
281.6982116699219 223.3984832763672 409.97039794921875 223.3984832763672 409.97039794921875 296.8813018798828 281.6982116699219 296.8813018798828
288.28118896484375 223.102294921875 416.44859313964844 223.102294921875 416.44859313964844 296.75547790527344 288.28118896484375 296.75547790527344
292.64019775390625 223.1616668701172 418.83573150634766 223.1616668701172 418.83573150634766 295.4862518310547 292.64019775390625 295.4862518310547
297.6227722167969 222.83822631835938 424.79796600341797 222.83822631835938 424.79796600341797 295.25856018066406 297.6227722167969 295.25856018066406
301.7650451660156 223.6925811767578 427.5961608886719 223.6925811767578 427.5961608886719 295.1766052246094 301.7650451660156 295.1766052246094
303.216796875 222.89663696289062 433.7008972167969 222.89663696289062 433.7008972167969 295.17356872558594 303.216796875 295.17356872558594
307.98992919921875 222.3994140625 437.68043518066406 222.3994140625 437.68043518066406 294.84754943847656 307.98992919921875 294.84754943847656
312.9695739746094 221.91683959960938 443.9674987792969 221.91683959960938 443.9674987792969 295.3220748901367 312.9695739746094 295.3220748901367
316.24627685546875 222.71133422851562 447.1192932128906 222.71133422851562 447.1192932128906 297.5089874267578 316.24627685546875 297.5089874267578
322.8200378417969 221.9114990234375 454.2463073730469 221.9114990234375 454.2463073730469 295.5457763671875 322.8200378417969 295.5457763671875
324.15478515625 222.47695922851562 453.7785339355469 222.47695922851562 453.7785339355469 295.1291961669922 324.15478515625 295.1291961669922
328.1528625488281 222.4568328857422 458.24928283691406 222.4568328857422 458.24928283691406 295.5504379272461 328.1528625488281 295.5504379272461
330.9505615234375 221.3035888671875 460.75559997558594 221.3035888671875 460.75559997558594 294.42174530029297 330.9505615234375 294.42174530029297
332.6421813964844 221.70065307617188 463.39881896972656 221.70065307617188 463.39881896972656 295.096923828125 332.6421813964844 295.096923828125
337.4487609863281 220.47329711914062 470.76853942871094 220.47329711914062 470.76853942871094 294.7789611816406 337.4487609863281 294.7789611816406
327.6705627441406 221.67343139648438 462.3574523925781 221.67343139648438 462.3574523925781 304.3944396972656 327.6705627441406 304.3944396972656
344.7856140136719 222.1090545654297 474.7074279785156 222.1090545654297 474.7074279785156 295.4204864501953 344.7856140136719 295.4204864501953
347.1949768066406 220.10305786132812 478.7589874267578 220.10305786132812 478.7589874267578 293.8984680175781 347.1949768066406 293.8984680175781
346.2894287109375 220.1672821044922 479.8012237548828 220.1672821044922 479.8012237548828 295.4227600097656 346.2894287109375 295.4227600097656
351.31195068359375 219.55105590820312 485.9053039550781 219.55105590820312 485.9053039550781 295.71509552001953 351.31195068359375 295.71509552001953
352.39373779296875 220.3236846923828 488.2012634277344 220.3236846923828 488.2012634277344 296.51866912841797 352.39373779296875 296.51866912841797
352.76702880859375 219.91714477539062 484.1066436767578 219.91714477539062 484.1066436767578 295.2835998535156 352.76702880859375 295.2835998535156
353.4606018066406 219.7305145263672 486.5500946044922 219.7305145263672 486.5500946044922 296.427001953125 353.4606018066406 296.427001953125
355.0933837890625 219.0305938720703 489.20384216308594 219.0305938720703 489.20384216308594 296.9999694824219 355.0933837890625 296.9999694824219
354.759521484375 218.55776977539062 487.81956481933594 218.55776977539062 487.81956481933594 295.5305633544922 354.759521484375 295.5305633544922
356.22357177734375 218.9853973388672 489.11534118652344 218.9853973388672 489.11534118652344 295.8891830444336 356.22357177734375 295.8891830444336
361.36004638671875 221.14404296875 497.27513122558594 221.14404296875 497.27513122558594 298.8885955810547 361.36004638671875 298.8885955810547
359.3834533691406 219.91964721679688 490.2940673828125 219.91964721679688 490.2940673828125 296.78040313720703 359.3834533691406 296.78040313720703
359.32916259765625 221.44570922851562 491.2449035644531 221.44570922851562 491.2449035644531 297.8179168701172 359.32916259765625 297.8179168701172
358.8650817871094 219.7220001220703 492.37315368652344 219.7220001220703 492.37315368652344 297.75305938720703 358.8650817871094 297.75305938720703
359.86907958984375 218.27694702148438 495.5033721923828 218.27694702148438 495.5033721923828 297.26451110839844 359.86907958984375 297.26451110839844
360.57891845703125 217.8622589111328 496.1505584716797 217.8622589111328 496.1505584716797 296.81983184814453 360.57891845703125 296.81983184814453
359.2296447753906 219.80172729492188 494.05352783203125 219.80172729492188 494.05352783203125 298.4696044921875 359.2296447753906 298.4696044921875
361.1683654785156 218.5028839111328 498.36138916015625 218.5028839111328 498.36138916015625 298.19681549072266 361.1683654785156 298.19681549072266
358.3098449707031 218.54623413085938 491.47410583496094 218.54623413085938 491.47410583496094 296.63658142089844 358.3098449707031 296.63658142089844
359.2815856933594 217.28677368164062 490.8502655029297 217.28677368164062 490.8502655029297 295.59727478027344 359.2815856933594 295.59727478027344
362.1233215332031 217.6979522705078 496.9408416748047 217.6979522705078 496.9408416748047 296.5518798828125 362.1233215332031 296.5518798828125
362.2998962402344 218.27450561523438 494.5172119140625 218.27450561523438 494.5172119140625 295.5626678466797 362.2998962402344 295.5626678466797
363.41241455078125 218.45169067382812 497.50682067871094 218.45169067382812 497.50682067871094 295.9239730834961 363.41241455078125 295.9239730834961
362.6126708984375 218.66796875 495.93231201171875 218.66796875 495.93231201171875 296.161865234375 362.6126708984375 296.161865234375
361.68890380859375 218.82986450195312 494.7713317871094 218.82986450195312 494.7713317871094 296.45570373535156 361.68890380859375 296.45570373535156
362.5816345214844 219.69384765625 497.8732147216797 219.69384765625 497.8732147216797 297.73274993896484 362.5816345214844 297.73274993896484
362.1090087890625 219.61886596679688 493.2385711669922 219.61886596679688 493.2385711669922 296.8979949951172 362.1090087890625 296.8979949951172
362.9252624511719 219.2807159423828 493.40074157714844 219.2807159423828 493.40074157714844 295.5716323852539 362.9252624511719 295.5716323852539
360.98040771484375 219.2507781982422 493.6872253417969 219.2507781982422 493.6872253417969 297.10768127441406 360.98040771484375 297.10768127441406
362.09429931640625 222.36361694335938 496.6340637207031 222.36361694335938 496.6340637207031 301.19693756103516 362.09429931640625 301.19693756103516
360.8927917480469 223.8299102783203 491.2078094482422 223.8299102783203 491.2078094482422 300.6854019165039 360.8927917480469 300.6854019165039
363.2784118652344 222.53427124023438 495.4952697753906 222.53427124023438 495.4952697753906 299.8707580566406 363.2784118652344 299.8707580566406
362.22186279296875 220.47787475585938 496.11260986328125 220.47787475585938 496.11260986328125 297.85681915283203 362.22186279296875 297.85681915283203
363.31475830078125 221.7654266357422 497.20701599121094 221.7654266357422 497.20701599121094 299.05406951904297 363.31475830078125 299.05406951904297
359.1494140625 220.64413452148438 488.5436096191406 220.64413452148438 488.5436096191406 297.5805130004883 359.1494140625 297.5805130004883
361.69769287109375 220.5347900390625 492.14959716796875 220.5347900390625 492.14959716796875 297.22789001464844 361.69769287109375 297.22789001464844
363.47650146484375 221.378662109375 498.0618591308594 221.378662109375 498.0618591308594 298.51686096191406 363.47650146484375 298.51686096191406
359.7630615234375 222.11508178710938 491.4615173339844 222.11508178710938 491.4615173339844 298.8443908691406 359.7630615234375 298.8443908691406
360.9436340332031 220.4271240234375 494.5981750488281 220.4271240234375 494.5981750488281 298.1574172973633 360.9436340332031 298.1574172973633
360.526123046875 218.42724609375 496.25096130371094 218.42724609375 496.25096130371094 297.04937744140625 360.526123046875 297.04937744140625
361.3790588378906 218.3552703857422 498.1979217529297 218.3552703857422 498.1979217529297 297.26727294921875 361.3790588378906 297.26727294921875
361.53515625 219.3843231201172 496.7413787841797 219.3843231201172 496.7413787841797 297.76123809814453 361.53515625 297.76123809814453
362.50830078125 218.9280242919922 502.39430236816406 218.9280242919922 502.39430236816406 298.93414306640625 362.50830078125 298.93414306640625
361.00732421875 218.5485076904297 499.843994140625 218.5485076904297 499.843994140625 298.33544158935547 361.00732421875 298.33544158935547
361.066162109375 219.0773468017578 497.2018585205078 219.0773468017578 497.2018585205078 297.8423843383789 361.066162109375 297.8423843383789
361.20562744140625 220.791015625 498.4578094482422 220.791015625 498.4578094482422 299.7701110839844 361.20562744140625 299.7701110839844
360.30426025390625 218.2137908935547 495.72923278808594 218.2137908935547 495.72923278808594 296.46419525146484 360.30426025390625 296.46419525146484
360.70843505859375 218.198974609375 497.92393493652344 218.198974609375 497.92393493652344 297.5562744140625 360.70843505859375 297.5562744140625
360.9451599121094 219.1787109375 499.49842834472656 219.1787109375 499.49842834472656 298.7173843383789 360.9451599121094 298.7173843383789
361.01715087890625 219.10842895507812 499.60191345214844 219.10842895507812 499.60191345214844 299.1426544189453 361.01715087890625 299.1426544189453
360.82183837890625 219.0164337158203 500.4046173095703 219.0164337158203 500.4046173095703 299.26153564453125 360.82183837890625 299.26153564453125
360.62664794921875 219.05941772460938 505.21575927734375 219.05941772460938 505.21575927734375 301.011962890625 360.62664794921875 301.011962890625
359.0613708496094 218.256591796875 498.02439880371094 218.256591796875 498.02439880371094 298.47615814208984 359.0613708496094 298.47615814208984
359.38885498046875 218.7141876220703 497.67926025390625 218.7141876220703 497.67926025390625 298.3651580810547 359.38885498046875 298.3651580810547
358.175537109375 219.66531372070312 495.68035888671875 219.66531372070312 495.68035888671875 299.38182830810547 358.175537109375 299.38182830810547
358.34283447265625 219.173828125 496.5730895996094 219.173828125 496.5730895996094 298.7958450317383 358.34283447265625 298.7958450317383
359.49945068359375 218.3966064453125 497.6500244140625 218.3966064453125 497.6500244140625 298.2961196899414 359.49945068359375 298.2961196899414
357.9691162109375 216.7477569580078 499.7381896972656 216.7477569580078 499.7381896972656 297.7453918457031 357.9691162109375 297.7453918457031
359.37200927734375 217.92910766601562 500.48741149902344 217.92910766601562 500.48741149902344 298.2796401977539 359.37200927734375 298.2796401977539
357.94451904296875 221.5143280029297 496.8534851074219 221.5143280029297 496.8534851074219 301.0211486816406 357.94451904296875 301.0211486816406
359.5113220214844 217.4705352783203 500.1201934814453 217.4705352783203 500.1201934814453 297.4752655029297 359.5113220214844 297.4752655029297
357.0919189453125 217.60629272460938 493.79393005371094 217.60629272460938 493.79393005371094 296.81654357910156 357.0919189453125 296.81654357910156
357.89935302734375 219.2576141357422 492.64369201660156 219.2576141357422 492.64369201660156 297.5329055786133 357.89935302734375 297.5329055786133
358.0184020996094 218.937255859375 492.14874267578125 218.937255859375 492.14874267578125 296.53426361083984 358.0184020996094 296.53426361083984
357.5196838378906 221.347900390625 489.070556640625 221.347900390625 489.070556640625 297.6539001464844 357.5196838378906 297.6539001464844
356.77081298828125 221.2265167236328 489.01959228515625 221.2265167236328 489.01959228515625 298.1407775878906 356.77081298828125 298.1407775878906
357.8019104003906 219.75112915039062 491.89683532714844 219.75112915039062 491.89683532714844 296.91300201416016 357.8019104003906 296.91300201416016
357.83648681640625 219.24502563476562 489.45460510253906 219.24502563476562 489.45460510253906 295.2414855957031 357.83648681640625 295.2414855957031
357.9347229003906 223.2127685546875 488.7826385498047 223.2127685546875 488.7826385498047 299.1955795288086 357.9347229003906 299.1955795288086
355.3697814941406 220.5101318359375 485.734619140625 220.5101318359375 485.734619140625 296.03843688964844 355.3697814941406 296.03843688964844
355.815673828125 220.58059692382812 487.2601776123047 220.58059692382812 487.2601776123047 296.45985412597656 355.815673828125 296.45985412597656
353.5461730957031 220.05221557617188 483.3165283203125 220.05221557617188 483.3165283203125 295.42320251464844 353.5461730957031 295.42320251464844
353.4388427734375 219.08096313476562 482.4983825683594 219.08096313476562 482.4983825683594 293.8275604248047 353.4388427734375 293.8275604248047
352.9300537109375 218.88442993164062 483.43194580078125 218.88442993164062 483.43194580078125 295.3412780761719 352.9300537109375 295.3412780761719
349.9024658203125 220.6107635498047 477.75328063964844 220.6107635498047 477.75328063964844 296.49767303466797 349.9024658203125 296.49767303466797
348.019287109375 218.3130340576172 475.91390228271484 218.3130340576172 475.91390228271484 294.68485260009766 348.019287109375 294.68485260009766
346.3570861816406 219.8416290283203 473.7120666503906 219.8416290283203 473.7120666503906 295.43202209472656 346.3570861816406 295.43202209472656
344.0696105957031 219.4923858642578 471.5006561279297 219.4923858642578 471.5006561279297 296.43968200683594 344.0696105957031 296.43968200683594
343.8087463378906 217.7104949951172 474.22296142578125 217.7104949951172 474.22296142578125 295.55877685546875 343.8087463378906 295.55877685546875
339.51934814453125 217.6347198486328 468.4105529785156 217.6347198486328 468.4105529785156 293.4857482910156 339.51934814453125 293.4857482910156
340.8443298339844 217.0521240234375 469.8555450439453 217.0521240234375 469.8555450439453 294.2404098510742 340.8443298339844 294.2404098510742
335.854736328125 217.5048065185547 464.9741973876953 217.5048065185547 464.9741973876953 294.52406311035156 335.854736328125 294.52406311035156
334.15594482421875 217.9204864501953 460.33445739746094 217.9204864501953 460.33445739746094 293.8517608642578 334.15594482421875 293.8517608642578
332.526123046875 217.74917602539062 458.0565414428711 217.74917602539062 458.0565414428711 293.36621856689453 332.526123046875 293.36621856689453
329.5735168457031 217.839111328125 453.8072052001953 217.839111328125 453.8072052001953 293.8005599975586 329.5735168457031 293.8005599975586
327.95367431640625 217.16885375976562 452.96456146240234 217.16885375976562 452.96456146240234 293.6293411254883 327.95367431640625 293.6293411254883
326.6062927246094 218.53811645507812 449.5345916748047 218.53811645507812 449.5345916748047 293.0062713623047 326.6062927246094 293.0062713623047
324.3291015625 217.1992950439453 446.85530853271484 217.1992950439453 446.85530853271484 292.9170913696289 324.3291015625 292.9170913696289
323.6260070800781 216.85464477539062 446.78944396972656 216.85464477539062 446.78944396972656 291.65393829345703 323.6260070800781 291.65393829345703
319.86865234375 216.99557495117188 441.35101318359375 216.99557495117188 441.35101318359375 292.3750305175781 319.86865234375 292.3750305175781
314.87591552734375 218.22354125976562 434.86122131347656 218.22354125976562 434.86122131347656 294.4127655029297 314.87591552734375 294.4127655029297
316.2475891113281 217.3205108642578 436.6561737060547 217.3205108642578 436.6561737060547 292.58238983154297 316.2475891113281 292.58238983154297
312.37054443359375 218.18319702148438 432.69522857666016 218.18319702148438 432.69522857666016 294.1724395751953 312.37054443359375 294.1724395751953
310.38720703125 217.53860473632812 431.20731353759766 217.53860473632812 431.20731353759766 293.9510803222656 310.38720703125 293.9510803222656
309.30657958984375 216.9373321533203 431.21844482421875 216.9373321533203 431.21844482421875 292.87217712402344 309.30657958984375 292.87217712402344
310.60980224609375 217.2402801513672 431.0768814086914 217.2402801513672 431.0768814086914 292.3617858886719 310.60980224609375 292.3617858886719
311.8623962402344 217.91378784179688 431.0991516113281 217.91378784179688 431.0991516113281 293.9790954589844 311.8623962402344 293.9790954589844
310.6029052734375 217.401611328125 431.0647735595703 217.401611328125 431.0647735595703 291.88814544677734 310.6029052734375 291.88814544677734
306.69158935546875 217.97384643554688 426.37646484375 217.97384643554688 426.37646484375 292.28929901123047 306.69158935546875 292.28929901123047
308.83154296875 218.1260223388672 428.5225372314453 218.1260223388672 428.5225372314453 293.0304718017578 308.83154296875 293.0304718017578
307.21612548828125 216.006103515625 431.34432220458984 216.006103515625 431.34432220458984 291.8144073486328 307.21612548828125 291.8144073486328
305.5330810546875 217.1389923095703 428.11009216308594 217.1389923095703 428.11009216308594 294.0189666748047 305.5330810546875 294.0189666748047
304.1411437988281 215.65353393554688 428.6926803588867 215.65353393554688 428.6926803588867 291.4762191772461 304.1411437988281 291.4762191772461
306.08026123046875 217.0070343017578 430.58837890625 217.0070343017578 430.58837890625 295.2217102050781 306.08026123046875 295.2217102050781
307.2828674316406 215.50656127929688 433.12281799316406 215.50656127929688 433.12281799316406 293.4170608520508 307.2828674316406 293.4170608520508
307.3386535644531 216.9101104736328 431.9240264892578 216.9101104736328 431.9240264892578 295.28235626220703 307.3386535644531 295.28235626220703
308.1116638183594 216.0328369140625 433.15809631347656 216.0328369140625 433.15809631347656 293.00592041015625 308.1116638183594 293.00592041015625
310.65081787109375 216.72607421875 436.226318359375 216.72607421875 436.226318359375 293.9496307373047 310.65081787109375 293.9496307373047
307.6978454589844 216.24636840820312 432.32334899902344 216.24636840820312 432.32334899902344 292.66943359375 307.6978454589844 292.66943359375
307.8520812988281 217.1486053466797 432.6511688232422 217.1486053466797 432.6511688232422 294.4478759765625 307.8520812988281 294.4478759765625
308.446044921875 217.10159301757812 431.34004974365234 217.10159301757812 431.34004974365234 293.2964324951172 308.446044921875 293.2964324951172
308.1842956542969 218.1505889892578 430.3574981689453 218.1505889892578 430.3574981689453 293.37581634521484 308.1842956542969 293.37581634521484
311.2281494140625 217.4024658203125 433.4468536376953 217.4024658203125 433.4468536376953 293.0655059814453 311.2281494140625 293.0655059814453
308.38568115234375 216.3693389892578 431.8054656982422 216.3693389892578 431.8054656982422 291.3736267089844 308.38568115234375 291.3736267089844
309.17962646484375 217.22933959960938 432.07432556152344 217.22933959960938 432.07432556152344 292.9957809448242 309.17962646484375 292.9957809448242
307.16693115234375 216.81582641601562 429.24232482910156 216.81582641601562 429.24232482910156 293.88399505615234 307.16693115234375 293.88399505615234
310.5511779785156 216.98629760742188 431.9095764160156 216.98629760742188 431.9095764160156 292.29283142089844 310.5511779785156 292.29283142089844
308.66986083984375 218.12033081054688 428.24169921875 218.12033081054688 428.24169921875 293.8573532104492 308.66986083984375 293.8573532104492
309.89642333984375 217.6685028076172 430.4119644165039 217.6685028076172 430.4119644165039 293.1986389160156 309.89642333984375 293.1986389160156
309.84796142578125 219.17092895507812 430.9114990234375 219.17092895507812 430.9114990234375 295.35975646972656 309.84796142578125 295.35975646972656
306.26043701171875 214.4311981201172 429.7042007446289 214.4311981201172 429.7042007446289 289.6264419555664 306.26043701171875 289.6264419555664
309.5083923339844 217.30105590820312 430.25843048095703 217.30105590820312 430.25843048095703 292.2511444091797 309.5083923339844 292.2511444091797
306.158203125 217.32662963867188 427.3854217529297 217.32662963867188 427.3854217529297 291.6783981323242 306.158203125 291.6783981323242
313.05755615234375 215.8105010986328 433.5416488647461 215.8105010986328 433.5416488647461 290.4273147583008 313.05755615234375 290.4273147583008
308.46978759765625 216.3002166748047 428.9500732421875 216.3002166748047 428.9500732421875 290.6040725708008 308.46978759765625 290.6040725708008
309.7707214355469 216.08334350585938 430.18065643310547 216.08334350585938 430.18065643310547 289.5652770996094 309.7707214355469 289.5652770996094
310.9805603027344 217.2892608642578 429.38074493408203 217.2892608642578 429.38074493408203 289.3043441772461 310.9805603027344 289.3043441772461
307.96942138671875 216.60482788085938 427.83985900878906 216.60482788085938 427.83985900878906 289.2283477783203 307.96942138671875 289.2283477783203
314.20892333984375 216.80429077148438 432.37174224853516 216.80429077148438 432.37174224853516 289.1762466430664 314.20892333984375 289.1762466430664
307.3316345214844 216.64883422851562 425.3429718017578 216.64883422851562 425.3429718017578 288.9639129638672 307.3316345214844 288.9639129638672
310.10943603515625 217.81918334960938 427.4537582397461 217.81918334960938 427.4537582397461 288.7470245361328 310.10943603515625 288.7470245361328
309.9159851074219 216.9818115234375 426.7778015136719 216.9818115234375 426.7778015136719 288.1999740600586 309.9159851074219 288.1999740600586
310.0995178222656 216.09262084960938 428.13256072998047 216.09262084960938 428.13256072998047 287.2301483154297 310.0995178222656 287.2301483154297
309.50323486328125 216.7194061279297 427.10084533691406 216.7194061279297 427.10084533691406 287.0896453857422 309.50323486328125 287.0896453857422
309.0406188964844 218.41268920898438 425.6642150878906 218.41268920898438 425.6642150878906 289.8853454589844 309.0406188964844 289.8853454589844
310.46002197265625 218.00155639648438 428.3801040649414 218.00155639648438 428.3801040649414 291.11180114746094 310.46002197265625 291.11180114746094
309.4922180175781 218.1217041015625 428.78844451904297 218.1217041015625 428.78844451904297 289.99830627441406 309.4922180175781 289.99830627441406
310.7525939941406 215.2483367919922 430.62071228027344 215.2483367919922 430.62071228027344 288.8561706542969 310.7525939941406 288.8561706542969
308.0274353027344 217.3484649658203 427.68590545654297 217.3484649658203 427.68590545654297 289.4450149536133 308.0274353027344 289.4450149536133
310.5037536621094 217.11715698242188 427.9458923339844 217.11715698242188 427.9458923339844 289.15000915527344 310.5037536621094 289.15000915527344
311.20928955078125 218.97152709960938 427.9831314086914 218.97152709960938 427.9831314086914 291.2600784301758 311.20928955078125 291.2600784301758
312.9280700683594 217.6541290283203 431.8394012451172 217.6541290283203 431.8394012451172 291.58839416503906 312.9280700683594 291.58839416503906
310.74761962890625 218.27432250976562 429.4809799194336 218.27432250976562 429.4809799194336 292.7890396118164 310.74761962890625 292.7890396118164
309.50506591796875 217.68994140625 428.43251037597656 217.68994140625 428.43251037597656 292.13722229003906 309.50506591796875 292.13722229003906
310.92425537109375 217.89083862304688 429.0680694580078 217.89083862304688 429.0680694580078 291.6895751953125 310.92425537109375 291.6895751953125
309.96710205078125 216.7276153564453 429.12501525878906 216.7276153564453 429.12501525878906 289.9766082763672 309.96710205078125 289.9766082763672
310.0652770996094 217.69058227539062 430.0210494995117 217.69058227539062 430.0210494995117 291.30653381347656 310.0652770996094 291.30653381347656
310.2861022949219 216.7646484375 430.27136993408203 216.7646484375 430.27136993408203 289.4855728149414 310.2861022949219 289.4855728149414
309.23101806640625 217.3615264892578 429.37215423583984 217.3615264892578 429.37215423583984 292.07225799560547 309.23101806640625 292.07225799560547
307.369873046875 217.2897186279297 426.52955627441406 217.2897186279297 426.52955627441406 290.77032470703125 307.369873046875 290.77032470703125
310.96441650390625 215.5924072265625 430.94989013671875 215.5924072265625 430.94989013671875 290.82411193847656 310.96441650390625 290.82411193847656
310.8626403808594 215.279052734375 433.49439239501953 215.279052734375 433.49439239501953 289.9505920410156 310.8626403808594 289.9505920410156
310.2805480957031 216.2824249267578 431.8975067138672 216.2824249267578 431.8975067138672 291.07190704345703 310.2805480957031 291.07190704345703
308.8459167480469 216.31362915039062 429.36582946777344 216.31362915039062 429.36582946777344 290.39219665527344 308.8459167480469 290.39219665527344
310.82025146484375 216.45120239257812 430.9146499633789 216.45120239257812 430.9146499633789 290.9924774169922 310.82025146484375 290.9924774169922
310.70550537109375 216.2296600341797 430.94559478759766 216.2296600341797 430.94559478759766 290.2931213378906 310.70550537109375 290.2931213378906
312.0836486816406 216.04830932617188 432.3061218261719 216.04830932617188 432.3061218261719 289.5918426513672 312.0836486816406 289.5918426513672
312.70928955078125 216.543212890625 430.90084075927734 216.543212890625 430.90084075927734 288.82176208496094 312.70928955078125 288.82176208496094
311.50128173828125 215.7809600830078 431.9012908935547 215.7809600830078 431.9012908935547 288.7044372558594 311.50128173828125 288.7044372558594
311.87811279296875 217.133056640625 432.7574920654297 217.133056640625 432.7574920654297 290.8072738647461 311.87811279296875 290.8072738647461
312.5268249511719 214.64968872070312 433.35560607910156 214.64968872070312 433.35560607910156 289.4209747314453 312.5268249511719 289.4209747314453
314.64642333984375 216.9369354248047 434.74407958984375 216.9369354248047 434.74407958984375 290.8838577270508 314.64642333984375 290.8838577270508
313.0806579589844 215.2523651123047 434.68678283691406 215.2523651123047 434.68678283691406 288.79693603515625 313.0806579589844 288.79693603515625
315.14801025390625 214.5327911376953 434.8761444091797 214.5327911376953 434.8761444091797 287.4120178222656 315.14801025390625 287.4120178222656
316.824951171875 214.3533172607422 437.07772064208984 214.3533172607422 437.07772064208984 287.25311279296875 316.824951171875 287.25311279296875
316.16021728515625 215.7252655029297 435.32948303222656 215.7252655029297 435.32948303222656 286.68863677978516 316.16021728515625 286.68863677978516
317.10430908203125 215.74600219726562 436.89622497558594 215.74600219726562 436.89622497558594 287.10096740722656 317.10430908203125 287.10096740722656
319.24407958984375 214.96408081054688 438.49344635009766 214.96408081054688 438.49344635009766 286.98292541503906 319.24407958984375 286.98292541503906
320.5391845703125 214.9695281982422 438.86905670166016 214.9695281982422 438.86905670166016 286.2475891113281 320.5391845703125 286.2475891113281
317.2746276855469 215.02438354492188 435.98780822753906 215.02438354492188 435.98780822753906 286.93455505371094 317.2746276855469 286.93455505371094
319.7953186035156 214.89456176757812 438.43186950683594 214.89456176757812 438.43186950683594 286.2312545776367 319.7953186035156 286.2312545776367
319.73309326171875 213.4359893798828 440.45556640625 213.4359893798828 440.45556640625 286.3868103027344 319.73309326171875 286.3868103027344
318.24078369140625 213.38662719726562 438.48382568359375 213.38662719726562 438.48382568359375 286.20577239990234 318.24078369140625 286.20577239990234
318.135498046875 214.34933471679688 437.5431365966797 214.34933471679688 437.5431365966797 287.55552673339844 318.135498046875 287.55552673339844
320.5411682128906 212.09646606445312 439.7883605957031 212.09646606445312 439.7883605957031 284.68150329589844 320.5411682128906 284.68150329589844
323.3238220214844 213.2237091064453 441.1462936401367 213.2237091064453 441.1462936401367 284.2173767089844 323.3238220214844 284.2173767089844
323.8482666015625 213.09375 442.99727630615234 213.09375 442.99727630615234 285.3594207763672 323.8482666015625 285.3594207763672
324.2773132324219 213.97378540039062 443.90492248535156 213.97378540039062 443.90492248535156 286.6533660888672 324.2773132324219 286.6533660888672
325.22021484375 212.3324432373047 445.0162582397461 212.3324432373047 445.0162582397461 284.61763763427734 325.22021484375 284.61763763427734
328.542236328125 211.8552703857422 449.2308578491211 211.8552703857422 449.2308578491211 285.642822265625 328.542236328125 285.642822265625
328.37640380859375 213.1504364013672 447.03126525878906 213.1504364013672 447.03126525878906 285.9952697753906 328.37640380859375 285.9952697753906
325.4565124511719 210.0624542236328 445.52136993408203 210.0624542236328 445.52136993408203 283.7781066894531 325.4565124511719 283.7781066894531
328.1600036621094 211.596435546875 446.0739059448242 211.596435546875 446.0739059448242 285.12754821777344 328.1600036621094 285.12754821777344
330.46551513671875 211.0508575439453 447.80196380615234 211.0508575439453 447.80196380615234 283.8560791015625 330.46551513671875 283.8560791015625
331.0611267089844 212.488037109375 447.7672576904297 212.488037109375 447.7672576904297 285.3971862792969 331.0611267089844 285.3971862792969
334.07684326171875 209.891845703125 455.39776611328125 209.891845703125 455.39776611328125 284.1309051513672 334.07684326171875 284.1309051513672
334.30615234375 209.99453735351562 452.90677642822266 209.99453735351562 452.90677642822266 284.0720520019531 334.30615234375 284.0720520019531
335.5478210449219 209.8054656982422 452.5211944580078 209.8054656982422 452.5211944580078 283.57547760009766 335.5478210449219 283.57547760009766
336.6109924316406 208.8060760498047 451.6688766479492 208.8060760498047 451.6688766479492 281.6296615600586 336.6109924316406 281.6296615600586
338.57855224609375 209.35006713867188 453.79644775390625 209.35006713867188 453.79644775390625 281.5022735595703 338.57855224609375 281.5022735595703
339.1007385253906 208.48080444335938 455.8357467651367 208.48080444335938 455.8357467651367 282.14893341064453 339.1007385253906 282.14893341064453
338.62591552734375 208.93502807617188 454.36578369140625 208.93502807617188 454.36578369140625 282.24588775634766 338.62591552734375 282.24588775634766
341.60101318359375 207.345947265625 457.0105438232422 207.345947265625 457.0105438232422 280.6697769165039 341.60101318359375 280.6697769165039
337.85601806640625 210.0207977294922 450.4224090576172 210.0207977294922 450.4224090576172 284.6164016723633 337.85601806640625 284.6164016723633
341.1521911621094 208.23892211914062 454.69956970214844 208.23892211914062 454.69956970214844 282.1051712036133 341.1521911621094 282.1051712036133
342.24444580078125 207.2877960205078 455.99330139160156 207.2877960205078 455.99330139160156 282.5793991088867 342.24444580078125 282.5793991088867
346.3663024902344 205.2481231689453 458.6249237060547 205.2481231689453 458.6249237060547 278.2340393066406 346.3663024902344 278.2340393066406
347.8746032714844 205.67819213867188 463.7444610595703 205.67819213867188 463.7444610595703 279.5193328857422 347.8746032714844 279.5193328857422
347.11639404296875 207.2707977294922 460.13375091552734 207.2707977294922 460.13375091552734 280.23040771484375 347.11639404296875 280.23040771484375
348.0857238769531 206.5996551513672 462.3361511230469 206.5996551513672 462.3361511230469 279.9216766357422 348.0857238769531 279.9216766357422
348.34783935546875 206.6365966796875 462.30332946777344 206.6365966796875 462.30332946777344 280.94654846191406 348.34783935546875 280.94654846191406
345.71868896484375 205.350830078125 457.58895111083984 205.350830078125 457.58895111083984 280.5327453613281 345.71868896484375 280.5327453613281
346.41070556640625 208.33432006835938 458.30857849121094 208.33432006835938 458.30857849121094 283.97535705566406 346.41070556640625 283.97535705566406
347.8017272949219 206.21542358398438 458.0967330932617 206.21542358398438 458.0967330932617 280.6537780761719 347.8017272949219 280.6537780761719
347.789306640625 209.9385528564453 458.3998260498047 209.9385528564453 458.3998260498047 284.0288619995117 347.789306640625 284.0288619995117
349.4581604003906 204.1536102294922 464.1177673339844 204.1536102294922 464.1177673339844 280.0621109008789 349.4581604003906 280.0621109008789
348.1522216796875 207.67138671875 460.9739761352539 207.67138671875 460.9739761352539 283.61331939697266 348.1522216796875 283.61331939697266
346.07049560546875 205.2093505859375 459.5691909790039 205.2093505859375 459.5691909790039 282.46085357666016 346.07049560546875 282.46085357666016
345.5657653808594 208.2184600830078 461.73925018310547 208.2184600830078 461.73925018310547 285.5184326171875 345.5657653808594 285.5184326171875
343.6009216308594 207.9219512939453 457.6477737426758 207.9219512939453 457.6477737426758 284.7852478027344 343.6009216308594 284.7852478027344
348.99005126953125 208.19723510742188 466.167236328125 208.19723510742188 466.167236328125 284.1149444580078 348.99005126953125 284.1149444580078
348.071533203125 203.86807250976562 462.3660430908203 203.86807250976562 462.3660430908203 280.39173889160156 348.071533203125 280.39173889160156
347.4479064941406 205.5181427001953 463.05918884277344 205.5181427001953 463.05918884277344 282.15594482421875 347.4479064941406 282.15594482421875
346.63580322265625 209.8859100341797 462.74269104003906 209.8859100341797 462.74269104003906 287.1895523071289 346.63580322265625 287.1895523071289
346.9745788574219 206.49087524414062 464.6964874267578 206.49087524414062 464.6964874267578 283.3488311767578 346.9745788574219 283.3488311767578
348.6565856933594 205.6956787109375 465.7570037841797 205.6956787109375 465.7570037841797 282.8184051513672 348.6565856933594 282.8184051513672
347.4206848144531 209.387451171875 462.01844024658203 209.387451171875 462.01844024658203 286.1134033203125 347.4206848144531 286.1134033203125
349.8710021972656 209.8890838623047 466.09153747558594 209.8890838623047 466.09153747558594 286.88282775878906 349.8710021972656 286.88282775878906
347.7514953613281 203.15707397460938 463.21692657470703 203.15707397460938 463.21692657470703 279.90430450439453 347.7514953613281 279.90430450439453
348.03375244140625 204.51089477539062 461.1502685546875 204.51089477539062 461.1502685546875 281.0890655517578 348.03375244140625 281.0890655517578
350.27313232421875 206.18893432617188 467.35992431640625 206.18893432617188 467.35992431640625 283.0867919921875 350.27313232421875 283.0867919921875
351.455078125 209.2142791748047 469.7185821533203 209.2142791748047 469.7185821533203 287.4771194458008 351.455078125 287.4771194458008
350.04437255859375 205.5690155029297 466.03070068359375 205.5690155029297 466.03070068359375 283.11170196533203 350.04437255859375 283.11170196533203
349.4611511230469 204.7305450439453 463.82057189941406 204.7305450439453 463.82057189941406 282.87603759765625 349.4611511230469 282.87603759765625
351.1297607421875 201.78170776367188 467.0105209350586 201.78170776367188 467.0105209350586 279.98839569091797 351.1297607421875 279.98839569091797
351.12225341796875 204.05978393554688 467.26881408691406 204.05978393554688 467.26881408691406 282.72928619384766 351.12225341796875 282.72928619384766
350.89825439453125 203.53445434570312 465.94053649902344 203.53445434570312 465.94053649902344 281.6571273803711 350.89825439453125 281.6571273803711
350.83209228515625 201.71102905273438 466.5396270751953 201.71102905273438 466.5396270751953 279.9197769165039 350.83209228515625 279.9197769165039
351.4681091308594 205.9707489013672 463.72655487060547 205.9707489013672 463.72655487060547 282.6465301513672 351.4681091308594 282.6465301513672
353.32232666015625 206.64474487304688 467.09832763671875 206.64474487304688 467.09832763671875 283.48895263671875 353.32232666015625 283.48895263671875
351.9405212402344 200.49374389648438 466.9265441894531 200.49374389648438 466.9265441894531 278.36096954345703 351.9405212402344 278.36096954345703
352.1282958984375 203.8153076171875 468.2972412109375 203.8153076171875 468.2972412109375 282.15318298339844 352.1282958984375 282.15318298339844
353.638671875 206.84420776367188 469.80157470703125 206.84420776367188 469.80157470703125 284.3971862792969 353.638671875 284.3971862792969
352.4996337890625 206.35671997070312 466.9392547607422 206.35671997070312 466.9392547607422 282.7640686035156 352.4996337890625 282.7640686035156
352.2146911621094 205.53799438476562 467.20433807373047 205.53799438476562 467.20433807373047 281.7147750854492 352.2146911621094 281.7147750854492
351.37225341796875 203.22689819335938 464.9963607788086 203.22689819335938 464.9963607788086 278.9084701538086 351.37225341796875 278.9084701538086
350.8094787597656 204.27468872070312 463.15283966064453 204.27468872070312 463.15283966064453 279.36669158935547 350.8094787597656 279.36669158935547
350.0975036621094 200.38821411132812 463.5719909667969 200.38821411132812 463.5719909667969 276.57730865478516 350.0975036621094 276.57730865478516
350.84698486328125 202.2196807861328 466.04246520996094 202.2196807861328 466.04246520996094 277.8668975830078 350.84698486328125 277.8668975830078
341.71746826171875 205.5953826904297 463.90374755859375 205.5953826904297 463.90374755859375 280.638916015625 341.71746826171875 280.638916015625
348.358154296875 205.3434600830078 456.62205505371094 205.3434600830078 456.62205505371094 277.35607147216797 348.358154296875 277.35607147216797
347.06170654296875 205.38357543945312 453.9006576538086 205.38357543945312 453.9006576538086 277.8714828491211 347.06170654296875 277.8714828491211
346.5389404296875 202.01907348632812 453.9014129638672 202.01907348632812 453.9014129638672 274.98523712158203 346.5389404296875 274.98523712158203
346.1296081542969 207.1658935546875 452.19446563720703 207.1658935546875 452.19446563720703 277.7910842895508 346.1296081542969 277.7910842895508
346.01910400390625 200.3822479248047 454.84165954589844 200.3822479248047 454.84165954589844 272.19397735595703 346.01910400390625 272.19397735595703
345.983154296875 202.65957641601562 452.951416015625 202.65957641601562 452.951416015625 274.44020080566406 345.983154296875 274.44020080566406
344.3175048828125 202.30099487304688 448.2528839111328 202.30099487304688 448.2528839111328 272.6519317626953 344.3175048828125 272.6519317626953
346.1353759765625 203.86741638183594 449.02396392822266 203.86741638183594 449.02396392822266 273.5283966064453 346.1353759765625 273.5283966064453
346.2752380371094 204.43861389160156 449.6216506958008 204.43861389160156 449.6216506958008 273.3307876586914 346.2752380371094 273.3307876586914
344.80694580078125 202.9181671142578 448.61932373046875 202.9181671142578 448.61932373046875 272.8339614868164 344.80694580078125 272.8339614868164
345.30328369140625 204.897705078125 451.4923553466797 204.897705078125 451.4923553466797 275.06945037841797 345.30328369140625 275.06945037841797
344.855224609375 204.33277893066406 449.61912536621094 204.33277893066406 449.61912536621094 273.88275146484375 344.855224609375 273.88275146484375
347.18408203125 202.45169067382812 452.11192321777344 202.45169067382812 452.11192321777344 272.544189453125 347.18408203125 272.544189453125
346.80889892578125 202.39808654785156 453.3053970336914 202.39808654785156 453.3053970336914 272.7253189086914 346.80889892578125 272.7253189086914
346.18212890625 201.52146911621094 452.3146209716797 201.52146911621094 452.3146209716797 272.34193420410156 346.18212890625 272.34193420410156
342.59808349609375 205.4587860107422 444.82962799072266 205.4587860107422 444.82962799072266 273.38819122314453 342.59808349609375 273.38819122314453
340.54083251953125 203.91281127929688 442.8997573852539 203.91281127929688 442.8997573852539 272.41868591308594 340.54083251953125 272.41868591308594
341.85321044921875 203.76377868652344 443.6029357910156 203.76377868652344 443.6029357910156 271.44671630859375 341.85321044921875 271.44671630859375
343.544921875 202.61044311523438 447.98624420166016 202.61044311523438 447.98624420166016 270.34019470214844 343.544921875 270.34019470214844
346.69439697265625 199.67672729492188 451.83665466308594 199.67672729492188 451.83665466308594 269.03538513183594 346.69439697265625 269.03538513183594
340.048828125 200.2169952392578 443.2742156982422 200.2169952392578 443.2742156982422 269.0832214355469 340.048828125 269.0832214355469
339.82708740234375 200.66392517089844 443.74342346191406 200.66392517089844 443.74342346191406 269.7279281616211 339.82708740234375 269.7279281616211
341.37066650390625 199.466064453125 444.82716369628906 199.466064453125 444.82716369628906 267.8998031616211 341.37066650390625 267.8998031616211
341.31549072265625 199.65579223632812 443.95967864990234 199.65579223632812 443.95967864990234 267.3131103515625 341.31549072265625 267.3131103515625
341.983642578125 201.50790405273438 445.4910125732422 201.50790405273438 445.4910125732422 268.1982192993164 341.983642578125 268.1982192993164
338.5277404785156 202.26004028320312 437.7875213623047 202.26004028320312 437.7875213623047 268.0228729248047 338.5277404785156 268.0228729248047
342.95745849609375 201.0922393798828 444.3212890625 201.0922393798828 444.3212890625 267.4298858642578 342.95745849609375 267.4298858642578
339.76348876953125 199.88784790039062 437.2003707885742 199.88784790039062 437.2003707885742 264.8626480102539 339.76348876953125 264.8626480102539
344.42926025390625 200.0143280029297 445.33846282958984 200.0143280029297 445.33846282958984 265.57334899902344 344.42926025390625 265.57334899902344
340.9869384765625 199.10092163085938 439.20245361328125 199.10092163085938 439.20245361328125 264.4868621826172 340.9869384765625 264.4868621826172
341.8773498535156 199.74139404296875 441.5250701904297 199.74139404296875 441.5250701904297 265.1545639038086 341.8773498535156 265.1545639038086
344.5157775878906 198.019287109375 443.9300079345703 198.019287109375 443.9300079345703 263.89806365966797 344.5157775878906 263.89806365966797
343.67352294921875 195.07522583007812 442.7779083251953 195.07522583007812 442.7779083251953 261.54569244384766 343.67352294921875 261.54569244384766
341.44390869140625 197.56686401367188 437.5014114379883 197.56686401367188 437.5014114379883 262.37091064453125 341.44390869140625 262.37091064453125
343.3830871582031 199.7262420654297 440.7666702270508 199.7262420654297 440.7666702270508 264.32806396484375 343.3830871582031 264.32806396484375
340.79241943359375 199.93630981445312 439.3110809326172 199.93630981445312 439.3110809326172 264.8591995239258 340.79241943359375 264.8591995239258
343.71954345703125 197.3230743408203 444.98951721191406 197.3230743408203 444.98951721191406 263.7182846069336 343.71954345703125 263.7182846069336
339.5711669921875 195.52220153808594 438.5094985961914 195.52220153808594 438.5094985961914 261.2142639160156 339.5711669921875 261.2142639160156
336.69281005859375 197.92169189453125 438.1636962890625 197.92169189453125 438.1636962890625 264.0662078857422 336.69281005859375 264.0662078857422
339.48919677734375 196.93585205078125 441.0315246582031 196.93585205078125 441.0315246582031 263.8087615966797 339.48919677734375 263.8087615966797
340.1823425292969 194.4166259765625 442.9437789916992 194.4166259765625 442.9437789916992 262.48690032958984 340.1823425292969 262.48690032958984
337.2993469238281 194.5201416015625 438.8752899169922 194.5201416015625 438.8752899169922 261.3266906738281 337.2993469238281 261.3266906738281
339.7723693847656 193.45718383789062 442.37379455566406 193.45718383789062 442.37379455566406 261.19596099853516 339.7723693847656 261.19596099853516
334.7364196777344 194.71160888671875 434.6657257080078 194.71160888671875 434.6657257080078 261.16648864746094 334.7364196777344 261.16648864746094
335.18359375 195.62741088867188 438.7784194946289 195.62741088867188 438.7784194946289 263.66856384277344 335.18359375 263.66856384277344
333.5716552734375 195.09690856933594 436.2292938232422 195.09690856933594 436.2292938232422 262.95975494384766 333.5716552734375 262.95975494384766
334.48114013671875 193.38394165039062 437.9188690185547 193.38394165039062 437.9188690185547 261.5302276611328 334.48114013671875 261.5302276611328
334.2285461425781 194.53939819335938 436.3989944458008 194.53939819335938 436.3989944458008 261.41614532470703 334.2285461425781 261.41614532470703
336.114990234375 192.10134887695312 436.5156936645508 192.10134887695312 436.5156936645508 258.8924331665039 336.114990234375 258.8924331665039
336.32318115234375 191.89910888671875 435.4534454345703 191.89910888671875 435.4534454345703 258.6688995361328 336.32318115234375 258.6688995361328
335.14788818359375 192.09043884277344 434.3035659790039 192.09043884277344 434.3035659790039 258.2662048339844 335.14788818359375 258.2662048339844
336.2322082519531 192.71652221679688 438.58416748046875 192.71652221679688 438.58416748046875 260.13206481933594 336.2322082519531 260.13206481933594
335.4408264160156 187.5909881591797 438.04344177246094 187.5909881591797 438.04344177246094 257.1207504272461 335.4408264160156 257.1207504272461
338.133056640625 188.08270263671875 442.92606353759766 188.08270263671875 442.92606353759766 257.9748077392578 338.133056640625 257.9748077392578
329.8999938964844 188.0589141845703 433.2869186401367 188.0589141845703 433.2869186401367 257.52178955078125 329.8999938964844 257.52178955078125
332.0697937011719 189.3555145263672 437.9217987060547 189.3555145263672 437.9217987060547 259.5784225463867 332.0697937011719 259.5784225463867
331.2333984375 186.592529296875 434.9587173461914 186.592529296875 434.9587173461914 255.59537506103516 331.2333984375 255.59537506103516
333.4510803222656 183.67376708984375 438.1090850830078 183.67376708984375 438.1090850830078 254.15108489990234 333.4510803222656 254.15108489990234
329.0708923339844 185.9556427001953 433.4715270996094 185.9556427001953 433.4715270996094 256.382080078125 329.0708923339844 256.382080078125
329.9191589355469 185.7715606689453 434.52796936035156 185.7715606689453 434.52796936035156 256.45716857910156 329.9191589355469 256.45716857910156
328.73773193359375 186.7412567138672 434.4394302368164 186.7412567138672 434.4394302368164 257.3211669921875 328.73773193359375 257.3211669921875
329.0556640625 187.8944549560547 434.9340362548828 187.8944549560547 434.9340362548828 257.8187484741211 329.0556640625 257.8187484741211
330.791748046875 185.42459106445312 437.16741943359375 185.42459106445312 437.16741943359375 254.9681854248047 330.791748046875 254.9681854248047
329.400634765625 184.02462768554688 433.3133316040039 184.02462768554688 433.3133316040039 254.53085327148438 329.400634765625 254.53085327148438
328.5335388183594 184.80812072753906 431.15233612060547 184.80812072753906 431.15233612060547 253.73207092285156 328.5335388183594 253.73207092285156
331.10577392578125 184.02439880371094 435.4951629638672 184.02439880371094 435.4951629638672 252.87094116210938 331.10577392578125 252.87094116210938
330.6571350097656 184.61317443847656 435.06566619873047 184.61317443847656 435.06566619873047 253.41522216796875 330.6571350097656 253.41522216796875
329.5060119628906 183.87301635742188 434.4763641357422 183.87301635742188 434.4763641357422 252.25811767578125 329.5060119628906 252.25811767578125
329.4561767578125 183.94973754882812 432.4853057861328 183.94973754882812 432.4853057861328 252.12680053710938 329.4561767578125 252.12680053710938
327.691650390625 181.57469177246094 429.1426696777344 181.57469177246094 429.1426696777344 249.70504760742188 327.691650390625 249.70504760742188
330.12188720703125 181.6029815673828 433.69224548339844 181.6029815673828 433.69224548339844 248.98558807373047 330.12188720703125 248.98558807373047
328.39385986328125 184.68016052246094 431.72818756103516 184.68016052246094 431.72818756103516 251.66567993164062 328.39385986328125 251.66567993164062
326.3580017089844 184.59207153320312 428.1772003173828 184.59207153320312 428.1772003173828 251.6036834716797 326.3580017089844 251.6036834716797
324.581787109375 185.07115173339844 424.50951385498047 185.07115173339844 424.50951385498047 250.72547149658203 324.581787109375 250.72547149658203
328.3740234375 183.39566040039062 428.9462127685547 183.39566040039062 428.9462127685547 249.78083038330078 328.3740234375 249.78083038330078
328.1281433105469 182.20179748535156 426.9637680053711 182.20179748535156 426.9637680053711 247.58642578125 328.1281433105469 247.58642578125
326.93505859375 183.16403198242188 426.24474334716797 183.16403198242188 426.24474334716797 248.5319595336914 326.93505859375 248.5319595336914
326.94305419921875 181.3280029296875 425.22611236572266 181.3280029296875 425.22611236572266 246.67984771728516 326.94305419921875 246.67984771728516
326.6106262207031 181.43887329101562 422.9267807006836 181.43887329101562 422.9267807006836 245.03407669067383 326.6106262207031 245.03407669067383
327.3248596191406 179.00685119628906 425.5242691040039 179.00685119628906 425.5242691040039 244.89994049072266 327.3248596191406 244.89994049072266
323.4595031738281 180.6259002685547 422.4081344604492 180.6259002685547 422.4081344604492 246.02642822265625 323.4595031738281 246.02642822265625
325.1244201660156 180.8356170654297 423.9891815185547 180.8356170654297 423.9891815185547 246.096435546875 325.1244201660156 246.096435546875
326.31011962890625 178.01889038085938 424.8812713623047 178.01889038085938 424.8812713623047 242.7135238647461 326.31011962890625 242.7135238647461
325.4725036621094 179.8359832763672 423.65152740478516 179.8359832763672 423.65152740478516 244.08771514892578 325.4725036621094 244.08771514892578
323.63861083984375 179.611572265625 424.19883728027344 179.611572265625 424.19883728027344 245.2891082763672 323.63861083984375 245.2891082763672
326.20281982421875 177.67047119140625 427.34178924560547 177.67047119140625 427.34178924560547 244.2401123046875 326.20281982421875 244.2401123046875
319.7583923339844 181.2707061767578 419.6672897338867 181.2707061767578 419.6672897338867 248.00139617919922 319.7583923339844 248.00139617919922
321.6073303222656 178.9463653564453 420.8706588745117 178.9463653564453 420.8706588745117 245.33806610107422 321.6073303222656 245.33806610107422
325.61273193359375 176.22848510742188 425.6658477783203 176.22848510742188 425.6658477783203 243.34962463378906 325.61273193359375 243.34962463378906
326.06640625 175.74656677246094 426.4129180908203 175.74656677246094 426.4129180908203 242.58676147460938 326.06640625 242.58676147460938
324.0306701660156 175.72772216796875 425.76380920410156 175.72772216796875 425.76380920410156 244.5885772705078 324.0306701660156 244.5885772705078
324.1117248535156 176.23594665527344 427.45679473876953 176.23594665527344 427.45679473876953 244.2407455444336 324.1117248535156 244.2407455444336
323.5638122558594 172.6190185546875 422.0885696411133 172.6190185546875 422.0885696411133 239.65552520751953 323.5638122558594 239.65552520751953
321.51806640625 176.87347412109375 421.9217224121094 176.87347412109375 421.9217224121094 243.95086669921875 321.51806640625 243.95086669921875
320.6483459472656 173.89764404296875 420.2431182861328 173.89764404296875 420.2431182861328 240.68394470214844 320.6483459472656 240.68394470214844
325.3594055175781 171.74490356445312 427.4374771118164 171.74490356445312 427.4374771118164 239.78768920898438 325.3594055175781 239.78768920898438
319.6380310058594 173.68678283691406 420.9305725097656 173.68678283691406 420.9305725097656 241.3705596923828 319.6380310058594 241.3705596923828
322.7958068847656 171.2200469970703 425.63661193847656 171.2200469970703 425.63661193847656 239.7132568359375 322.7958068847656 239.7132568359375
319.76348876953125 171.1952362060547 424.13797760009766 171.1952362060547 424.13797760009766 241.1041488647461 319.76348876953125 241.1041488647461
319.69146728515625 170.147705078125 422.52650451660156 170.147705078125 422.52650451660156 239.5156021118164 319.69146728515625 239.5156021118164
320.2998046875 171.07618713378906 423.04225158691406 171.07618713378906 423.04225158691406 240.61669158935547 320.2998046875 240.61669158935547
318.54888916015625 169.68698120117188 422.8125228881836 169.68698120117188 422.8125228881836 239.22872924804688 318.54888916015625 239.22872924804688
322.49639892578125 167.46530151367188 427.40098571777344 167.46530151367188 427.40098571777344 237.99910736083984 322.49639892578125 237.99910736083984
319.88824462890625 167.87376403808594 424.0609359741211 167.87376403808594 424.0609359741211 236.90522003173828 319.88824462890625 236.90522003173828
321.4743347167969 169.69577026367188 425.45469665527344 169.69577026367188 425.45469665527344 239.8082504272461 321.4743347167969 239.8082504272461
318.8695373535156 168.56045532226562 421.8520812988281 168.56045532226562 421.8520812988281 236.55007934570312 318.8695373535156 236.55007934570312
317.4729309082031 167.08233642578125 417.98685455322266 167.08233642578125 417.98685455322266 234.4420166015625 317.4729309082031 234.4420166015625
316.50335693359375 167.62185668945312 418.4167251586914 167.62185668945312 418.4167251586914 235.70867156982422 316.50335693359375 235.70867156982422
320.2117004394531 168.01046752929688 420.6020965576172 168.01046752929688 420.6020965576172 234.56166076660156 320.2117004394531 234.56166076660156
317.6456298828125 166.7581787109375 416.0992965698242 166.7581787109375 416.0992965698242 231.3819122314453 317.6456298828125 231.3819122314453
319.4440002441406 168.26776123046875 418.6713180541992 168.26776123046875 418.6713180541992 232.7555389404297 319.4440002441406 232.7555389404297
317.5599365234375 167.6073455810547 414.62890625 167.6073455810547 414.62890625 231.83515167236328 317.5599365234375 231.83515167236328
315.83331298828125 168.8793182373047 412.10215759277344 168.8793182373047 412.10215759277344 231.97252655029297 315.83331298828125 231.97252655029297
316.556396484375 165.39566040039062 411.89051818847656 165.39566040039062 411.89051818847656 227.35307693481445 316.556396484375 227.35307693481445
314.67095947265625 166.0391845703125 410.57554626464844 166.0391845703125 410.57554626464844 229.15385818481445 314.67095947265625 229.15385818481445
315.176025390625 165.4563446044922 412.2405014038086 165.4563446044922 412.2405014038086 228.2545623779297 315.176025390625 228.2545623779297
314.10479736328125 166.1599578857422 410.5842514038086 166.1599578857422 410.5842514038086 229.11172103881836 314.10479736328125 229.11172103881836
313.6128234863281 166.03172302246094 409.46104431152344 166.03172302246094 409.46104431152344 228.28049087524414 313.6128234863281 228.28049087524414
312.61944580078125 165.58172607421875 409.2371292114258 165.58172607421875 409.2371292114258 227.82703399658203 312.61944580078125 227.82703399658203
314.02490234375 162.82131958007812 409.7554397583008 162.82131958007812 409.7554397583008 225.41863250732422 314.02490234375 225.41863250732422
308.72088623046875 164.63063049316406 403.0451889038086 164.63063049316406 403.0451889038086 224.96253967285156 308.72088623046875 224.96253967285156
305.5079650878906 164.38156127929688 400.00513458251953 164.38156127929688 400.00513458251953 225.5394058227539 305.5079650878906 225.5394058227539
303.95391845703125 162.88119506835938 400.19264221191406 162.88119506835938 400.19264221191406 224.73352813720703 303.95391845703125 224.73352813720703
303.3066711425781 162.1156463623047 397.65367126464844 162.1156463623047 397.65367126464844 223.48598861694336 303.3066711425781 223.48598861694336
299.39385986328125 161.66445922851562 394.4502258300781 161.66445922851562 394.4502258300781 223.63146209716797 299.39385986328125 223.63146209716797
302.76910400390625 159.77835083007812 401.0872497558594 159.77835083007812 401.0872497558594 222.4119758605957 302.76910400390625 222.4119758605957
299.4237976074219 160.47488403320312 395.8853454589844 160.47488403320312 395.8853454589844 222.6185073852539 299.4237976074219 222.6185073852539
301.4588928222656 158.84765625 400.53680419921875 158.84765625 400.53680419921875 222.0087776184082 301.4588928222656 222.0087776184082
294.62188720703125 161.95254516601562 391.8730926513672 161.95254516601562 391.8730926513672 224.84196090698242 294.62188720703125 224.84196090698242
294.80267333984375 160.1216583251953 390.3933868408203 160.1216583251953 390.3933868408203 221.81768417358398 294.80267333984375 221.81768417358398
291.45513916015625 158.24061584472656 388.2656707763672 158.24061584472656 388.2656707763672 220.5868682861328 291.45513916015625 220.5868682861328
292.1717834472656 158.0078887939453 389.2289810180664 158.0078887939453 389.2289810180664 220.64990997314453 292.1717834472656 220.64990997314453
292.64459228515625 155.3144073486328 391.26107025146484 155.3144073486328 391.26107025146484 218.85937881469727 292.64459228515625 218.85937881469727
289.48089599609375 156.51571655273438 386.96864318847656 156.51571655273438 386.96864318847656 220.45771408081055 289.48089599609375 220.45771408081055
291.6344909667969 155.6292266845703 389.6247100830078 155.6292266845703 389.6247100830078 219.3572235107422 291.6344909667969 219.3572235107422
284.78558349609375 155.17874145507812 382.9085235595703 155.17874145507812 382.9085235595703 219.15735626220703 284.78558349609375 219.15735626220703
280.57122802734375 152.67662048339844 380.7826385498047 152.67662048339844 380.7826385498047 218.5470733642578 280.57122802734375 218.5470733642578
281.0489196777344 153.7574920654297 381.52059173583984 153.7574920654297 381.52059173583984 219.14629364013672 281.0489196777344 219.14629364013672
277.2759094238281 153.90562438964844 377.5266571044922 153.90562438964844 377.5266571044922 220.63863372802734 277.2759094238281 220.63863372802734
277.3705139160156 151.34727478027344 379.7332305908203 151.34727478027344 379.7332305908203 218.7903060913086 277.3705139160156 218.7903060913086
276.3571472167969 149.9002227783203 378.5164489746094 149.9002227783203 378.5164489746094 218.16506958007812 276.3571472167969 218.16506958007812
270.84326171875 148.79415893554688 374.4633026123047 148.79415893554688 374.4633026123047 217.33710479736328 270.84326171875 217.33710479736328
268.9751281738281 146.78257751464844 371.0752639770508 146.78257751464844 371.0752639770508 215.35446166992188 268.9751281738281 215.35446166992188
267.71441650390625 146.88101196289062 371.7851104736328 146.88101196289062 371.7851104736328 216.28573608398438 267.71441650390625 216.28573608398438
261.40545654296875 144.2627410888672 365.51185607910156 144.2627410888672 365.51185607910156 212.62124633789062 261.40545654296875 212.62124633789062
259.92803955078125 145.9615936279297 363.68624114990234 145.9615936279297 363.68624114990234 214.68610382080078 259.92803955078125 214.68610382080078
256.8648681640625 144.93048095703125 361.94525146484375 144.93048095703125 361.94525146484375 213.94642639160156 256.8648681640625 213.94642639160156
250.49960327148438 144.9192657470703 357.24205780029297 144.9192657470703 357.24205780029297 214.70181274414062 250.49960327148438 214.70181274414062
254.66586303710938 143.2445068359375 361.23033905029297 143.2445068359375 361.23033905029297 213.0644302368164 254.66586303710938 213.0644302368164
251.38180541992188 142.58474731445312 356.85448455810547 142.58474731445312 356.85448455810547 211.91732788085938 251.38180541992188 211.91732788085938
253.00259399414062 140.367431640625 358.35801696777344 140.367431640625 358.35801696777344 210.36610412597656 253.00259399414062 210.36610412597656
249.5414581298828 140.18997192382812 358.43768310546875 140.18997192382812 358.43768310546875 211.63270568847656 249.5414581298828 211.63270568847656
248.85153198242188 140.47732543945312 356.5085906982422 140.47732543945312 356.5085906982422 211.1906280517578 248.85153198242188 211.1906280517578
245.40634155273438 140.9672088623047 353.0753479003906 140.9672088623047 353.0753479003906 210.7902374267578 245.40634155273438 210.7902374267578
245.3527374267578 141.3227996826172 351.70875549316406 141.3227996826172 351.70875549316406 210.93572998046875 245.3527374267578 210.93572998046875
240.8808135986328 138.39552307128906 348.8222961425781 138.39552307128906 348.8222961425781 208.66127014160156 240.8808135986328 208.66127014160156
244.41171264648438 138.81756591796875 350.5094451904297 138.81756591796875 350.5094451904297 208.9341812133789 244.41171264648438 208.9341812133789
243.82620239257812 138.5206298828125 349.8088684082031 138.5206298828125 349.8088684082031 208.08961486816406 243.82620239257812 208.08961486816406
239.4620819091797 137.28346252441406 347.3597717285156 137.28346252441406 347.3597717285156 206.96819305419922 239.4620819091797 206.96819305419922
231.60171508789062 141.548095703125 345.7401428222656 141.548095703125 345.7401428222656 211.64891052246094 231.60171508789062 211.64891052246094
244.0155029296875 136.4779510498047 348.18648529052734 136.4779510498047 348.18648529052734 206.23031616210938 244.0155029296875 206.23031616210938
234.4487762451172 134.99241638183594 342.6175994873047 134.99241638183594 342.6175994873047 206.0763702392578 234.4487762451172 206.0763702392578
239.30221557617188 135.3844451904297 344.28858947753906 135.3844451904297 344.28858947753906 206.0103988647461 239.30221557617188 206.0103988647461
232.5911865234375 135.61912536621094 341.3912124633789 135.61912536621094 341.3912124633789 206.38975524902344 232.5911865234375 206.38975524902344
235.4556121826172 133.24563598632812 344.64634704589844 133.24563598632812 344.64634704589844 206.0287322998047 235.4556121826172 206.0287322998047
236.07937622070312 131.01119995117188 344.5966262817383 131.01119995117188 344.5966262817383 205.17617797851562 236.07937622070312 205.17617797851562
231.7664794921875 130.71009826660156 344.8481903076172 130.71009826660156 344.8481903076172 205.1134490966797 231.7664794921875 205.1134490966797
233.81234741210938 130.3311767578125 346.98594665527344 130.3311767578125 346.98594665527344 205.6575469970703 233.81234741210938 205.6575469970703
230.5996856689453 131.46664428710938 343.9486389160156 131.46664428710938 343.9486389160156 206.62165069580078 230.5996856689453 206.62165069580078
230.83078002929688 130.92074584960938 345.26683044433594 130.92074584960938 345.26683044433594 206.9926986694336 230.83078002929688 206.9926986694336
229.40322875976562 131.80703735351562 345.4299621582031 131.80703735351562 345.4299621582031 207.57335662841797 229.40322875976562 207.57335662841797
226.23385620117188 130.4500274658203 342.2239227294922 130.4500274658203 342.2239227294922 206.1387939453125 226.23385620117188 206.1387939453125
230.27279663085938 130.20852661132812 343.55442810058594 130.20852661132812 343.55442810058594 205.35926055908203 230.27279663085938 205.35926055908203
226.9564666748047 129.5209197998047 340.7704315185547 129.5209197998047 340.7704315185547 204.6299819946289 226.9564666748047 204.6299819946289
228.065185546875 131.21908569335938 341.9153060913086 131.21908569335938 341.9153060913086 205.8188934326172 228.065185546875 205.8188934326172
222.78176879882812 130.04263305664062 336.99341583251953 130.04263305664062 336.99341583251953 204.22881317138672 222.78176879882812 204.22881317138672
225.73733520507812 132.4378204345703 339.7382507324219 132.4378204345703 339.7382507324219 204.82791900634766 225.73733520507812 204.82791900634766
226.168701171875 131.78909301757812 339.48773193359375 131.78909301757812 339.48773193359375 204.69892120361328 226.168701171875 204.69892120361328
221.886474609375 129.27334594726562 336.91424560546875 129.27334594726562 336.91424560546875 203.3710708618164 221.886474609375 203.3710708618164
224.2104949951172 130.268310546875 338.5364990234375 130.268310546875 338.5364990234375 204.77082061767578 224.2104949951172 204.77082061767578
223.923828125 128.90628051757812 338.33934020996094 128.90628051757812 338.33934020996094 203.2156524658203 223.923828125 203.2156524658203
220.50552368164062 127.35319519042969 338.4877395629883 127.35319519042969 338.4877395629883 202.82151794433594 220.50552368164062 202.82151794433594
216.9383544921875 128.19004821777344 334.49195861816406 128.19004821777344 334.49195861816406 202.66849517822266 216.9383544921875 202.66849517822266
215.5909881591797 127.1773452758789 337.46497344970703 127.1773452758789 337.46497344970703 203.78895568847656 215.5909881591797 203.78895568847656
217.56246948242188 124.66996765136719 336.74525451660156 124.66996765136719 336.74525451660156 201.7717742919922 217.56246948242188 201.7717742919922
218.0277862548828 125.32334899902344 338.67848205566406 125.32334899902344 338.67848205566406 202.45254516601562 218.0277862548828 202.45254516601562
215.56539916992188 126.07542419433594 334.28904724121094 126.07542419433594 334.28904724121094 201.56463623046875 215.56539916992188 201.56463623046875
215.0822296142578 125.22734069824219 332.7476577758789 125.22734069824219 332.7476577758789 199.73223876953125 215.0822296142578 199.73223876953125
215.92703247070312 124.27876281738281 334.19579315185547 124.27876281738281 334.19579315185547 200.1220245361328 215.92703247070312 200.1220245361328
210.4936981201172 124.0027847290039 328.33179473876953 124.0027847290039 328.33179473876953 198.39913177490234 210.4936981201172 198.39913177490234
215.3525390625 127.00773620605469 332.4290771484375 127.00773620605469 332.4290771484375 199.83179473876953 215.3525390625 199.83179473876953
212.904541015625 124.07536315917969 331.4181365966797 124.07536315917969 331.4181365966797 198.06773376464844 212.904541015625 198.06773376464844
212.2703857421875 125.86102294921875 331.1171417236328 125.86102294921875 331.1171417236328 199.98626708984375 212.2703857421875 199.98626708984375
212.4292449951172 124.4353256225586 331.72522735595703 124.4353256225586 331.72522735595703 199.07183837890625 212.4292449951172 199.07183837890625
212.7004852294922 126.38031005859375 331.30255126953125 126.38031005859375 331.30255126953125 201.04185485839844 212.7004852294922 201.04185485839844
211.5504913330078 123.98982238769531 329.63441467285156 123.98982238769531 329.63441467285156 198.07549285888672 211.5504913330078 198.07549285888672
209.39590454101562 121.30023193359375 328.49143981933594 121.30023193359375 328.49143981933594 196.64776611328125 209.39590454101562 196.64776611328125
