369.0 139.0 383.0 139.0 383.0 173.0 369.0 173.0
366.670654296875 138.56288146972656 380.69490337371826 138.56288146972656 380.69490337371826 172.62177276611328 366.670654296875 172.62177276611328
364.36138916015625 139.29733276367188 378.26959800720215 139.29733276367188 378.26959800720215 173.07441329956055 364.36138916015625 173.07441329956055
364.3564147949219 139.5274658203125 378.2007999420166 139.5274658203125 378.2007999420166 174.41835403442383 364.3564147949219 174.41835403442383
362.50970458984375 140.04141235351562 376.09575843811035 140.04141235351562 376.09575843811035 174.46746826171875 362.50970458984375 174.46746826171875
359.4537658691406 140.50987243652344 373.1055202484131 140.50987243652344 373.1055202484131 175.17530822753906 359.4537658691406 175.17530822753906
355.3149719238281 140.01329040527344 369.22965717315674 140.01329040527344 369.22965717315674 174.0213851928711 355.3149719238281 174.0213851928711
355.3202819824219 141.4359130859375 369.0406827926636 141.4359130859375 369.0406827926636 174.75688934326172 355.3202819824219 174.75688934326172
355.2101745605469 141.9353790283203 370.2058687210083 141.9353790283203 370.2058687210083 175.58761978149414 355.2101745605469 175.58761978149414
352.67340087890625 142.43673706054688 369.24543380737305 142.43673706054688 369.24543380737305 176.99312591552734 352.67340087890625 176.99312591552734
352.89056396484375 140.6109619140625 367.55810737609863 140.6109619140625 367.55810737609863 176.6368293762207 352.89056396484375 176.6368293762207
352.8272399902344 141.75315856933594 367.0941104888916 141.75315856933594 367.0941104888916 177.17013931274414 352.8272399902344 177.17013931274414
350.1813049316406 142.96348571777344 365.16010093688965 142.96348571777344 365.16010093688965 178.35354232788086 350.1813049316406 178.35354232788086
346.48101806640625 142.32318115234375 360.73133850097656 142.32318115234375 360.73133850097656 177.23888397216797 346.48101806640625 177.23888397216797
342.44091796875 144.57000732421875 357.17127418518066 144.57000732421875 357.17127418518066 178.02687454223633 342.44091796875 178.02687454223633
342.39910888671875 144.3300323486328 357.2847595214844 144.3300323486328 357.2847595214844 179.1828384399414 342.39910888671875 179.1828384399414
341.99151611328125 143.93466186523438 355.45714569091797 143.93466186523438 355.45714569091797 177.81622314453125 341.99151611328125 177.81622314453125
340.8197937011719 144.5423126220703 354.4637861251831 144.5423126220703 354.4637861251831 179.15185928344727 340.8197937011719 179.15185928344727
339.8928527832031 145.21975708007812 353.85978984832764 145.21975708007812 353.85978984832764 179.90225982666016 339.8928527832031 179.90225982666016
339.02557373046875 145.23670959472656 353.1863956451416 145.23670959472656 353.1863956451416 178.67583847045898 339.02557373046875 178.67583847045898
338.20306396484375 144.6566925048828 352.8171787261963 144.6566925048828 352.8171787261963 179.37200164794922 338.20306396484375 179.37200164794922
338.82568359375 145.61146545410156 352.7909212112427 145.61146545410156 352.7909212112427 179.72046661376953 338.82568359375 179.72046661376953
336.8318176269531 146.72665405273438 351.1475496292114 146.72665405273438 351.1475496292114 181.25280380249023 336.8318176269531 181.25280380249023
326.3673400878906 148.58456420898438 339.9721164703369 148.58456420898438 339.9721164703369 181.55601119995117 326.3673400878906 181.55601119995117
325.322021484375 146.33370971679688 338.68349170684814 146.33370971679688 338.68349170684814 182.65790557861328 325.322021484375 182.65790557861328
320.4217834472656 149.5517578125 333.39602184295654 149.5517578125 333.39602184295654 181.40140342712402 320.4217834472656 181.40140342712402
321.0368957519531 151.11599731445312 334.3444766998291 151.11599731445312 334.3444766998291 182.99673080444336 321.0368957519531 182.99673080444336
319.54595947265625 150.98280334472656 332.7141933441162 150.98280334472656 332.7141933441162 183.02852249145508 319.54595947265625 183.02852249145508
317.67242431640625 149.66197204589844 331.45750617980957 149.66197204589844 331.45750617980957 181.2644863128662 317.67242431640625 181.2644863128662
317.2841796875 149.14498901367188 330.5019865036011 149.14498901367188 330.5019865036011 182.66183471679688 317.2841796875 182.66183471679688
316.59320068359375 149.9853973388672 329.98324394226074 149.9853973388672 329.98324394226074 183.5230941772461 316.59320068359375 183.5230941772461
315.8281555175781 149.11883544921875 329.7701168060303 149.11883544921875 329.7701168060303 182.26286697387695 315.8281555175781 182.26286697387695
315.4710998535156 148.89222717285156 329.75196075439453 148.89222717285156 329.75196075439453 183.22582626342773 315.4710998535156 183.22582626342773
310.7980041503906 149.6421356201172 323.23466968536377 149.6421356201172 323.23466968536377 182.14435577392578 310.7980041503906 182.14435577392578
311.3297119140625 150.292236328125 325.00045013427734 150.292236328125 325.00045013427734 183.64557647705078 311.3297119140625 183.64557647705078
310.6373291015625 151.07101440429688 324.5527296066284 151.07101440429688 324.5527296066284 183.91448974609375 310.6373291015625 183.91448974609375
309.635986328125 150.2209014892578 323.229455947876 150.2209014892578 323.229455947876 183.844970703125 309.635986328125 183.844970703125
309.0132141113281 151.16525268554688 322.60576343536377 151.16525268554688 322.60576343536377 183.76947402954102 309.0132141113281 183.76947402954102
308.9302673339844 150.60671997070312 322.05039501190186 150.60671997070312 322.05039501190186 183.5306167602539 308.9302673339844 183.5306167602539
308.607666015625 151.312744140625 322.07082176208496 151.312744140625 322.07082176208496 182.7586784362793 308.607666015625 182.7586784362793
307.00067138671875 151.61044311523438 320.8097229003906 151.61044311523438 320.8097229003906 184.93446350097656 307.00067138671875 184.93446350097656
306.69329833984375 151.73599243164062 320.35408306121826 151.73599243164062 320.35408306121826 186.60005950927734 306.69329833984375 186.60005950927734
305.27313232421875 153.0554962158203 320.3306121826172 153.0554962158203 320.3306121826172 186.57797622680664 305.27313232421875 186.57797622680664
305.1922912597656 154.30624389648438 319.78455543518066 154.30624389648438 319.78455543518066 186.54333114624023 305.1922912597656 186.54333114624023
304.03924560546875 152.97076416015625 318.11633110046387 152.97076416015625 318.11633110046387 186.90214157104492 304.03924560546875 186.90214157104492
302.7102966308594 152.217041015625 317.1355686187744 152.217041015625 317.1355686187744 186.4019889831543 302.7102966308594 186.4019889831543
302.41339111328125 152.97476196289062 317.23759937286377 152.97476196289062 317.23759937286377 188.37193298339844 302.41339111328125 188.37193298339844
298.404052734375 154.24478149414062 312.47636699676514 154.24478149414062 312.47636699676514 188.197021484375 298.404052734375 188.197021484375
297.94549560546875 154.5426025390625 312.067608833313 154.5426025390625 312.067608833313 189.1895637512207 297.94549560546875 189.1895637512207
298.06256103515625 155.43368530273438 312.38521575927734 155.43368530273438 312.38521575927734 189.81008911132812 298.06256103515625 189.81008911132812
296.06475830078125 155.68289184570312 310.61096000671387 155.68289184570312 310.61096000671387 191.55865097045898 296.06475830078125 191.55865097045898
295.309814453125 155.79656982421875 310.65156841278076 155.79656982421875 310.65156841278076 192.94678497314453 295.309814453125 192.94678497314453
294.53179931640625 156.05609130859375 310.10512828826904 156.05609130859375 310.10512828826904 193.28386688232422 294.53179931640625 193.28386688232422
293.0514221191406 156.36041259765625 308.0600185394287 156.36041259765625 308.0600185394287 192.7345962524414 293.0514221191406 192.7345962524414
294.0168762207031 154.47425842285156 308.5998764038086 154.47425842285156 308.5998764038086 189.89011001586914 294.0168762207031 189.89011001586914
292.1952819824219 156.4881134033203 307.80128955841064 156.4881134033203 307.80128955841064 193.5193214416504 292.1952819824219 193.5193214416504
291.9664611816406 156.71218872070312 307.14542388916016 156.71218872070312 307.14542388916016 193.5179557800293 291.9664611816406 193.5179557800293
289.190673828125 156.26174926757812 303.8288879394531 156.26174926757812 303.8288879394531 192.01531219482422 289.190673828125 192.01531219482422
290.20440673828125 157.88111877441406 304.7252378463745 157.88111877441406 304.7252378463745 193.81513214111328 290.20440673828125 193.81513214111328
287.68450927734375 157.83152770996094 302.83147716522217 157.83152770996094 302.83147716522217 195.2865104675293 287.68450927734375 195.2865104675293
289.44610595703125 156.7545928955078 304.67767333984375 156.7545928955078 304.67767333984375 194.15975189208984 289.44610595703125 194.15975189208984
286.344482421875 157.43563842773438 301.3310070037842 157.43563842773438 301.3310070037842 194.51109313964844 286.344482421875 194.51109313964844
282.0381774902344 157.0870819091797 297.37250804901123 157.0870819091797 297.37250804901123 194.10077667236328 282.0381774902344 194.10077667236328
281.12237548828125 158.0578155517578 296.8792362213135 158.0578155517578 296.8792362213135 196.62274932861328 281.12237548828125 196.62274932861328
281.00531005859375 159.10800170898438 296.31077575683594 159.10800170898438 296.31077575683594 198.31912231445312 281.00531005859375 198.31912231445312
278.5188903808594 158.36053466796875 294.26916313171387 158.36053466796875 294.26916313171387 198.4118423461914 278.5188903808594 198.4118423461914
277.7391357421875 157.7946014404297 293.35290813446045 157.7946014404297 293.35290813446045 198.44908142089844 277.7391357421875 198.44908142089844
276.7660827636719 159.46340942382812 292.87554931640625 159.46340942382812 292.87554931640625 199.57542037963867 276.7660827636719 199.57542037963867
275.37066650390625 160.16317749023438 291.77806091308594 160.16317749023438 291.77806091308594 198.60984420776367 275.37066650390625 198.60984420776367
274.5735168457031 160.50193786621094 291.0473976135254 160.50193786621094 291.0473976135254 200.2520866394043 274.5735168457031 200.2520866394043
275.20050048828125 158.261962890625 290.8498840332031 158.261962890625 290.8498840332031 200.01068878173828 275.20050048828125 200.01068878173828
272.7657165527344 160.72030639648438 288.64052295684814 160.72030639648438 288.64052295684814 200.29505157470703 272.7657165527344 200.29505157470703
270.82781982421875 159.62989807128906 287.967191696167 159.62989807128906 287.967191696167 201.98006439208984 270.82781982421875 201.98006439208984
271.171630859375 160.9972686767578 288.41164207458496 160.9972686767578 288.41164207458496 201.3358497619629 271.171630859375 201.3358497619629
270.6019592285156 161.142333984375 286.91821479797363 161.142333984375 286.91821479797363 199.90545654296875 270.6019592285156 199.90545654296875
268.72198486328125 161.42420959472656 284.8231430053711 161.42420959472656 284.8231430053711 201.38192749023438 268.72198486328125 201.38192749023438
267.2236633300781 162.2606201171875 283.58185958862305 162.2606201171875 283.58185958862305 202.89449310302734 267.2236633300781 202.89449310302734
266.4017028808594 161.86041259765625 282.03492736816406 161.86041259765625 282.03492736816406 202.1216812133789 266.4017028808594 202.1216812133789
266.1646423339844 163.45159912109375 281.47906970977783 163.45159912109375 281.47906970977783 202.07471466064453 266.1646423339844 202.07471466064453
264.8785705566406 164.91259765625 280.1437883377075 164.91259765625 280.1437883377075 202.79162216186523 264.8785705566406 202.79162216186523
263.2945251464844 164.58580017089844 278.4022674560547 164.58580017089844 278.4022674560547 203.56586074829102 263.2945251464844 203.56586074829102
260.1395568847656 166.5742645263672 275.503381729126 166.5742645263672 275.503381729126 203.3503761291504 260.1395568847656 203.3503761291504
259.66204833984375 166.07632446289062 274.25368785858154 166.07632446289062 274.25368785858154 203.3680648803711 259.66204833984375 203.3680648803711
259.16595458984375 166.13052368164062 273.19197273254395 166.13052368164062 273.19197273254395 202.61681365966797 259.16595458984375 202.61681365966797
257.29132080078125 164.61734008789062 272.53636932373047 164.61734008789062 272.53636932373047 203.92537689208984 257.29132080078125 203.92537689208984
256.5218811035156 167.79248046875 271.98756408691406 167.79248046875 271.98756408691406 204.96436309814453 256.5218811035156 204.96436309814453
256.3556213378906 168.1247100830078 271.97469329833984 168.1247100830078 271.97469329833984 204.27587127685547 256.3556213378906 204.27587127685547
255.5322723388672 167.58872985839844 271.68728828430176 167.58872985839844 271.68728828430176 204.67956161499023 255.5322723388672 204.67956161499023
256.1376953125 166.0725555419922 271.6642379760742 166.0725555419922 271.6642379760742 205.46127319335938 256.1376953125 205.46127319335938
254.56893920898438 167.2354736328125 269.9018154144287 167.2354736328125 269.9018154144287 204.25627899169922 254.56893920898438 204.25627899169922
252.82119750976562 167.6371307373047 268.10486793518066 167.6371307373047 268.10486793518066 205.11327362060547 252.82119750976562 205.11327362060547
252.5649871826172 167.7938232421875 267.5818681716919 167.7938232421875 267.5818681716919 205.4149169921875 252.5649871826172 205.4149169921875
251.30752563476562 166.3777313232422 266.380220413208 166.3777313232422 266.380220413208 205.36226654052734 251.30752563476562 205.36226654052734
251.09786987304688 168.02896118164062 265.8278102874756 168.02896118164062 265.8278102874756 204.55213165283203 251.09786987304688 204.55213165283203
250.12655639648438 169.84091186523438 265.33170890808105 169.84091186523438 265.33170890808105 205.9234848022461 250.12655639648438 205.9234848022461
249.47799682617188 169.7615966796875 264.76433277130127 169.7615966796875 264.76433277130127 206.6041030883789 249.47799682617188 206.6041030883789
246.92984008789062 170.59458923339844 261.68363189697266 170.59458923339844 261.68363189697266 205.9863624572754 246.92984008789062 205.9863624572754
247.655517578125 169.16238403320312 262.28828144073486 169.16238403320312 262.28828144073486 206.15372467041016 247.655517578125 206.15372467041016
246.30410766601562 170.87196350097656 261.17448711395264 170.87196350097656 261.17448711395264 208.1541976928711 246.30410766601562 208.1541976928711
243.77029418945312 170.7875518798828 259.31840229034424 170.7875518798828 259.31840229034424 207.35440826416016 243.77029418945312 207.35440826416016
243.732177734375 171.80557250976562 258.65075969696045 171.80557250976562 258.65075969696045 206.87242889404297 243.732177734375 206.87242889404297
243.6595001220703 172.48013305664062 258.42757987976074 172.48013305664062 258.42757987976074 207.65096282958984 243.6595001220703 207.65096282958984
241.9242706298828 171.80923461914062 257.72761249542236 171.80923461914062 257.72761249542236 207.87804412841797 241.9242706298828 207.87804412841797
240.9781494140625 171.17550659179688 256.37801361083984 171.17550659179688 256.37801361083984 208.3057975769043 240.9781494140625 208.3057975769043
239.4905242919922 172.33810424804688 255.05347633361816 172.33810424804688 255.05347633361816 210.43824768066406 239.4905242919922 210.43824768066406
239.7589874267578 174.36965942382812 254.93642902374268 174.36965942382812 254.93642902374268 213.65709686279297 239.7589874267578 213.65709686279297
240.4851837158203 174.37106323242188 254.86963367462158 174.37106323242188 254.86963367462158 212.0357551574707 240.4851837158203 212.0357551574707
239.37271118164062 173.3130340576172 253.6385908126831 173.3130340576172 253.6385908126831 210.26613235473633 239.37271118164062 210.26613235473633
238.400390625 173.72677612304688 253.47828483581543 173.72677612304688 253.47828483581543 212.21355056762695 238.400390625 212.21355056762695
237.9897003173828 174.84738159179688 252.68842601776123 174.84738159179688 252.68842601776123 212.07698440551758 237.9897003173828 212.07698440551758
237.7992401123047 176.50164794921875 253.67703819274902 176.50164794921875 253.67703819274902 212.46299362182617 237.7992401123047 212.46299362182617
232.07833862304688 173.55674743652344 246.8900852203369 173.55674743652344 246.8900852203369 209.90627670288086 232.07833862304688 209.90627670288086
233.8517303466797 178.10560607910156 248.119291305542 178.10560607910156 248.119291305542 212.5752944946289 233.8517303466797 212.5752944946289
232.1175994873047 178.0079803466797 246.8529872894287 178.0079803466797 246.8529872894287 214.01142120361328 232.1175994873047 214.01142120361328
232.56698608398438 178.39639282226562 247.52614879608154 178.39639282226562 247.52614879608154 215.64686965942383 232.56698608398438 215.64686965942383
231.1473388671875 177.37646484375 246.33444786071777 177.37646484375 246.33444786071777 217.06614685058594 231.1473388671875 217.06614685058594
231.0500030517578 179.33541870117188 246.05821990966797 179.33541870117188 246.05821990966797 219.26449966430664 231.0500030517578 219.26449966430664
230.29580688476562 179.18270874023438 244.45455646514893 179.18270874023438 244.45455646514893 219.2973518371582 230.29580688476562 219.2973518371582
230.30679321289062 179.4906463623047 244.42301654815674 179.4906463623047 244.42301654815674 216.75780487060547 230.30679321289062 216.75780487060547
228.9839324951172 179.15274047851562 243.3015947341919 179.15274047851562 243.3015947341919 215.43547439575195 228.9839324951172 215.43547439575195
228.0912322998047 180.338623046875 242.4201889038086 180.338623046875 242.4201889038086 217.17684173583984 228.0912322998047 217.17684173583984
227.6693115234375 181.83499145507812 241.5347843170166 181.83499145507812 241.5347843170166 218.6119155883789 227.6693115234375 218.6119155883789
225.8440704345703 182.6956329345703 239.89990520477295 182.6956329345703 239.89990520477295 218.91110610961914 225.8440704345703 218.91110610961914
225.4720458984375 183.4659423828125 239.8181610107422 183.4659423828125 239.8181610107422 218.87764739990234 225.4720458984375 218.87764739990234
224.3810577392578 182.71633911132812 238.99014282226562 182.71633911132812 238.99014282226562 218.77401733398438 224.3810577392578 218.77401733398438
222.58413696289062 185.27503967285156 237.87952709197998 185.27503967285156 237.87952709197998 220.77440643310547 222.58413696289062 220.77440643310547
222.2760009765625 186.5886688232422 237.99858379364014 186.5886688232422 237.99858379364014 222.31670379638672 222.2760009765625 222.31670379638672
222.32119750976562 187.19827270507812 237.60547161102295 187.19827270507812 237.60547161102295 223.99348831176758 222.32119750976562 223.99348831176758
220.14822387695312 188.0075225830078 235.52145195007324 188.0075225830078 235.52145195007324 224.46438217163086 220.14822387695312 224.46438217163086
220.5897216796875 186.6947479248047 235.29270362854004 186.6947479248047 235.29270362854004 224.79691696166992 220.5897216796875 224.79691696166992
220.2248077392578 187.34796142578125 235.09556007385254 187.34796142578125 235.09556007385254 223.8204574584961 220.2248077392578 223.8204574584961
218.2735595703125 187.5133819580078 233.52968883514404 187.5133819580078 233.52968883514404 224.63336181640625 218.2735595703125 224.63336181640625
219.3643035888672 188.67608642578125 234.50735759735107 188.67608642578125 234.50735759735107 226.5345115661621 219.3643035888672 226.5345115661621
216.89755249023438 189.1847381591797 232.11908721923828 189.1847381591797 232.11908721923828 224.40074157714844 216.89755249023438 224.40074157714844
217.548095703125 188.90733337402344 232.8230743408203 188.90733337402344 232.8230743408203 226.69682693481445 217.548095703125 226.69682693481445
214.92184448242188 189.58688354492188 229.41146659851074 189.58688354492188 229.41146659851074 226.36637115478516 214.92184448242188 226.36637115478516
214.8217010498047 189.20602416992188 229.13362407684326 189.20602416992188 229.13362407684326 226.4381561279297 214.8217010498047 226.4381561279297
214.24856567382812 188.6116180419922 228.394775390625 188.6116180419922 228.394775390625 223.77073669433594 214.24856567382812 223.77073669433594
213.6977081298828 190.3271942138672 228.38332176208496 190.3271942138672 228.38332176208496 225.14496612548828 213.6977081298828 225.14496612548828
213.41552734375 191.49644470214844 228.44179725646973 191.49644470214844 228.44179725646973 226.49715042114258 213.41552734375 226.49715042114258
213.2036590576172 191.81248474121094 227.63933277130127 191.81248474121094 227.63933277130127 227.99335479736328 213.2036590576172 227.99335479736328
212.512939453125 191.85263061523438 227.18700695037842 191.85263061523438 227.18700695037842 227.9110221862793 212.512939453125 227.9110221862793
211.36868286132812 191.87649536132812 226.51875591278076 191.87649536132812 226.51875591278076 227.85935592651367 211.36868286132812 227.85935592651367
211.81948852539062 191.8090362548828 226.28901958465576 191.8090362548828 226.28901958465576 228.74539947509766 211.81948852539062 228.74539947509766
210.8367462158203 192.23162841796875 225.88679695129395 192.23162841796875 225.88679695129395 230.8881950378418 210.8367462158203 230.8881950378418
209.52749633789062 193.8543243408203 224.84382343292236 193.8543243408203 224.84382343292236 231.51818466186523 209.52749633789062 231.51818466186523
210.04501342773438 192.06863403320312 225.3078212738037 192.06863403320312 225.3078212738037 231.15617752075195 210.04501342773438 231.15617752075195
209.59860229492188 192.69467163085938 224.23001289367676 192.69467163085938 224.23001289367676 228.74740600585938 209.59860229492188 228.74740600585938
209.0673370361328 194.79417419433594 223.08595275878906 194.79417419433594 223.08595275878906 232.36479949951172 209.0673370361328 232.36479949951172
208.5177001953125 194.9588165283203 222.2439785003662 194.9588165283203 222.2439785003662 232.11215209960938 208.5177001953125 232.11215209960938
208.4009246826172 195.01756286621094 222.55910968780518 195.01756286621094 222.55910968780518 230.43091583251953 208.4009246826172 230.43091583251953
206.3561553955078 194.44778442382812 221.78188133239746 194.44778442382812 221.78188133239746 231.87288665771484 206.3561553955078 231.87288665771484
206.42343139648438 194.70254516601562 221.500732421875 194.70254516601562 221.500732421875 232.6398162841797 206.42343139648438 232.6398162841797
206.7875518798828 195.66403198242188 221.01122093200684 195.66403198242188 221.01122093200684 233.19948959350586 206.7875518798828 233.19948959350586
205.7528839111328 196.11502075195312 220.30428504943848 196.11502075195312 220.30428504943848 234.49169158935547 205.7528839111328 234.49169158935547
205.28396606445312 195.09512329101562 219.61745262145996 195.09512329101562 219.61745262145996 231.38129425048828 205.28396606445312 231.38129425048828
205.23974609375 196.26707458496094 219.28310203552246 196.26707458496094 219.28310203552246 232.54783248901367 205.23974609375 232.54783248901367
204.61669921875 198.24185180664062 219.12122917175293 198.24185180664062 219.12122917175293 234.29104232788086 204.61669921875 234.29104232788086
205.21279907226562 198.6494903564453 219.78495025634766 198.6494903564453 219.78495025634766 234.67489624023438 205.21279907226562 234.67489624023438
202.7742919921875 196.31301879882812 217.78476238250732 196.31301879882812 217.78476238250732 233.3387222290039 202.7742919921875 233.3387222290039
204.2307891845703 197.07150268554688 218.36237621307373 197.07150268554688 218.36237621307373 234.97941970825195 204.2307891845703 234.97941970825195
203.35556030273438 197.4921875 217.46550464630127 197.4921875 217.46550464630127 236.94660568237305 203.35556030273438 236.94660568237305
202.15138244628906 196.7561798095703 217.2170991897583 196.7561798095703 217.2170991897583 237.93370056152344 202.15138244628906 237.93370056152344
200.8285369873047 199.2285614013672 215.7687282562256 199.2285614013672 215.7687282562256 237.62422561645508 200.8285369873047 237.62422561645508
201.24319458007812 199.66905212402344 215.8130922317505 199.66905212402344 215.8130922317505 238.61921310424805 201.24319458007812 238.61921310424805
198.4324493408203 199.96182250976562 213.35222339630127 199.96182250976562 213.35222339630127 238.00847244262695 198.4324493408203 238.00847244262695
198.27371215820312 201.79354858398438 212.91717052459717 201.79354858398438 212.91717052459717 240.5541534423828 198.27371215820312 240.5541534423828
197.7999725341797 201.33250427246094 212.57007884979248 201.33250427246094 212.57007884979248 239.41330337524414 197.7999725341797 239.41330337524414
195.42523193359375 202.2627716064453 210.63870525360107 202.2627716064453 210.63870525360107 241.23141479492188 195.42523193359375 241.23141479492188
195.4425048828125 203.81057739257812 210.20312690734863 203.81057739257812 210.20312690734863 242.3719253540039 195.4425048828125 242.3719253540039
194.1424560546875 207.23898315429688 210.0191879272461 207.23898315429688 210.0191879272461 247.63225555419922 194.1424560546875 247.63225555419922
193.3041534423828 205.21542358398438 208.8148651123047 205.21542358398438 208.8148651123047 244.99869537353516 193.3041534423828 244.99869537353516
194.9438018798828 205.114990234375 209.46853828430176 205.114990234375 209.46853828430176 242.92547607421875 194.9438018798828 242.92547607421875
194.4875030517578 205.78005981445312 208.80516529083252 205.78005981445312 208.80516529083252 243.57062911987305 194.4875030517578 243.57062911987305
193.263427734375 205.9137420654297 208.66588878631592 205.9137420654297 208.66588878631592 243.63175201416016 193.263427734375 243.63175201416016
193.17044067382812 204.21261596679688 208.37164497375488 204.21261596679688 208.37164497375488 244.3759536743164 193.17044067382812 244.3759536743164
194.4935302734375 205.6914520263672 209.59692192077637 205.6914520263672 209.59692192077637 245.34146881103516 194.4935302734375 245.34146881103516
193.84268188476562 207.91177368164062 208.3429775238037 207.91177368164062 208.3429775238037 247.66002655029297 193.84268188476562 247.66002655029297
194.2392578125 205.6343231201172 208.00811195373535 205.6343231201172 208.00811195373535 245.7301902770996 194.2392578125 245.7301902770996
195.26748657226562 207.0557098388672 209.91169452667236 207.0557098388672 209.91169452667236 245.68608856201172 195.26748657226562 245.68608856201172
194.88148498535156 208.20413208007812 209.6656265258789 208.20413208007812 209.6656265258789 246.71413803100586 194.88148498535156 246.71413803100586
194.3727264404297 208.4178924560547 209.66255950927734 208.4178924560547 209.66255950927734 248.1839828491211 194.3727264404297 248.1839828491211
195.54531860351562 208.8264617919922 210.48282146453857 208.8264617919922 210.48282146453857 249.76404571533203 195.54531860351562 249.76404571533203
194.03199768066406 206.05825805664062 209.7499179840088 206.05825805664062 209.7499179840088 246.86155700683594 194.03199768066406 246.86155700683594
193.3652801513672 208.2809295654297 210.28266525268555 208.2809295654297 210.28266525268555 250.1956787109375 193.3652801513672 250.1956787109375
193.7792205810547 209.09347534179688 211.12997245788574 209.09347534179688 211.12997245788574 252.83828353881836 193.7792205810547 252.83828353881836
192.49649047851562 209.4433135986328 210.53749465942383 209.4433135986328 210.53749465942383 252.44276428222656 192.49649047851562 252.44276428222656
191.40139770507812 206.9011688232422 207.67226791381836 206.9011688232422 207.67226791381836 249.8130645751953 191.40139770507812 249.8130645751953
191.43087768554688 209.66567993164062 208.3441677093506 209.66567993164062 208.3441677093506 251.8576431274414 191.43087768554688 251.8576431274414
190.50653076171875 210.5240478515625 208.25893020629883 210.5240478515625 208.25893020629883 254.75143814086914 190.50653076171875 254.75143814086914
190.23973083496094 211.21908569335938 208.5749912261963 211.21908569335938 208.5749912261963 256.9181594848633 190.23973083496094 256.9181594848633
190.9408721923828 212.1787109375 208.13237190246582 212.1787109375 208.13237190246582 254.8107681274414 190.9408721923828 254.8107681274414
191.43528747558594 212.5316619873047 208.62466049194336 212.5316619873047 208.62466049194336 254.20694732666016 191.43528747558594 254.20694732666016
192.50411987304688 213.1844940185547 209.1809196472168 213.1844940185547 209.1809196472168 257.62540435791016 192.50411987304688 257.62540435791016
193.4652557373047 214.7352752685547 209.59138107299805 214.7352752685547 209.59138107299805 259.16454696655273 193.4652557373047 259.16454696655273
192.5110626220703 217.383544921875 208.7462272644043 217.383544921875 208.7462272644043 258.7807312011719 192.5110626220703 258.7807312011719
190.5045623779297 216.1659393310547 206.56912231445312 216.1659393310547 206.56912231445312 258.23166275024414 190.5045623779297 258.23166275024414
192.71206665039062 216.92892456054688 208.3396053314209 216.92892456054688 208.3396053314209 259.7686080932617 192.71206665039062 259.7686080932617
191.8385009765625 215.6510772705078 207.40484619140625 215.6510772705078 207.40484619140625 258.0034942626953 191.8385009765625 258.0034942626953
191.40892028808594 213.472900390625 207.0824737548828 213.472900390625 207.0824737548828 257.4129447937012 191.40892028808594 257.4129447937012
190.1924285888672 213.5704803466797 206.44308853149414 213.5704803466797 206.44308853149414 259.2045707702637 190.1924285888672 259.2045707702637
190.36451721191406 216.9081573486328 207.60871505737305 216.9081573486328 207.60871505737305 261.51013565063477 190.36451721191406 261.51013565063477
191.69163513183594 218.6409149169922 209.19196891784668 218.6409149169922 209.19196891784668 261.2123374938965 191.69163513183594 261.2123374938965
193.53936767578125 218.6634063720703 210.81680297851562 218.6634063720703 210.81680297851562 262.5617446899414 193.53936767578125 262.5617446899414
193.70516967773438 219.73440551757812 210.33930587768555 219.73440551757812 210.33930587768555 261.50357818603516 193.70516967773438 261.50357818603516
193.4444122314453 221.4713592529297 210.5300178527832 221.4713592529297 210.5300178527832 264.8595314025879 193.4444122314453 264.8595314025879
193.55897521972656 221.40542602539062 210.95671463012695 221.40542602539062 210.95671463012695 267.10983657836914 193.55897521972656 267.10983657836914
192.3999786376953 220.2569580078125 210.03640174865723 220.2569580078125 210.03640174865723 265.5821647644043 192.3999786376953 265.5821647644043
192.68626403808594 221.52011108398438 210.18878746032715 221.52011108398438 210.18878746032715 266.6187057495117 192.68626403808594 266.6187057495117
190.14328002929688 223.2930450439453 208.53927040100098 223.2930450439453 208.53927040100098 268.6985282897949 190.14328002929688 268.6985282897949
191.17291259765625 222.76394653320312 208.29893112182617 222.76394653320312 208.29893112182617 267.9232864379883 191.17291259765625 267.9232864379883
191.22842407226562 220.7523651123047 208.4091510772705 220.7523651123047 208.4091510772705 267.5608253479004 191.22842407226562 267.5608253479004
191.7030792236328 224.02450561523438 208.81292343139648 224.02450561523438 208.81292343139648 270.95074462890625 191.7030792236328 270.95074462890625
189.0946044921875 223.2389678955078 207.17739486694336 223.2389678955078 207.17739486694336 269.2526321411133 189.0946044921875 269.2526321411133
190.0263671875 224.865478515625 207.6966609954834 224.865478515625 207.6966609954834 271.28154373168945 190.0263671875 271.28154373168945
191.5150909423828 228.0583038330078 210.1987361907959 228.0583038330078 210.1987361907959 277.5018539428711 191.5150909423828 277.5018539428711
192.6915740966797 227.519287109375 210.6816806793213 227.519287109375 210.6816806793213 274.50223541259766 192.6915740966797 274.50223541259766
191.61459350585938 228.3274383544922 210.408296585083 228.3274383544922 210.408296585083 276.0558624267578 191.61459350585938 276.0558624267578
182.65420532226562 229.18704223632812 204.7523651123047 229.18704223632812 204.7523651123047 280.11585235595703 182.65420532226562 280.11585235595703
183.79248046875 231.2467803955078 207.63795852661133 231.2467803955078 207.63795852661133 282.3505325317383 183.79248046875 282.3505325317383
186.60708618164062 227.72311401367188 207.3136806488037 227.72311401367188 207.3136806488037 278.0105972290039 186.60708618164062 278.0105972290039
188.48370361328125 228.9664764404297 212.07128143310547 228.9664764404297 212.07128143310547 281.61975479125977 188.48370361328125 281.61975479125977
194.87741088867188 230.04440307617188 217.43771362304688 230.04440307617188 217.43771362304688 278.1220169067383 194.87741088867188 278.1220169067383
198.65721130371094 232.55215454101562 221.84263038635254 232.55215454101562 221.84263038635254 283.8223571777344 198.65721130371094 283.8223571777344
201.49578857421875 233.19009399414062 225.04723167419434 233.19009399414062 225.04723167419434 285.1535339355469 201.49578857421875 285.1535339355469
191.6018829345703 227.88265991210938 211.56824111938477 227.88265991210938 211.56824111938477 276.467041015625 191.6018829345703 276.467041015625
187.73471069335938 228.40957641601562 206.26305198669434 228.40957641601562 206.26305198669434 276.79082107543945 187.73471069335938 276.79082107543945
188.16220092773438 229.96530151367188 206.75271034240723 229.96530151367188 206.75271034240723 277.1915855407715 188.16220092773438 277.1915855407715
188.14405822753906 231.04348754882812 206.72279739379883 231.04348754882812 206.72279739379883 278.7828598022461 188.14405822753906 278.7828598022461
188.537109375 231.7418670654297 206.9153003692627 231.7418670654297 206.9153003692627 280.91121673583984 188.537109375 280.91121673583984
188.17698669433594 232.02944946289062 207.05567741394043 232.02944946289062 207.05567741394043 280.83189392089844 188.17698669433594 280.83189392089844
187.12017822265625 231.63565063476562 206.61002731323242 231.63565063476562 206.61002731323242 280.54500579833984 187.12017822265625 280.54500579833984
191.06002807617188 234.3029022216797 209.60078811645508 234.3029022216797 209.60078811645508 281.186824798584 191.06002807617188 281.186824798584
190.86273193359375 234.77108764648438 208.6549243927002 234.77108764648438 208.6549243927002 281.5276298522949 190.86273193359375 281.5276298522949
190.16531372070312 236.76611328125 208.62600326538086 236.76611328125 208.62600326538086 283.3240852355957 190.16531372070312 283.3240852355957
190.61941528320312 236.64810180664062 208.85168075561523 236.64810180664062 208.85168075561523 282.6759567260742 190.61941528320312 282.6759567260742
187.90318298339844 232.6534881591797 205.6759433746338 232.6534881591797 205.6759433746338 278.11169815063477 187.90318298339844 278.11169815063477
189.8206024169922 238.2810516357422 208.64885330200195 238.2810516357422 208.64885330200195 286.17097091674805 189.8206024169922 286.17097091674805
187.9219512939453 241.9489288330078 206.3733787536621 241.9489288330078 206.3733787536621 289.30967712402344 187.9219512939453 289.30967712402344
186.05874633789062 239.6007537841797 204.42260932922363 239.6007537841797 204.42260932922363 286.10389709472656 186.05874633789062 286.10389709472656
183.90472412109375 239.48214721679688 202.84219360351562 239.48214721679688 202.84219360351562 287.3327331542969 183.90472412109375 287.3327331542969
183.68914794921875 242.0110626220703 202.9715175628662 242.0110626220703 202.9715175628662 290.18568420410156 183.68914794921875 290.18568420410156
184.28237915039062 242.09439086914062 203.33158683776855 242.09439086914062 203.33158683776855 290.04788970947266 184.28237915039062 290.04788970947266
183.21388244628906 239.61819458007812 202.08573532104492 239.61819458007812 202.08573532104492 288.9134292602539 183.21388244628906 288.9134292602539
182.16180419921875 243.1471710205078 201.9294891357422 243.1471710205078 201.9294891357422 289.99217987060547 182.16180419921875 289.99217987060547
181.8226318359375 243.466796875 201.24666213989258 243.466796875 201.24666213989258 291.9755554199219 181.8226318359375 291.9755554199219
181.33895874023438 245.062255859375 201.59724807739258 245.062255859375 201.59724807739258 295.03863525390625 181.33895874023438 295.03863525390625
180.567626953125 244.81640625 201.1806983947754 244.81640625 201.1806983947754 294.5132255554199 180.567626953125 294.5132255554199
180.78717041015625 243.96142578125 200.22684478759766 243.96142578125 200.22684478759766 292.83129119873047 180.78717041015625 292.83129119873047
180.7581329345703 242.36935424804688 200.19558143615723 242.36935424804688 200.19558143615723 292.1656608581543 180.7581329345703 292.1656608581543
181.19302368164062 243.09317016601562 200.7548484802246 243.09317016601562 200.7548484802246 293.4555130004883 181.19302368164062 293.4555130004883
180.0626220703125 245.80807495117188 200.47377395629883 245.80807495117188 200.47377395629883 296.93946838378906 180.0626220703125 296.93946838378906
181.42434692382812 246.39651489257812 201.61922645568848 246.39651489257812 201.61922645568848 299.7807731628418 181.42434692382812 299.7807731628418
180.94210815429688 246.6450958251953 201.5814723968506 246.6450958251953 201.5814723968506 298.715633392334 180.94210815429688 298.715633392334
179.71499633789062 245.4043426513672 199.9433479309082 245.4043426513672 199.9433479309082 299.59988021850586 179.71499633789062 299.59988021850586
178.5784912109375 246.56954956054688 199.21567726135254 246.56954956054688 199.21567726135254 300.2212600708008 178.5784912109375 300.2212600708008
178.0878143310547 248.5979766845703 200.24235916137695 248.5979766845703 200.24235916137695 301.85667419433594 178.0878143310547 301.85667419433594
177.6385498046875 249.25357055664062 199.3275203704834 249.25357055664062 199.3275203704834 303.74381256103516 177.6385498046875 303.74381256103516
176.99383544921875 248.4272003173828 197.8670196533203 248.4272003173828 197.8670196533203 303.12525939941406 176.99383544921875 303.12525939941406
177.01902770996094 249.12692260742188 197.6767978668213 249.12692260742188 197.6767978668213 300.98912811279297 177.01902770996094 300.98912811279297
176.65638732910156 249.4746856689453 197.9627342224121 249.4746856689453 197.9627342224121 301.023250579834 176.65638732910156 301.023250579834
175.2974853515625 251.3815155029297 196.3809642791748 251.3815155029297 196.3809642791748 303.4325523376465 175.2974853515625 303.4325523376465
173.54263305664062 252.646484375 194.9813747406006 252.646484375 194.9813747406006 303.8058891296387 173.54263305664062 303.8058891296387
173.90748596191406 252.70187377929688 195.51718521118164 252.70187377929688 195.51718521118164 305.9900932312012 173.90748596191406 305.9900932312012
172.76637268066406 251.77865600585938 194.42061233520508 251.77865600585938 194.42061233520508 306.1870651245117 172.76637268066406 306.1870651245117
171.7323760986328 252.4382781982422 192.93890953063965 252.4382781982422 192.93890953063965 307.31568145751953 171.7323760986328 307.31568145751953
170.78329467773438 256.14776611328125 192.56021690368652 256.14776611328125 192.56021690368652 309.59333419799805 170.78329467773438 309.59333419799805
171.82882690429688 256.74957275390625 192.78898429870605 256.74957275390625 192.78898429870605 312.60750579833984 171.82882690429688 312.60750579833984
173.0975341796875 260.02166748046875 193.51092529296875 260.02166748046875 193.51092529296875 314.6622314453125 173.0975341796875 314.6622314453125
173.35177612304688 258.9683532714844 193.638090133667 258.9683532714844 193.638090133667 312.6738090515137 173.35177612304688 312.6738090515137
173.64920043945312 257.9300842285156 194.33550834655762 257.9300842285156 194.33550834655762 312.5767135620117 173.64920043945312 312.5767135620117
175.22128295898438 259.71417236328125 195.98746871948242 259.71417236328125 195.98746871948242 313.7758903503418 175.22128295898438 313.7758903503418
