285.0 206.0 320.0 206.0 320.0 281.0 285.0 281.0
283.91522216796875 207.02658081054688 318.92298126220703 207.02658081054688 318.92298126220703 279.8577117919922 283.91522216796875 279.8577117919922
281.96820068359375 205.9066162109375 317.0229721069336 205.9066162109375 317.0229721069336 279.9142608642578 281.96820068359375 279.9142608642578
279.9873962402344 205.9078826904297 314.8030014038086 205.9078826904297 314.8030014038086 279.22918701171875 279.9873962402344 279.22918701171875
277.8728942871094 203.68685913085938 313.8377914428711 203.68685913085938 313.8377914428711 277.7267532348633 277.8728942871094 277.7267532348633
275.9404296875 202.2945556640625 310.7028503417969 202.2945556640625 310.7028503417969 276.81385803222656 275.9404296875 276.81385803222656
274.9510192871094 201.44598388671875 309.0703811645508 201.44598388671875 309.0703811645508 277.49810791015625 274.9510192871094 277.49810791015625
272.4149475097656 201.8581085205078 306.79899978637695 201.8581085205078 306.79899978637695 277.9650192260742 272.4149475097656 277.9650192260742
270.54986572265625 201.4437255859375 305.92957305908203 201.4437255859375 305.92957305908203 273.7721710205078 270.54986572265625 273.7721710205078
267.45660400390625 201.5410614013672 302.8425979614258 201.5410614013672 302.8425979614258 272.7162170410156 267.45660400390625 272.7162170410156
266.2744140625 198.02655029296875 301.56189346313477 198.02655029296875 301.56189346313477 273.9862823486328 266.2744140625 273.9862823486328
264.58465576171875 198.17147827148438 300.0865592956543 198.17147827148438 300.0865592956543 272.6704635620117 264.58465576171875 272.6704635620117
262.942138671875 194.6473388671875 299.26611328125 194.6473388671875 299.26611328125 273.0612106323242 262.942138671875 273.0612106323242
261.3370361328125 195.69876098632812 296.8618850708008 195.69876098632812 296.8618850708008 271.2333068847656 261.3370361328125 271.2333068847656
259.0357971191406 195.8505859375 295.1144905090332 195.8505859375 295.1144905090332 273.2417984008789 259.0357971191406 273.2417984008789
257.71783447265625 194.19772338867188 292.4716339111328 194.19772338867188 292.4716339111328 270.12965393066406 257.71783447265625 270.12965393066406
255.5957794189453 194.27755737304688 289.92004013061523 194.27755737304688 289.92004013061523 270.5320510864258 255.5957794189453 270.5320510864258
253.9258270263672 194.6735076904297 286.86217498779297 194.6735076904297 286.86217498779297 268.12342834472656 253.9258270263672 268.12342834472656
252.69198608398438 190.7606658935547 285.32018280029297 190.7606658935547 285.32018280029297 265.0969467163086 252.69198608398438 265.0969467163086
251.7411651611328 192.83084106445312 283.99571990966797 192.83084106445312 283.99571990966797 263.75499725341797 251.7411651611328 263.75499725341797
251.00021362304688 192.4505615234375 283.19811248779297 192.4505615234375 283.19811248779297 263.339111328125 251.00021362304688 263.339111328125
250.02590942382812 192.72256469726562 282.81468963623047 192.72256469726562 282.81468963623047 263.3461380004883 250.02590942382812 263.3461380004883
249.2286834716797 193.97569274902344 281.8739814758301 193.97569274902344 281.8739814758301 262.3154067993164 249.2286834716797 262.3154067993164
247.74740600585938 191.52267456054688 279.89879989624023 191.52267456054688 279.89879989624023 261.9519958496094 247.74740600585938 261.9519958496094
246.9320831298828 191.0653076171875 279.46826553344727 191.0653076171875 279.46826553344727 260.5144958496094 246.9320831298828 260.5144958496094
246.1357421875 189.09765625 277.9201469421387 189.09765625 277.9201469421387 258.55079650878906 246.1357421875 258.55079650878906
257.036376953125 184.781982421875 291.28186416625977 184.781982421875 291.28186416625977 256.2456588745117 257.036376953125 256.2456588745117
266.1241149902344 187.9953155517578 304.6600341796875 187.9953155517578 304.6600341796875 258.8288345336914 266.1241149902344 258.8288345336914
280.7892150878906 185.90353393554688 316.87415313720703 185.90353393554688 316.87415313720703 258.3954620361328 280.7892150878906 258.3954620361328
296.06597900390625 183.14425659179688 331.9159164428711 183.14425659179688 331.9159164428711 255.7740936279297 296.06597900390625 255.7740936279297
311.6834716796875 183.7611083984375 347.4323196411133 183.7611083984375 347.4323196411133 254.91712188720703 311.6834716796875 254.91712188720703
325.7739562988281 187.4852752685547 362.86458587646484 187.4852752685547 362.86458587646484 254.28681182861328 325.7739562988281 254.28681182861328
337.3037109375 180.60760498046875 374.92932891845703 180.60760498046875 374.92932891845703 252.9566879272461 337.3037109375 252.9566879272461
351.8724060058594 183.3737030029297 388.77637100219727 183.3737030029297 388.77637100219727 250.28156280517578 351.8724060058594 250.28156280517578
360.9407958984375 182.83445739746094 398.6146354675293 182.83445739746094 398.6146354675293 252.94432830810547 360.9407958984375 252.94432830810547
375.412109375 180.34365844726562 412.9714660644531 180.34365844726562 412.9714660644531 248.2145233154297 375.412109375 248.2145233154297
386.4772033691406 179.55380249023438 422.2122917175293 179.55380249023438 422.2122917175293 248.78623962402344 386.4772033691406 248.78623962402344
400.696044921875 180.61395263671875 436.7842330932617 180.61395263671875 436.7842330932617 246.8801040649414 400.696044921875 246.8801040649414
418.3511657714844 177.48495483398438 456.42481231689453 177.48495483398438 456.42481231689453 247.37943267822266 418.3511657714844 247.37943267822266
427.88604736328125 181.40292358398438 463.6641731262207 181.40292358398438 463.6641731262207 244.94120407104492 427.88604736328125 244.94120407104492
443.7216796875 179.06521606445312 480.7498893737793 179.06521606445312 480.7498893737793 246.21952056884766 443.7216796875 246.21952056884766
466.6907653808594 174.55064392089844 502.5532035827637 174.55064392089844 502.5532035827637 242.56153869628906 466.6907653808594 242.56153869628906
483.18157958984375 174.13255310058594 519.6280899047852 174.13255310058594 519.6280899047852 242.73468017578125 483.18157958984375 242.73468017578125
511.98565673828125 172.18821716308594 544.6761322021484 172.18821716308594 544.6761322021484 242.2392578125 511.98565673828125 242.2392578125
545.612548828125 169.02932739257812 578.2214431762695 169.02932739257812 578.2214431762695 238.90554809570312 545.612548828125 238.90554809570312
548.7285766601562 169.82647705078125 582.7323837280273 169.82647705078125 582.7323837280273 236.5605239868164 548.7285766601562 236.5605239868164
549.2251586914062 168.12657165527344 581.1725769042969 168.12657165527344 581.1725769042969 234.11170196533203 549.2251586914062 234.11170196533203
549.0076293945312 169.48141479492188 581.3502502441406 169.48141479492188 581.3502502441406 232.72610473632812 549.0076293945312 232.72610473632812
549.3824462890625 167.3283233642578 581.0274314880371 167.3283233642578 581.0274314880371 233.2958221435547 549.3824462890625 233.2958221435547
548.6051025390625 166.9544219970703 578.9754695892334 166.9544219970703 578.9754695892334 232.16899871826172 548.6051025390625 232.16899871826172
548.0794677734375 163.73402404785156 578.4975185394287 163.73402404785156 578.4975185394287 229.47230529785156 548.0794677734375 229.47230529785156
547.4586791992188 163.69512939453125 577.47487449646 163.69512939453125 577.47487449646 229.88079833984375 547.4586791992188 229.88079833984375
548.1154174804688 164.93753051757812 576.6632289886475 164.93753051757812 576.6632289886475 229.41275024414062 548.1154174804688 229.41275024414062
547.7505493164062 161.43527221679688 577.231725692749 161.43527221679688 577.231725692749 227.61141967773438 547.7505493164062 227.61141967773438
546.9177856445312 161.1698760986328 576.389181137085 161.1698760986328 576.389181137085 229.10989379882812 546.9177856445312 229.10989379882812
547.0739135742188 160.94088745117188 577.1796360015869 160.94088745117188 577.1796360015869 227.66748046875 547.0739135742188 227.66748046875
548.595703125 159.29434204101562 578.1026496887207 159.29434204101562 578.1026496887207 225.63723754882812 548.595703125 225.63723754882812
548.5130004882812 158.77406311035156 578.0296630859375 158.77406311035156 578.0296630859375 225.8944854736328 548.5130004882812 225.8944854736328
550.1793212890625 157.6496124267578 580.1235237121582 157.6496124267578 580.1235237121582 223.88968658447266 550.1793212890625 223.88968658447266
551.7330322265625 157.43472290039062 581.1060428619385 157.43472290039062 581.1060428619385 222.57669830322266 551.7330322265625 222.57669830322266
552.6790771484375 158.60609436035156 582.6632595062256 158.60609436035156 582.6632595062256 222.29279327392578 552.6790771484375 222.29279327392578
553.1839599609375 157.66868591308594 582.0096988677979 157.66868591308594 582.0096988677979 221.3796157836914 553.1839599609375 221.3796157836914
554.6178588867188 158.0212860107422 583.8699340820312 158.0212860107422 583.8699340820312 218.9114532470703 554.6178588867188 218.9114532470703
556.385498046875 154.98291015625 584.8012199401855 154.98291015625 584.8012199401855 220.0779266357422 556.385498046875 220.0779266357422
557.7059326171875 154.0667724609375 585.7329711914062 154.0667724609375 585.7329711914062 217.8985595703125 557.7059326171875 217.8985595703125
558.2020263671875 152.99916076660156 586.0310573577881 152.99916076660156 586.0310573577881 217.6339340209961 558.2020263671875 217.6339340209961
558.9004516601562 153.05368041992188 586.4376792907715 153.05368041992188 586.4376792907715 217.7430419921875 558.9004516601562 217.7430419921875
559.3070068359375 154.04107666015625 588.2735939025879 154.04107666015625 588.2735939025879 216.79159545898438 559.3070068359375 216.79159545898438
542.2958374023438 152.640869140625 574.2389888763428 152.640869140625 574.2389888763428 215.6714096069336 542.2958374023438 215.6714096069336
530.2916259765625 153.2851104736328 563.2850723266602 153.2851104736328 563.2850723266602 216.41570281982422 530.2916259765625 216.41570281982422
516.2510375976562 149.65814208984375 548.2098999023438 149.65814208984375 548.2098999023438 214.39559173583984 516.2510375976562 214.39559173583984
502.96954345703125 153.5955352783203 536.5539474487305 153.5955352783203 536.5539474487305 216.2117576599121 502.96954345703125 216.2117576599121
491.6983337402344 150.8534698486328 524.6456909179688 150.8534698486328 524.6456909179688 214.75078582763672 491.6983337402344 214.75078582763672
472.31689453125 148.6426544189453 506.95273208618164 148.6426544189453 506.95273208618164 213.7345733642578 472.31689453125 213.7345733642578
453.43377685546875 150.3018035888672 487.9644584655762 150.3018035888672 487.9644584655762 212.20013046264648 453.43377685546875 212.20013046264648
431.37493896484375 152.43515014648438 463.7447204589844 152.43515014648438 463.7447204589844 213.19804000854492 431.37493896484375 213.19804000854492
411.3092346191406 149.00523376464844 444.31993865966797 149.00523376464844 444.31993865966797 210.75793075561523 411.3092346191406 210.75793075561523
393.4058532714844 147.2271728515625 428.82418060302734 147.2271728515625 428.82418060302734 210.75228118896484 393.4058532714844 210.75228118896484
384.14031982421875 147.1631622314453 417.73351669311523 147.1631622314453 417.73351669311523 211.95120239257812 384.14031982421875 211.95120239257812
368.2272033691406 149.77127075195312 402.5782241821289 149.77127075195312 402.5782241821289 212.50159454345703 368.2272033691406 212.50159454345703
358.43280029296875 147.7134246826172 391.9024238586426 147.7134246826172 391.9024238586426 211.50294494628906 358.43280029296875 211.50294494628906
342.96002197265625 147.48548889160156 377.7823600769043 147.48548889160156 377.7823600769043 212.41104125976562 342.96002197265625 212.41104125976562
319.2361755371094 146.2052459716797 354.09405517578125 146.2052459716797 354.09405517578125 211.34589385986328 319.2361755371094 211.34589385986328
301.7346496582031 148.79324340820312 336.11552810668945 148.79324340820312 336.11552810668945 209.87534713745117 301.7346496582031 209.87534713745117
283.6683044433594 147.31163024902344 319.10730743408203 147.31163024902344 319.10730743408203 210.08615493774414 283.6683044433594 210.08615493774414
267.17010498046875 146.1585235595703 302.6312942504883 146.1585235595703 302.6312942504883 210.56403350830078 267.17010498046875 210.56403350830078
252.5379180908203 142.82679748535156 285.2504539489746 142.82679748535156 285.2504539489746 207.7198028564453 252.5379180908203 207.7198028564453
253.35537719726562 143.66372680664062 284.36882400512695 143.66372680664062 284.36882400512695 206.37596893310547 253.35537719726562 206.37596893310547
255.0894317626953 144.74888610839844 283.8838596343994 144.74888610839844 283.8838596343994 208.09595489501953 255.0894317626953 208.09595489501953
255.8044891357422 142.7619171142578 283.66623306274414 142.7619171142578 283.66623306274414 207.0513916015625 255.8044891357422 207.0513916015625
255.70175170898438 140.2836456298828 283.760778427124 140.2836456298828 283.760778427124 205.39576721191406 255.70175170898438 205.39576721191406
256.6980285644531 141.44650268554688 284.4827079772949 141.44650268554688 284.4827079772949 206.23242950439453 256.6980285644531 206.23242950439453
257.7176513671875 139.88067626953125 286.6342716217041 139.88067626953125 286.6342716217041 203.9503936767578 257.7176513671875 203.9503936767578
259.2084045410156 139.0464324951172 287.0670680999756 139.0464324951172 287.0670680999756 202.3382339477539 259.2084045410156 202.3382339477539
259.979248046875 139.9185333251953 287.9955940246582 139.9185333251953 287.9955940246582 202.38007354736328 259.979248046875 202.38007354736328
261.0768737792969 138.75161743164062 289.3007354736328 138.75161743164062 289.3007354736328 201.70507049560547 261.0768737792969 201.70507049560547
261.1324768066406 140.32630920410156 289.6526222229004 140.32630920410156 289.6526222229004 201.41433334350586 261.1324768066406 201.41433334350586
262.16131591796875 140.08212280273438 289.57879638671875 140.08212280273438 289.57879638671875 200.45182418823242 262.16131591796875 200.45182418823242
244.4600830078125 137.4216766357422 276.9993209838867 137.4216766357422 276.9993209838867 197.85929107666016 244.4600830078125 197.85929107666016
218.9574737548828 140.7400665283203 248.11985397338867 140.7400665283203 248.11985397338867 203.23096084594727 218.9574737548828 203.23096084594727
186.9248809814453 140.28500366210938 219.88773345947266 140.28500366210938 219.88773345947266 202.96929168701172 186.9248809814453 202.96929168701172
173.1773223876953 143.44461059570312 202.9149684906006 143.44461059570312 202.9149684906006 207.16822052001953 173.1773223876953 207.16822052001953
153.47323608398438 135.29586791992188 182.69272804260254 135.29586791992188 182.69272804260254 197.85964965820312 153.47323608398438 197.85964965820312
154.8966522216797 136.4665985107422 185.53119277954102 136.4665985107422 185.53119277954102 198.9579620361328 154.8966522216797 198.9579620361328
156.98922729492188 134.7919464111328 185.86466026306152 134.7919464111328 185.86466026306152 196.32025909423828 156.98922729492188 196.32025909423828
158.077880859375 135.5238494873047 187.00514221191406 135.5238494873047 187.00514221191406 194.81664276123047 158.077880859375 194.81664276123047
158.51773071289062 134.53700256347656 187.1518096923828 134.53700256347656 187.1518096923828 196.77750396728516 158.51773071289062 196.77750396728516
159.76785278320312 133.19569396972656 188.07443237304688 133.19569396972656 188.07443237304688 196.98444366455078 159.76785278320312 196.98444366455078
160.2705078125 135.05169677734375 187.1008644104004 135.05169677734375 187.1008644104004 195.86574172973633 160.2705078125 195.86574172973633
160.37368774414062 133.3672637939453 188.96120071411133 133.3672637939453 188.96120071411133 194.78802108764648 160.37368774414062 194.78802108764648
161.62635803222656 135.16293334960938 189.75728225708008 135.16293334960938 189.75728225708008 192.70030975341797 161.62635803222656 192.70030975341797
162.6964111328125 133.19705200195312 189.91921997070312 133.19705200195312 189.91921997070312 194.26981353759766 162.6964111328125 194.26981353759766
162.79937744140625 131.8731231689453 190.94998168945312 131.8731231689453 190.94998168945312 193.8691864013672 162.79937744140625 193.8691864013672
163.0511932373047 132.89028930664062 190.39113235473633 132.89028930664062 190.39113235473633 194.18923950195312 163.0511932373047 194.18923950195312
164.11294555664062 133.6999053955078 191.1404151916504 133.6999053955078 191.1404151916504 193.86928939819336 164.11294555664062 193.86928939819336
164.4369659423828 133.39572143554688 192.51773071289062 133.39572143554688 192.51773071289062 192.61115264892578 164.4369659423828 192.61115264892578
165.67025756835938 132.1038055419922 192.84108543395996 132.1038055419922 192.84108543395996 191.90051651000977 165.67025756835938 191.90051651000977
167.1787567138672 130.3075408935547 194.96763610839844 130.3075408935547 194.96763610839844 191.2627182006836 167.1787567138672 191.2627182006836
168.28880310058594 129.60025024414062 196.3741340637207 129.60025024414062 196.3741340637207 190.27858352661133 168.28880310058594 190.27858352661133
170.04507446289062 129.99179077148438 197.72543716430664 129.99179077148438 197.72543716430664 189.02543258666992 170.04507446289062 189.02543258666992
170.26187133789062 127.53715515136719 199.55038452148438 127.53715515136719 199.55038452148438 189.97608947753906 170.26187133789062 189.97608947753906
172.15208435058594 125.78312683105469 200.28794860839844 125.78312683105469 200.28794860839844 188.80601501464844 172.15208435058594 188.80601501464844
173.41775512695312 127.1334457397461 201.35443115234375 127.1334457397461 201.35443115234375 187.14658737182617 173.41775512695312 187.14658737182617
173.68630981445312 127.64122009277344 201.78899002075195 127.64122009277344 201.78899002075195 185.79912948608398 173.68630981445312 185.79912948608398
172.82040405273438 147.4675750732422 201.23451805114746 147.4675750732422 201.23451805114746 213.51850128173828 172.82040405273438 213.51850128173828
177.59939575195312 171.12979125976562 204.2611846923828 171.12979125976562 204.2611846923828 236.56824493408203 177.59939575195312 236.56824493408203
178.7261505126953 190.8485565185547 204.72117233276367 190.8485565185547 204.72117233276367 254.6730613708496 178.7261505126953 254.6730613708496
180.16566467285156 209.6389923095703 205.16689109802246 209.6389923095703 205.16689109802246 272.35497665405273 180.16566467285156 272.35497665405273
180.11476135253906 215.7451934814453 205.82472229003906 215.7451934814453 205.82472229003906 275.6079864501953 180.11476135253906 275.6079864501953
179.66610717773438 216.7597198486328 206.84482383728027 216.7597198486328 206.84482383728027 274.18965911865234 179.66610717773438 274.18965911865234
180.01614379882812 213.7954559326172 206.21895217895508 213.7954559326172 206.21895217895508 275.60460662841797 180.01614379882812 275.60460662841797
180.68409729003906 214.4612274169922 206.5885066986084 214.4612274169922 206.5885066986084 275.78760528564453 180.68409729003906 275.78760528564453
180.41610717773438 213.0402374267578 206.16746520996094 213.0402374267578 206.16746520996094 275.72843170166016 180.41610717773438 275.72843170166016
180.971923828125 215.9059600830078 207.31531715393066 215.9059600830078 207.31531715393066 273.42651748657227 180.971923828125 273.42651748657227
182.0530242919922 214.420166015625 208.5871124267578 214.420166015625 208.5871124267578 273.3935241699219 182.0530242919922 273.3935241699219
183.02420043945312 213.16024780273438 209.21284103393555 213.16024780273438 209.21284103393555 272.7418746948242 183.02420043945312 272.7418746948242
183.10707092285156 211.3527374267578 210.3187313079834 211.3527374267578 210.3187313079834 271.7396011352539 183.10707092285156 271.7396011352539
184.90335083007812 211.7151641845703 211.95750045776367 211.7151641845703 211.95750045776367 269.64477157592773 184.90335083007812 269.64477157592773
187.48184204101562 213.0526885986328 214.5775203704834 213.0526885986328 214.5775203704834 271.6448402404785 187.48184204101562 271.6448402404785
188.69827270507812 211.6687774658203 215.57716369628906 211.6687774658203 215.57716369628906 271.53723907470703 188.69827270507812 271.53723907470703
190.7864532470703 212.40829467773438 218.0196189880371 212.40829467773438 218.0196189880371 269.4225158691406 190.7864532470703 269.4225158691406
193.08209228515625 208.3563232421875 220.41932106018066 208.3563232421875 220.41932106018066 269.3890571594238 193.08209228515625 269.3890571594238
193.9796142578125 209.0321807861328 220.76333045959473 209.0321807861328 220.76333045959473 267.68932342529297 193.9796142578125 267.68932342529297
195.01419067382812 208.68148803710938 222.30365371704102 208.68148803710938 222.30365371704102 267.1026611328125 195.01419067382812 267.1026611328125
198.56204223632812 208.36825561523438 225.71364212036133 208.36825561523438 225.71364212036133 267.1829719543457 198.56204223632812 267.1829719543457
199.68392944335938 210.538818359375 227.47744369506836 210.538818359375 227.47744369506836 268.6867446899414 199.68392944335938 268.6867446899414
