420.0 287.0 452.0 287.0 452.0 377.0 420.0 377.0
417.12677001953125 290.0225830078125 450.33195877075195 290.0225830078125 450.33195877075195 375.3942413330078 417.12677001953125 375.3942413330078
415.70269775390625 290.30389404296875 448.13890838623047 290.30389404296875 448.13890838623047 376.9507598876953 415.70269775390625 376.9507598876953
414.816650390625 288.31243896484375 446.6837921142578 288.31243896484375 446.6837921142578 375.901611328125 414.816650390625 375.901611328125
413.67218017578125 289.00396728515625 444.2332363128662 289.00396728515625 444.2332363128662 376.55701446533203 413.67218017578125 376.55701446533203
412.0672302246094 285.81195068359375 442.75612449645996 285.81195068359375 442.75612449645996 374.3977584838867 412.0672302246094 374.3977584838867
410.270263671875 285.43988037109375 440.96963119506836 285.43988037109375 440.96963119506836 372.92259216308594 410.270263671875 372.92259216308594
407.67864990234375 283.77593994140625 439.7013168334961 283.77593994140625 439.7013168334961 373.2600631713867 407.67864990234375 373.2600631713867
406.4545593261719 282.75372314453125 437.13698959350586 282.75372314453125 437.13698959350586 372.82669830322266 406.4545593261719 372.82669830322266
403.90020751953125 284.0690002441406 436.8603286743164 284.0690002441406 436.8603286743164 373.9732971191406 403.90020751953125 373.9732971191406
402.4403381347656 284.41815185546875 434.16277503967285 284.41815185546875 434.16277503967285 373.59593963623047 402.4403381347656 373.59593963623047
400.7684020996094 286.67315673828125 433.6598663330078 286.67315673828125 433.6598663330078 373.3767852783203 400.7684020996094 373.3767852783203
399.22845458984375 286.35394287109375 432.00598907470703 286.35394287109375 432.00598907470703 373.510986328125 399.22845458984375 373.510986328125
398.1871337890625 284.312744140625 431.4086227416992 284.312744140625 431.4086227416992 372.43383026123047 398.1871337890625 372.43383026123047
397.3375549316406 282.1431579589844 428.9855613708496 282.1431579589844 428.9855613708496 374.29673767089844 397.3375549316406 374.29673767089844
396.2079162597656 279.7559814453125 427.17535400390625 279.7559814453125 427.17535400390625 375.1969528198242 396.2079162597656 375.1969528198242
394.3558349609375 277.45330810546875 426.4342269897461 277.45330810546875 426.4342269897461 371.16217041015625 394.3558349609375 371.16217041015625
393.28228759765625 280.67535400390625 423.5063018798828 280.67535400390625 423.5063018798828 372.20577239990234 393.28228759765625 372.20577239990234
390.8139953613281 283.2637023925781 422.6749267578125 283.2637023925781 422.6749267578125 370.44994354248047 390.8139953613281 370.44994354248047
388.3960876464844 281.4934997558594 421.9226303100586 281.4934997558594 421.9226303100586 369.5635452270508 388.3960876464844 369.5635452270508
386.2514953613281 283.51055908203125 421.34533309936523 283.51055908203125 421.34533309936523 370.3101501464844 386.2514953613281 370.3101501464844
385.35760498046875 282.2928161621094 419.63057708740234 282.2928161621094 419.63057708740234 371.09088134765625 385.35760498046875 371.09088134765625
383.6285400390625 278.5651550292969 419.6659812927246 278.5651550292969 419.6659812927246 369.2637176513672 383.6285400390625 369.2637176513672
382.62823486328125 279.03955078125 418.50104904174805 279.03955078125 418.50104904174805 366.8196029663086 382.62823486328125 366.8196029663086
381.37908935546875 276.98779296875 418.77408599853516 276.98779296875 418.77408599853516 366.52427673339844 381.37908935546875 366.52427673339844
380.35107421875 277.50787353515625 416.61925888061523 277.50787353515625 416.61925888061523 366.54293060302734 380.35107421875 366.54293060302734
378.65850830078125 275.6005859375 415.9677734375 275.6005859375 415.9677734375 366.74403381347656 378.65850830078125 366.74403381347656
377.7950134277344 276.66900634765625 414.5261001586914 276.66900634765625 414.5261001586914 368.3656997680664 377.7950134277344 368.3656997680664
376.2181091308594 279.1614685058594 412.2789993286133 279.1614685058594 412.2789993286133 366.99866485595703 376.2181091308594 366.99866485595703
375.1002502441406 277.24310302734375 411.9835014343262 277.24310302734375 411.9835014343262 367.0196075439453 375.1002502441406 367.0196075439453
374.91973876953125 277.9523010253906 409.2955856323242 277.9523010253906 409.2955856323242 366.8904037475586 374.91973876953125 366.8904037475586
373.39739990234375 274.3662109375 409.2126998901367 274.3662109375 409.2126998901367 365.01576232910156 373.39739990234375 365.01576232910156
372.9197082519531 272.3505554199219 408.0725326538086 272.3505554199219 408.0725326538086 365.0562973022461 372.9197082519531 365.0562973022461
372.73541259765625 272.0482177734375 406.57072830200195 272.0482177734375 406.57072830200195 363.1396713256836 372.73541259765625 363.1396713256836
372.2575378417969 272.5014343261719 404.0696563720703 272.5014343261719 404.0696563720703 363.63499450683594 372.2575378417969 363.63499450683594
369.8328552246094 269.66680908203125 403.12070083618164 269.66680908203125 403.12070083618164 362.53841400146484 369.8328552246094 362.53841400146484
368.616943359375 270.3046875 401.94655990600586 270.3046875 401.94655990600586 361.73785400390625 368.616943359375 361.73785400390625
367.1380615234375 272.7176818847656 401.19991302490234 272.7176818847656 401.19991302490234 361.20255279541016 367.1380615234375 361.20255279541016
365.66064453125 273.42462158203125 399.95140838623047 273.42462158203125 399.95140838623047 359.4547576904297 365.66064453125 359.4547576904297
365.66131591796875 275.0188903808594 400.2942428588867 275.0188903808594 400.2942428588867 360.48512268066406 365.66131591796875 360.48512268066406
365.0956115722656 275.13458251953125 400.1795883178711 275.13458251953125 400.1795883178711 361.7895736694336 365.0956115722656 361.7895736694336
365.2360534667969 274.2152404785156 400.6734046936035 274.2152404785156 400.6734046936035 361.8571243286133 365.2360534667969 361.8571243286133
363.8071594238281 271.4814147949219 400.44744873046875 271.4814147949219 400.44744873046875 359.20445251464844 363.8071594238281 359.20445251464844
362.49456787109375 270.5955810546875 399.06592559814453 270.5955810546875 399.06592559814453 359.38265228271484 362.49456787109375 359.38265228271484
362.6616516113281 268.32159423828125 398.7485809326172 268.32159423828125 398.7485809326172 358.36002349853516 362.6616516113281 358.36002349853516
360.8551025390625 270.07989501953125 396.99930572509766 270.07989501953125 396.99930572509766 358.93392181396484 360.8551025390625 358.93392181396484
361.61572265625 269.24798583984375 397.82734298706055 269.24798583984375 397.82734298706055 358.9276580810547 361.61572265625 358.9276580810547
360.2695007324219 269.7774353027344 396.60640716552734 269.7774353027344 396.60640716552734 359.3996124267578 360.2695007324219 359.3996124267578
359.0251159667969 268.77716064453125 395.3738021850586 268.77716064453125 395.3738021850586 359.33204650878906 359.0251159667969 359.33204650878906
358.63232421875 268.2772521972656 393.02294540405273 268.2772521972656 393.02294540405273 359.3637466430664 358.63232421875 359.3637466430664
357.96575927734375 269.9382629394531 390.949031829834 269.9382629394531 390.949031829834 361.61437225341797 357.96575927734375 361.61437225341797
356.390869140625 263.6282653808594 390.09865951538086 263.6282653808594 390.09865951538086 358.8482971191406 356.390869140625 358.8482971191406
355.4728088378906 261.51873779296875 388.66242599487305 261.51873779296875 388.66242599487305 355.3535919189453 355.4728088378906 355.3535919189453
354.315185546875 261.7085266113281 386.37317276000977 261.7085266113281 386.37317276000977 356.05631256103516 354.315185546875 356.05631256103516
353.3846130371094 262.28497314453125 385.030517578125 262.28497314453125 385.030517578125 356.1720504760742 353.3846130371094 356.1720504760742
351.85504150390625 262.29248046875 385.65057373046875 262.29248046875 385.65057373046875 353.1819381713867 351.85504150390625 353.1819381713867
350.2390441894531 262.9828796386719 384.9438781738281 262.9828796386719 384.9438781738281 351.7404327392578 350.2390441894531 351.7404327392578
349.73883056640625 264.9226989746094 384.52828216552734 264.9226989746094 384.52828216552734 353.4529113769531 349.73883056640625 353.4529113769531
349.10980224609375 263.7408752441406 383.86943435668945 263.7408752441406 383.86943435668945 352.1063919067383 349.10980224609375 352.1063919067383
348.26202392578125 264.1802062988281 383.2238998413086 264.1802062988281 383.2238998413086 353.11419677734375 348.26202392578125 353.11419677734375
347.26690673828125 257.78692626953125 383.5217056274414 257.78692626953125 383.5217056274414 353.04811096191406 347.26690673828125 353.04811096191406
346.2535095214844 257.6966247558594 382.5183906555176 257.6966247558594 382.5183906555176 351.7754364013672 346.2535095214844 351.7754364013672
345.1116638183594 256.3470153808594 380.49775314331055 256.3470153808594 380.49775314331055 352.81053924560547 345.1116638183594 352.81053924560547
344.02142333984375 258.114501953125 379.0275344848633 258.114501953125 379.0275344848633 349.7919158935547 344.02142333984375 349.7919158935547
343.38482666015625 256.7140197753906 379.385009765625 256.7140197753906 379.385009765625 352.14049530029297 343.38482666015625 352.14049530029297
342.073486328125 259.929443359375 378.19066619873047 259.929443359375 378.19066619873047 350.97782135009766 342.073486328125 350.97782135009766
340.998779296875 258.6689758300781 377.50133514404297 258.6689758300781 377.50133514404297 352.10680389404297 340.998779296875 352.10680389404297
339.61724853515625 257.34869384765625 375.6258430480957 257.34869384765625 375.6258430480957 352.5084228515625 339.61724853515625 352.5084228515625
339.42694091796875 254.9973602294922 374.87035751342773 254.9973602294922 374.87035751342773 354.03273010253906 339.42694091796875 354.03273010253906
339.5713195800781 252.96328735351562 371.8766403198242 252.96328735351562 371.8766403198242 349.8181838989258 339.5713195800781 349.8181838989258
338.28369140625 250.8097381591797 371.86034393310547 250.8097381591797 371.86034393310547 349.3929138183594 338.28369140625 349.3929138183594
336.3028869628906 251.5886688232422 368.6566047668457 251.5886688232422 368.6566047668457 348.53658294677734 336.3028869628906 348.53658294677734
335.82952880859375 253.11044311523438 367.158447265625 253.11044311523438 367.158447265625 347.1799850463867 335.82952880859375 347.1799850463867
334.0283203125 252.28561401367188 366.5655746459961 252.28561401367188 366.5655746459961 345.27100372314453 334.0283203125 345.27100372314453
332.51605224609375 252.1107177734375 366.5718994140625 252.1107177734375 366.5718994140625 343.8123245239258 332.51605224609375 343.8123245239258
332.3430480957031 255.7523651123047 366.06303787231445 255.7523651123047 366.06303787231445 345.25718688964844 332.3430480957031 345.25718688964844
329.82403564453125 253.1471405029297 366.14990997314453 253.1471405029297 366.14990997314453 343.3410110473633 329.82403564453125 343.3410110473633
329.8966369628906 251.52139282226562 365.43019104003906 251.52139282226562 365.43019104003906 343.61263275146484 329.8966369628906 343.61263275146484
328.39849853515625 250.18405151367188 364.4397087097168 250.18405151367188 364.4397087097168 343.5188446044922 328.39849853515625 343.5188446044922
328.29345703125 251.20849609375 362.77593994140625 251.20849609375 362.77593994140625 343.37632751464844 328.29345703125 343.37632751464844
327.5149841308594 248.2954559326172 362.85247802734375 248.2954559326172 362.85247802734375 342.6018600463867 327.5149841308594 342.6018600463867
324.25555419921875 246.1877899169922 360.1161918640137 246.1877899169922 360.1161918640137 340.89002227783203 324.25555419921875 340.89002227783203
324.5310363769531 247.74014282226562 361.0257339477539 247.74014282226562 361.0257339477539 345.13707733154297 324.5310363769531 345.13707733154297
323.3982849121094 245.59213256835938 360.05542755126953 245.59213256835938 360.05542755126953 344.8949432373047 323.3982849121094 344.8949432373047
321.85369873046875 247.2547607421875 357.5364074707031 247.2547607421875 357.5364074707031 343.7382278442383 321.85369873046875 343.7382278442383
320.4986877441406 246.30044555664062 357.132755279541 246.30044555664062 357.132755279541 344.8787384033203 320.4986877441406 344.8787384033203
320.5586242675781 249.43240356445312 354.6312255859375 249.43240356445312 354.6312255859375 344.6655502319336 320.5586242675781 344.6655502319336
320.02392578125 245.25515747070312 353.08055877685547 245.25515747070312 353.08055877685547 342.0544128417969 320.02392578125 342.0544128417969
319.0220947265625 245.85791015625 351.5486526489258 245.85791015625 351.5486526489258 340.30189514160156 319.0220947265625 340.30189514160156
318.8328552246094 244.74905395507812 350.3816947937012 244.74905395507812 350.3816947937012 339.5511016845703 318.8328552246094 339.5511016845703
316.8022155761719 242.61276245117188 347.73121070861816 242.61276245117188 347.73121070861816 335.25318908691406 316.8022155761719 335.25318908691406
316.29571533203125 245.3280792236328 347.08509826660156 245.3280792236328 347.08509826660156 333.46712493896484 316.29571533203125 333.46712493896484
314.59918212890625 245.17471313476562 346.3211727142334 245.17471313476562 346.3211727142334 332.8717498779297 314.59918212890625 332.8717498779297
313.26190185546875 245.8547821044922 346.4149360656738 245.8547821044922 346.4149360656738 331.73807525634766 313.26190185546875 331.73807525634766
311.24237060546875 249.1608123779297 344.90697479248047 249.1608123779297 344.90697479248047 332.9130630493164 311.24237060546875 332.9130630493164
310.77374267578125 249.46005249023438 343.9959716796875 249.46005249023438 343.9959716796875 333.7057189941406 310.77374267578125 333.7057189941406
313.04608154296875 245.2420654296875 347.10615158081055 245.2420654296875 347.10615158081055 341.03609466552734 313.04608154296875 341.03609466552734
317.6653747558594 241.430908203125 355.3383483886719 241.430908203125 355.3383483886719 336.18788146972656 317.6653747558594 336.18788146972656
322.51556396484375 238.34542846679688 358.8578910827637 238.34542846679688 358.8578910827637 335.3350143432617 322.51556396484375 335.3350143432617
322.66644287109375 240.1233367919922 362.33498764038086 240.1233367919922 362.33498764038086 335.02734375 322.66644287109375 335.02734375
326.8144836425781 238.7917938232422 364.6447067260742 238.7917938232422 364.6447067260742 337.9643859863281 326.8144836425781 337.9643859863281
327.3435974121094 243.041748046875 365.8438529968262 243.041748046875 365.8438529968262 334.45479583740234 327.3435974121094 334.45479583740234
330.7890319824219 242.93115234375 368.24149322509766 242.93115234375 368.24149322509766 335.56507873535156 330.7890319824219 335.56507873535156
334.73114013671875 241.83132934570312 374.7264709472656 241.83132934570312 374.7264709472656 335.29637908935547 334.73114013671875 335.29637908935547
338.05731201171875 238.6903839111328 377.2555465698242 238.6903839111328 377.2555465698242 333.34983825683594 338.05731201171875 333.34983825683594
342.97705078125 238.62283325195312 379.2794647216797 238.62283325195312 379.2794647216797 334.25563049316406 342.97705078125 334.25563049316406
345.1090393066406 236.50439453125 381.3694725036621 236.50439453125 381.3694725036621 331.6919708251953 345.1090393066406 331.6919708251953
348.5812683105469 233.05813598632812 385.0075263977051 233.05813598632812 385.0075263977051 328.9085006713867 348.5812683105469 328.9085006713867
352.109619140625 233.3905029296875 388.4412536621094 233.3905029296875 388.4412536621094 324.7096481323242 352.109619140625 324.7096481323242
354.662841796875 234.772216796875 391.74195098876953 234.772216796875 391.74195098876953 325.8175582885742 354.662841796875 325.8175582885742
357.7427673339844 235.2093505859375 395.6626968383789 235.2093505859375 395.6626968383789 323.06156158447266 357.7427673339844 323.06156158447266
360.52130126953125 238.80538940429688 397.4242057800293 238.80538940429688 397.4242057800293 324.6455535888672 360.52130126953125 324.6455535888672
363.4521179199219 238.92343139648438 400.3755226135254 238.92343139648438 400.3755226135254 321.7751007080078 363.4521179199219 321.7751007080078
366.9912109375 235.0844268798828 405.19933319091797 235.0844268798828 405.19933319091797 323.10052490234375 366.9912109375 323.10052490234375
372.01214599609375 235.07919311523438 407.86956787109375 235.07919311523438 407.86956787109375 324.6342315673828 372.01214599609375 324.6342315673828
375.38238525390625 235.5336456298828 411.727725982666 235.5336456298828 411.727725982666 324.39007568359375 375.38238525390625 324.39007568359375
379.40313720703125 235.92578125 417.4662628173828 235.92578125 417.4662628173828 326.93013763427734 379.40313720703125 326.93013763427734
384.2208557128906 232.2641143798828 420.60391998291016 232.2641143798828 420.60391998291016 327.0318298339844 384.2208557128906 327.0318298339844
386.49444580078125 233.0164031982422 425.47479248046875 233.0164031982422 425.47479248046875 325.9245300292969 386.49444580078125 325.9245300292969
389.37054443359375 232.7814483642578 428.4784240722656 232.7814483642578 428.4784240722656 325.82659912109375 389.37054443359375 325.82659912109375
392.41864013671875 231.63845825195312 430.2243118286133 231.63845825195312 430.2243118286133 325.76444244384766 392.41864013671875 325.76444244384766
393.55859375 234.5602264404297 433.6954116821289 234.5602264404297 433.6954116821289 325.8040084838867 393.55859375 325.8040084838867
398.32989501953125 228.6715545654297 438.91979217529297 228.6715545654297 438.91979217529297 323.9983901977539 398.32989501953125 323.9983901977539
404.0076904296875 229.82931518554688 442.2710151672363 229.82931518554688 442.2710151672363 325.9867858886719 404.0076904296875 325.9867858886719
407.82220458984375 229.56539916992188 447.649658203125 229.56539916992188 447.649658203125 326.29327392578125 407.82220458984375 326.29327392578125
412.6127014160156 229.8350372314453 449.0584297180176 229.8350372314453 449.0584297180176 325.25643157958984 412.6127014160156 325.25643157958984
415.8912048339844 230.19784545898438 455.0528335571289 230.19784545898438 455.0528335571289 322.7836456298828 415.8912048339844 322.7836456298828
418.86126708984375 227.42135620117188 457.95978927612305 227.42135620117188 457.95978927612305 321.5584259033203 418.86126708984375 321.5584259033203
422.7539978027344 230.51034545898438 461.84757232666016 230.51034545898438 461.84757232666016 324.18773651123047 422.7539978027344 324.18773651123047
426.25787353515625 228.9760284423828 465.4158248901367 228.9760284423828 465.4158248901367 319.0105667114258 426.25787353515625 319.0105667114258
426.72283935546875 225.2044219970703 465.2776107788086 225.2044219970703 465.2776107788086 317.4269332885742 426.72283935546875 317.4269332885742
429.6222229003906 227.5259552001953 466.2909965515137 227.5259552001953 466.2909965515137 320.74769592285156 429.6222229003906 320.74769592285156
428.82867431640625 228.009521484375 464.401611328125 228.009521484375 464.401611328125 321.3260192871094 428.82867431640625 321.3260192871094
429.0169982910156 227.14706420898438 465.1913375854492 227.14706420898438 465.1913375854492 321.0880889892578 429.0169982910156 321.0880889892578
427.7622985839844 224.16622924804688 462.5357894897461 224.16622924804688 462.5357894897461 320.5615768432617 427.7622985839844 320.5615768432617
427.5 223.6509246826172 463.64566802978516 223.6509246826172 463.64566802978516 318.4698944091797 427.5 318.4698944091797
427.5775451660156 224.8731689453125 463.2560920715332 224.8731689453125 463.2560920715332 319.6586608886719 427.5775451660156 319.6586608886719
427.24981689453125 225.7171630859375 462.26464462280273 225.7171630859375 462.26464462280273 320.54016876220703 427.24981689453125 320.54016876220703
427.131103515625 226.24526977539062 462.6894340515137 226.24526977539062 462.6894340515137 318.9007339477539 427.131103515625 318.9007339477539
426.7608947753906 226.78085327148438 462.1494445800781 226.78085327148438 462.1494445800781 321.5772933959961 426.7608947753906 321.5772933959961
426.41473388671875 225.5941619873047 463.62825775146484 225.5941619873047 463.62825775146484 320.3883819580078 426.41473388671875 320.3883819580078
426.18109130859375 224.22329711914062 461.2934379577637 224.22329711914062 461.2934379577637 321.7027282714844 426.18109130859375 321.7027282714844
425.3209533691406 220.81716918945312 461.76080322265625 220.81716918945312 461.76080322265625 318.45643615722656 425.3209533691406 318.45643615722656
424.6292419433594 220.2687225341797 459.5894241333008 220.2687225341797 459.5894241333008 318.7185516357422 424.6292419433594 318.7185516357422
422.9964294433594 216.8025360107422 456.5899772644043 216.8025360107422 456.5899772644043 316.3892517089844 422.9964294433594 316.3892517089844
422.27044677734375 218.2948760986328 456.1799011230469 218.2948760986328 456.1799011230469 315.2944107055664 422.27044677734375 315.2944107055664
421.14532470703125 219.49404907226562 454.11809158325195 219.49404907226562 454.11809158325195 313.3203811645508 421.14532470703125 313.3203811645508
418.8275451660156 217.2967529296875 453.37171173095703 217.2967529296875 453.37171173095703 313.46461486816406 418.8275451660156 313.46461486816406
417.347412109375 217.1172332763672 450.892147064209 217.1172332763672 450.892147064209 310.7921447753906 417.347412109375 310.7921447753906
418.4443359375 220.5126953125 453.8597412109375 220.5126953125 453.8597412109375 317.62467193603516 418.4443359375 317.62467193603516
417.3472595214844 218.3458251953125 451.636962890625 218.3458251953125 451.636962890625 318.7460021972656 417.3472595214844 318.7460021972656
414.8711853027344 216.97940063476562 450.04727935791016 216.97940063476562 450.04727935791016 314.6432189941406 414.8711853027344 314.6432189941406
413.17205810546875 213.3669891357422 448.7808418273926 213.3669891357422 448.7808418273926 313.48529052734375 413.17205810546875 313.48529052734375
412.67608642578125 216.9578857421875 447.32166290283203 216.9578857421875 447.32166290283203 314.23448944091797 412.67608642578125 314.23448944091797
411.6327209472656 214.099853515625 446.94329833984375 214.099853515625 446.94329833984375 312.48580169677734 411.6327209472656 312.48580169677734
410.6031188964844 211.86343383789062 446.6714172363281 211.86343383789062 446.6714172363281 311.04371643066406 410.6031188964844 311.04371643066406
408.35113525390625 212.34375 444.477783203125 212.34375 444.477783203125 311.99217224121094 408.35113525390625 311.99217224121094
406.76190185546875 214.3748321533203 440.9554214477539 214.3748321533203 440.9554214477539 309.8683090209961 406.76190185546875 309.8683090209961
405.4955749511719 216.1467742919922 439.47200775146484 216.1467742919922 439.47200775146484 309.75103759765625 405.4955749511719 309.75103759765625
404.08544921875 215.002197265625 437.3795700073242 215.002197265625 437.3795700073242 308.93194580078125 404.08544921875 308.93194580078125
403.57281494140625 209.0613250732422 437.35888671875 209.0613250732422 437.35888671875 303.44793701171875 403.57281494140625 303.44793701171875
402.3639831542969 213.4608917236328 436.69136810302734 213.4608917236328 436.69136810302734 307.9524841308594 402.3639831542969 307.9524841308594
402.55706787109375 216.0879364013672 436.0030059814453 216.0879364013672 436.0030059814453 308.76158905029297 402.55706787109375 308.76158905029297
400.0527648925781 210.69436645507812 433.2137222290039 210.69436645507812 433.2137222290039 304.52135467529297 400.0527648925781 304.52135467529297
398.3131408691406 210.8104705810547 432.23111724853516 210.8104705810547 432.23111724853516 301.9450454711914 398.3131408691406 301.9450454711914
394.7093811035156 214.7286376953125 427.65903091430664 214.7286376953125 427.65903091430664 303.6290588378906 394.7093811035156 303.6290588378906
392.7955017089844 214.4001922607422 426.76183319091797 214.4001922607422 426.76183319091797 304.0753173828125 392.7955017089844 304.0753173828125
391.66265869140625 216.3969268798828 423.67956161499023 216.3969268798828 423.67956161499023 304.30838775634766 391.66265869140625 304.30838775634766
390.5884704589844 216.28353881835938 423.9941749572754 216.28353881835938 423.9941749572754 304.6189727783203 390.5884704589844 304.6189727783203
388.94732666015625 218.39633178710938 420.73610496520996 218.39633178710938 420.73610496520996 302.91319274902344 388.94732666015625 302.91319274902344
387.7949523925781 217.4053192138672 420.1147994995117 217.4053192138672 420.1147994995117 303.97979736328125 387.7949523925781 303.97979736328125
386.06439208984375 217.6960906982422 418.35384368896484 217.6960906982422 418.35384368896484 303.8147888183594 386.06439208984375 303.8147888183594
385.32110595703125 215.22250366210938 417.71654510498047 215.22250366210938 417.71654510498047 303.7935791015625 385.32110595703125 303.7935791015625
384.2172546386719 217.24722290039062 415.48712158203125 217.24722290039062 415.48712158203125 304.91725158691406 384.2172546386719 304.91725158691406
381.07501220703125 219.2033233642578 413.1014823913574 219.2033233642578 413.1014823913574 304.15909576416016 381.07501220703125 304.15909576416016
378.1665344238281 215.08016967773438 411.3472366333008 215.08016967773438 411.3472366333008 303.96437072753906 378.1665344238281 303.96437072753906
376.09454345703125 216.165283203125 407.698299407959 216.165283203125 407.698299407959 304.2481689453125 376.09454345703125 304.2481689453125
375.22607421875 216.07333374023438 406.72732162475586 216.07333374023438 406.72732162475586 303.2900848388672 375.22607421875 303.2900848388672
374.670166015625 215.684814453125 405.9347038269043 215.684814453125 405.9347038269043 304.07627868652344 374.670166015625 304.07627868652344
373.25439453125 217.62063598632812 403.30637550354004 217.62063598632812 403.30637550354004 303.5469207763672 373.25439453125 303.5469207763672
371.9334411621094 216.5547637939453 400.6180992126465 216.5547637939453 400.6180992126465 303.10099029541016 371.9334411621094 303.10099029541016
369.34173583984375 214.14620971679688 397.5136604309082 214.14620971679688 397.5136604309082 299.1437530517578 369.34173583984375 299.1437530517578
369.08984375 214.5538787841797 397.0970001220703 214.5538787841797 397.0970001220703 298.4597625732422 369.08984375 298.4597625732422
366.29705810546875 213.2393798828125 394.7622718811035 213.2393798828125 394.7622718811035 297.03733825683594 366.29705810546875 297.03733825683594
363.5973205566406 214.7333984375 392.7397212982178 214.7333984375 392.7397212982178 298.4068298339844 363.5973205566406 298.4068298339844
362.47845458984375 216.0546417236328 391.6692771911621 216.0546417236328 391.6692771911621 298.240234375 362.47845458984375 298.240234375
360.40264892578125 217.38790893554688 389.8798179626465 217.38790893554688 389.8798179626465 297.1072769165039 360.40264892578125 297.1072769165039
360.33160400390625 215.2881317138672 390.6591987609863 215.2881317138672 390.6591987609863 297.24169921875 360.33160400390625 297.24169921875
363.1285095214844 212.95559692382812 394.218318939209 212.95559692382812 394.218318939209 296.58119201660156 363.1285095214844 296.58119201660156
363.7981262207031 213.322265625 395.6761074066162 213.322265625 395.6761074066162 293.18238830566406 363.7981262207031 293.18238830566406
368.6354064941406 209.5322723388672 399.4944267272949 209.5322723388672 399.4944267272949 296.8289489746094 368.6354064941406 296.8289489746094
368.0267639160156 210.2278289794922 401.6486129760742 210.2278289794922 401.6486129760742 294.2062454223633 368.0267639160156 294.2062454223633
374.05474853515625 213.11181640625 403.59840393066406 213.11181640625 403.59840393066406 298.7004165649414 374.05474853515625 298.7004165649414
375.3207092285156 213.23519897460938 407.5592498779297 213.23519897460938 407.5592498779297 297.25372314453125 375.3207092285156 297.25372314453125
377.707763671875 215.79818725585938 407.4241600036621 215.79818725585938 407.4241600036621 300.2239303588867 377.707763671875 300.2239303588867
380.028564453125 212.21652221679688 410.2116394042969 212.21652221679688 410.2116394042969 295.0303726196289 380.028564453125 295.0303726196289
381.2955627441406 211.4853515625 414.2431411743164 211.4853515625 414.2431411743164 295.639892578125 381.2955627441406 295.639892578125
385.26177978515625 209.7445068359375 414.2224464416504 209.7445068359375 414.2224464416504 295.5394515991211 385.26177978515625 295.5394515991211
388.39208984375 212.4450225830078 418.419921875 212.4450225830078 418.419921875 297.38578033447266 388.39208984375 297.38578033447266
391.2630615234375 212.19638061523438 420.307674407959 212.19638061523438 420.307674407959 292.9541931152344 391.2630615234375 292.9541931152344
394.80877685546875 208.3936309814453 422.02964210510254 208.3936309814453 422.02964210510254 289.2287139892578 394.80877685546875 289.2287139892578
394.9582214355469 209.9265594482422 424.32986068725586 209.9265594482422 424.32986068725586 289.3676071166992 394.9582214355469 289.3676071166992
397.46856689453125 208.26840209960938 426.0940589904785 208.26840209960938 426.0940589904785 287.9507522583008 397.46856689453125 287.9507522583008
398.59161376953125 211.18569946289062 429.2414855957031 211.18569946289062 429.2414855957031 287.3172149658203 398.59161376953125 287.3172149658203
400.8241271972656 209.63327026367188 430.93127822875977 209.63327026367188 430.93127822875977 287.82330322265625 400.8241271972656 287.82330322265625
399.95330810546875 212.21780395507812 428.0531921386719 212.21780395507812 428.0531921386719 288.85499572753906 399.95330810546875 288.85499572753906
398.06549072265625 210.4649658203125 428.0296630859375 210.4649658203125 428.0296630859375 289.3630676269531 398.06549072265625 289.3630676269531
397.5057067871094 207.59634399414062 425.6214942932129 207.59634399414062 425.6214942932129 288.9613800048828 397.5057067871094 288.9613800048828
394.9205017089844 207.2349090576172 424.56645584106445 207.2349090576172 424.56645584106445 290.63616943359375 394.9205017089844 290.63616943359375
393.5749816894531 207.2349853515625 421.8800563812256 207.2349853515625 421.8800563812256 289.59554290771484 393.5749816894531 289.59554290771484
392.7774658203125 209.4186553955078 420.0220031738281 209.4186553955078 420.0220031738281 291.69132232666016 392.7774658203125 291.69132232666016
391.5484924316406 207.4400177001953 420.63287925720215 207.4400177001953 420.63287925720215 293.0681457519531 391.5484924316406 293.0681457519531
388.88824462890625 208.9073028564453 416.70282554626465 208.9073028564453 416.70282554626465 293.03948974609375 388.88824462890625 293.03948974609375
386.0284423828125 207.1723175048828 416.4582939147949 207.1723175048828 416.4582939147949 293.63858795166016 386.0284423828125 293.63858795166016
386.04730224609375 207.7262420654297 414.6668815612793 207.7262420654297 414.6668815612793 294.3659210205078 386.04730224609375 294.3659210205078
384.04437255859375 210.07199096679688 411.64496421813965 210.07199096679688 411.64496421813965 292.99864196777344 384.04437255859375 292.99864196777344
381.5953063964844 202.95252990722656 409.22323989868164 202.95252990722656 409.22323989868164 286.9427795410156 381.5953063964844 286.9427795410156
379.5903625488281 200.31597900390625 406.30449867248535 200.31597900390625 406.30449867248535 285.3777770996094 379.5903625488281 285.3777770996094
378.39599609375 201.72412109375 404.6456184387207 201.72412109375 404.6456184387207 286.64817810058594 378.39599609375 286.64817810058594
375.85968017578125 203.25112915039062 403.4599361419678 203.25112915039062 403.4599361419678 282.2307586669922 375.85968017578125 282.2307586669922
373.0619812011719 202.8973846435547 401.59069442749023 202.8973846435547 401.59069442749023 283.3928527832031 373.0619812011719 283.3928527832031
372.0440368652344 207.0452423095703 400.4419136047363 207.0452423095703 400.4419136047363 284.1188659667969 372.0440368652344 284.1188659667969
370.2156677246094 205.9365692138672 399.9414253234863 205.9365692138672 399.9414253234863 283.4330062866211 370.2156677246094 283.4330062866211
369.1289978027344 209.45962524414062 398.60596084594727 209.45962524414062 398.60596084594727 285.6971130371094 369.1289978027344 285.6971130371094
367.76080322265625 210.86318969726562 396.1935787200928 210.86318969726562 396.1935787200928 285.65257263183594 367.76080322265625 285.65257263183594
366.03399658203125 208.8751983642578 395.27231788635254 208.8751983642578 395.27231788635254 288.6625442504883 366.03399658203125 288.6625442504883
365.5234069824219 204.8398895263672 394.03232765197754 204.8398895263672 394.03232765197754 288.6195373535156 365.5234069824219 288.6195373535156
363.6895446777344 206.9778594970703 391.1537437438965 206.9778594970703 391.1537437438965 286.5320358276367 363.6895446777344 286.5320358276367
361.42449951171875 207.77328491210938 389.0179500579834 207.77328491210938 389.0179500579834 288.51251220703125 361.42449951171875 288.51251220703125
359.8543395996094 211.4528045654297 386.4723205566406 211.4528045654297 386.4723205566406 290.2151565551758 359.8543395996094 290.2151565551758
356.9422912597656 207.75399780273438 384.4643306732178 207.75399780273438 384.4643306732178 285.1249694824219 356.9422912597656 285.1249694824219
356.07244873046875 206.9054718017578 384.0359134674072 206.9054718017578 384.0359134674072 286.67374420166016 356.07244873046875 286.67374420166016
354.0128479003906 207.1099090576172 382.1993103027344 207.1099090576172 382.1993103027344 284.99071502685547 354.0128479003906 284.99071502685547
353.6495361328125 205.48690795898438 381.014612197876 205.48690795898438 381.014612197876 285.177734375 353.6495361328125 285.177734375
351.79376220703125 203.33322143554688 378.0025997161865 203.33322143554688 378.0025997161865 282.8261032104492 351.79376220703125 282.8261032104492
351.1917724609375 205.4243621826172 377.0559940338135 205.4243621826172 377.0559940338135 285.6892623901367 351.1917724609375 285.6892623901367
348.97869873046875 203.98143005371094 373.96996879577637 203.98143005371094 373.96996879577637 280.97875213623047 348.97869873046875 280.97875213623047
346.7477111816406 202.55661010742188 372.9352111816406 202.55661010742188 372.9352111816406 277.2930450439453 346.7477111816406 277.2930450439453
344.65869140625 202.47357177734375 370.758092880249 202.47357177734375 370.758092880249 275.8938446044922 344.65869140625 275.8938446044922
341.0960998535156 202.83938598632812 368.51689529418945 202.83938598632812 368.51689529418945 274.12913513183594 341.0960998535156 274.12913513183594
339.6466369628906 205.0016632080078 367.49298667907715 205.0016632080078 367.49298667907715 277.4825134277344 339.6466369628906 277.4825134277344
338.1104736328125 201.57455444335938 366.4911308288574 201.57455444335938 366.4911308288574 276.8100051879883 338.1104736328125 276.8100051879883
336.26617431640625 201.29331970214844 364.393274307251 201.29331970214844 364.393274307251 275.3921890258789 336.26617431640625 275.3921890258789
335.44146728515625 204.8814239501953 363.8599548339844 204.8814239501953 363.8599548339844 281.14979553222656 335.44146728515625 281.14979553222656
333.764892578125 199.9467010498047 361.7805633544922 199.9467010498047 361.7805633544922 281.68778228759766 333.764892578125 281.68778228759766
332.68267822265625 199.7285614013672 360.565731048584 199.7285614013672 360.565731048584 280.8562545776367 332.68267822265625 280.8562545776367
330.4670715332031 197.22543334960938 358.02532386779785 197.22543334960938 358.02532386779785 278.3305969238281 330.4670715332031 278.3305969238281
329.3335876464844 202.3397674560547 356.84629249572754 202.3397674560547 356.84629249572754 281.8952865600586 329.3335876464844 281.8952865600586
326.7919006347656 200.7606658935547 354.7129764556885 200.7606658935547 354.7129764556885 279.9560852050781 326.7919006347656 279.9560852050781
324.5079040527344 203.23745727539062 352.7428092956543 203.23745727539062 352.7428092956543 279.1560745239258 324.5079040527344 279.1560745239258
323.316650390625 203.14352416992188 351.2393398284912 203.14352416992188 351.2393398284912 282.0090789794922 323.316650390625 282.0090789794922
322.55023193359375 201.5635986328125 350.6621341705322 201.5635986328125 350.6621341705322 278.3307342529297 322.55023193359375 278.3307342529297
321.46295166015625 200.5767059326172 348.4201717376709 200.5767059326172 348.4201717376709 278.8329620361328 321.46295166015625 278.8329620361328
320.3036193847656 200.29122924804688 345.16779136657715 200.29122924804688 345.16779136657715 279.10633850097656 320.3036193847656 279.10633850097656
318.5208435058594 195.88491821289062 343.7337760925293 195.88491821289062 343.7337760925293 279.6842727661133 318.5208435058594 279.6842727661133
317.4037170410156 196.1728057861328 343.3544673919678 196.1728057861328 343.3544673919678 277.95262145996094 317.4037170410156 277.95262145996094
315.5387268066406 192.35658264160156 341.45451736450195 192.35658264160156 341.45451736450195 272.9466857910156 315.5387268066406 272.9466857910156
314.6177673339844 194.66140747070312 340.42966651916504 194.66140747070312 340.42966651916504 273.8251953125 314.6177673339844 273.8251953125
311.7935485839844 194.31301879882812 339.0364112854004 194.31301879882812 339.0364112854004 271.27027130126953 311.7935485839844 271.27027130126953
311.08624267578125 194.64645385742188 338.0899257659912 194.64645385742188 338.0899257659912 273.88087463378906 311.08624267578125 273.88087463378906
310.26055908203125 199.40689086914062 336.4417610168457 199.40689086914062 336.4417610168457 275.98717498779297 310.26055908203125 275.98717498779297
308.66510009765625 198.3060302734375 334.7174835205078 198.3060302734375 334.7174835205078 276.8796615600586 308.66510009765625 276.8796615600586
306.93182373046875 192.2879638671875 334.7477970123291 192.2879638671875 334.7477970123291 276.3718795776367 306.93182373046875 276.3718795776367
305.57989501953125 190.7930908203125 333.5090389251709 190.7930908203125 333.5090389251709 274.945068359375 305.57989501953125 274.945068359375
305.1368103027344 190.39820861816406 333.3761692047119 190.39820861816406 333.3761692047119 275.80987548828125 305.1368103027344 275.80987548828125
303.52783203125 192.9792938232422 331.0693016052246 192.9792938232422 331.0693016052246 274.2182083129883 303.52783203125 274.2182083129883
302.2994079589844 194.54100036621094 329.72161865234375 194.54100036621094 329.72161865234375 273.99932861328125 302.2994079589844 273.99932861328125
301.54144287109375 195.42929077148438 328.33911514282227 195.42929077148438 328.33911514282227 275.02745056152344 301.54144287109375 275.02745056152344
300.8880310058594 196.0743408203125 328.37158584594727 196.0743408203125 328.37158584594727 276.6453094482422 300.8880310058594 276.6453094482422
301.0979919433594 195.8755645751953 327.44621658325195 195.8755645751953 327.44621658325195 278.2309036254883 301.0979919433594 278.2309036254883
299.87054443359375 194.7989501953125 326.55714416503906 194.7989501953125 326.55714416503906 275.412109375 299.87054443359375 275.412109375
298.3320007324219 192.3019561767578 324.08506202697754 192.3019561767578 324.08506202697754 272.46392822265625 298.3320007324219 272.46392822265625
297.3655090332031 192.25755310058594 322.75816345214844 192.25755310058594 322.75816345214844 272.6055221557617 297.3655090332031 272.6055221557617
296.6357727050781 190.31039428710938 321.6453437805176 190.31039428710938 321.6453437805176 269.7767028808594 296.6357727050781 269.7767028808594
295.7054748535156 190.68505859375 321.09557723999023 190.68505859375 321.09557723999023 271.10196685791016 295.7054748535156 271.10196685791016
294.4136657714844 192.9163360595703 319.2480583190918 192.9163360595703 319.2480583190918 269.1764221191406 294.4136657714844 269.1764221191406
294.11798095703125 196.84194946289062 318.323429107666 196.84194946289062 318.323429107666 270.7000503540039 294.11798095703125 270.7000503540039
293.36737060546875 195.65902709960938 318.45294761657715 195.65902709960938 318.45294761657715 270.01428985595703 293.36737060546875 270.01428985595703
292.36944580078125 196.11599731445312 317.27439308166504 196.11599731445312 317.27439308166504 271.0744934082031 292.36944580078125 271.0744934082031
291.105712890625 193.75418090820312 315.7359046936035 193.75418090820312 315.7359046936035 270.1435012817383 291.105712890625 270.1435012817383
290.2489318847656 190.00173950195312 316.1463203430176 190.00173950195312 316.1463203430176 268.29246520996094 290.2489318847656 268.29246520996094
289.85565185546875 189.75015258789062 315.18272590637207 189.75015258789062 315.18272590637207 267.17200469970703 289.85565185546875 267.17200469970703
289.641357421875 188.7760009765625 315.06021308898926 188.7760009765625 315.06021308898926 267.8580856323242 289.641357421875 267.8580856323242
288.4940185546875 189.25949096679688 314.1713047027588 189.25949096679688 314.1713047027588 265.44505310058594 288.4940185546875 265.44505310058594
288.2617492675781 191.94338989257812 313.29325675964355 191.94338989257812 313.29325675964355 265.9020309448242 288.2617492675781 265.9020309448242
287.05401611328125 190.9733428955078 312.95984268188477 190.9733428955078 312.95984268188477 265.1071090698242 287.05401611328125 265.1071090698242
286.50567626953125 191.92550659179688 312.15654373168945 191.92550659179688 312.15654373168945 268.3429412841797 286.50567626953125 268.3429412841797
285.91668701171875 190.29466247558594 310.9576473236084 190.29466247558594 310.9576473236084 266.4607238769531 285.91668701171875 266.4607238769531
285.4525451660156 191.6953582763672 310.8855094909668 191.6953582763672 310.8855094909668 269.582275390625 285.4525451660156 269.582275390625
285.1554870605469 188.62811279296875 309.5742988586426 188.62811279296875 309.5742988586426 268.3304748535156 285.1554870605469 268.3304748535156
284.35491943359375 186.59375 308.3064384460449 186.59375 308.3064384460449 265.57772064208984 284.35491943359375 265.57772064208984
283.62884521484375 187.82644653320312 306.4989891052246 187.82644653320312 306.4989891052246 264.4383010864258 283.62884521484375 264.4383010864258
283.02874755859375 189.35919189453125 305.86780166625977 189.35919189453125 305.86780166625977 263.575439453125 283.02874755859375 263.575439453125
281.9111328125 188.8218231201172 305.0403175354004 188.8218231201172 305.0403175354004 263.08653259277344 281.9111328125 263.08653259277344
281.1702575683594 191.9864044189453 305.23179626464844 191.9864044189453 305.23179626464844 261.10333251953125 281.1702575683594 261.10333251953125
280.0499572753906 193.04562377929688 304.74057388305664 193.04562377929688 304.74057388305664 259.4236755371094 280.0499572753906 259.4236755371094
279.49859619140625 192.88023376464844 304.5243110656738 192.88023376464844 304.5243110656738 259.94554901123047 279.49859619140625 259.94554901123047
278.78887939453125 192.95794677734375 303.69250869750977 192.95794677734375 303.69250869750977 261.54102325439453 278.78887939453125 261.54102325439453
277.84210205078125 190.68096923828125 302.8381824493408 190.68096923828125 302.8381824493408 260.02767181396484 277.84210205078125 260.02767181396484
277.0511779785156 185.7506561279297 303.7145538330078 185.7506561279297 303.7145538330078 259.5661849975586 277.0511779785156 259.5661849975586
276.259521484375 186.6141357421875 302.73047828674316 186.6141357421875 302.73047828674316 259.72049713134766 276.259521484375 259.72049713134766
276.308349609375 183.86611938476562 302.8250617980957 183.86611938476562 302.8250617980957 259.766357421875 276.308349609375 259.766357421875
275.9454040527344 186.2232208251953 302.11701583862305 186.2232208251953 302.11701583862305 258.3825378417969 275.9454040527344 258.3825378417969
274.9154968261719 185.74754333496094 301.8644104003906 185.74754333496094 301.8644104003906 263.67798614501953 274.9154968261719 263.67798614501953
274.1940002441406 188.74752807617188 300.1995906829834 188.74752807617188 300.1995906829834 263.1177291870117 274.1940002441406 263.1177291870117
273.8506774902344 187.52743530273438 300.3066825866699 187.52743530273438 300.3066825866699 263.4808883666992 273.8506774902344 263.4808883666992
273.5904235839844 190.07041931152344 299.4058074951172 190.07041931152344 299.4058074951172 262.74781036376953 273.5904235839844 262.74781036376953
272.77032470703125 186.79037475585938 298.6126461029053 186.79037475585938 298.6126461029053 264.2914352416992 272.77032470703125 264.2914352416992
271.85418701171875 184.9868621826172 297.0036430358887 184.9868621826172 297.0036430358887 261.64029693603516 271.85418701171875 261.64029693603516
270.85552978515625 183.80792236328125 295.7315044403076 183.80792236328125 295.7315044403076 262.90480041503906 270.85552978515625 262.90480041503906
270.39697265625 185.29351806640625 294.19950103759766 185.29351806640625 294.19950103759766 262.57645416259766 270.39697265625 262.57645416259766
269.09320068359375 183.9593048095703 293.15814781188965 183.9593048095703 293.15814781188965 257.1919937133789 269.09320068359375 257.1919937133789
268.0110778808594 186.82562255859375 292.0935802459717 186.82562255859375 292.0935802459717 256.6642608642578 268.0110778808594 256.6642608642578
266.9305419921875 186.07443237304688 292.0706977844238 186.07443237304688 292.0706977844238 255.8851318359375 266.9305419921875 255.8851318359375
265.86859130859375 188.37344360351562 291.74860191345215 188.37344360351562 291.74860191345215 255.55976104736328 265.86859130859375 255.55976104736328
265.7005615234375 190.44570922851562 291.34339904785156 190.44570922851562 291.34339904785156 257.16192626953125 265.7005615234375 257.16192626953125
264.816162109375 187.13742065429688 291.3028507232666 187.13742065429688 291.3028507232666 256.6588821411133 264.816162109375 256.6588821411133
264.2472839355469 188.2003936767578 289.9320468902588 188.2003936767578 289.9320468902588 256.4487762451172 264.2472839355469 256.4487762451172
262.70892333984375 182.06503295898438 289.33936500549316 182.06503295898438 289.33936500549316 256.0103988647461 262.70892333984375 256.0103988647461
261.9156494140625 183.2082061767578 288.0517997741699 183.2082061767578 288.0517997741699 253.36000061035156 261.9156494140625 253.36000061035156
261.1316833496094 180.49365234375 287.7362480163574 180.49365234375 287.7362480163574 255.43756103515625 261.1316833496094 255.43756103515625
259.6889343261719 183.09799194335938 286.16975021362305 183.09799194335938 286.16975021362305 256.2236785888672 259.6889343261719 256.2236785888672
258.69696044921875 182.6649627685547 285.6897029876709 182.6649627685547 285.6897029876709 253.74972534179688 258.69696044921875 253.74972534179688
257.57342529296875 183.96102905273438 285.263370513916 183.96102905273438 285.263370513916 255.49004364013672 257.57342529296875 255.49004364013672
257.4236755371094 184.9776153564453 284.19627380371094 184.9776153564453 284.19627380371094 255.6172103881836 257.4236755371094 255.6172103881836
256.1317138671875 184.19796752929688 283.1871910095215 184.19796752929688 283.1871910095215 257.97777557373047 256.1317138671875 257.97777557373047
255.96682739257812 183.07383728027344 281.93222999572754 183.07383728027344 281.93222999572754 258.2240982055664 255.96682739257812 258.2240982055664
254.8320770263672 180.4034881591797 279.7866859436035 180.4034881591797 279.7866859436035 256.0643997192383 254.8320770263672 256.0643997192383
253.7201690673828 179.7726287841797 277.9239082336426 179.7726287841797 277.9239082336426 253.7943572998047 253.7201690673828 253.7943572998047
252.9828338623047 178.30979919433594 276.6645851135254 178.30979919433594 276.6645851135254 250.9637222290039 252.9828338623047 250.9637222290039
252.0968475341797 180.71136474609375 275.85959243774414 180.71136474609375 275.85959243774414 252.5389862060547 252.0968475341797 252.5389862060547
250.5239715576172 181.94541931152344 275.3894863128662 181.94541931152344 275.3894863128662 252.08050537109375 250.5239715576172 252.08050537109375
248.82522583007812 179.79713439941406 275.0275421142578 179.79713439941406 275.0275421142578 249.62171173095703 248.82522583007812 249.62171173095703
248.0982666015625 183.0710906982422 274.7182102203369 183.0710906982422 274.7182102203369 251.62914276123047 248.0982666015625 251.62914276123047
251.2572784423828 184.06483459472656 281.2459373474121 184.06483459472656 281.2459373474121 249.7298583984375 251.2572784423828 249.7298583984375
255.0592041015625 184.25048828125 282.1297359466553 184.25048828125 282.1297359466553 249.52151489257812 255.0592041015625 249.52151489257812
259.43359375 182.16787719726562 287.28390884399414 182.16787719726562 287.28390884399414 251.91378784179688 259.43359375 251.91378784179688
261.0248107910156 180.3256072998047 289.95873641967773 180.3256072998047 289.95873641967773 249.3247299194336 261.0248107910156 249.3247299194336
266.21142578125 179.1210479736328 293.05185890197754 179.1210479736328 293.05185890197754 250.414794921875 266.21142578125 250.414794921875
267.9058532714844 179.16802978515625 297.34374046325684 179.16802978515625 297.34374046325684 247.3636932373047 267.9058532714844 247.3636932373047
271.4208068847656 179.26809692382812 299.10179710388184 179.26809692382812 299.10179710388184 247.10785675048828 271.4208068847656 247.10785675048828
275.30780029296875 180.38632202148438 304.2052421569824 180.38632202148438 304.2052421569824 248.42752838134766 275.30780029296875 248.42752838134766
278.9018859863281 182.26597595214844 307.52033615112305 182.26597595214844 307.52033615112305 248.17130279541016 278.9018859863281 248.17130279541016
282.7165832519531 180.76089477539062 310.4743232727051 180.76089477539062 310.4743232727051 252.13408660888672 282.7165832519531 252.13408660888672
284.48516845703125 182.13307189941406 313.8978271484375 182.13307189941406 313.8978271484375 248.88724517822266 284.48516845703125 248.88724517822266
288.657958984375 179.15408325195312 314.599666595459 179.15408325195312 314.599666595459 247.2147979736328 288.657958984375 247.2147979736328
291.7052917480469 178.3364715576172 319.3980350494385 178.3364715576172 319.3980350494385 245.9431610107422 291.7052917480469 245.9431610107422
294.30328369140625 176.22930908203125 318.8962936401367 176.22930908203125 318.8962936401367 244.8101043701172 294.30328369140625 244.8101043701172
293.37548828125 174.40892028808594 316.50259017944336 174.40892028808594 316.50259017944336 246.97055053710938 293.37548828125 246.97055053710938
292.4497985839844 175.934326171875 316.46696853637695 175.934326171875 316.46696853637695 245.73989868164062 292.4497985839844 245.73989868164062
290.2472229003906 176.0906524658203 315.30730628967285 176.0906524658203 315.30730628967285 245.1575698852539 290.2472229003906 245.1575698852539
289.0131530761719 178.5362548828125 314.44211196899414 178.5362548828125 314.44211196899414 245.23523712158203 289.0131530761719 245.23523712158203
287.224365234375 180.09616088867188 313.81883811950684 180.09616088867188 313.81883811950684 246.57290649414062 287.224365234375 246.57290649414062
286.97698974609375 181.1271514892578 312.50375747680664 181.1271514892578 312.50375747680664 246.30608367919922 286.97698974609375 246.30608367919922
285.9267578125 181.56646728515625 312.07239723205566 181.56646728515625 312.07239723205566 246.1348648071289 285.9267578125 246.1348648071289
284.64166259765625 177.92965698242188 311.3764953613281 177.92965698242188 311.3764953613281 246.35926818847656 284.64166259765625 246.35926818847656
283.9925842285156 177.3782196044922 310.03382873535156 177.3782196044922 310.03382873535156 248.07299041748047 283.9925842285156 248.07299041748047
282.156982421875 176.3546142578125 308.25928688049316 176.3546142578125 308.25928688049316 243.70774841308594 282.156982421875 243.70774841308594
281.292236328125 174.22247314453125 307.5596675872803 174.22247314453125 307.5596675872803 245.4783706665039 281.292236328125 245.4783706665039
279.23870849609375 176.46163940429688 305.38013648986816 176.46163940429688 305.38013648986816 246.64340209960938 279.23870849609375 246.64340209960938
277.92333984375 177.56190490722656 304.5841007232666 177.56190490722656 304.5841007232666 248.03550720214844 277.92333984375 248.03550720214844
277.1238708496094 174.81622314453125 304.8768310546875 174.81622314453125 304.8768310546875 248.45751953125 277.1238708496094 248.45751953125
275.712646484375 176.9929962158203 303.3708381652832 176.9929962158203 303.3708381652832 250.3302764892578 275.712646484375 250.3302764892578
274.25750732421875 177.20016479492188 301.01921463012695 177.20016479492188 301.01921463012695 245.76898193359375 274.25750732421875 245.76898193359375
274.46929931640625 177.85360717773438 299.7387409210205 177.85360717773438 299.7387409210205 247.79186248779297 274.46929931640625 247.79186248779297
273.4676513671875 174.5360870361328 298.53776931762695 174.5360870361328 298.53776931762695 249.1331787109375 273.4676513671875 249.1331787109375
271.9872131347656 175.5971221923828 295.788516998291 175.5971221923828 295.788516998291 245.89564514160156 271.9872131347656 245.89564514160156
271.07037353515625 174.78952026367188 293.7954444885254 174.78952026367188 293.7954444885254 244.95050048828125 271.07037353515625 244.95050048828125
269.5320129394531 174.9442596435547 293.3289394378662 174.9442596435547 293.3289394378662 243.25169372558594 269.5320129394531 243.25169372558594
268.36480712890625 176.2627716064453 291.98285484313965 176.2627716064453 291.98285484313965 241.4490737915039 268.36480712890625 241.4490737915039
266.6646728515625 176.80496215820312 291.58669662475586 176.80496215820312 291.58669662475586 242.64147186279297 266.6646728515625 242.64147186279297
265.28887939453125 177.53598022460938 291.3821144104004 177.53598022460938 291.3821144104004 243.915283203125 265.28887939453125 243.915283203125
263.7120666503906 177.4287567138672 290.4171600341797 177.4287567138672 290.4171600341797 244.06237030029297 263.7120666503906 244.06237030029297
262.84918212890625 177.62728881835938 289.472110748291 177.62728881835938 289.472110748291 243.61680603027344 262.84918212890625 243.61680603027344
262.5899353027344 176.43954467773438 289.46318435668945 176.43954467773438 289.46318435668945 244.62989807128906 262.5899353027344 244.62989807128906
260.1959533691406 172.6456298828125 287.0569763183594 172.6456298828125 287.0569763183594 242.08919525146484 260.1959533691406 242.08919525146484
260.54620361328125 173.48126220703125 287.078369140625 173.48126220703125 287.078369140625 243.04877471923828 260.54620361328125 243.04877471923828
258.89013671875 173.18299865722656 285.80256271362305 173.18299865722656 285.80256271362305 242.12783813476562 258.89013671875 242.12783813476562
257.8244934082031 172.4044952392578 284.3899726867676 172.4044952392578 284.3899726867676 242.83639526367188 257.8244934082031 242.83639526367188
256.41583251953125 173.5167694091797 283.28553771972656 173.5167694091797 283.28553771972656 242.25598907470703 256.41583251953125 242.25598907470703
255.7777099609375 176.2779083251953 282.676477432251 176.2779083251953 282.676477432251 242.91030883789062 255.7777099609375 242.91030883789062
254.322509765625 174.79310607910156 282.200231552124 174.79310607910156 282.200231552124 244.05240631103516 254.322509765625 244.05240631103516
252.77090454101562 175.1682586669922 279.44941329956055 175.1682586669922 279.44941329956055 244.73068237304688 252.77090454101562 244.73068237304688
252.3063507080078 173.67205810546875 277.8658046722412 173.67205810546875 277.8658046722412 243.3268051147461 252.3063507080078 243.3268051147461
250.98757934570312 172.3839111328125 276.9471187591553 172.3839111328125 276.9471187591553 243.3670654296875 250.98757934570312 243.3670654296875
250.22598266601562 169.12728881835938 274.8640193939209 169.12728881835938 274.8640193939209 241.0840301513672 250.22598266601562 241.0840301513672
248.939453125 170.07972717285156 272.54362297058105 170.07972717285156 272.54362297058105 238.5456314086914 248.939453125 238.5456314086914
246.9761199951172 170.0533447265625 271.63095474243164 170.0533447265625 271.63095474243164 238.5668487548828 246.9761199951172 238.5668487548828
245.9145965576172 171.6871337890625 271.11540603637695 171.6871337890625 271.11540603637695 239.3903350830078 245.9145965576172 239.3903350830078
244.5812225341797 172.60214233398438 270.34478759765625 172.60214233398438 270.34478759765625 239.9520263671875 244.5812225341797 239.9520263671875
243.40853881835938 174.45303344726562 269.5390682220459 174.45303344726562 269.5390682220459 239.94235229492188 243.40853881835938 239.94235229492188
242.7931671142578 174.68382263183594 268.5517692565918 174.68382263183594 268.5517692565918 240.33233642578125 242.7931671142578 240.33233642578125
241.43710327148438 172.55316162109375 267.530725479126 172.55316162109375 267.530725479126 240.42040252685547 241.43710327148438 240.42040252685547
240.94760131835938 173.3519744873047 267.81869888305664 173.3519744873047 267.81869888305664 241.0511016845703 240.94760131835938 241.0511016845703
239.289794921875 171.73834228515625 265.74647521972656 171.73834228515625 265.74647521972656 238.90245056152344 239.289794921875 238.90245056152344
238.98202514648438 170.91262817382812 264.6943302154541 170.91262817382812 264.6943302154541 239.0757827758789 238.98202514648438 239.0757827758789
238.0301971435547 170.43701171875 263.2353210449219 170.43701171875 263.2353210449219 238.4566421508789 238.0301971435547 238.4566421508789
236.1144256591797 168.7525634765625 263.5604648590088 168.7525634765625 263.5604648590088 237.1926727294922 236.1144256591797 237.1926727294922
234.9027862548828 170.62301635742188 261.91770362854004 170.62301635742188 261.91770362854004 237.9512176513672 234.9027862548828 237.9512176513672
234.2252197265625 172.36795043945312 261.5187225341797 172.36795043945312 261.5187225341797 240.34312438964844 234.2252197265625 240.34312438964844
233.21871948242188 173.2325897216797 260.72832679748535 173.2325897216797 260.72832679748535 239.76909637451172 233.21871948242188 239.76909637451172
232.7366180419922 174.2257537841797 259.2235450744629 174.2257537841797 259.2235450744629 241.54332733154297 232.7366180419922 241.54332733154297
232.62777709960938 171.99288940429688 259.2750186920166 171.99288940429688 259.2750186920166 240.2201690673828 232.62777709960938 240.2201690673828
232.1304168701172 170.61282348632812 257.7341651916504 170.61282348632812 257.7341651916504 239.73644256591797 232.1304168701172 239.73644256591797
231.3872528076172 168.92767333984375 255.87960815429688 168.92767333984375 255.87960815429688 240.31388092041016 231.3872528076172 240.31388092041016
231.16720581054688 170.97689819335938 254.635009765625 170.97689819335938 254.635009765625 240.7212905883789 231.16720581054688 240.7212905883789
229.2725067138672 169.1212158203125 253.47004318237305 169.1212158203125 253.47004318237305 237.23741149902344 229.2725067138672 237.23741149902344
228.15213012695312 169.98631286621094 253.41259002685547 169.98631286621094 253.41259002685547 238.78753662109375 228.15213012695312 238.78753662109375
227.9322967529297 171.09152221679688 252.49627304077148 171.09152221679688 252.49627304077148 238.32849884033203 227.9322967529297 238.32849884033203
226.3143310546875 171.24362182617188 251.7928810119629 171.24362182617188 251.7928810119629 236.86713409423828 226.3143310546875 236.86713409423828
225.86892700195312 172.05397033691406 251.87599563598633 172.05397033691406 251.87599563598633 237.34603118896484 225.86892700195312 237.34603118896484
226.38107299804688 172.38357543945312 251.75870895385742 172.38357543945312 251.75870895385742 239.34595489501953 226.38107299804688 239.34595489501953
225.8138427734375 171.9386444091797 251.37979888916016 171.9386444091797 251.37979888916016 238.04930877685547 225.8138427734375 238.04930877685547
226.01113891601562 170.4690704345703 251.31894302368164 170.4690704345703 251.31894302368164 236.63878631591797 226.01113891601562 236.63878631591797
225.1818084716797 167.56649780273438 251.25240516662598 167.56649780273438 251.25240516662598 235.10821533203125 225.1818084716797 235.10821533203125
225.0548095703125 165.99380493164062 250.61134719848633 165.99380493164062 250.61134719848633 236.9703140258789 225.0548095703125 236.9703140258789
224.361083984375 168.58352661132812 250.251708984375 168.58352661132812 250.251708984375 234.53801727294922 224.361083984375 234.53801727294922
224.1072540283203 168.35939025878906 249.3170394897461 168.35939025878906 249.3170394897461 235.91688537597656 224.1072540283203 235.91688537597656
223.79385375976562 169.21188354492188 250.09549522399902 169.21188354492188 250.09549522399902 236.51105499267578 223.79385375976562 236.51105499267578
223.5663299560547 171.71104431152344 248.97185897827148 171.71104431152344 248.97185897827148 237.45220947265625 223.5663299560547 237.45220947265625
222.4713592529297 171.67538452148438 247.91835975646973 171.67538452148438 247.91835975646973 237.0804901123047 222.4713592529297 237.0804901123047
221.7046661376953 169.84776306152344 248.73011779785156 169.84776306152344 248.73011779785156 236.56295776367188 221.7046661376953 236.56295776367188
221.5862274169922 168.52215576171875 248.35427284240723 168.52215576171875 248.35427284240723 234.5430679321289 221.5862274169922 234.5430679321289
221.3621063232422 167.81088256835938 247.43348121643066 167.81088256835938 247.43348121643066 236.26393127441406 221.3621063232422 236.26393127441406
221.735107421875 167.2111358642578 247.32690048217773 167.2111358642578 247.32690048217773 232.75784301757812 221.735107421875 232.75784301757812
221.30276489257812 166.88926696777344 247.13161849975586 166.88926696777344 247.13161849975586 234.17676544189453 221.30276489257812 234.17676544189453
221.00259399414062 166.96090698242188 246.8104305267334 166.96090698242188 246.8104305267334 233.06858825683594 221.00259399414062 233.06858825683594
220.21047973632812 167.5124053955078 245.81316757202148 167.5124053955078 245.81316757202148 234.2890625 220.21047973632812 234.2890625
220.92306518554688 169.2357940673828 246.95052528381348 169.2357940673828 246.95052528381348 234.34274291992188 220.92306518554688 234.34274291992188
220.0550537109375 169.48692321777344 246.73015785217285 169.48692321777344 246.73015785217285 234.18505096435547 220.0550537109375 234.18505096435547
221.1230010986328 169.31369018554688 246.6296501159668 169.31369018554688 246.6296501159668 234.4171905517578 221.1230010986328 234.4171905517578
221.11569213867188 169.86520385742188 246.47267150878906 169.86520385742188 246.47267150878906 233.8619384765625 221.11569213867188 233.8619384765625
220.4127655029297 168.45083618164062 245.81140327453613 168.45083618164062 245.81140327453613 233.29360961914062 220.4127655029297 233.29360961914062
220.57028198242188 166.38882446289062 246.3000888824463 166.38882446289062 246.3000888824463 230.32466888427734 220.57028198242188 230.32466888427734
219.3711395263672 165.63873291015625 245.47413063049316 165.63873291015625 245.47413063049316 231.6283721923828 219.3711395263672 231.6283721923828
220.14498901367188 166.16819763183594 245.77906799316406 166.16819763183594 245.77906799316406 232.04660034179688 220.14498901367188 232.04660034179688
219.8980712890625 167.0906524658203 246.10987281799316 167.0906524658203 246.10987281799316 231.53318786621094 219.8980712890625 231.53318786621094
220.0902862548828 166.2669677734375 246.60918617248535 166.2669677734375 246.60918617248535 234.43006896972656 220.0902862548828 234.43006896972656
219.21484375 168.15884399414062 246.02309226989746 168.15884399414062 246.02309226989746 235.44883728027344 219.21484375 235.44883728027344
218.39785766601562 167.20448303222656 245.34154891967773 167.20448303222656 245.34154891967773 234.7822265625 218.39785766601562 234.7822265625
217.5669403076172 166.3040008544922 245.23888778686523 166.3040008544922 245.23888778686523 233.9837646484375 217.5669403076172 233.9837646484375
217.5631103515625 165.74661254882812 244.6161651611328 165.74661254882812 244.6161651611328 234.70848083496094 217.5631103515625 234.70848083496094
217.359619140625 164.6973114013672 243.87257766723633 164.6973114013672 243.87257766723633 232.93711853027344 217.359619140625 232.93711853027344
217.7333526611328 163.86138916015625 244.12208938598633 163.86138916015625 244.12208938598633 232.30411529541016 217.7333526611328 232.30411529541016
217.2712860107422 163.96046447753906 243.4849033355713 163.96046447753906 243.4849033355713 232.32970428466797 217.2712860107422 232.32970428466797
216.9196319580078 164.41517639160156 243.55578231811523 164.41517639160156 243.55578231811523 230.14408111572266 216.9196319580078 230.14408111572266
216.61550903320312 166.3724365234375 242.6500644683838 166.3724365234375 242.6500644683838 231.80852508544922 216.61550903320312 231.80852508544922
216.10531616210938 164.91976928710938 242.6562099456787 164.91976928710938 242.6562099456787 232.34803771972656 216.10531616210938 232.34803771972656
216.136962890625 166.61636352539062 242.6256446838379 166.61636352539062 242.6256446838379 232.64122772216797 216.136962890625 232.64122772216797
215.4460906982422 167.66586303710938 242.36429405212402 167.66586303710938 242.36429405212402 233.17172241210938 215.4460906982422 233.17172241210938
215.93179321289062 166.67660522460938 241.64272117614746 166.67660522460938 241.64272117614746 231.9341278076172 215.93179321289062 231.9341278076172
216.253173828125 166.39369201660156 242.28562927246094 166.39369201660156 242.28562927246094 232.33814239501953 216.253173828125 232.33814239501953
215.6038055419922 166.20504760742188 241.31968688964844 166.20504760742188 241.31968688964844 231.43378448486328 215.6038055419922 231.43378448486328
214.4608917236328 164.8275909423828 240.85186767578125 164.8275909423828 240.85186767578125 230.74627685546875 214.4608917236328 230.74627685546875
215.39791870117188 165.7383575439453 240.63107109069824 165.7383575439453 240.63107109069824 230.73583984375 215.39791870117188 230.73583984375
214.549072265625 165.23184204101562 240.43959999084473 165.23184204101562 240.43959999084473 230.37217712402344 214.549072265625 230.37217712402344
214.52822875976562 165.12252807617188 240.87277221679688 165.12252807617188 240.87277221679688 230.6865692138672 214.52822875976562 230.6865692138672
214.33065795898438 167.48550415039062 240.01918601989746 167.48550415039062 240.01918601989746 231.07212448120117 214.33065795898438 231.07212448120117
214.4078826904297 167.42080688476562 239.9608039855957 167.42080688476562 239.9608039855957 231.32274627685547 214.4078826904297 231.32274627685547
214.16616821289062 166.08309936523438 239.41650009155273 166.08309936523438 239.41650009155273 230.34832000732422 214.16616821289062 230.34832000732422
212.90463256835938 164.1590118408203 238.78066444396973 164.1590118408203 238.78066444396973 230.0650405883789 212.90463256835938 230.0650405883789
212.21533203125 163.7435760498047 237.4986171722412 163.7435760498047 237.4986171722412 231.10458374023438 212.21533203125 231.10458374023438
212.1659698486328 163.5058135986328 237.54767990112305 163.5058135986328 237.54767990112305 229.9731216430664 212.1659698486328 229.9731216430664
212.214111328125 163.73312377929688 237.53380966186523 163.73312377929688 237.53380966186523 231.78321075439453 212.214111328125 231.78321075439453
211.0525665283203 161.89822387695312 236.3320655822754 161.89822387695312 236.3320655822754 227.03248596191406 211.0525665283203 227.03248596191406
211.53836059570312 165.66424560546875 236.43892288208008 165.66424560546875 236.43892288208008 228.45471954345703 211.53836059570312 228.45471954345703
211.57333374023438 165.58529663085938 236.3120574951172 165.58529663085938 236.3120574951172 228.5298080444336 211.57333374023438 228.5298080444336
211.4838409423828 165.60975646972656 236.3816795349121 165.60975646972656 236.3816795349121 230.47588348388672 211.4838409423828 230.47588348388672
211.76980590820312 165.8870849609375 236.03743362426758 165.8870849609375 236.03743362426758 229.78153228759766 211.76980590820312 229.78153228759766
211.36508178710938 164.14974975585938 235.42401504516602 164.14974975585938 235.42401504516602 229.24790954589844 211.36508178710938 229.24790954589844
211.7052764892578 165.52175903320312 236.13447952270508 165.52175903320312 236.13447952270508 228.99738311767578 211.7052764892578 228.99738311767578
211.01895141601562 164.2870635986328 235.88045501708984 164.2870635986328 235.88045501708984 228.48599243164062 211.01895141601562 228.48599243164062
211.4367218017578 163.4729766845703 235.7062530517578 163.4729766845703 235.7062530517578 228.4202880859375 211.4367218017578 228.4202880859375
210.5953369140625 164.48193359375 235.69231605529785 164.48193359375 235.69231605529785 227.7623519897461 210.5953369140625 227.7623519897461
210.96408081054688 165.1109619140625 235.3753776550293 165.1109619140625 235.3753776550293 227.78801727294922 210.96408081054688 227.78801727294922
210.0762176513672 165.32754516601562 234.7410373687744 165.32754516601562 234.7410373687744 226.81624603271484 210.0762176513672 226.81624603271484
209.6856689453125 164.34149169921875 234.37140274047852 164.34149169921875 234.37140274047852 225.61342239379883 209.6856689453125 225.61342239379883
209.23226928710938 163.44662475585938 234.82411766052246 163.44662475585938 234.82411766052246 227.19923782348633 209.23226928710938 227.19923782348633
208.8668975830078 162.95022583007812 233.5917682647705 162.95022583007812 233.5917682647705 226.59110641479492 208.8668975830078 226.59110641479492
208.90579223632812 161.49256896972656 232.74502182006836 161.49256896972656 232.74502182006836 226.2593765258789 208.90579223632812 226.2593765258789
208.6742401123047 160.5304412841797 231.4870719909668 160.5304412841797 231.4870719909668 224.71414184570312 208.6742401123047 224.71414184570312
207.9422149658203 160.274169921875 230.99006843566895 160.274169921875 230.99006843566895 221.03558349609375 207.9422149658203 221.03558349609375
207.5182647705078 161.54843139648438 230.7386932373047 161.54843139648438 230.7386932373047 221.65049362182617 207.5182647705078 221.65049362182617
207.1938018798828 163.01904296875 230.66465377807617 163.01904296875 230.66465377807617 222.03070068359375 207.1938018798828 222.03070068359375
206.84817504882812 163.1531219482422 230.25421524047852 163.1531219482422 230.25421524047852 222.76509857177734 206.84817504882812 222.76509857177734
206.0457000732422 164.57164001464844 230.39588928222656 164.57164001464844 230.39588928222656 223.3684310913086 206.0457000732422 223.3684310913086
205.94815063476562 164.7400360107422 229.6902961730957 164.7400360107422 229.6902961730957 224.1379165649414 205.94815063476562 224.1379165649414
205.3751220703125 163.1903533935547 229.47489547729492 163.1903533935547 229.47489547729492 223.51223373413086 205.3751220703125 223.51223373413086
204.80166625976562 161.6698760986328 229.02588272094727 161.6698760986328 229.02588272094727 223.55582427978516 204.80166625976562 223.55582427978516
204.3736114501953 162.19384765625 229.53071975708008 162.19384765625 229.53071975708008 224.4277458190918 204.3736114501953 224.4277458190918
205.10275268554688 163.09010314941406 229.3134307861328 163.09010314941406 229.3134307861328 225.96920013427734 205.10275268554688 225.96920013427734
204.27488708496094 161.9620361328125 229.38097381591797 161.9620361328125 229.38097381591797 224.43634033203125 204.27488708496094 224.43634033203125
203.41909790039062 162.70980834960938 229.11281204223633 162.70980834960938 229.11281204223633 225.87696075439453 203.41909790039062 225.87696075439453
203.26602172851562 162.4148712158203 228.45271682739258 162.4148712158203 228.45271682739258 224.8850440979004 203.26602172851562 224.8850440979004
202.0681610107422 161.5107879638672 227.25489616394043 161.5107879638672 227.25489616394043 222.5295181274414 202.0681610107422 222.5295181274414
202.73406982421875 163.9375762939453 226.9616355895996 163.9375762939453 226.9616355895996 224.77327728271484 202.73406982421875 224.77327728271484
202.13204956054688 161.63400268554688 225.90944480895996 161.63400268554688 225.90944480895996 222.94874954223633 202.13204956054688 222.94874954223633
201.4770965576172 160.53115844726562 225.1870517730713 160.53115844726562 225.1870517730713 222.10816192626953 201.4770965576172 222.10816192626953
200.74325561523438 159.3561553955078 224.0134220123291 159.3561553955078 224.0134220123291 222.46905136108398 200.74325561523438 222.46905136108398
200.03305053710938 161.16290283203125 223.6861572265625 161.16290283203125 223.6861572265625 220.69770050048828 200.03305053710938 220.69770050048828
200.7768096923828 160.9477081298828 223.5547981262207 160.9477081298828 223.5547981262207 225.01092529296875 200.7768096923828 225.01092529296875
197.88394165039062 161.24118041992188 222.05194282531738 161.24118041992188 222.05194282531738 219.04790115356445 197.88394165039062 219.04790115356445
197.7874298095703 162.9606475830078 221.5531463623047 162.9606475830078 221.5531463623047 221.98954010009766 197.7874298095703 221.98954010009766
196.6525421142578 162.92318725585938 221.67487716674805 162.92318725585938 221.67487716674805 222.57384490966797 196.6525421142578 222.57384490966797
194.86032104492188 162.78817749023438 220.3539867401123 162.78817749023438 220.3539867401123 221.873046875 194.86032104492188 221.873046875
194.99618530273438 160.19041442871094 219.61873054504395 160.19041442871094 219.61873054504395 219.99008560180664 194.99618530273438 219.99008560180664
195.27561950683594 161.5997772216797 219.07186698913574 161.5997772216797 219.07186698913574 219.0187110900879 195.27561950683594 219.0187110900879
193.92970275878906 157.8256072998047 218.35618591308594 157.8256072998047 218.35618591308594 216.96893692016602 193.92970275878906 216.96893692016602
192.2496337890625 157.6196746826172 216.78924369812012 157.6196746826172 216.78924369812012 215.88573455810547 192.2496337890625 215.88573455810547
193.5991668701172 158.73532104492188 215.42670059204102 158.73532104492188 215.42670059204102 220.12537384033203 193.5991668701172 220.12537384033203
192.2682647705078 162.23904418945312 216.5958709716797 162.23904418945312 216.5958709716797 219.72747802734375 192.2682647705078 219.72747802734375
190.25660705566406 159.38040161132812 214.7520866394043 159.38040161132812 214.7520866394043 217.38851165771484 190.25660705566406 217.38851165771484
189.19003295898438 158.3490753173828 214.14603805541992 158.3490753173828 214.14603805541992 217.0121841430664 189.19003295898438 217.0121841430664
188.7896728515625 159.3449249267578 212.8250026702881 159.3449249267578 212.8250026702881 216.95082092285156 188.7896728515625 216.95082092285156
188.414306640625 159.1723175048828 211.48828315734863 159.1723175048828 211.48828315734863 216.42496490478516 188.414306640625 216.42496490478516
186.98291015625 159.47256469726562 210.4089469909668 159.47256469726562 210.4089469909668 217.41809844970703 186.98291015625 217.41809844970703
186.03958129882812 158.93426513671875 208.60645484924316 158.93426513671875 208.60645484924316 215.38201904296875 186.03958129882812 215.38201904296875
185.44020080566406 159.7964630126953 208.24504470825195 159.7964630126953 208.24504470825195 216.26608657836914 185.44020080566406 216.26608657836914
183.8572540283203 160.7863006591797 207.80695724487305 160.7863006591797 207.80695724487305 216.37699127197266 183.8572540283203 216.37699127197266
182.42202758789062 160.0863037109375 206.57246208190918 160.0863037109375 206.57246208190918 215.17545318603516 182.42202758789062 215.17545318603516
182.01864624023438 160.62594604492188 205.52997589111328 160.62594604492188 205.52997589111328 215.93404388427734 182.01864624023438 215.93404388427734
181.40322875976562 159.8257598876953 204.05482292175293 159.8257598876953 204.05482292175293 215.05150985717773 181.40322875976562 215.05150985717773
180.85214233398438 159.98257446289062 203.23063278198242 159.98257446289062 203.23063278198242 215.68904876708984 180.85214233398438 215.68904876708984
179.9747772216797 158.5506134033203 202.97257041931152 158.5506134033203 202.97257041931152 215.16509628295898 179.9747772216797 215.16509628295898
179.8533477783203 158.0615234375 202.42501640319824 158.0615234375 202.42501640319824 215.3198356628418 179.8533477783203 215.3198356628418
178.35409545898438 157.7116241455078 201.41328811645508 157.7116241455078 201.41328811645508 214.80660247802734 178.35409545898438 214.80660247802734
177.69711303710938 158.6087188720703 200.02675819396973 158.6087188720703 200.02675819396973 215.81161880493164 177.69711303710938 215.81161880493164
176.7029571533203 157.189208984375 199.7736644744873 157.189208984375 199.7736644744873 215.99135208129883 176.7029571533203 215.99135208129883
176.25051879882812 158.64266967773438 198.96592140197754 158.64266967773438 198.96592140197754 217.57687377929688 176.25051879882812 217.57687377929688
174.70240783691406 158.93067932128906 198.18855667114258 158.93067932128906 198.18855667114258 216.78033828735352 174.70240783691406 216.78033828735352
173.72152709960938 157.98947143554688 197.5816879272461 157.98947143554688 197.5816879272461 219.58614349365234 173.72152709960938 219.58614349365234
172.3109130859375 157.30047607421875 196.22613334655762 157.30047607421875 196.22613334655762 218.6204833984375 172.3109130859375 218.6204833984375
172.38955688476562 158.0458526611328 195.0619773864746 158.0458526611328 195.0619773864746 219.6171417236328 172.38955688476562 219.6171417236328
172.28408813476562 157.07948303222656 194.04807662963867 157.07948303222656 194.04807662963867 218.06505584716797 172.28408813476562 218.06505584716797
170.98388671875 156.01744079589844 192.49213409423828 156.01744079589844 192.49213409423828 216.06383895874023 170.98388671875 216.06383895874023
169.496337890625 155.41055297851562 190.63018417358398 155.41055297851562 190.63018417358398 213.57991409301758 169.496337890625 213.57991409301758
168.5731201171875 157.08692932128906 190.3809757232666 157.08692932128906 190.3809757232666 215.17717742919922 168.5731201171875 215.17717742919922
167.37588500976562 158.09133911132812 190.1389045715332 158.09133911132812 190.1389045715332 216.73760223388672 167.37588500976562 216.73760223388672
166.02670288085938 157.92337036132812 188.39791870117188 157.92337036132812 188.39791870117188 215.37421798706055 166.02670288085938 215.37421798706055
164.86941528320312 158.4225311279297 187.48879623413086 158.4225311279297 187.48879623413086 216.01071548461914 164.86941528320312 216.01071548461914
164.0805206298828 158.25448608398438 186.1267910003662 158.25448608398438 186.1267910003662 217.44012451171875 164.0805206298828 217.44012451171875
163.3299102783203 156.53463745117188 185.09321403503418 156.53463745117188 185.09321403503418 214.82863235473633 163.3299102783203 214.82863235473633
162.55154418945312 156.38949584960938 183.44917488098145 156.38949584960938 183.44917488098145 216.14614868164062 162.55154418945312 216.14614868164062
161.46450805664062 155.54180908203125 182.4425392150879 155.54180908203125 182.4425392150879 213.48283767700195 161.46450805664062 213.48283767700195
160.48170471191406 155.1612091064453 181.73675727844238 155.1612091064453 181.73675727844238 211.58880996704102 160.48170471191406 211.58880996704102
158.92434692382812 156.98056030273438 180.83799362182617 156.98056030273438 180.83799362182617 213.15876007080078 158.92434692382812 213.15876007080078
157.79693603515625 156.36257934570312 179.2912139892578 156.36257934570312 179.2912139892578 213.4206771850586 157.79693603515625 213.4206771850586
156.6809539794922 158.0646209716797 178.72124671936035 158.0646209716797 178.72124671936035 215.81746673583984 156.6809539794922 215.81746673583984
155.71153259277344 157.65274047851562 176.8775634765625 157.65274047851562 176.8775634765625 214.50442504882812 155.71153259277344 214.50442504882812
154.3323516845703 158.8091278076172 176.38780403137207 158.8091278076172 176.38780403137207 212.60024642944336 154.3323516845703 212.60024642944336
152.98233032226562 157.43617248535156 173.6885223388672 157.43617248535156 173.6885223388672 212.10552215576172 152.98233032226562 212.10552215576172
152.37466430664062 156.62423706054688 173.36292266845703 156.62423706054688 173.36292266845703 212.55799102783203 152.37466430664062 212.55799102783203
151.0638427734375 158.97479248046875 172.88878440856934 158.97479248046875 172.88878440856934 215.40020751953125 151.0638427734375 215.40020751953125
149.378662109375 156.76243591308594 171.20049476623535 156.76243591308594 171.20049476623535 211.66534805297852 149.378662109375 211.66534805297852
147.98187255859375 158.7933807373047 171.07570266723633 158.7933807373047 171.07570266723633 215.72085189819336 147.98187255859375 215.72085189819336
146.3575897216797 157.4002685546875 168.90113067626953 157.4002685546875 168.90113067626953 212.99195098876953 146.3575897216797 212.99195098876953
146.0783233642578 160.47488403320312 168.89072036743164 160.47488403320312 168.89072036743164 216.48122024536133 146.0783233642578 216.48122024536133
144.02261352539062 158.8076171875 166.75298500061035 158.8076171875 166.75298500061035 215.1291618347168 144.02261352539062 215.1291618347168
143.56114196777344 156.50592041015625 166.45299339294434 156.50592041015625 166.45299339294434 215.54948043823242 143.56114196777344 215.54948043823242
141.8786163330078 158.1411590576172 165.6390552520752 158.1411590576172 165.6390552520752 216.19848251342773 141.8786163330078 216.19848251342773
141.6910400390625 155.29148864746094 165.09931564331055 155.29148864746094 165.09931564331055 216.53253936767578 141.6910400390625 216.53253936767578
140.52613830566406 155.68771362304688 164.75045585632324 155.68771362304688 164.75045585632324 216.10729217529297 140.52613830566406 216.10729217529297
140.32481384277344 154.3904571533203 164.1660861968994 154.3904571533203 164.1660861968994 214.18295669555664 140.32481384277344 214.18295669555664
139.79310607910156 154.79466247558594 162.8465232849121 154.79466247558594 162.8465232849121 214.70235443115234 139.79310607910156 214.70235443115234
139.54446411132812 156.6703643798828 161.81171226501465 156.6703643798828 161.81171226501465 215.07318496704102 139.54446411132812 215.07318496704102
138.50265502929688 155.7496337890625 161.50677871704102 155.7496337890625 161.50677871704102 214.0206298828125 138.50265502929688 214.0206298828125
138.0341033935547 156.321533203125 161.07359313964844 156.321533203125 161.07359313964844 214.1716079711914 138.0341033935547 214.1716079711914
137.7210693359375 158.09597778320312 160.4655647277832 158.09597778320312 160.4655647277832 215.88854217529297 137.7210693359375 215.88854217529297
136.56716918945312 157.219482421875 160.08349609375 157.219482421875 160.08349609375 215.06693267822266 136.56716918945312 215.06693267822266
135.69821166992188 155.46469116210938 159.3585605621338 155.46469116210938 159.3585605621338 214.2529067993164 135.69821166992188 214.2529067993164
134.6582794189453 154.3203582763672 159.43211364746094 154.3203582763672 159.43211364746094 212.83209609985352 134.6582794189453 212.83209609985352
135.3627471923828 155.6354522705078 159.28084564208984 155.6354522705078 159.28084564208984 214.2326431274414 135.3627471923828 214.2326431274414
134.31881713867188 154.2210693359375 157.9044189453125 154.2210693359375 157.9044189453125 212.35074996948242 134.31881713867188 212.35074996948242
134.78834533691406 154.07911682128906 158.11769104003906 154.07911682128906 158.11769104003906 214.73139190673828 134.78834533691406 214.73139190673828
133.41519165039062 154.94444274902344 156.8214626312256 154.94444274902344 156.8214626312256 214.60838317871094 133.41519165039062 214.60838317871094
132.41281127929688 152.24807739257812 157.0427074432373 152.24807739257812 157.0427074432373 212.61009979248047 132.41281127929688 212.61009979248047
130.6549530029297 156.21530151367188 154.93445205688477 156.21530151367188 154.93445205688477 214.52239990234375 130.6549530029297 214.52239990234375
129.89627075195312 156.61380004882812 154.14997482299805 156.61380004882812 154.14997482299805 216.32078170776367 129.89627075195312 216.32078170776367
130.22067260742188 155.98577880859375 153.6034812927246 155.98577880859375 153.6034812927246 214.66448211669922 130.22067260742188 214.66448211669922
130.16891479492188 157.39932250976562 153.61898612976074 157.39932250976562 153.61898612976074 216.179443359375 130.16891479492188 216.179443359375
128.5295867919922 154.44171142578125 152.84116744995117 154.44171142578125 152.84116744995117 212.92899703979492 128.5295867919922 212.92899703979492
127.82289123535156 154.48629760742188 152.91213417053223 154.48629760742188 152.91213417053223 212.03374099731445 127.82289123535156 212.03374099731445
127.52313232421875 153.9879150390625 152.45178604125977 153.9879150390625 152.45178604125977 211.92512130737305 127.52313232421875 211.92512130737305
127.84124755859375 152.2823486328125 152.78137397766113 152.2823486328125 152.78137397766113 212.4222640991211 127.84124755859375 212.4222640991211
127.61387634277344 151.49693298339844 152.0566463470459 151.49693298339844 152.0566463470459 210.1083641052246 127.61387634277344 210.1083641052246
126.60750579833984 152.93301391601562 151.3543472290039 152.93301391601562 151.3543472290039 211.02963256835938 126.60750579833984 211.02963256835938
125.96333312988281 153.00559997558594 150.88034439086914 153.00559997558594 150.88034439086914 211.01818084716797 125.96333312988281 211.01818084716797
125.09629821777344 153.01287841796875 150.26873970031738 153.01287841796875 150.26873970031738 212.244873046875 125.09629821777344 212.244873046875
125.62593078613281 153.160400390625 150.75081253051758 153.160400390625 150.75081253051758 212.3484992980957 125.62593078613281 212.3484992980957
124.5711441040039 152.7322998046875 150.12941551208496 152.7322998046875 150.12941551208496 211.64412689208984 124.5711441040039 211.64412689208984
125.47590637207031 153.99307250976562 151.1083583831787 153.99307250976562 151.1083583831787 215.28564453125 125.47590637207031 215.28564453125
124.39204406738281 154.80917358398438 151.4721736907959 154.80917358398438 151.4721736907959 211.96039581298828 124.39204406738281 211.96039581298828
129.943115234375 151.8039093017578 155.75315856933594 151.8039093017578 155.75315856933594 213.2946548461914 129.943115234375 213.2946548461914
132.7630615234375 151.74951171875 159.13624954223633 151.74951171875 159.13624954223633 207.43924713134766 132.7630615234375 207.43924713134766
137.53639221191406 150.07443237304688 162.5069065093994 150.07443237304688 162.5069065093994 211.05570602416992 137.53639221191406 211.05570602416992
141.73080444335938 151.09103393554688 168.40733337402344 151.09103393554688 168.40733337402344 212.0633544921875 141.73080444335938 212.0633544921875
144.95921325683594 148.5216522216797 170.54494857788086 148.5216522216797 170.54494857788086 210.25549697875977 144.95921325683594 210.25549697875977
150.78536987304688 151.61549377441406 176.83768272399902 151.61549377441406 176.83768272399902 210.02536392211914 150.78536987304688 210.02536392211914
153.15167236328125 149.8965606689453 179.22017860412598 149.8965606689453 179.22017860412598 210.09901428222656 153.15167236328125 210.09901428222656
157.7949676513672 151.06776428222656 183.68808937072754 151.06776428222656 183.68808937072754 211.33094787597656 157.7949676513672 211.33094787597656
160.5460662841797 150.1973419189453 186.15675735473633 150.1973419189453 186.15675735473633 210.11727142333984 160.5460662841797 210.11727142333984
164.97860717773438 151.5491485595703 191.25223350524902 151.5491485595703 191.25223350524902 211.31476593017578 164.97860717773438 211.31476593017578
168.83250427246094 148.9066619873047 194.76735877990723 148.9066619873047 194.76735877990723 209.41269302368164 168.83250427246094 209.41269302368164
172.12818908691406 149.25387573242188 198.66164207458496 149.25387573242188 198.66164207458496 207.74362182617188 172.12818908691406 207.74362182617188
176.0812225341797 149.63272094726562 201.19590759277344 149.63272094726562 201.19590759277344 208.93843841552734 176.0812225341797 208.93843841552734
174.89602661132812 147.9060821533203 200.88129043579102 147.9060821533203 200.88129043579102 208.82151794433594 174.89602661132812 208.82151794433594
175.39605712890625 148.34706115722656 201.72031784057617 148.34706115722656 201.72031784057617 209.08569717407227 175.39605712890625 209.08569717407227
175.4058380126953 148.27395629882812 200.4035301208496 148.27395629882812 200.4035301208496 209.16826629638672 175.4058380126953 209.16826629638672
174.98565673828125 149.1459197998047 200.18597793579102 149.1459197998047 200.18597793579102 210.31798934936523 174.98565673828125 210.31798934936523
174.8101348876953 149.20748901367188 199.52570152282715 149.20748901367188 199.52570152282715 210.13274383544922 174.8101348876953 210.13274383544922
173.91795349121094 148.87908935546875 198.9922981262207 148.87908935546875 198.9922981262207 209.9845085144043 173.91795349121094 209.9845085144043
173.64109802246094 149.17855834960938 198.30558586120605 149.17855834960938 198.30558586120605 210.09095001220703 173.64109802246094 210.09095001220703
174.26712036132812 150.1422119140625 198.06330108642578 150.1422119140625 198.06330108642578 210.41329193115234 174.26712036132812 210.41329193115234
173.91783142089844 150.31634521484375 197.04653358459473 150.31634521484375 197.04653358459473 209.14868927001953 173.91783142089844 209.14868927001953
173.02224731445312 150.14564514160156 196.5492000579834 150.14564514160156 196.5492000579834 209.2629623413086 173.02224731445312 209.2629623413086
173.18080139160156 149.81167602539062 195.17272758483887 149.81167602539062 195.17272758483887 209.17708587646484 173.18080139160156 209.17708587646484
172.61355590820312 148.517333984375 194.8782844543457 148.517333984375 194.8782844543457 205.93115997314453 172.61355590820312 205.93115997314453
172.59434509277344 147.9529266357422 193.7399959564209 147.9529266357422 193.7399959564209 206.13570404052734 172.59434509277344 206.13570404052734
171.39443969726562 149.35565185546875 192.79923057556152 149.35565185546875 192.79923057556152 206.49726486206055 171.39443969726562 206.49726486206055
171.7271270751953 148.86065673828125 193.2090950012207 148.86065673828125 193.2090950012207 206.93584442138672 171.7271270751953 206.93584442138672
170.241943359375 150.07913208007812 192.02219772338867 150.07913208007812 192.02219772338867 206.99691009521484 170.241943359375 206.99691009521484
170.38656616210938 152.7592315673828 192.11082649230957 152.7592315673828 192.11082649230957 207.6932029724121 170.38656616210938 207.6932029724121
169.30755615234375 151.966064453125 191.94424438476562 151.966064453125 191.94424438476562 208.11823654174805 169.30755615234375 208.11823654174805
168.86190795898438 150.16140747070312 191.74124717712402 150.16140747070312 191.74124717712402 208.0249252319336 168.86190795898438 208.0249252319336
167.66136169433594 149.5372314453125 190.06212425231934 149.5372314453125 190.06212425231934 205.02180099487305 167.66136169433594 205.02180099487305
168.43722534179688 148.21426391601562 191.39712524414062 148.21426391601562 191.39712524414062 205.63351440429688 168.43722534179688 205.63351440429688
166.82522583007812 148.35704040527344 190.29990768432617 148.35704040527344 190.29990768432617 207.41216659545898 166.82522583007812 207.41216659545898
165.80563354492188 147.35940551757812 188.3107795715332 147.35940551757812 188.3107795715332 203.24369430541992 165.80563354492188 203.24369430541992
165.41201782226562 148.70309448242188 188.48974609375 148.70309448242188 188.48974609375 206.59500885009766 165.41201782226562 206.59500885009766
164.71951293945312 148.0425262451172 187.88515090942383 148.0425262451172 187.88515090942383 206.87097549438477 164.71951293945312 206.87097549438477
163.49209594726562 149.76287841796875 186.74557876586914 149.76287841796875 186.74557876586914 206.68980026245117 163.49209594726562 206.68980026245117
162.45870971679688 149.39889526367188 184.99611282348633 149.39889526367188 184.99611282348633 206.0654182434082 162.45870971679688 206.0654182434082
161.7340545654297 148.95814514160156 184.35276412963867 148.95814514160156 184.35276412963867 206.8647003173828 161.7340545654297 206.8647003173828
161.36642456054688 147.33192443847656 183.05275535583496 147.33192443847656 183.05275535583496 206.56834411621094 161.36642456054688 206.56834411621094
160.15122985839844 145.53982543945312 182.11118507385254 145.53982543945312 182.11118507385254 205.06594848632812 160.15122985839844 205.06594848632812
159.4740447998047 146.35009765625 180.69297218322754 146.35009765625 180.69297218322754 204.49761962890625 159.4740447998047 204.49761962890625
158.00347900390625 145.99880981445312 180.4533576965332 145.99880981445312 180.4533576965332 204.42472457885742 158.00347900390625 204.42472457885742
156.8357696533203 146.393310546875 180.02284240722656 146.393310546875 180.02284240722656 204.3007583618164 156.8357696533203 204.3007583618164
155.60682678222656 147.84390258789062 179.31817245483398 147.84390258789062 179.31817245483398 206.02800750732422 155.60682678222656 206.02800750732422
154.76007080078125 148.77828979492188 178.44420623779297 148.77828979492188 178.44420623779297 205.5606460571289 154.76007080078125 205.5606460571289
153.93043518066406 148.1690216064453 178.137788772583 148.1690216064453 178.137788772583 205.30724334716797 153.93043518066406 205.30724334716797
153.44107055664062 147.5420684814453 176.63363647460938 147.5420684814453 176.63363647460938 204.1401138305664 153.44107055664062 204.1401138305664
152.80654907226562 147.29539489746094 176.350341796875 147.29539489746094 176.350341796875 204.31775283813477 152.80654907226562 204.31775283813477
152.6982421875 146.7864990234375 175.8152313232422 146.7864990234375 175.8152313232422 202.26017379760742 152.6982421875 202.26017379760742
151.88658142089844 144.65966796875 175.1122875213623 144.65966796875 175.1122875213623 202.45268630981445 151.88658142089844 202.45268630981445
150.62315368652344 144.98165893554688 175.16689109802246 144.98165893554688 175.16689109802246 202.39912796020508 150.62315368652344 202.39912796020508
149.9854278564453 145.43637084960938 173.79485511779785 145.43637084960938 173.79485511779785 202.41808319091797 149.9854278564453 202.41808319091797
148.9558563232422 146.328369140625 172.7867431640625 146.328369140625 172.7867431640625 204.5518798828125 148.9558563232422 204.5518798828125
148.41204833984375 146.44815063476562 171.95806312561035 146.44815063476562 171.95806312561035 204.41007614135742 148.41204833984375 204.41007614135742
147.02676391601562 145.20175170898438 170.31892013549805 145.20175170898438 170.31892013549805 204.08208465576172 147.02676391601562 204.08208465576172
146.74844360351562 145.46559143066406 169.17559051513672 145.46559143066406 169.17559051513672 203.86367416381836 146.74844360351562 203.86367416381836
145.7386474609375 143.757080078125 167.9071979522705 143.757080078125 167.9071979522705 201.8734016418457 145.7386474609375 201.8734016418457
145.38699340820312 143.8003387451172 167.26434516906738 143.8003387451172 167.26434516906738 201.7493667602539 145.38699340820312 201.7493667602539
143.6161346435547 144.1522216796875 165.52870559692383 144.1522216796875 165.52870559692383 201.61112213134766 143.6161346435547 201.61112213134766
142.44338989257812 143.2711181640625 164.25745582580566 143.2711181640625 164.25745582580566 201.32551956176758 142.44338989257812 201.32551956176758
141.26638793945312 144.09906005859375 164.0341739654541 144.09906005859375 164.0341739654541 201.73423385620117 141.26638793945312 201.73423385620117
