18.0 143.0 43.0 143.0 43.0 232.0 18.0 232.0
19.251001358032227 142.36181640625 44.903873443603516 142.36181640625 44.903873443603516 231.39979553222656 19.251001358032227 231.39979553222656
20.896678924560547 142.48898315429688 46.56892395019531 142.48898315429688 46.56892395019531 229.76583862304688 20.896678924560547 229.76583862304688
21.335521697998047 141.5974578857422 47.12415313720703 141.5974578857422 47.12415313720703 231.20526123046875 21.335521697998047 231.20526123046875
22.118898391723633 139.56100463867188 48.16047286987305 139.56100463867188 48.16047286987305 230.0146942138672 22.118898391723633 230.0146942138672
23.821741104125977 138.72645568847656 48.75372123718262 138.72645568847656 48.75372123718262 230.47494506835938 23.821741104125977 230.47494506835938
24.585351943969727 137.50161743164062 49.5695686340332 137.50161743164062 49.5695686340332 229.8915252685547 24.585351943969727 229.8915252685547
25.81503677368164 136.8891143798828 53.02159118652344 136.8891143798828 53.02159118652344 230.92933654785156 25.81503677368164 230.92933654785156
27.573266983032227 137.55355834960938 52.38798713684082 137.55355834960938 52.38798713684082 226.7761688232422 27.573266983032227 226.7761688232422
29.24884033203125 139.02020263671875 55.40439987182617 139.02020263671875 55.40439987182617 226.97490692138672 29.24884033203125 226.97490692138672
31.162532806396484 138.8966522216797 57.278072357177734 138.8966522216797 57.278072357177734 225.12744140625 31.162532806396484 225.12744140625
34.384010314941406 137.28628540039062 59.56182098388672 137.28628540039062 59.56182098388672 223.5352020263672 34.384010314941406 223.5352020263672
35.7447624206543 137.7644500732422 61.533531188964844 137.7644500732422 61.533531188964844 224.43584442138672 35.7447624206543 224.43584442138672
37.258399963378906 135.0669403076172 63.60688018798828 135.0669403076172 63.60688018798828 225.47283172607422 37.258399963378906 225.47283172607422
39.37944793701172 136.48745727539062 64.46794509887695 136.48745727539062 64.46794509887695 225.27635192871094 39.37944793701172 225.27635192871094
41.169578552246094 134.94898986816406 66.25045394897461 134.94898986816406 66.25045394897461 225.23953247070312 41.169578552246094 225.23953247070312
42.727264404296875 136.62533569335938 67.96860885620117 136.62533569335938 67.96860885620117 226.47870635986328 42.727264404296875 226.47870635986328
43.88257598876953 135.10763549804688 68.9261474609375 135.10763549804688 68.9261474609375 225.96869659423828 43.88257598876953 225.96869659423828
45.73553466796875 135.66136169433594 69.90813255310059 135.66136169433594 69.90813255310059 224.42518615722656 45.73553466796875 224.42518615722656
46.67980194091797 134.7023162841797 71.29540061950684 134.7023162841797 71.29540061950684 224.75994873046875 46.67980194091797 224.75994873046875
47.89092254638672 131.9290771484375 72.72822189331055 131.9290771484375 72.72822189331055 224.1819610595703 47.89092254638672 224.1819610595703
49.13838195800781 133.4459228515625 74.14835929870605 133.4459228515625 74.14835929870605 222.39598083496094 49.13838195800781 222.39598083496094
49.78881072998047 131.1988983154297 74.99817657470703 131.1988983154297 74.99817657470703 222.03741455078125 49.78881072998047 222.03741455078125
50.961875915527344 128.89999389648438 75.41798973083496 128.89999389648438 75.41798973083496 223.04684448242188 50.961875915527344 223.04684448242188
51.618682861328125 126.95484924316406 75.1707763671875 126.95484924316406 75.1707763671875 222.03955078125 51.618682861328125 222.03955078125
52.11872482299805 126.10331726074219 76.96110534667969 126.10331726074219 76.96110534667969 220.82215118408203 52.11872482299805 220.82215118408203
54.48040771484375 127.34101867675781 78.4542064666748 127.34101867675781 78.4542064666748 217.64093017578125 54.48040771484375 217.64093017578125
55.76374435424805 128.58209228515625 79.80538177490234 128.58209228515625 79.80538177490234 218.08059692382812 55.76374435424805 218.08059692382812
57.93182373046875 132.21633911132812 81.3177261352539 132.21633911132812 81.3177261352539 216.2637176513672 57.93182373046875 216.2637176513672
59.51209259033203 129.54173278808594 84.37040328979492 129.54173278808594 84.37040328979492 216.7647933959961 59.51209259033203 216.7647933959961
61.5911865234375 130.26547241210938 87.3544979095459 130.26547241210938 87.3544979095459 218.39189910888672 61.5911865234375 218.39189910888672
62.79429244995117 129.16513061523438 89.77669525146484 129.16513061523438 89.77669525146484 222.53571319580078 62.79429244995117 222.53571319580078
63.8765983581543 130.90402221679688 90.4308032989502 130.90402221679688 90.4308032989502 221.28095245361328 63.8765983581543 221.28095245361328
65.19319152832031 127.19195556640625 91.46609497070312 127.19195556640625 91.46609497070312 220.1869659423828 65.19319152832031 220.1869659423828
66.92781829833984 125.2763442993164 94.39421844482422 125.2763442993164 94.39421844482422 219.40410614013672 66.92781829833984 219.40410614013672
67.72679901123047 126.30338287353516 95.50337982177734 126.30338287353516 95.50337982177734 220.0464324951172 67.72679901123047 220.0464324951172
68.19538116455078 126.9837875366211 96.35755157470703 126.9837875366211 96.35755157470703 219.70362854003906 68.19538116455078 219.70362854003906
70.76171112060547 127.98246765136719 98.01732635498047 127.98246765136719 98.01732635498047 221.37347412109375 70.76171112060547 221.37347412109375
72.49525451660156 125.0335693359375 99.25776290893555 125.0335693359375 99.25776290893555 219.80458068847656 72.49525451660156 219.80458068847656
75.49546813964844 123.5911636352539 101.64831161499023 123.5911636352539 101.64831161499023 219.22325134277344 75.49546813964844 219.22325134277344
76.72395324707031 130.17587280273438 103.03560256958008 130.17587280273438 103.03560256958008 223.43599700927734 76.72395324707031 223.43599700927734
77.77761840820312 136.39425659179688 104.26448631286621 136.39425659179688 104.26448631286621 232.11021423339844 77.77761840820312 232.11021423339844
79.28228759765625 147.81216430664062 104.77798080444336 147.81216430664062 104.77798080444336 242.7944793701172 79.28228759765625 242.7944793701172
79.38401794433594 150.8860626220703 105.17100524902344 150.8860626220703 105.17100524902344 244.20877075195312 79.38401794433594 244.20877075195312
80.5614242553711 152.72911071777344 107.51671600341797 152.72911071777344 107.51671600341797 241.99579620361328 80.5614242553711 241.99579620361328
81.5653305053711 154.27352905273438 109.37884712219238 154.27352905273438 109.37884712219238 246.1556854248047 81.5653305053711 246.1556854248047
85.00198364257812 147.87513732910156 112.77099609375 147.87513732910156 112.77099609375 241.0781021118164 85.00198364257812 241.0781021118164
85.92414855957031 147.1772918701172 114.08060264587402 147.1772918701172 114.08060264587402 239.27420043945312 85.92414855957031 239.27420043945312
87.6947250366211 150.58013916015625 115.68270111083984 150.58013916015625 115.68270111083984 237.25910186767578 87.6947250366211 237.25910186767578
88.70726013183594 148.93807983398438 117.22714614868164 148.93807983398438 117.22714614868164 238.69351959228516 88.70726013183594 238.69351959228516
90.4716796875 151.19430541992188 117.73528099060059 151.19430541992188 117.73528099060059 238.1982879638672 90.4716796875 238.1982879638672
92.05154418945312 153.75003051757812 119.4570198059082 153.75003051757812 119.4570198059082 240.33240509033203 92.05154418945312 240.33240509033203
93.69233703613281 150.4871368408203 120.66316795349121 150.4871368408203 120.66316795349121 242.41114807128906 93.69233703613281 242.41114807128906
95.6251220703125 149.6310577392578 121.96549415588379 149.6310577392578 121.96549415588379 240.32035064697266 95.6251220703125 240.32035064697266
97.31199645996094 153.21392822265625 123.81907081604004 153.21392822265625 123.81907081604004 241.25452423095703 97.31199645996094 241.25452423095703
98.64073181152344 158.0824432373047 124.06137084960938 158.0824432373047 124.06137084960938 244.86296844482422 98.64073181152344 244.86296844482422
98.84251403808594 163.1923370361328 125.12168884277344 163.1923370361328 125.12168884277344 250.47677612304688 98.84251403808594 250.47677612304688
99.13252258300781 165.25784301757812 126.20450782775879 165.25784301757812 126.20450782775879 255.9840545654297 99.13252258300781 255.9840545654297
100.74657440185547 170.02078247070312 126.29774856567383 170.02078247070312 126.29774856567383 257.76173400878906 100.74657440185547 257.76173400878906
101.27467346191406 168.0663299560547 127.255615234375 168.0663299560547 127.255615234375 258.2507019042969 101.27467346191406 258.2507019042969
102.6973876953125 167.08340454101562 127.94932746887207 167.08340454101562 127.94932746887207 257.8106994628906 102.6973876953125 257.8106994628906
103.35588073730469 168.2606201171875 128.28153038024902 168.2606201171875 128.28153038024902 254.5674057006836 103.35588073730469 254.5674057006836
104.60758209228516 168.5347137451172 128.96245574951172 168.5347137451172 128.96245574951172 257.86956787109375 104.60758209228516 257.86956787109375
104.9760971069336 166.19338989257812 130.60344123840332 166.19338989257812 130.60344123840332 255.39903259277344 104.9760971069336 255.39903259277344
106.39939880371094 165.5552215576172 131.36961555480957 165.5552215576172 131.36961555480957 257.3217010498047 106.39939880371094 257.3217010498047
107.45982360839844 165.47122192382812 132.99834442138672 165.47122192382812 132.99834442138672 255.65109252929688 107.45982360839844 255.65109252929688
109.67320251464844 166.54171752929688 134.8275032043457 166.54171752929688 134.8275032043457 254.2976837158203 109.67320251464844 254.2976837158203
110.6099624633789 165.82498168945312 135.47378540039062 165.82498168945312 135.47378540039062 252.52635955810547 110.6099624633789 252.52635955810547
110.60966491699219 164.51806640625 135.8686008453369 164.51806640625 135.8686008453369 252.60445404052734 110.60966491699219 252.60445404052734
112.4681167602539 167.05294799804688 137.18519020080566 167.05294799804688 137.18519020080566 249.6024932861328 112.4681167602539 249.6024932861328
114.30409240722656 163.50961303710938 138.93450736999512 163.50961303710938 138.93450736999512 246.77970123291016 114.30409240722656 246.77970123291016
113.77886962890625 162.69345092773438 137.71694374084473 162.69345092773438 137.71694374084473 246.15355682373047 113.77886962890625 246.15355682373047
114.00651550292969 161.96353149414062 139.32629013061523 161.96353149414062 139.32629013061523 246.76502990722656 114.00651550292969 246.76502990722656
113.75096130371094 161.58489990234375 139.62193870544434 161.58489990234375 139.62193870544434 246.90723419189453 113.75096130371094 246.90723419189453
113.70829772949219 159.7479705810547 140.31285667419434 159.7479705810547 140.31285667419434 248.90825653076172 113.70829772949219 248.90825653076172
115.02711486816406 162.5009765625 139.99726486206055 162.5009765625 139.99726486206055 248.57029724121094 115.02711486816406 248.57029724121094
116.57380676269531 164.82058715820312 141.64296340942383 164.82058715820312 141.64296340942383 248.89718627929688 116.57380676269531 248.89718627929688
116.49461364746094 161.69461059570312 142.4030055999756 161.69461059570312 142.4030055999756 248.6973114013672 116.49461364746094 248.6973114013672
118.1095199584961 158.6275177001953 143.22789764404297 158.6275177001953 143.22789764404297 247.7064437866211 118.1095199584961 247.7064437866211
119.40544128417969 160.07809448242188 144.14374160766602 160.07809448242188 144.14374160766602 245.64264678955078 119.40544128417969 245.64264678955078
120.6161880493164 161.1466827392578 147.70389556884766 161.1466827392578 147.70389556884766 243.9994888305664 120.6161880493164 243.9994888305664
135.16748046875 161.87075805664062 164.46104431152344 161.87075805664062 164.46104431152344 241.37871551513672 135.16748046875 241.37871551513672
142.6796417236328 159.6211395263672 171.20416641235352 159.6211395263672 171.20416641235352 246.18206787109375 142.6796417236328 246.18206787109375
152.15223693847656 159.56320190429688 176.31491661071777 159.56320190429688 176.31491661071777 245.5823211669922 152.15223693847656 245.5823211669922
160.15328979492188 159.94815063476562 189.37057495117188 159.94815063476562 189.37057495117188 243.27320861816406 160.15328979492188 243.27320861816406
168.54605102539062 161.72683715820312 197.1561737060547 161.72683715820312 197.1561737060547 242.885498046875 168.54605102539062 242.885498046875
177.34832763671875 160.43218994140625 205.91696548461914 160.43218994140625 205.91696548461914 240.28956604003906 177.34832763671875 240.28956604003906
187.3172607421875 156.51687622070312 211.21131896972656 156.51687622070312 211.21131896972656 241.5797119140625 187.3172607421875 241.5797119140625
194.93511962890625 159.40164184570312 222.8994255065918 159.40164184570312 222.8994255065918 239.4030303955078 194.93511962890625 239.4030303955078
202.2397003173828 158.07373046875 229.71222496032715 158.07373046875 229.71222496032715 241.07156372070312 202.2397003173828 241.07156372070312
212.431884765625 152.41567993164062 237.59344291687012 152.41567993164062 237.59344291687012 238.70987701416016 212.431884765625 238.70987701416016
211.4296875 153.0819091796875 235.38995742797852 153.0819091796875 235.38995742797852 239.44496154785156 211.4296875 239.44496154785156
212.3262176513672 153.4867706298828 235.9179401397705 153.4867706298828 235.9179401397705 235.85274505615234 212.3262176513672 235.85274505615234
212.90249633789062 153.0841827392578 236.36578941345215 153.0841827392578 236.36578941345215 236.41818237304688 212.90249633789062 236.41818237304688
212.14596557617188 152.64981079101562 238.1132354736328 152.64981079101562 238.1132354736328 234.4401092529297 212.14596557617188 234.4401092529297
221.379638671875 154.95327758789062 248.67719650268555 154.95327758789062 248.67719650268555 238.88076782226562 221.379638671875 238.88076782226562
226.76315307617188 154.07232666015625 254.72519493103027 154.07232666015625 254.72519493103027 235.24081420898438 226.76315307617188 235.24081420898438
234.06771850585938 153.7335205078125 263.1577033996582 153.7335205078125 263.1577033996582 235.93821716308594 234.06771850585938 235.93821716308594
246.39810180664062 156.37437438964844 274.8055839538574 156.37437438964844 274.8055839538574 234.34661865234375 246.39810180664062 234.34661865234375
253.667236328125 152.93789672851562 281.2021903991699 152.93789672851562 281.2021903991699 232.45191955566406 253.667236328125 232.45191955566406
263.14892578125 153.26014709472656 292.1010284423828 153.26014709472656 292.1010284423828 235.0493392944336 263.14892578125 235.0493392944336
276.72381591796875 153.80679321289062 305.24158096313477 153.80679321289062 305.24158096313477 232.25799560546875 276.72381591796875 232.25799560546875
288.1061096191406 152.40631103515625 316.28747177124023 152.40631103515625 316.28747177124023 233.94010162353516 288.1061096191406 233.94010162353516
300.53057861328125 153.8831329345703 329.9213752746582 153.8831329345703 329.9213752746582 233.31230926513672 300.53057861328125 233.31230926513672
311.9643859863281 152.35040283203125 341.6938228607178 152.35040283203125 341.6938228607178 233.91649627685547 311.9643859863281 233.91649627685547
319.4808044433594 150.351806640625 347.6953945159912 150.351806640625 347.6953945159912 232.03118896484375 319.4808044433594 232.03118896484375
329.94439697265625 151.53732299804688 359.3437919616699 151.53732299804688 359.3437919616699 233.6602020263672 329.94439697265625 233.6602020263672
337.5661926269531 149.02731323242188 364.4507141113281 149.02731323242188 364.4507141113281 231.48751068115234 337.5661926269531 231.48751068115234
341.53302001953125 149.61831665039062 367.8418273925781 149.61831665039062 367.8418273925781 230.23418426513672 341.53302001953125 230.23418426513672
343.0770568847656 147.04290771484375 367.206787109375 147.04290771484375 367.206787109375 229.20106506347656 343.0770568847656 229.20106506347656
342.81854248046875 145.40939331054688 366.1797351837158 145.40939331054688 366.1797351837158 229.31298065185547 342.81854248046875 229.31298065185547
343.52630615234375 146.7128448486328 367.74071884155273 146.7128448486328 367.74071884155273 231.35123443603516 343.52630615234375 231.35123443603516
344.0263671875 148.10824584960938 367.13816261291504 148.10824584960938 367.13816261291504 232.90694427490234 344.0263671875 232.90694427490234
343.8285217285156 149.16734313964844 366.748571395874 149.16734313964844 366.748571395874 230.43123626708984 343.8285217285156 230.43123626708984
344.5037536621094 149.3903045654297 367.8820915222168 149.3903045654297 367.8820915222168 231.39281463623047 344.5037536621094 231.39281463623047
344.91015625 148.85610961914062 368.19184494018555 148.85610961914062 368.19184494018555 231.2436294555664 344.91015625 231.2436294555664
345.37969970703125 146.6595458984375 369.4081325531006 146.6595458984375 369.4081325531006 227.32827758789062 345.37969970703125 227.32827758789062
346.1602478027344 147.69969177246094 370.21207427978516 147.69969177246094 370.21207427978516 227.30081176757812 346.1602478027344 227.30081176757812
346.99774169921875 146.1133575439453 370.09292221069336 146.1133575439453 370.09292221069336 226.963134765625 346.99774169921875 226.963134765625
347.0364074707031 146.04176330566406 369.7333755493164 146.04176330566406 369.7333755493164 225.5630111694336 347.0364074707031 225.5630111694336
348.31915283203125 146.8946075439453 369.9213008880615 146.8946075439453 369.9213008880615 225.72904205322266 348.31915283203125 225.72904205322266
348.4453125 145.30419921875 370.1269950866699 145.30419921875 370.1269950866699 227.72406005859375 348.4453125 227.72406005859375
349.4224548339844 147.0209197998047 370.37047958374023 147.0209197998047 370.37047958374023 227.58843994140625 349.4224548339844 227.58843994140625
349.4326171875 146.7913055419922 370.44811248779297 146.7913055419922 370.44811248779297 225.38158416748047 349.4326171875 225.38158416748047
349.66943359375 145.96339416503906 371.5104560852051 145.96339416503906 371.5104560852051 225.460693359375 349.66943359375 225.460693359375
350.34197998046875 147.43594360351562 370.800537109375 147.43594360351562 370.800537109375 222.9864959716797 350.34197998046875 222.9864959716797
350.2813415527344 144.42257690429688 371.0304985046387 144.42257690429688 371.0304985046387 222.43167114257812 350.2813415527344 222.43167114257812
351.15142822265625 144.35031127929688 371.6648864746094 144.35031127929688 371.6648864746094 222.87932586669922 351.15142822265625 222.87932586669922
350.74578857421875 140.9534912109375 371.5908393859863 140.9534912109375 371.5908393859863 223.2146759033203 350.74578857421875 223.2146759033203
351.39239501953125 144.30270385742188 371.84633445739746 144.30270385742188 371.84633445739746 223.40985870361328 351.39239501953125 223.40985870361328
351.2767028808594 142.90847778320312 372.7786617279053 142.90847778320312 372.7786617279053 224.85157775878906 351.2767028808594 224.85157775878906
351.8421630859375 144.91635131835938 373.03390312194824 144.91635131835938 373.03390312194824 223.683837890625 351.8421630859375 223.683837890625
353.03985595703125 146.494384765625 373.9564018249512 146.494384765625 373.9564018249512 224.08736419677734 353.03985595703125 224.08736419677734
353.83587646484375 145.1114044189453 375.5099849700928 145.1114044189453 375.5099849700928 221.79583740234375 353.83587646484375 221.79583740234375
356.5752868652344 146.08154296875 377.5594234466553 146.08154296875 377.5594234466553 224.02093505859375 356.5752868652344 224.02093505859375
356.31427001953125 143.75564575195312 378.3251647949219 143.75564575195312 378.3251647949219 221.200927734375 356.31427001953125 221.200927734375
356.71258544921875 142.54119873046875 378.88247299194336 142.54119873046875 378.88247299194336 220.7174835205078 356.71258544921875 220.7174835205078
356.9984436035156 142.43992614746094 379.27578353881836 142.43992614746094 379.27578353881836 222.48776245117188 356.9984436035156 222.48776245117188
357.59783935546875 141.7843780517578 379.6579399108887 141.7843780517578 379.6579399108887 220.49115753173828 357.59783935546875 220.49115753173828
357.7380065917969 142.197265625 381.1476573944092 142.197265625 381.1476573944092 220.2992172241211 357.7380065917969 220.2992172241211
358.1019592285156 143.3208770751953 380.6099662780762 143.3208770751953 380.6099662780762 221.37376403808594 358.1019592285156 221.37376403808594
358.28582763671875 144.0445098876953 380.2722053527832 144.0445098876953 380.2722053527832 222.42832946777344 358.28582763671875 222.42832946777344
358.8837890625 142.6479034423828 380.44707679748535 142.6479034423828 380.44707679748535 217.94424438476562 358.8837890625 217.94424438476562
358.2798767089844 142.44369506835938 378.8980312347412 142.44369506835938 378.8980312347412 218.83912658691406 358.2798767089844 218.83912658691406
358.5873718261719 140.86654663085938 379.8819465637207 140.86654663085938 379.8819465637207 219.86795806884766 358.5873718261719 219.86795806884766
358.9018249511719 141.78042602539062 380.0774841308594 141.78042602539062 380.0774841308594 218.76681518554688 358.9018249511719 218.76681518554688
358.9731140136719 138.2598114013672 380.1601753234863 138.2598114013672 380.1601753234863 216.9443588256836 358.9731140136719 216.9443588256836
359.654541015625 140.9747772216797 380.8491268157959 140.9747772216797 380.8491268157959 216.48697662353516 359.654541015625 216.48697662353516
360.43408203125 141.655517578125 380.5060577392578 141.655517578125 380.5060577392578 217.7382049560547 360.43408203125 217.7382049560547
360.2617492675781 141.1813201904297 380.88355827331543 141.1813201904297 380.88355827331543 217.67002868652344 360.2617492675781 217.67002868652344
361.00775146484375 140.53378295898438 382.2462043762207 140.53378295898438 382.2462043762207 217.95757293701172 361.00775146484375 217.95757293701172
361.4858703613281 140.57797241210938 382.44367027282715 140.57797241210938 382.44367027282715 215.14794921875 361.4858703613281 215.14794921875
362.8160095214844 139.14547729492188 383.5669651031494 139.14547729492188 383.5669651031494 214.84204864501953 362.8160095214844 214.84204864501953
363.22760009765625 143.3423309326172 383.7974796295166 143.3423309326172 383.7974796295166 214.52588653564453 363.22760009765625 214.52588653564453
362.68817138671875 138.93167114257812 383.1163520812988 138.93167114257812 383.1163520812988 213.54698944091797 362.68817138671875 213.54698944091797
362.438232421875 138.57223510742188 383.4947814941406 138.57223510742188 383.4947814941406 214.49060821533203 362.438232421875 214.49060821533203
362.5689392089844 137.91818237304688 382.9286003112793 137.91818237304688 382.9286003112793 212.29521942138672 362.5689392089844 212.29521942138672
362.6898498535156 135.62380981445312 382.6147041320801 135.62380981445312 382.6147041320801 213.59046936035156 362.6898498535156 213.59046936035156
362.9335021972656 135.01051330566406 383.1089267730713 135.01051330566406 383.1089267730713 213.2571792602539 362.9335021972656 213.2571792602539
363.07427978515625 135.10508728027344 383.90302658081055 135.10508728027344 383.90302658081055 212.13795471191406 363.07427978515625 212.13795471191406
363.6421813964844 134.75985717773438 384.33305740356445 134.75985717773438 384.33305740356445 211.94015502929688 363.6421813964844 211.94015502929688
363.5672912597656 136.78555297851562 383.0878620147705 136.78555297851562 383.0878620147705 212.10203552246094 363.5672912597656 212.10203552246094
364.64019775390625 135.02513122558594 383.9006404876709 135.02513122558594 383.9006404876709 211.73538208007812 364.64019775390625 211.73538208007812
364.9447326660156 136.3110809326172 385.077449798584 136.3110809326172 385.077449798584 212.50691986083984 364.9447326660156 212.50691986083984
364.72216796875 134.9971923828125 385.6851615905762 134.9971923828125 385.6851615905762 208.18814086914062 364.72216796875 208.18814086914062
365.3863525390625 131.7550811767578 386.3231563568115 131.7550811767578 386.3231563568115 208.9335479736328 365.3863525390625 208.9335479736328
366.5769958496094 134.29971313476562 386.9728240966797 134.29971313476562 386.9728240966797 210.0616912841797 366.5769958496094 210.0616912841797
366.1683044433594 133.76425170898438 386.675386428833 133.76425170898438 386.675386428833 206.87071228027344 366.1683044433594 206.87071228027344
366.639404296875 135.20285034179688 387.46320724487305 135.20285034179688 387.46320724487305 210.1996307373047 366.639404296875 210.1996307373047
366.67828369140625 133.54290771484375 387.12329483032227 133.54290771484375 387.12329483032227 210.92294311523438 366.67828369140625 210.92294311523438
365.8643493652344 132.113037109375 386.6490478515625 132.113037109375 386.6490478515625 209.74431610107422 365.8643493652344 209.74431610107422
365.9615173339844 133.65182495117188 385.8886375427246 133.65182495117188 385.8886375427246 208.64031219482422 365.9615173339844 208.64031219482422
366.55157470703125 134.35940551757812 386.4411506652832 134.35940551757812 386.4411506652832 209.81419372558594 366.55157470703125 209.81419372558594
366.3114929199219 134.3120880126953 386.02013778686523 134.3120880126953 386.02013778686523 208.1942138671875 366.3114929199219 208.1942138671875
366.96112060546875 131.04954528808594 387.36865997314453 131.04954528808594 387.36865997314453 209.62857055664062 366.96112060546875 209.62857055664062
366.50030517578125 131.56973266601562 386.80640983581543 131.56973266601562 386.80640983581543 208.30784606933594 366.50030517578125 208.30784606933594
367.0547180175781 133.83262634277344 386.2524833679199 133.83262634277344 386.2524833679199 206.4019012451172 367.0547180175781 206.4019012451172
367.48883056640625 134.1941680908203 388.2177276611328 134.1941680908203 388.2177276611328 209.05905151367188 367.48883056640625 209.05905151367188
366.1240234375 132.24050903320312 387.00962257385254 132.24050903320312 387.00962257385254 205.22537994384766 366.1240234375 205.22537994384766
366.86749267578125 131.8807830810547 386.71987533569336 131.8807830810547 386.71987533569336 205.69355010986328 366.86749267578125 205.69355010986328
365.81585693359375 133.1117706298828 384.89378929138184 133.1117706298828 384.89378929138184 207.28267669677734 365.81585693359375 207.28267669677734
365.06927490234375 130.34048461914062 384.2932243347168 130.34048461914062 384.2932243347168 207.70986938476562 365.06927490234375 207.70986938476562
364.62744140625 132.6759796142578 383.54832458496094 132.6759796142578 383.54832458496094 205.39788055419922 364.62744140625 205.39788055419922
364.36651611328125 131.11825561523438 383.49590492248535 131.11825561523438 383.49590492248535 207.37957000732422 364.36651611328125 207.37957000732422
363.2115478515625 129.28286743164062 381.9020595550537 129.28286743164062 381.9020595550537 206.8379898071289 363.2115478515625 206.8379898071289
363.25018310546875 128.14059448242188 382.0979175567627 128.14059448242188 382.0979175567627 204.94982147216797 363.25018310546875 204.94982147216797
362.8187561035156 128.18661499023438 382.4678554534912 128.18661499023438 382.4678554534912 205.42310333251953 362.8187561035156 205.42310333251953
362.40521240234375 128.75711059570312 381.7511672973633 128.75711059570312 381.7511672973633 204.14625549316406 362.40521240234375 204.14625549316406
363.1953125 131.38929748535156 382.3716163635254 131.38929748535156 382.3716163635254 205.30838012695312 363.1953125 205.30838012695312
364.1700744628906 128.41748046875 384.56180572509766 128.41748046875 384.56180572509766 204.92882537841797 364.1700744628906 204.92882537841797
365.11065673828125 129.5846405029297 384.89341926574707 129.5846405029297 384.89341926574707 204.33477783203125 365.11065673828125 204.33477783203125
365.9342956542969 129.5963592529297 384.8097896575928 129.5963592529297 384.8097896575928 202.11121368408203 365.9342956542969 202.11121368408203
366.4361877441406 127.2066879272461 385.870304107666 127.2066879272461 385.870304107666 202.05179595947266 366.4361877441406 202.05179595947266
366.12371826171875 127.1122055053711 385.8759059906006 127.1122055053711 385.8759059906006 201.56871032714844 366.12371826171875 201.56871032714844
366.35980224609375 127.39390563964844 386.1281394958496 127.39390563964844 386.1281394958496 200.66950225830078 366.35980224609375 200.66950225830078
366.33758544921875 129.91995239257812 386.2122974395752 129.91995239257812 386.2122974395752 203.50391387939453 366.33758544921875 203.50391387939453
366.9464416503906 130.03517150878906 386.11914443969727 130.03517150878906 386.11914443969727 201.21424102783203 366.9464416503906 201.21424102783203
366.84716796875 129.81393432617188 385.6713066101074 129.81393432617188 385.6713066101074 200.70012664794922 366.84716796875 200.70012664794922
367.244384765625 129.4475555419922 385.529842376709 129.4475555419922 385.529842376709 199.5828857421875 367.244384765625 199.5828857421875
366.69696044921875 126.16632080078125 385.7037715911865 126.16632080078125 385.7037715911865 200.85033416748047 366.69696044921875 200.85033416748047
366.85498046875 126.1012954711914 386.2903804779053 126.1012954711914 386.2903804779053 199.7129898071289 366.85498046875 199.7129898071289
366.36273193359375 125.75144958496094 385.90432357788086 125.75144958496094 385.90432357788086 198.5641098022461 366.36273193359375 198.5641098022461
366.4482727050781 124.8611831665039 386.1836967468262 124.8611831665039 386.1836967468262 200.0648956298828 366.4482727050781 200.0648956298828
367.2081604003906 127.57643127441406 386.7174873352051 127.57643127441406 386.7174873352051 200.3373565673828 367.2081604003906 200.3373565673828
365.8530578613281 124.44529724121094 385.86693382263184 124.44529724121094 385.86693382263184 198.5208740234375 365.8530578613281 198.5208740234375
367.3735046386719 128.31837463378906 387.0218906402588 128.31837463378906 387.0218906402588 199.79483032226562 367.3735046386719 199.79483032226562
367.7294006347656 129.39816284179688 387.75265312194824 129.39816284179688 387.75265312194824 199.18881225585938 367.7294006347656 199.18881225585938
368.72137451171875 128.0340118408203 388.5588569641113 128.0340118408203 388.5588569641113 198.9041290283203 368.72137451171875 198.9041290283203
368.530517578125 126.59941101074219 388.44711685180664 126.59941101074219 388.44711685180664 197.40679931640625 368.530517578125 197.40679931640625
369.3716125488281 125.7286376953125 389.02096939086914 125.7286376953125 389.02096939086914 198.53763580322266 369.3716125488281 198.53763580322266
370.80426025390625 127.23246765136719 391.2197456359863 127.23246765136719 391.2197456359863 197.61798095703125 370.80426025390625 197.61798095703125
370.33477783203125 126.75318908691406 389.89672470092773 126.75318908691406 389.89672470092773 196.94210815429688 370.33477783203125 196.94210815429688
371.0143737792969 125.22041320800781 390.3687171936035 125.22041320800781 390.3687171936035 196.27200317382812 371.0143737792969 196.27200317382812
371.85406494140625 125.57542419433594 390.68768310546875 125.57542419433594 390.68768310546875 197.01434326171875 371.85406494140625 197.01434326171875
372.50714111328125 126.50276184082031 391.3728084564209 126.50276184082031 391.3728084564209 198.73330688476562 372.50714111328125 198.73330688476562
372.93353271484375 126.33839416503906 391.30517196655273 126.33839416503906 391.30517196655273 197.76478576660156 372.93353271484375 197.76478576660156
373.280029296875 127.8847427368164 392.56605529785156 127.8847427368164 392.56605529785156 197.14612579345703 373.280029296875 197.14612579345703
374.18597412109375 126.8405532836914 392.28487396240234 126.8405532836914 392.28487396240234 196.8032455444336 374.18597412109375 196.8032455444336
373.7089538574219 126.6323013305664 392.59776306152344 126.6323013305664 392.59776306152344 195.81697845458984 373.7089538574219 195.81697845458984
373.8948059082031 125.84329986572266 393.17456245422363 125.84329986572266 393.17456245422363 194.0630874633789 373.8948059082031 194.0630874633789
373.96307373046875 124.9609146118164 393.49172592163086 124.9609146118164 393.49172592163086 193.6851577758789 373.96307373046875 193.6851577758789
375.2723083496094 124.32511901855469 393.50454902648926 124.32511901855469 393.50454902648926 195.42906188964844 375.2723083496094 195.42906188964844
374.59405517578125 124.5572509765625 393.51421546936035 124.5572509765625 393.51421546936035 194.5685272216797 374.59405517578125 194.5685272216797
375.1734313964844 122.70536804199219 394.1752185821533 122.70536804199219 394.1752185821533 195.17841339111328 375.1734313964844 195.17841339111328
375.8488464355469 125.10365295410156 395.0497283935547 125.10365295410156 395.0497283935547 195.3200225830078 375.8488464355469 195.3200225830078
376.8294372558594 123.9561538696289 395.99941635131836 123.9561538696289 395.99941635131836 197.9213409423828 376.8294372558594 197.9213409423828
376.3207702636719 124.09537506103516 395.17888259887695 124.09537506103516 395.17888259887695 195.6090316772461 376.3207702636719 195.6090316772461
378.3046875 124.17881774902344 397.6715850830078 124.17881774902344 397.6715850830078 197.01293182373047 378.3046875 197.01293182373047
379.41143798828125 122.69392395019531 398.38808822631836 122.69392395019531 398.38808822631836 194.7100830078125 379.41143798828125 194.7100830078125
378.72259521484375 122.04666900634766 397.81635665893555 122.04666900634766 397.81635665893555 195.73843383789062 378.72259521484375 195.73843383789062
379.0704650878906 121.68437194824219 398.261173248291 121.68437194824219 398.261173248291 192.15615844726562 379.0704650878906 192.15615844726562
379.9809875488281 121.11265563964844 398.5198440551758 121.11265563964844 398.5198440551758 193.24668884277344 379.9809875488281 193.24668884277344
379.620361328125 121.24714660644531 397.9278373718262 121.24714660644531 397.9278373718262 192.74026489257812 379.620361328125 192.74026489257812
379.4937744140625 121.55853271484375 397.74475479125977 121.55853271484375 397.74475479125977 192.30178833007812 379.4937744140625 192.30178833007812
379.54730224609375 120.73067474365234 398.4843273162842 120.73067474365234 398.4843273162842 192.35318756103516 379.54730224609375 192.35318756103516
379.6126403808594 123.22257232666016 398.2784900665283 123.22257232666016 398.2784900665283 192.65474700927734 379.6126403808594 192.65474700927734
380.5514221191406 123.263916015625 398.8558006286621 123.263916015625 398.8558006286621 193.3340072631836 380.5514221191406 193.3340072631836
379.74395751953125 121.24568176269531 398.7325267791748 121.24568176269531 398.7325267791748 193.18448638916016 379.74395751953125 193.18448638916016
379.64990234375 121.04986572265625 398.11712646484375 121.04986572265625 398.11712646484375 190.1133804321289 379.64990234375 190.1133804321289
379.641845703125 120.84535217285156 398.65409088134766 120.84535217285156 398.65409088134766 191.18064880371094 379.641845703125 191.18064880371094
379.54473876953125 118.33614349365234 398.1376323699951 118.33614349365234 398.1376323699951 190.2272186279297 379.54473876953125 190.2272186279297
378.9411926269531 119.35042572021484 398.1123275756836 119.35042572021484 398.1123275756836 189.75568389892578 378.9411926269531 189.75568389892578
379.73480224609375 119.01762390136719 398.95366859436035 119.01762390136719 398.95366859436035 191.0989227294922 379.73480224609375 191.0989227294922
378.9892578125 118.6290054321289 398.6120719909668 118.6290054321289 398.6120719909668 190.72774505615234 378.9892578125 190.72774505615234
380.11749267578125 120.86995697021484 399.4423637390137 120.86995697021484 399.4423637390137 191.95560455322266 380.11749267578125 191.95560455322266
379.61981201171875 119.06575012207031 398.8481788635254 119.06575012207031 398.8481788635254 190.85470581054688 379.61981201171875 190.85470581054688
380.7177734375 119.59379577636719 400.1964988708496 119.59379577636719 400.1964988708496 191.26248168945312 380.7177734375 191.26248168945312
380.93218994140625 118.28682708740234 399.8385486602783 118.28682708740234 399.8385486602783 190.33611297607422 380.93218994140625 190.33611297607422
380.69757080078125 117.92350769042969 400.3168601989746 117.92350769042969 400.3168601989746 188.25763702392578 380.69757080078125 188.25763702392578
379.74957275390625 115.2352523803711 399.839750289917 115.2352523803711 399.839750289917 188.11603546142578 379.74957275390625 188.11603546142578
379.9798278808594 116.7903823852539 400.0797939300537 116.7903823852539 400.0797939300537 188.99549865722656 379.9798278808594 188.99549865722656
379.6604919433594 116.27645111083984 399.6077404022217 116.27645111083984 399.6077404022217 188.4327392578125 379.6604919433594 188.4327392578125
379.0614929199219 115.4837875366211 398.51622009277344 115.4837875366211 398.51622009277344 187.92557525634766 379.0614929199219 187.92557525634766
378.5760192871094 117.10520935058594 398.0381965637207 117.10520935058594 398.0381965637207 188.01509857177734 378.5760192871094 188.01509857177734
378.0823059082031 117.5329818725586 397.7381401062012 117.5329818725586 397.7381401062012 188.39017486572266 378.0823059082031 188.39017486572266
378.47186279296875 117.5853042602539 398.04889488220215 117.5853042602539 398.04889488220215 188.99279022216797 378.47186279296875 188.99279022216797
378.1524353027344 116.37364196777344 397.64002418518066 116.37364196777344 397.64002418518066 188.01559448242188 378.1524353027344 188.01559448242188
377.2105712890625 114.99247741699219 396.7079486846924 114.99247741699219 396.7079486846924 187.13241577148438 377.2105712890625 187.13241577148438
377.2711486816406 115.38825988769531 396.59790992736816 115.38825988769531 396.59790992736816 186.48728942871094 377.2711486816406 186.48728942871094
377.0425720214844 113.89692687988281 396.07820320129395 113.89692687988281 396.07820320129395 188.15792083740234 377.0425720214844 188.15792083740234
376.16259765625 114.4566421508789 395.6655521392822 114.4566421508789 395.6655521392822 186.9404067993164 376.16259765625 186.9404067993164
376.1553039550781 114.13761901855469 394.7519645690918 114.13761901855469 394.7519645690918 189.5524139404297 376.1553039550781 189.5524139404297
377.1035461425781 115.52668762207031 395.57594299316406 115.52668762207031 395.57594299316406 188.98251342773438 377.1035461425781 188.98251342773438
376.8529357910156 112.15635681152344 395.793399810791 112.15635681152344 395.793399810791 186.8100814819336 376.8529357910156 186.8100814819336
377.45843505859375 109.84725189208984 396.52001571655273 109.84725189208984 396.52001571655273 187.6066436767578 377.45843505859375 187.6066436767578
378.9217834472656 113.1429214477539 397.19030570983887 113.1429214477539 397.19030570983887 186.27368927001953 378.9217834472656 186.27368927001953
379.3728942871094 111.4218521118164 398.7747859954834 111.4218521118164 398.7747859954834 185.45045471191406 379.3728942871094 185.45045471191406
380.42657470703125 111.9539566040039 399.00765800476074 111.9539566040039 399.00765800476074 186.2112808227539 380.42657470703125 186.2112808227539
380.49200439453125 113.32380676269531 399.80112648010254 113.32380676269531 399.80112648010254 183.24510192871094 380.49200439453125 183.24510192871094
380.6657409667969 113.12934875488281 399.42595863342285 113.12934875488281 399.42595863342285 185.25811004638672 380.6657409667969 185.25811004638672
380.55633544921875 110.83387756347656 399.6052951812744 110.83387756347656 399.6052951812744 186.46401977539062 380.55633544921875 186.46401977539062
381.81280517578125 112.1136474609375 400.5205535888672 112.1136474609375 400.5205535888672 186.36688995361328 381.81280517578125 186.36688995361328
381.72259521484375 112.20417785644531 400.555850982666 112.20417785644531 400.555850982666 185.73489379882812 381.72259521484375 185.73489379882812
382.10235595703125 111.6698989868164 400.4268054962158 111.6698989868164 400.4268054962158 185.30182647705078 382.10235595703125 185.30182647705078
382.401123046875 111.90425109863281 400.922643661499 111.90425109863281 400.922643661499 184.60964965820312 382.401123046875 184.60964965820312
381.7348327636719 110.37394714355469 400.42493057250977 110.37394714355469 400.42493057250977 182.6036376953125 381.7348327636719 182.6036376953125
382.57080078125 110.1678695678711 400.85085678100586 110.1678695678711 400.85085678100586 181.52757263183594 382.57080078125 181.52757263183594
382.1470031738281 109.73876953125 399.98503494262695 109.73876953125 399.98503494262695 180.55787658691406 382.1470031738281 180.55787658691406
381.52587890625 107.69676208496094 400.4602794647217 107.69676208496094 400.4602794647217 181.1991195678711 381.52587890625 181.1991195678711
381.80267333984375 108.69160461425781 400.50021743774414 108.69160461425781 400.50021743774414 182.53549194335938 381.80267333984375 182.53549194335938
383.7512512207031 109.46952056884766 402.2328071594238 109.46952056884766 402.2328071594238 182.40972900390625 383.7512512207031 182.40972900390625
383.7864990234375 108.53482818603516 401.51465034484863 108.53482818603516 401.51465034484863 180.42546844482422 383.7864990234375 180.42546844482422
384.7496032714844 109.9703140258789 402.87310791015625 109.9703140258789 402.87310791015625 180.70409393310547 384.7496032714844 180.70409393310547
385.19573974609375 107.81501770019531 403.8108596801758 107.81501770019531 403.8108596801758 178.80401611328125 385.19573974609375 178.80401611328125
386.3462219238281 108.7510986328125 404.7539482116699 108.7510986328125 404.7539482116699 177.6383285522461 386.3462219238281 177.6383285522461
387.21954345703125 109.6304702758789 404.9925022125244 109.6304702758789 404.9925022125244 177.4736099243164 387.21954345703125 177.4736099243164
387.8863525390625 109.04249572753906 406.18211936950684 109.04249572753906 406.18211936950684 177.84941864013672 387.8863525390625 177.84941864013672
388.6407470703125 108.83827209472656 406.4242572784424 108.83827209472656 406.4242572784424 179.15704345703125 388.6407470703125 179.15704345703125
389.33447265625 109.33843994140625 407.2511100769043 109.33843994140625 407.2511100769043 179.4543914794922 389.33447265625 179.4543914794922
389.5440673828125 108.14375305175781 407.1783218383789 108.14375305175781 407.1783218383789 179.43502807617188 389.5440673828125 179.43502807617188
389.972412109375 108.45793151855469 407.37891006469727 108.45793151855469 407.37891006469727 177.06748962402344 389.972412109375 177.06748962402344
390.23394775390625 107.98193359375 407.6720771789551 107.98193359375 407.6720771789551 177.35496520996094 390.23394775390625 177.35496520996094
389.8554382324219 108.73735046386719 407.24645614624023 108.73735046386719 407.24645614624023 173.66472625732422 389.8554382324219 173.66472625732422
390.481689453125 107.7327880859375 407.78818130493164 107.7327880859375 407.78818130493164 173.21785736083984 390.481689453125 173.21785736083984
384.3208312988281 107.22236633300781 403.01239013671875 107.22236633300781 403.01239013671875 173.76434326171875 384.3208312988281 173.76434326171875
368.6211242675781 110.59090423583984 389.8954429626465 110.59090423583984 389.8954429626465 178.72093200683594 368.6211242675781 178.72093200683594
360.0356140136719 109.19222259521484 380.6543426513672 109.19222259521484 380.6543426513672 176.87474822998047 360.0356140136719 176.87474822998047
353.6559143066406 108.64701843261719 372.9541816711426 108.64701843261719 372.9541816711426 177.34886932373047 353.6559143066406 177.34886932373047
343.27386474609375 111.14463806152344 365.3691215515137 111.14463806152344 365.3691215515137 176.02377319335938 343.27386474609375 176.02377319335938
337.385009765625 111.38859558105469 359.14255142211914 111.38859558105469 359.14255142211914 175.94163513183594 337.385009765625 175.94163513183594
328.97625732421875 110.02156829833984 350.0801029205322 110.02156829833984 350.0801029205322 172.6621856689453 328.97625732421875 172.6621856689453
320.6276550292969 112.2213363647461 342.4482822418213 112.2213363647461 342.4482822418213 175.52459716796875 320.6276550292969 175.52459716796875
312.20123291015625 107.26937103271484 333.5998954772949 107.26937103271484 333.5998954772949 173.56999969482422 312.20123291015625 173.56999969482422
305.5549011230469 109.73335266113281 327.1511936187744 109.73335266113281 327.1511936187744 175.00596618652344 305.5549011230469 175.00596618652344
296.3795471191406 108.65283203125 317.4583282470703 108.65283203125 317.4583282470703 177.42426300048828 296.3795471191406 177.42426300048828
285.82305908203125 109.29197692871094 306.032169342041 109.29197692871094 306.032169342041 175.8335952758789 285.82305908203125 175.8335952758789
277.9754638671875 111.03031921386719 300.05524826049805 111.03031921386719 300.05524826049805 176.20990753173828 277.9754638671875 176.20990753173828
268.6103820800781 107.38212585449219 289.5149555206299 107.38212585449219 289.5149555206299 174.39691162109375 268.6103820800781 174.39691162109375
258.33184814453125 107.4198226928711 279.96452713012695 107.4198226928711 279.96452713012695 172.20501708984375 258.33184814453125 172.20501708984375
246.5858612060547 109.08341217041016 267.8023853302002 109.08341217041016 267.8023853302002 174.93688201904297 246.5858612060547 174.93688201904297
239.06777954101562 109.96810150146484 260.62872886657715 109.96810150146484 260.62872886657715 174.595947265625 239.06777954101562 174.595947265625
227.09310913085938 107.31910705566406 247.05633163452148 107.31910705566406 247.05633163452148 173.85034942626953 227.09310913085938 173.85034942626953
214.754638671875 108.81497955322266 235.24032592773438 108.81497955322266 235.24032592773438 174.8692626953125 214.754638671875 174.8692626953125
202.4760284423828 106.69139099121094 222.18443489074707 106.69139099121094 222.18443489074707 172.54579162597656 202.4760284423828 172.54579162597656
192.88064575195312 110.8707504272461 214.24291610717773 110.8707504272461 214.24291610717773 172.4857292175293 192.88064575195312 172.4857292175293
185.688232421875 107.27772521972656 205.6713047027588 107.27772521972656 205.6713047027588 170.99974822998047 185.688232421875 170.99974822998047
177.21499633789062 111.72987365722656 198.54271697998047 111.72987365722656 198.54271697998047 172.74637603759766 177.21499633789062 172.74637603759766
168.5919189453125 107.9959487915039 189.2661190032959 107.9959487915039 189.2661190032959 169.59739685058594 168.5919189453125 169.59739685058594
161.9622039794922 110.18766784667969 182.93979454040527 110.18766784667969 182.93979454040527 172.21861267089844 161.9622039794922 172.21861267089844
154.40676879882812 109.1969223022461 174.2705841064453 109.1969223022461 174.2705841064453 173.66929626464844 154.40676879882812 173.66929626464844
145.15533447265625 109.6454849243164 166.69433212280273 109.6454849243164 166.69433212280273 174.10125732421875 145.15533447265625 174.10125732421875
138.19903564453125 110.12548828125 157.86966133117676 110.12548828125 157.86966133117676 175.53753662109375 138.19903564453125 175.53753662109375
126.81156921386719 107.88140869140625 147.53422355651855 107.88140869140625 147.53422355651855 172.98633575439453 126.81156921386719 172.98633575439453
114.62969970703125 110.12263488769531 135.6415195465088 110.12263488769531 135.6415195465088 172.7726821899414 114.62969970703125 172.7726821899414
106.78294372558594 110.19902038574219 128.54884910583496 110.19902038574219 128.54884910583496 170.4813461303711 106.78294372558594 170.4813461303711
98.37323760986328 108.60498046875 118.85515022277832 108.60498046875 118.85515022277832 170.86861038208008 98.37323760986328 170.86861038208008
86.64607238769531 108.07818603515625 106.98855972290039 108.07818603515625 106.98855972290039 173.33438873291016 86.64607238769531 173.33438873291016
79.80995178222656 111.91429138183594 100.73543930053711 111.91429138183594 100.73543930053711 173.70992279052734 79.80995178222656 173.70992279052734
74.14754486083984 110.93043518066406 95.65994071960449 110.93043518066406 95.65994071960449 173.51044082641602 74.14754486083984 173.51044082641602
64.6395263671875 110.06292724609375 85.15656089782715 110.06292724609375 85.15656089782715 172.37781524658203 64.6395263671875 172.37781524658203
57.59041213989258 112.1190414428711 79.41860580444336 112.1190414428711 79.41860580444336 172.1145782470703 57.59041213989258 172.1145782470703
50.29148864746094 111.67591857910156 71.20534133911133 111.67591857910156 71.20534133911133 171.09125518798828 50.29148864746094 171.09125518798828
41.5731086730957 113.10142517089844 63.56033706665039 113.10142517089844 63.56033706665039 176.36211776733398 41.5731086730957 176.36211776733398
39.55055618286133 110.50959777832031 58.49571228027344 110.50959777832031 58.49571228027344 174.2035140991211 39.55055618286133 174.2035140991211
41.195587158203125 109.99556732177734 59.31926727294922 109.99556732177734 59.31926727294922 173.4417266845703 41.195587158203125 173.4417266845703
41.45798110961914 110.2143325805664 59.799068450927734 110.2143325805664 59.799068450927734 175.16658782958984 41.45798110961914 175.16658782958984
41.47985076904297 108.0791015625 59.71134948730469 108.0791015625 59.71134948730469 174.5506134033203 41.47985076904297 174.5506134033203
42.28689193725586 108.4043197631836 59.94500732421875 108.4043197631836 59.94500732421875 173.5156021118164 42.28689193725586 173.5156021118164
42.69963073730469 106.9275894165039 60.730899810791016 106.9275894165039 60.730899810791016 174.16744995117188 42.69963073730469 174.16744995117188
42.61381912231445 106.35005187988281 60.44020462036133 106.35005187988281 60.44020462036133 173.68004608154297 42.61381912231445 173.68004608154297
41.9473991394043 108.12876892089844 60.1165828704834 108.12876892089844 60.1165828704834 174.98284912109375 41.9473991394043 174.98284912109375
41.64757537841797 106.634033203125 59.66536521911621 106.634033203125 59.66536521911621 172.95790100097656 41.64757537841797 172.95790100097656
41.318519592285156 104.80241394042969 59.40510368347168 104.80241394042969 59.40510368347168 173.58053588867188 41.318519592285156 173.58053588867188
41.07267379760742 104.34515380859375 59.0732307434082 104.34515380859375 59.0732307434082 172.3644256591797 41.07267379760742 172.3644256591797
41.07862854003906 102.17767333984375 59.13549995422363 102.17767333984375 59.13549995422363 172.16876983642578 41.07862854003906 172.16876983642578
41.34785461425781 102.4444580078125 59.62710189819336 102.4444580078125 59.62710189819336 173.5066680908203 41.34785461425781 173.5066680908203
40.616607666015625 102.49159240722656 59.59567070007324 102.49159240722656 59.59567070007324 173.02662658691406 40.616607666015625 173.02662658691406
41.6066780090332 105.25643157958984 60.61618614196777 105.25643157958984 60.61618614196777 173.9885711669922 41.6066780090332 173.9885711669922
41.93357467651367 104.55733489990234 60.5281867980957 104.55733489990234 60.5281867980957 173.7063980102539 41.93357467651367 173.7063980102539
41.69061279296875 105.0269775390625 59.92952919006348 105.0269775390625 59.92952919006348 173.51832580566406 41.69061279296875 173.51832580566406
42.69548034667969 106.6792221069336 60.420305252075195 106.6792221069336 60.420305252075195 173.09766387939453 42.69548034667969 173.09766387939453
42.499229431152344 102.35503387451172 61.1159553527832 102.35503387451172 61.1159553527832 169.1294937133789 42.499229431152344 169.1294937133789
44.32294845581055 107.1461410522461 62.143280029296875 107.1461410522461 62.143280029296875 172.1054229736328 44.32294845581055 172.1054229736328
44.19040298461914 104.15809631347656 62.510454177856445 104.15809631347656 62.510454177856445 170.9669952392578 44.19040298461914 170.9669952392578
44.047508239746094 105.044677734375 62.57966995239258 105.044677734375 62.57966995239258 170.87105560302734 44.047508239746094 170.87105560302734
44.1119270324707 103.2429428100586 62.64681434631348 103.2429428100586 62.64681434631348 171.343017578125 44.1119270324707 171.343017578125
43.65919494628906 101.79934692382812 62.7116813659668 101.79934692382812 62.7116813659668 171.8881607055664 43.65919494628906 171.8881607055664
44.228965759277344 106.50419616699219 62.59939765930176 106.50419616699219 62.59939765930176 173.9268798828125 44.228965759277344 173.9268798828125
44.756675720214844 104.09089660644531 63.24502182006836 104.09089660644531 63.24502182006836 173.876953125 44.756675720214844 173.876953125
44.630821228027344 104.28559875488281 63.38585090637207 104.28559875488281 63.38585090637207 170.8359375 44.630821228027344 170.8359375
44.81812286376953 102.02002716064453 62.98640823364258 102.02002716064453 62.98640823364258 170.1107406616211 44.81812286376953 170.1107406616211
44.305381774902344 101.56778717041016 62.341426849365234 101.56778717041016 62.341426849365234 168.5567855834961 44.305381774902344 168.5567855834961
44.682308197021484 101.01910400390625 62.81946563720703 101.01910400390625 62.81946563720703 170.29566955566406 44.682308197021484 170.29566955566406
45.33708953857422 103.30976867675781 62.99519729614258 103.30976867675781 62.99519729614258 172.59552001953125 45.33708953857422 172.59552001953125
44.62912368774414 99.55879211425781 62.98299598693848 99.55879211425781 62.98299598693848 170.8622817993164 44.62912368774414 170.8622817993164
44.74566650390625 98.65135192871094 63.081668853759766 98.65135192871094 63.081668853759766 172.1673583984375 44.74566650390625 172.1673583984375
44.71438217163086 101.28338623046875 63.133949279785156 101.28338623046875 63.133949279785156 171.36319732666016 44.71438217163086 171.36319732666016
46.11465835571289 102.57292175292969 64.5161018371582 102.57292175292969 64.5161018371582 171.55650329589844 46.11465835571289 171.55650329589844
46.41437530517578 102.43465423583984 64.98854637145996 102.43465423583984 64.98854637145996 170.84110260009766 46.41437530517578 170.84110260009766
47.84568405151367 102.34857177734375 66.1132583618164 102.34857177734375 66.1132583618164 169.7735824584961 47.84568405151367 169.7735824584961
48.628936767578125 103.8499526977539 67.1323299407959 103.8499526977539 67.1323299407959 169.08180236816406 48.628936767578125 169.08180236816406
49.0340690612793 102.2699203491211 67.72371673583984 102.2699203491211 67.72371673583984 168.6546401977539 49.0340690612793 168.6546401977539
49.52803421020508 101.34996032714844 67.5683479309082 101.34996032714844 67.5683479309082 167.95086669921875 49.52803421020508 167.95086669921875
50.042118072509766 102.96748352050781 67.9469985961914 102.96748352050781 67.9469985961914 169.0626983642578 50.042118072509766 169.0626983642578
49.974884033203125 102.4907455444336 68.6015567779541 102.4907455444336 68.6015567779541 169.7480926513672 49.974884033203125 169.7480926513672
50.527008056640625 102.69132232666016 68.82519912719727 102.69132232666016 68.82519912719727 169.52206420898438 50.527008056640625 169.52206420898438
51.81853103637695 102.1246566772461 69.30545616149902 102.1246566772461 69.30545616149902 168.91192626953125 51.81853103637695 168.91192626953125
51.455116271972656 102.48394775390625 69.26102447509766 102.48394775390625 69.26102447509766 167.2029571533203 51.455116271972656 167.2029571533203
51.677650451660156 102.27361297607422 69.63630104064941 102.27361297607422 69.63630104064941 166.96785736083984 51.677650451660156 166.96785736083984
51.25513458251953 101.573486328125 69.8595085144043 101.573486328125 69.8595085144043 168.47589874267578 51.25513458251953 168.47589874267578
51.670982360839844 99.23724365234375 69.52661514282227 99.23724365234375 69.52661514282227 168.14125061035156 51.670982360839844 168.14125061035156
51.6991081237793 98.24349212646484 69.59156608581543 98.24349212646484 69.59156608581543 168.05387115478516 51.6991081237793 168.05387115478516
52.27564239501953 98.7950439453125 70.30791854858398 98.7950439453125 70.30791854858398 168.5982437133789 52.27564239501953 168.5982437133789
51.80109405517578 96.45026397705078 70.29881858825684 96.45026397705078 70.29881858825684 166.51951599121094 51.80109405517578 166.51951599121094
52.62071990966797 98.8600845336914 71.22808265686035 98.8600845336914 71.22808265686035 166.8088607788086 52.62071990966797 166.8088607788086
53.703094482421875 101.48233795166016 71.54159164428711 101.48233795166016 71.54159164428711 166.4969024658203 53.703094482421875 166.4969024658203
54.90575408935547 98.46321105957031 73.01509094238281 98.46321105957031 73.01509094238281 165.24139404296875 54.90575408935547 165.24139404296875
55.809112548828125 101.64874267578125 73.6605224609375 101.64874267578125 73.6605224609375 166.63390350341797 55.809112548828125 166.63390350341797
56.412620544433594 99.55393981933594 74.5865592956543 99.55393981933594 74.5865592956543 165.05707550048828 56.412620544433594 165.05707550048828
56.6315803527832 96.90562438964844 74.76082611083984 96.90562438964844 74.76082611083984 165.3903350830078 56.6315803527832 165.3903350830078
57.3470344543457 98.51075744628906 75.41143035888672 98.51075744628906 75.41143035888672 165.1026840209961 57.3470344543457 165.1026840209961
57.562255859375 99.57552337646484 75.42463111877441 99.57552337646484 75.42463111877441 165.60269927978516 57.562255859375 165.60269927978516
57.566017150878906 98.96562194824219 75.62998580932617 98.96562194824219 75.62998580932617 167.02806854248047 57.566017150878906 167.02806854248047
57.92761993408203 99.93814849853516 75.60352897644043 99.93814849853516 75.60352897644043 166.78104400634766 57.92761993408203 166.78104400634766
57.68126678466797 98.93439483642578 75.73151397705078 98.93439483642578 75.73151397705078 165.93006134033203 57.68126678466797 165.93006134033203
56.623046875 96.17144775390625 74.84679222106934 96.17144775390625 74.84679222106934 164.37357330322266 56.623046875 164.37357330322266
56.63447189331055 96.19984436035156 74.4312801361084 96.19984436035156 74.4312801361084 163.1716766357422 56.63447189331055 163.1716766357422
57.595611572265625 96.42814636230469 74.97168350219727 96.42814636230469 74.97168350219727 164.6824951171875 57.595611572265625 164.6824951171875
57.3953742980957 97.06715393066406 75.30581855773926 97.06715393066406 75.30581855773926 163.60157012939453 57.3953742980957 163.60157012939453
57.590232849121094 97.8199462890625 76.00029373168945 97.8199462890625 76.00029373168945 165.37834930419922 57.590232849121094 165.37834930419922
57.83173751831055 97.15098571777344 76.37231636047363 97.15098571777344 76.37231636047363 165.74481964111328 57.83173751831055 165.74481964111328
59.03057098388672 96.74317169189453 77.83595085144043 96.74317169189453 77.83595085144043 164.91817474365234 59.03057098388672 164.91817474365234
59.88549041748047 98.23683166503906 78.23383903503418 98.23683166503906 78.23383903503418 164.3934326171875 59.88549041748047 164.3934326171875
60.82146453857422 95.62355041503906 78.81418037414551 95.62355041503906 78.81418037414551 163.13034057617188 60.82146453857422 163.13034057617188
59.97247314453125 95.41935729980469 79.07276344299316 95.41935729980469 79.07276344299316 163.49388885498047 59.97247314453125 163.49388885498047
60.98370361328125 95.96640014648438 79.6894302368164 95.96640014648438 79.6894302368164 164.8287124633789 60.98370361328125 164.8287124633789
60.62071990966797 94.72367858886719 79.05871963500977 94.72367858886719 79.05871963500977 164.6601791381836 60.62071990966797 164.6601791381836
61.88512420654297 92.8416748046875 79.92364692687988 92.8416748046875 79.92364692687988 163.0276641845703 61.88512420654297 163.0276641845703
61.464317321777344 95.7173080444336 79.19067764282227 95.7173080444336 79.19067764282227 162.8549346923828 61.464317321777344 162.8549346923828
61.188751220703125 95.36045837402344 79.67021560668945 95.36045837402344 79.67021560668945 163.0346450805664 61.188751220703125 163.0346450805664
61.29967498779297 94.895263671875 79.95139503479004 94.895263671875 79.95139503479004 162.62020111083984 61.29967498779297 162.62020111083984
61.12202835083008 92.71932220458984 79.78855895996094 92.71932220458984 79.78855895996094 163.76628875732422 61.12202835083008 163.76628875732422
61.479530334472656 93.29878234863281 80.27066802978516 93.29878234863281 80.27066802978516 165.20364379882812 61.479530334472656 165.20364379882812
60.75714111328125 90.11759948730469 79.75923156738281 90.11759948730469 79.75923156738281 163.85140991210938 60.75714111328125 163.85140991210938
61.32551193237305 91.20765686035156 79.8630599975586 91.20765686035156 79.8630599975586 162.5888671875 61.32551193237305 162.5888671875
61.033241271972656 92.93577575683594 80.050537109375 92.93577575683594 80.050537109375 163.61944580078125 61.033241271972656 163.61944580078125
61.53119659423828 93.8127670288086 80.5543041229248 93.8127670288086 80.5543041229248 162.36151123046875 61.53119659423828 162.36151123046875
62.3928337097168 92.98731994628906 80.98001861572266 92.98731994628906 80.98001861572266 162.0945816040039 62.3928337097168 162.0945816040039
62.23676681518555 91.63148498535156 80.45850372314453 91.63148498535156 80.45850372314453 161.1324005126953 62.23676681518555 161.1324005126953
62.21551513671875 92.79173278808594 80.38605308532715 92.79173278808594 80.38605308532715 161.25707244873047 62.21551513671875 161.25707244873047
61.2530517578125 91.54621124267578 79.44850730895996 91.54621124267578 79.44850730895996 160.19806671142578 61.2530517578125 160.19806671142578
60.495628356933594 90.6031494140625 78.58697319030762 90.6031494140625 78.58697319030762 159.755615234375 60.495628356933594 159.755615234375
60.84075927734375 90.93305969238281 79.1347541809082 90.93305969238281 79.1347541809082 160.27198028564453 60.84075927734375 160.27198028564453
60.71281814575195 93.97860717773438 78.46728515625 93.97860717773438 78.46728515625 159.0724639892578 60.71281814575195 159.0724639892578
60.68791580200195 93.42103576660156 78.60345840454102 93.42103576660156 78.60345840454102 159.3990020751953 60.68791580200195 159.3990020751953
61.49786376953125 93.05471801757812 79.64420700073242 93.05471801757812 79.64420700073242 159.16275024414062 61.49786376953125 159.16275024414062
61.225730895996094 91.81278991699219 79.06747245788574 91.81278991699219 79.06747245788574 157.65805053710938 61.225730895996094 157.65805053710938
61.891021728515625 92.806396484375 79.7767276763916 92.806396484375 79.7767276763916 158.6009521484375 61.891021728515625 158.6009521484375
62.295257568359375 92.01469421386719 80.28282165527344 92.01469421386719 80.28282165527344 158.2926788330078 62.295257568359375 158.2926788330078
62.243553161621094 92.24430847167969 79.75096893310547 92.24430847167969 79.75096893310547 156.88302612304688 62.243553161621094 156.88302612304688
62.0125846862793 90.82368469238281 80.20233917236328 90.82368469238281 80.20233917236328 156.79165649414062 62.0125846862793 156.79165649414062
62.71294021606445 94.32586669921875 79.99099349975586 94.32586669921875 79.99099349975586 158.3314437866211 62.71294021606445 158.3314437866211
62.818397521972656 92.64833068847656 80.59076499938965 92.64833068847656 80.59076499938965 159.66592407226562 62.818397521972656 159.66592407226562
62.35691452026367 92.24497985839844 80.10816383361816 92.24497985839844 80.10816383361816 158.02088928222656 62.35691452026367 158.02088928222656
62.631813049316406 92.1693115234375 79.9060115814209 92.1693115234375 79.9060115814209 158.28516387939453 62.631813049316406 158.28516387939453
61.84050750732422 91.21688079833984 80.00107002258301 91.21688079833984 80.00107002258301 157.21317291259766 61.84050750732422 157.21317291259766
61.53120803833008 92.31131744384766 79.67216491699219 92.31131744384766 79.67216491699219 157.17955017089844 61.53120803833008 157.17955017089844
61.62311553955078 90.90803527832031 79.00165557861328 90.90803527832031 79.00165557861328 155.62307739257812 61.62311553955078 155.62307739257812
61.6389045715332 90.1650619506836 78.96807289123535 90.1650619506836 78.96807289123535 155.46781158447266 61.6389045715332 155.46781158447266
61.61450958251953 90.66758728027344 80.16237258911133 90.66758728027344 80.16237258911133 157.11862182617188 61.61450958251953 157.11862182617188
61.940887451171875 91.88977813720703 79.52525901794434 91.88977813720703 79.52525901794434 156.34082794189453 61.940887451171875 156.34082794189453
62.155296325683594 93.87554931640625 79.41554641723633 93.87554931640625 79.41554641723633 156.27619552612305 62.155296325683594 156.27619552612305
62.0241584777832 92.56681060791016 79.65466117858887 92.56681060791016 79.65466117858887 155.75027465820312 62.0241584777832 155.75027465820312
62.660011291503906 92.63704681396484 80.23504447937012 92.63704681396484 80.23504447937012 155.75031661987305 62.660011291503906 155.75031661987305
62.43291473388672 91.99241638183594 79.91724014282227 91.99241638183594 79.91724014282227 155.00572967529297 62.43291473388672 155.00572967529297
62.897254943847656 89.99794006347656 80.44262504577637 89.99794006347656 80.44262504577637 154.3475341796875 62.897254943847656 154.3475341796875
63.177513122558594 91.68631744384766 80.24165534973145 91.68631744384766 80.24165534973145 154.9962615966797 63.177513122558594 154.9962615966797
62.86360549926758 89.9887924194336 80.17974090576172 89.9887924194336 80.17974090576172 154.19747924804688 62.86360549926758 154.19747924804688
63.777626037597656 90.4299545288086 80.61726379394531 90.4299545288086 80.61726379394531 155.22701263427734 63.777626037597656 155.22701263427734
63.44915008544922 91.88783264160156 80.10982131958008 91.88783264160156 80.10982131958008 155.7926483154297 63.44915008544922 155.7926483154297
63.2405891418457 92.49003601074219 79.96895217895508 92.49003601074219 79.96895217895508 156.47850799560547 63.2405891418457 156.47850799560547
62.74617385864258 93.54444885253906 79.95925903320312 93.54444885253906 79.95925903320312 156.11510848999023 62.74617385864258 156.11510848999023
61.043182373046875 89.46832275390625 79.42107772827148 89.46832275390625 79.42107772827148 154.93737030029297 61.043182373046875 154.93737030029297
61.0013313293457 90.15853118896484 79.03030586242676 90.15853118896484 79.03030586242676 154.10979461669922 61.0013313293457 154.10979461669922
60.722511291503906 91.31768035888672 78.45844078063965 91.31768035888672 78.45844078063965 154.2402801513672 60.722511291503906 154.2402801513672
61.24116134643555 91.080322265625 78.92605590820312 91.080322265625 78.92605590820312 153.31246948242188 61.24116134643555 153.31246948242188
60.787742614746094 89.36463165283203 79.0379467010498 89.36463165283203 79.0379467010498 152.6996841430664 60.787742614746094 152.6996841430664
60.77337646484375 90.0892562866211 79.08793830871582 90.0892562866211 79.08793830871582 153.95854949951172 60.77337646484375 153.95854949951172
61.669410705566406 88.42543029785156 79.01284217834473 88.42543029785156 79.01284217834473 153.6620101928711 61.669410705566406 153.6620101928711
61.579566955566406 88.82279968261719 79.37545394897461 88.82279968261719 79.37545394897461 153.0248794555664 61.579566955566406 153.0248794555664
61.580360412597656 88.90599822998047 78.6887378692627 88.90599822998047 78.6887378692627 153.2569580078125 61.580360412597656 153.2569580078125
61.247276306152344 89.67695617675781 78.82802200317383 89.67695617675781 78.82802200317383 153.3692169189453 61.247276306152344 153.3692169189453
61.166160583496094 89.73825073242188 78.70326042175293 89.73825073242188 78.70326042175293 153.02347564697266 61.166160583496094 153.02347564697266
61.56689453125 91.83626556396484 78.93729972839355 91.83626556396484 78.93729972839355 153.98338317871094 61.56689453125 153.98338317871094
60.810951232910156 90.12187957763672 78.5829906463623 90.12187957763672 78.5829906463623 153.91207885742188 60.810951232910156 153.91207885742188
60.426795959472656 88.6812515258789 78.0159912109375 88.6812515258789 78.0159912109375 152.9449005126953 60.426795959472656 152.9449005126953
60.589149475097656 88.7074203491211 78.2183609008789 88.7074203491211 78.2183609008789 154.95623779296875 60.589149475097656 154.95623779296875
60.093833923339844 87.5521469116211 77.70344734191895 87.5521469116211 77.70344734191895 153.93954467773438 60.093833923339844 153.93954467773438
59.977745056152344 85.91999816894531 78.27359008789062 85.91999816894531 78.27359008789062 153.01305389404297 59.977745056152344 153.01305389404297
59.80426788330078 87.91451263427734 77.15889549255371 87.91451263427734 77.15889549255371 153.54336547851562 59.80426788330078 153.54336547851562
60.225067138671875 88.12393951416016 78.1529598236084 88.12393951416016 78.1529598236084 152.68041229248047 60.225067138671875 152.68041229248047
59.83069610595703 87.35746765136719 78.19622039794922 87.35746765136719 78.19622039794922 152.9605712890625 59.83069610595703 152.9605712890625
60.6362190246582 86.97694396972656 78.65218353271484 86.97694396972656 78.65218353271484 152.3743438720703 60.6362190246582 152.3743438720703
60.730934143066406 87.85382080078125 79.09680557250977 87.85382080078125 79.09680557250977 152.4022674560547 60.730934143066406 152.4022674560547
60.61335372924805 86.92520141601562 78.67081260681152 86.92520141601562 78.67081260681152 152.00514221191406 60.61335372924805 152.00514221191406
61.246681213378906 86.56260681152344 79.05350685119629 86.56260681152344 79.05350685119629 152.13851928710938 61.246681213378906 152.13851928710938
60.6796875 86.52183532714844 78.61374855041504 86.52183532714844 78.61374855041504 152.82247924804688 60.6796875 152.82247924804688
60.603904724121094 85.79181671142578 78.42991256713867 85.79181671142578 78.42991256713867 153.17007446289062 60.603904724121094 153.17007446289062
60.1650505065918 85.22579956054688 78.62445449829102 85.22579956054688 78.62445449829102 153.31932067871094 60.1650505065918 153.31932067871094
58.946372985839844 84.91239166259766 78.08894538879395 84.91239166259766 78.08894538879395 153.2235336303711 58.946372985839844 153.2235336303711
59.355506896972656 85.43229675292969 77.22875595092773 85.43229675292969 77.22875595092773 151.4250946044922 59.355506896972656 151.4250946044922
59.24419021606445 85.94718933105469 77.71902275085449 85.94718933105469 77.71902275085449 151.75328826904297 59.24419021606445 151.75328826904297
59.60676193237305 86.3233413696289 77.68853569030762 86.3233413696289 77.68853569030762 151.6106185913086 59.60676193237305 151.6106185913086
60.050270080566406 87.21360778808594 78.06812477111816 87.21360778808594 78.06812477111816 150.7781105041504 60.050270080566406 150.7781105041504
60.67226028442383 85.6739730834961 78.58086204528809 85.6739730834961 78.58086204528809 150.75899505615234 60.67226028442383 150.75899505615234
61.021568298339844 85.75685119628906 79.66786575317383 85.75685119628906 79.66786575317383 150.66053771972656 61.021568298339844 150.66053771972656
62.05126190185547 85.71764373779297 79.44240951538086 85.71764373779297 79.44240951538086 150.12146759033203 62.05126190185547 150.12146759033203
61.71399688720703 85.45048522949219 79.75468063354492 85.45048522949219 79.75468063354492 149.79710388183594 61.71399688720703 149.79710388183594
61.60773849487305 86.41505432128906 79.70030975341797 86.41505432128906 79.70030975341797 150.96080780029297 61.60773849487305 150.96080780029297
61.49748611450195 86.15632629394531 79.62274169921875 86.15632629394531 79.62274169921875 150.7343292236328 61.49748611450195 150.7343292236328
62.0345458984375 85.30745697021484 79.65677833557129 85.30745697021484 79.65677833557129 150.0180435180664 62.0345458984375 150.0180435180664
60.768402099609375 84.76461029052734 79.59327697753906 84.76461029052734 79.59327697753906 149.80503845214844 60.768402099609375 149.80503845214844
61.52422332763672 83.47376251220703 79.15713691711426 83.47376251220703 79.15713691711426 148.73641967773438 61.52422332763672 148.73641967773438
60.67938995361328 83.46595764160156 78.4053840637207 83.46595764160156 78.4053840637207 147.49480438232422 60.67938995361328 147.49480438232422
60.73138427734375 85.01249694824219 79.12064552307129 85.01249694824219 79.12064552307129 147.79303741455078 60.73138427734375 147.79303741455078
61.310401916503906 86.26249694824219 79.00703811645508 86.26249694824219 79.00703811645508 148.85036849975586 61.310401916503906 148.85036849975586
60.467369079589844 84.4336929321289 78.53704643249512 84.4336929321289 78.53704643249512 148.21279525756836 60.467369079589844 148.21279525756836
61.019927978515625 84.8554916381836 79.69428825378418 84.8554916381836 79.69428825378418 149.90216827392578 61.019927978515625 149.90216827392578
59.87940216064453 84.54190826416016 78.21449089050293 84.54190826416016 78.21449089050293 148.4845428466797 59.87940216064453 148.4845428466797
60.93861770629883 84.1890869140625 79.07878112792969 84.1890869140625 79.07878112792969 149.31541442871094 60.93861770629883 149.31541442871094
60.71366500854492 83.62315368652344 78.82291221618652 83.62315368652344 78.82291221618652 148.58277893066406 60.71366500854492 148.58277893066406
60.430816650390625 83.30062103271484 79.22485733032227 83.30062103271484 79.22485733032227 148.00553131103516 60.430816650390625 148.00553131103516
59.941612243652344 82.93648529052734 78.4591236114502 82.93648529052734 78.4591236114502 147.98165893554688 59.941612243652344 147.98165893554688
59.85242462158203 85.13876342773438 77.78148651123047 85.13876342773438 77.78148651123047 150.1320343017578 59.85242462158203 150.1320343017578
60.01680374145508 84.86140441894531 77.46613502502441 84.86140441894531 77.46613502502441 149.15416717529297 60.01680374145508 149.15416717529297
58.90460205078125 85.00367736816406 76.80173683166504 85.00367736816406 76.80173683166504 148.68799209594727 58.90460205078125 148.68799209594727
58.70369338989258 84.41645812988281 76.82879829406738 84.41645812988281 76.82879829406738 148.52621459960938 58.70369338989258 148.52621459960938
58.01770782470703 83.9949722290039 76.04762649536133 83.9949722290039 76.04762649536133 147.50612258911133 58.01770782470703 147.50612258911133
57.77362060546875 83.48023986816406 75.95650291442871 83.48023986816406 75.95650291442871 147.2514190673828 57.77362060546875 147.2514190673828
57.269775390625 82.71761322021484 75.4323616027832 82.71761322021484 75.4323616027832 146.57864379882812 57.269775390625 146.57864379882812
57.006080627441406 83.00885772705078 75.12658882141113 83.00885772705078 75.12658882141113 147.03441619873047 57.006080627441406 147.03441619873047
56.81488800048828 83.15092468261719 74.47940635681152 83.15092468261719 74.47940635681152 146.4583282470703 56.81488800048828 146.4583282470703
56.898353576660156 84.16783142089844 74.69769668579102 84.16783142089844 74.69769668579102 146.81109237670898 56.898353576660156 146.81109237670898
56.841209411621094 83.01797485351562 74.24817657470703 83.01797485351562 74.24817657470703 146.51260375976562 56.841209411621094 146.51260375976562
56.27533721923828 83.31327056884766 74.42876625061035 83.31327056884766 74.42876625061035 146.34917831420898 56.27533721923828 146.34917831420898
56.390045166015625 83.06372833251953 75.26389122009277 83.06372833251953 75.26389122009277 145.61021423339844 56.390045166015625 145.61021423339844
56.68809127807617 81.64433288574219 75.23474884033203 81.64433288574219 75.23474884033203 144.19664001464844 56.68809127807617 144.19664001464844
56.74444580078125 83.2178955078125 75.52437210083008 83.2178955078125 75.52437210083008 144.75023651123047 56.74444580078125 144.75023651123047
57.297821044921875 83.99162292480469 75.80135536193848 83.99162292480469 75.80135536193848 146.2083396911621 57.297821044921875 146.2083396911621
57.21514129638672 83.98036193847656 75.4368896484375 83.98036193847656 75.4368896484375 145.36925506591797 57.21514129638672 145.36925506591797
57.61745071411133 83.5760498046875 75.69137954711914 83.5760498046875 75.69137954711914 145.3328857421875 57.61745071411133 145.3328857421875
57.48131561279297 83.44718170166016 75.15567970275879 83.44718170166016 75.15567970275879 145.65407180786133 57.48131561279297 145.65407180786133
57.134727478027344 83.71297454833984 75.2812385559082 83.71297454833984 75.2812385559082 144.69903945922852 57.134727478027344 144.69903945922852
56.65470504760742 83.2589340209961 74.85304832458496 83.2589340209961 74.85304832458496 144.0390739440918 56.65470504760742 144.0390739440918
56.859535217285156 83.50316619873047 75.97359466552734 83.50316619873047 75.97359466552734 145.7640380859375 56.859535217285156 145.7640380859375
56.8862419128418 82.02266693115234 74.82344627380371 82.02266693115234 74.82344627380371 144.23921966552734 56.8862419128418 144.23921966552734
56.48383331298828 82.32807922363281 74.17229843139648 82.32807922363281 74.17229843139648 144.6542739868164 56.48383331298828 144.6542739868164
55.877586364746094 81.8634262084961 74.9019889831543 81.8634262084961 74.9019889831543 142.91858291625977 55.877586364746094 142.91858291625977
56.09209060668945 81.20491027832031 74.27316093444824 81.20491027832031 74.27316093444824 143.9919891357422 56.09209060668945 143.9919891357422
55.95453643798828 83.22911834716797 73.83409881591797 83.22911834716797 73.83409881591797 143.6937255859375 55.95453643798828 143.6937255859375
55.208030700683594 81.99415588378906 73.09062194824219 81.99415588378906 73.09062194824219 142.54859161376953 55.208030700683594 142.54859161376953
54.67058181762695 82.01385498046875 73.04317855834961 82.01385498046875 73.04317855834961 143.4894905090332 54.67058181762695 143.4894905090332
54.719627380371094 81.77986907958984 72.73101615905762 81.77986907958984 72.73101615905762 142.70149993896484 54.719627380371094 142.70149993896484
54.11211013793945 80.71531677246094 71.61084175109863 80.71531677246094 71.61084175109863 143.3807601928711 54.11211013793945 143.3807601928711
52.596229553222656 80.20989990234375 70.38458061218262 80.20989990234375 70.38458061218262 142.59404754638672 52.596229553222656 142.59404754638672
53.0579948425293 81.6258316040039 70.5494613647461 81.6258316040039 70.5494613647461 142.86726760864258 53.0579948425293 142.86726760864258
52.76084518432617 81.61541748046875 70.66813850402832 81.61541748046875 70.66813850402832 143.4512939453125 52.76084518432617 143.4512939453125
51.482933044433594 81.13243103027344 68.91898345947266 81.13243103027344 68.91898345947266 144.61718368530273 51.482933044433594 144.61718368530273
49.93059539794922 80.74898529052734 68.47792053222656 80.74898529052734 68.47792053222656 141.54355239868164 49.93059539794922 141.54355239868164
49.984046936035156 82.0717544555664 68.03666496276855 82.0717544555664 68.03666496276855 141.85833358764648 49.984046936035156 141.85833358764648
48.799400329589844 80.68574523925781 66.95290184020996 80.68574523925781 66.95290184020996 140.95523834228516 48.799400329589844 140.95523834228516
48.628150939941406 78.41755676269531 66.4229965209961 78.41755676269531 66.4229965209961 141.9977569580078 48.628150939941406 141.9977569580078
47.247154235839844 80.78448486328125 65.3860912322998 80.78448486328125 65.3860912322998 142.4183578491211 47.247154235839844 142.4183578491211
45.43987274169922 78.6766128540039 63.512596130371094 78.6766128540039 63.512596130371094 142.43008422851562 45.43987274169922 142.43008422851562
44.84844207763672 80.97942352294922 63.03208541870117 80.97942352294922 63.03208541870117 141.70133590698242 44.84844207763672 141.70133590698242
43.555721282958984 77.95536041259766 61.75550079345703 77.95536041259766 61.75550079345703 141.42766952514648 43.555721282958984 141.42766952514648
43.395751953125 78.30015563964844 61.3641471862793 78.30015563964844 61.3641471862793 141.86086654663086 43.395751953125 141.86086654663086
42.79410171508789 77.41780090332031 60.98565673828125 77.41780090332031 60.98565673828125 141.1366729736328 42.79410171508789 141.1366729736328
41.83842849731445 78.44218444824219 60.219566345214844 78.44218444824219 60.219566345214844 142.1914520263672 41.83842849731445 142.1914520263672
42.45863723754883 79.42567443847656 61.004676818847656 79.42567443847656 61.004676818847656 142.22217559814453 42.45863723754883 142.22217559814453
42.40256118774414 80.11077880859375 60.30982971191406 80.11077880859375 60.30982971191406 141.22905349731445 42.40256118774414 141.22905349731445
42.59662628173828 80.36609649658203 61.14183235168457 80.36609649658203 61.14183235168457 140.96875 42.59662628173828 140.96875
41.73236083984375 79.72166442871094 60.1231575012207 79.72166442871094 60.1231575012207 139.2137222290039 41.73236083984375 139.2137222290039
41.87090301513672 78.91241455078125 60.39654350280762 78.91241455078125 60.39654350280762 139.3836784362793 41.87090301513672 139.3836784362793
42.44359588623047 79.13348388671875 60.75799560546875 79.13348388671875 60.75799560546875 140.4215202331543 42.44359588623047 140.4215202331543
42.392799377441406 78.49275207519531 60.47153282165527 78.49275207519531 60.47153282165527 139.74489974975586 42.392799377441406 139.74489974975586
42.80403518676758 77.52262878417969 60.558584213256836 77.52262878417969 60.558584213256836 142.8046417236328 42.80403518676758 142.8046417236328
42.42482376098633 77.6125717163086 59.99624061584473 77.6125717163086 59.99624061584473 141.51416015625 42.42482376098633 141.51416015625
42.04689407348633 77.93233489990234 59.42628479003906 77.93233489990234 59.42628479003906 141.9083595275879 42.04689407348633 141.9083595275879
41.00989532470703 78.31751251220703 59.25748825073242 78.31751251220703 59.25748825073242 141.6658935546875 41.00989532470703 141.6658935546875
40.59880447387695 78.52137756347656 58.42071533203125 78.52137756347656 58.42071533203125 139.30901336669922 40.59880447387695 139.30901336669922
40.405967712402344 78.99346923828125 57.668304443359375 78.99346923828125 57.668304443359375 139.71141815185547 40.405967712402344 139.71141815185547
40.859344482421875 78.00345611572266 57.90045738220215 78.00345611572266 57.90045738220215 138.57161331176758 40.859344482421875 138.57161331176758
40.586387634277344 78.15501403808594 57.06908416748047 78.15501403808594 57.06908416748047 140.58977890014648 40.586387634277344 140.58977890014648
40.12346649169922 77.9352798461914 57.62555122375488 77.9352798461914 57.62555122375488 139.84673690795898 40.12346649169922 139.84673690795898
40.12989044189453 79.03858947753906 57.7318229675293 79.03858947753906 57.7318229675293 138.70155334472656 40.12989044189453 138.70155334472656
40.534141540527344 79.10334014892578 58.337215423583984 79.10334014892578 58.337215423583984 140.13510131835938 40.534141540527344 140.13510131835938
40.642555236816406 77.3713607788086 58.236873626708984 77.3713607788086 58.236873626708984 139.43313598632812 40.642555236816406 139.43313598632812
41.036956787109375 78.84770202636719 58.232295989990234 78.84770202636719 58.232295989990234 137.97974395751953 41.036956787109375 137.97974395751953
40.879573822021484 77.06411743164062 59.04212951660156 77.06411743164062 59.04212951660156 138.78103637695312 40.879573822021484 138.78103637695312
40.400333404541016 76.6856918334961 58.124610900878906 76.6856918334961 58.124610900878906 136.50259399414062 40.400333404541016 136.50259399414062
40.66267776489258 76.7240982055664 58.14977264404297 76.7240982055664 58.14977264404297 137.7119598388672 40.66267776489258 137.7119598388672
40.27429962158203 77.02348327636719 57.565996170043945 77.02348327636719 57.565996170043945 138.2894630432129 40.27429962158203 138.2894630432129
40.752052307128906 76.88349914550781 58.42275428771973 76.88349914550781 58.42275428771973 138.3240203857422 40.752052307128906 138.3240203857422
40.61946105957031 77.52202606201172 58.83573532104492 77.52202606201172 58.83573532104492 137.5665283203125 40.61946105957031 137.5665283203125
40.35602951049805 77.64066314697266 57.96067237854004 77.64066314697266 57.96067237854004 138.23271560668945 40.35602951049805 138.23271560668945
39.87146759033203 76.05833435058594 57.406572341918945 76.05833435058594 57.406572341918945 136.5386199951172 39.87146759033203 136.5386199951172
39.918087005615234 76.10301208496094 57.53838920593262 76.10301208496094 57.53838920593262 137.19684600830078 39.918087005615234 137.19684600830078
