541.0 165.0 606.0 165.0 606.0 373.0 541.0 373.0
539.76318359375 156.140380859375 603.1684188842773 156.140380859375 603.1684188842773 363.4320983886719 539.76318359375 363.4320983886719
539.1082153320312 155.6670379638672 600.0626945495605 155.6670379638672 600.0626945495605 360.0192413330078 539.1082153320312 360.0192413330078
537.1276245117188 157.99993896484375 597.8168830871582 157.99993896484375 597.8168830871582 363.46409606933594 537.1276245117188 363.46409606933594
535.7783203125 155.60757446289062 595.9084587097168 155.60757446289062 595.9084587097168 357.14007568359375 535.7783203125 357.14007568359375
535.1455688476562 149.3296661376953 592.2614822387695 149.3296661376953 592.2614822387695 348.2132873535156 535.1455688476562 348.2132873535156
532.9271240234375 143.9731903076172 589.9014167785645 143.9731903076172 589.9014167785645 341.14295959472656 532.9271240234375 341.14295959472656
530.224609375 139.49417114257812 588.8948173522949 139.49417114257812 588.8948173522949 341.79212951660156 530.224609375 341.79212951660156
528.693603515625 142.0149383544922 587.0546493530273 142.0149383544922 587.0546493530273 340.08717346191406 528.693603515625 340.08717346191406
527.4500732421875 144.51206970214844 584.5768547058105 144.51206970214844 584.5768547058105 337.0605773925781 527.4500732421875 337.0605773925781
525.4882202148438 142.93154907226562 582.378246307373 142.93154907226562 582.378246307373 331.28076171875 525.4882202148438 331.28076171875
523.1721801757812 136.88516235351562 579.8158187866211 136.88516235351562 579.8158187866211 329.5961608886719 523.1721801757812 329.5961608886719
520.6243896484375 127.22274017333984 576.4078788757324 127.22274017333984 576.4078788757324 319.4885940551758 520.6243896484375 319.4885940551758
516.0371704101562 125.53956604003906 574.1121406555176 125.53956604003906 574.1121406555176 317.7721252441406 516.0371704101562 317.7721252441406
510.7122497558594 126.13041687011719 569.1004219055176 126.13041687011719 569.1004219055176 321.8305206298828 510.7122497558594 321.8305206298828
506.23590087890625 128.1060333251953 564.022590637207 128.1060333251953 564.022590637207 321.7826843261719 506.23590087890625 321.7826843261719
500.15673828125 121.8620376586914 557.222785949707 121.8620376586914 557.222785949707 312.36646270751953 500.15673828125 312.36646270751953
493.6280822753906 113.54188537597656 549.7024345397949 113.54188537597656 549.7024345397949 302.60693359375 493.6280822753906 302.60693359375
487.00616455078125 107.55120849609375 543.4266166687012 107.55120849609375 543.4266166687012 297.2200622558594 487.00616455078125 297.2200622558594
482.17449951171875 106.12430572509766 538.2537841796875 106.12430572509766 538.2537841796875 298.65193939208984 482.17449951171875 298.65193939208984
477.7353515625 106.1170425415039 532.3476982116699 106.1170425415039 532.3476982116699 298.03199005126953 477.7353515625 298.03199005126953
473.239501953125 104.88124084472656 529.1319694519043 104.88124084472656 529.1319694519043 301.0375518798828 473.239501953125 301.0375518798828
469.61199951171875 104.00716400146484 524.8478584289551 104.00716400146484 524.8478584289551 294.03495025634766 469.61199951171875 294.03495025634766
464.76513671875 100.69252014160156 520.2749862670898 100.69252014160156 520.2749862670898 290.7411651611328 464.76513671875 290.7411651611328
459.8251037597656 95.76860809326172 513.9436836242676 95.76860809326172 513.9436836242676 288.1105270385742 459.8251037597656 288.1105270385742
453.53790283203125 92.26856994628906 508.22381591796875 92.26856994628906 508.22381591796875 279.77964782714844 453.53790283203125 279.77964782714844
448.46746826171875 87.92747497558594 504.15882110595703 87.92747497558594 504.15882110595703 272.99659729003906 448.46746826171875 272.99659729003906
442.7854919433594 89.14837646484375 499.96662521362305 89.14837646484375 499.96662521362305 275.52552795410156 442.7854919433594 275.52552795410156
429.5140686035156 91.12554931640625 490.4064521789551 91.12554931640625 490.4064521789551 272.3579559326172 429.5140686035156 272.3579559326172
416.3072814941406 88.26255798339844 477.4700736999512 88.26255798339844 477.4700736999512 269.21112060546875 416.3072814941406 269.21112060546875
409.82110595703125 83.6190185546875 471.1069564819336 83.6190185546875 471.1069564819336 264.30030822753906 409.82110595703125 264.30030822753906
401.85479736328125 75.38287353515625 464.0698013305664 75.38287353515625 464.0698013305664 257.3031921386719 401.85479736328125 257.3031921386719
392.182373046875 67.71293640136719 455.5066146850586 67.71293640136719 455.5066146850586 248.68997192382812 392.182373046875 248.68997192382812
385.8863525390625 69.79081726074219 447.75293731689453 69.79081726074219 447.75293731689453 250.40821838378906 385.8863525390625 250.40821838378906
379.7744445800781 67.81462860107422 439.4627151489258 67.81462860107422 439.4627151489258 251.12044525146484 379.7744445800781 251.12044525146484
374.023681640625 64.7637710571289 434.12305450439453 64.7637710571289 434.12305450439453 251.36681365966797 374.023681640625 251.36681365966797
369.12896728515625 63.0399055480957 427.78068923950195 63.0399055480957 427.78068923950195 245.8314094543457 369.12896728515625 245.8314094543457
364.01251220703125 61.393394470214844 422.34368896484375 61.393394470214844 422.34368896484375 245.20569610595703 364.01251220703125 245.20569610595703
359.32122802734375 55.44189453125 418.56075286865234 55.44189453125 418.56075286865234 240.18113708496094 359.32122802734375 240.18113708496094
355.66583251953125 54.1713752746582 415.20550537109375 54.1713752746582 415.20550537109375 238.79846572875977 355.66583251953125 238.79846572875977
348.9651794433594 53.811241149902344 408.8523483276367 53.811241149902344 408.8523483276367 242.12281036376953 348.9651794433594 242.12281036376953
344.7793884277344 51.81562042236328 405.3649215698242 51.81562042236328 405.3649215698242 238.05081939697266 344.7793884277344 238.05081939697266
338.24517822265625 54.197914123535156 399.47115325927734 54.197914123535156 399.47115325927734 241.35919952392578 338.24517822265625 241.35919952392578
329.00921630859375 49.5215950012207 390.68719482421875 49.5215950012207 390.68719482421875 231.47902297973633 329.00921630859375 231.47902297973633
325.53497314453125 50.74385452270508 385.5326118469238 50.74385452270508 385.5326118469238 234.38058853149414 325.53497314453125 234.38058853149414
321.97637939453125 46.733619689941406 380.7284126281738 46.733619689941406 380.7284126281738 226.97786712646484 321.97637939453125 226.97786712646484
315.1251525878906 42.627166748046875 374.7740898132324 42.627166748046875 374.7740898132324 221.38125610351562 315.1251525878906 221.38125610351562
308.47064208984375 42.749717712402344 368.3112907409668 42.749717712402344 368.3112907409668 220.69139862060547 308.47064208984375 220.69139862060547
305.4498291015625 41.9467658996582 365.5123710632324 41.9467658996582 365.5123710632324 222.83111953735352 305.4498291015625 222.83111953735352
300.01361083984375 43.72248458862305 360.09344482421875 43.72248458862305 360.09344482421875 221.55234909057617 300.01361083984375 221.55234909057617
292.0104064941406 36.985511779785156 353.0903549194336 36.985511779785156 353.0903549194336 216.28240203857422 292.0104064941406 216.28240203857422
286.7775573730469 35.73524856567383 347.3510322570801 35.73524856567383 347.3510322570801 214.94714736938477 286.7775573730469 214.94714736938477
281.34912109375 31.94559097290039 339.8206481933594 31.94559097290039 339.8206481933594 212.8611946105957 281.34912109375 212.8611946105957
276.7542724609375 26.318172454833984 335.78804779052734 26.318172454833984 335.78804779052734 205.39228439331055 276.7542724609375 205.39228439331055
273.6421203613281 24.25335693359375 333.4838562011719 24.25335693359375 333.4838562011719 202.76370239257812 273.6421203613281 202.76370239257812
267.3148193359375 24.443519592285156 326.9241828918457 24.443519592285156 326.9241828918457 203.79251861572266 267.3148193359375 203.79251861572266
260.95660400390625 23.389331817626953 321.37263107299805 23.389331817626953 321.37263107299805 203.86796951293945 260.95660400390625 203.86796951293945
253.5094451904297 28.01535415649414 314.37240982055664 28.01535415649414 314.37240982055664 207.02876663208008 253.5094451904297 207.02876663208008
249.1387939453125 25.713613510131836 309.52852630615234 25.713613510131836 309.52852630615234 204.1188564300537 249.1387939453125 204.1188564300537
243.40896606445312 21.28958511352539 303.3500289916992 21.28958511352539 303.3500289916992 199.18286514282227 243.40896606445312 199.18286514282227
235.9489288330078 18.14168930053711 296.62621688842773 18.14168930053711 296.62621688842773 194.56420516967773 235.9489288330078 194.56420516967773
231.92715454101562 16.056352615356445 291.72432708740234 16.056352615356445 291.72432708740234 191.91905403137207 231.92715454101562 191.91905403137207
227.48526000976562 12.982943534851074 286.5578193664551 12.982943534851074 286.5578193664551 189.6091184616089 227.48526000976562 189.6091184616089
222.82943725585938 10.996386528015137 282.1111030578613 10.996386528015137 282.1111030578613 189.66614055633545 222.82943725585938 189.66614055633545
224.8572235107422 15.3587064743042 291.01122283935547 15.3587064743042 291.01122283935547 187.104022026062 224.8572235107422 187.104022026062
268.5999450683594 19.90634536743164 327.3792839050293 19.90634536743164 327.3792839050293 207.9999885559082 268.5999450683594 207.9999885559082
220.82064819335938 -4.514495849609375 278.4066848754883 -4.514495849609375 278.4066848754883 179.7605743408203 220.82064819335938 179.7605743408203
212.9372100830078 -22.940608978271484 270.0169143676758 -22.940608978271484 270.0169143676758 159.71420669555664 212.9372100830078 159.71420669555664
195.3948516845703 -19.04985809326172 252.61376190185547 -19.04985809326172 252.61376190185547 164.05042266845703 195.3948516845703 164.05042266845703
184.43228149414062 0.6896072626113892 242.49687957763672 0.6896072626113892 242.49687957763672 159.769349694252 184.43228149414062 159.769349694252
180.6653289794922 0.0 237.70652770996094 0.0 237.70652770996094 159.39215087890625 180.6653289794922 159.39215087890625
174.63526916503906 0.0 231.8074607849121 0.0 231.8074607849121 157.18023681640625 174.63526916503906 157.18023681640625
158.68051147460938 0.0 220.93659591674805 0.0 220.93659591674805 157.08009338378906 158.68051147460938 157.08009338378906
150.19998168945312 0.0 209.72633743286133 0.0 209.72633743286133 157.4929962158203 150.19998168945312 157.4929962158203
145.47067260742188 0.0 204.9261360168457 0.0 204.9261360168457 154.26170349121094 145.47067260742188 154.26170349121094
139.44442749023438 0.0 199.2974739074707 0.0 199.2974739074707 156.2008056640625 139.44442749023438 156.2008056640625
134.6817169189453 0.0 196.99930572509766 0.0 196.99930572509766 159.38290405273438 134.6817169189453 159.38290405273438
129.48287963867188 0.0 190.12056732177734 0.0 190.12056732177734 156.45217895507812 129.48287963867188 156.45217895507812
125.9853515625 0.0 184.6396484375 0.0 184.6396484375 153.6822509765625 125.9853515625 153.6822509765625
123.11091613769531 -31.45169448852539 178.01165390014648 -31.45169448852539 178.01165390014648 144.23049545288086 123.11091613769531 144.23049545288086
114.76725006103516 0.0 175.0587158203125 0.0 175.0587158203125 143.2659149169922 114.76725006103516 143.2659149169922
118.3263168334961 -40.44364547729492 172.7400016784668 -40.44364547729492 172.7400016784668 133.67998123168945 118.3263168334961 133.67998123168945
113.81022644042969 0.0 173.42758560180664 0.0 173.42758560180664 141.07431030273438 113.81022644042969 141.07431030273438
114.35942077636719 0.0 170.81528091430664 0.0 170.81528091430664 137.1700897216797 114.35942077636719 137.1700897216797
114.69154357910156 0.0 171.7505760192871 0.0 171.7505760192871 136.54991149902344 114.69154357910156 136.54991149902344
117.10661315917969 0.0 174.18265533447266 0.0 174.18265533447266 136.57177734375 117.10661315917969 136.57177734375
118.87281799316406 0.0 174.39517974853516 0.0 174.39517974853516 134.70339965820312 118.87281799316406 134.70339965820312
118.41444396972656 0.0 174.4888153076172 0.0 174.4888153076172 133.9526824951172 118.41444396972656 133.9526824951172
118.65989685058594 0.0 174.61237335205078 0.0 174.61237335205078 133.16500854492188 118.65989685058594 133.16500854492188
119.42803955078125 -32.93180847167969 169.71045684814453 -32.93180847167969 169.71045684814453 127.97177124023438 119.42803955078125 127.97177124023438
115.06080627441406 0.0 171.20842742919922 0.0 171.20842742919922 133.63731384277344 115.06080627441406 133.63731384277344
116.6539306640625 0.0 172.15744018554688 0.0 172.15744018554688 133.9237060546875 116.6539306640625 133.9237060546875
118.4685287475586 0.0 175.2431869506836 0.0 175.2431869506836 132.11087036132812 118.4685287475586 132.11087036132812
117.83538818359375 0.0 174.3333854675293 0.0 174.3333854675293 131.9854278564453 117.83538818359375 131.9854278564453
