158.0 130.0 183.0 130.0 183.0 193.0 158.0 193.0
158.0777587890625 129.9626007080078 182.74189949035645 129.9626007080078 182.74189949035645 191.68446350097656 158.0777587890625 191.68446350097656
157.84976196289062 129.04550170898438 181.21401596069336 129.04550170898438 181.21401596069336 192.6325569152832 157.84976196289062 192.6325569152832
157.0762481689453 128.3058319091797 181.83734130859375 128.3058319091797 181.83734130859375 192.1957130432129 157.0762481689453 192.1957130432129
156.82022094726562 130.89187622070312 181.70898818969727 130.89187622070312 181.70898818969727 194.73867797851562 156.82022094726562 194.73867797851562
157.2186737060547 131.1854248046875 180.89756202697754 131.1854248046875 180.89756202697754 195.31830596923828 157.2186737060547 195.31830596923828
156.84854125976562 132.5414581298828 181.09784317016602 132.5414581298828 181.09784317016602 195.22732162475586 156.84854125976562 195.22732162475586
155.57289123535156 133.78781127929688 181.5179843902588 133.78781127929688 181.5179843902588 195.3776626586914 155.57289123535156 195.3776626586914
155.88165283203125 133.28549194335938 181.1614055633545 133.28549194335938 181.1614055633545 194.55203247070312 155.88165283203125 194.55203247070312
155.97048950195312 134.05099487304688 180.79046630859375 134.05099487304688 180.79046630859375 194.01383590698242 155.97048950195312 194.01383590698242
155.747802734375 133.46104431152344 180.26130294799805 133.46104431152344 180.26130294799805 194.3646583557129 155.747802734375 194.3646583557129
155.19927978515625 131.48280334472656 179.56603622436523 131.48280334472656 179.56603622436523 193.43073272705078 155.19927978515625 193.43073272705078
154.94619750976562 131.3980255126953 178.72998809814453 131.3980255126953 178.72998809814453 194.2741928100586 154.94619750976562 194.2741928100586
154.3842315673828 132.36776733398438 178.9498996734619 132.36776733398438 178.9498996734619 195.4913558959961 154.3842315673828 195.4913558959961
153.25550842285156 133.4268035888672 177.9342803955078 133.4268035888672 177.9342803955078 196.70135116577148 153.25550842285156 196.70135116577148
151.99020385742188 133.3827667236328 178.42165756225586 133.3827667236328 178.42165756225586 197.48274993896484 151.99020385742188 197.48274993896484
151.4397430419922 133.56301879882812 177.36874771118164 133.56301879882812 177.36874771118164 198.53707885742188 151.4397430419922 198.53707885742188
151.26071166992188 134.1936798095703 176.08608436584473 134.1936798095703 176.08608436584473 197.9635353088379 151.26071166992188 197.9635353088379
149.93701171875 134.38626098632812 175.56110191345215 134.38626098632812 175.56110191345215 198.5773468017578 149.93701171875 198.5773468017578
149.14492797851562 134.75054931640625 175.02694129943848 134.75054931640625 175.02694129943848 197.65171432495117 149.14492797851562 197.65171432495117
149.0892791748047 134.1945037841797 174.3669376373291 134.1945037841797 174.3669376373291 197.1429786682129 149.0892791748047 197.1429786682129
147.99789428710938 134.8101806640625 174.6220588684082 134.8101806640625 174.6220588684082 198.10075759887695 147.99789428710938 198.10075759887695
148.41177368164062 135.00706481933594 173.06391143798828 135.00706481933594 173.06391143798828 197.68780899047852 148.41177368164062 197.68780899047852
147.16561889648438 135.41647338867188 173.41765213012695 135.41647338867188 173.41765213012695 198.67730712890625 147.16561889648438 198.67730712890625
147.6360626220703 137.9830322265625 173.4652500152588 137.9830322265625 173.4652500152588 199.00899124145508 147.6360626220703 199.00899124145508
147.03317260742188 138.13973999023438 172.66990661621094 138.13973999023438 172.66990661621094 200.43436431884766 147.03317260742188 200.43436431884766
145.92312622070312 137.4595489501953 173.14400672912598 137.4595489501953 173.14400672912598 200.9567108154297 145.92312622070312 200.9567108154297
145.6576385498047 137.91067504882812 171.7264747619629 137.91067504882812 171.7264747619629 200.53964233398438 145.6576385498047 200.53964233398438
145.44097900390625 137.79156494140625 171.02335739135742 137.79156494140625 171.02335739135742 200.65731811523438 145.44097900390625 200.65731811523438
145.38961791992188 137.08811950683594 170.35638809204102 137.08811950683594 170.35638809204102 199.89856338500977 145.38961791992188 199.89856338500977
144.5339813232422 137.1703338623047 169.56830215454102 137.1703338623047 169.56830215454102 203.40505981445312 144.5339813232422 203.40505981445312
144.40689086914062 137.9564666748047 169.04588890075684 137.9564666748047 169.04588890075684 203.31549072265625 144.40689086914062 203.31549072265625
143.2179718017578 137.51025390625 168.2593116760254 137.51025390625 168.2593116760254 201.3263931274414 143.2179718017578 201.3263931274414
142.064453125 138.87554931640625 167.97747802734375 138.87554931640625 167.97747802734375 202.42548751831055 142.064453125 202.42548751831055
141.5848388671875 139.0713653564453 166.95894622802734 139.0713653564453 166.95894622802734 205.16639709472656 141.5848388671875 205.16639709472656
140.82638549804688 138.89093017578125 167.1119728088379 138.89093017578125 167.1119728088379 203.7281036376953 140.82638549804688 203.7281036376953
140.5918426513672 137.71957397460938 165.81905937194824 137.71957397460938 165.81905937194824 203.6118927001953 140.5918426513672 203.6118927001953
141.15283203125 137.90872192382812 163.81413650512695 137.90872192382812 163.81413650512695 203.11316680908203 141.15283203125 203.11316680908203
139.83290100097656 137.4211883544922 164.45468521118164 137.4211883544922 164.45468521118164 200.50994491577148 139.83290100097656 200.50994491577148
139.0074462890625 137.18136596679688 164.3115348815918 137.18136596679688 164.3115348815918 202.7579345703125 139.0074462890625 202.7579345703125
139.49075317382812 137.9350128173828 163.9183406829834 137.9350128173828 163.9183406829834 203.7157974243164 139.49075317382812 203.7157974243164
139.0194091796875 139.45787048339844 163.8476104736328 139.45787048339844 163.8476104736328 204.17198944091797 139.0194091796875 204.17198944091797
138.57962036132812 140.4987335205078 164.39987564086914 140.4987335205078 164.39987564086914 206.6572265625 138.57962036132812 206.6572265625
137.23519897460938 140.81942749023438 165.01466941833496 140.81942749023438 165.01466941833496 206.53485870361328 137.23519897460938 206.53485870361328
137.26107788085938 139.8699188232422 164.8494758605957 139.8699188232422 164.8494758605957 206.40210723876953 137.26107788085938 206.40210723876953
137.95016479492188 139.9062042236328 163.99848556518555 139.9062042236328 163.99848556518555 205.20480346679688 137.95016479492188 205.20480346679688
137.91696166992188 138.13150024414062 163.8082275390625 138.13150024414062 163.8082275390625 206.02388763427734 137.91696166992188 206.02388763427734
137.4525146484375 137.97891235351562 163.4889030456543 137.97891235351562 163.4889030456543 208.70867919921875 137.4525146484375 208.70867919921875
136.63230895996094 138.51309204101562 163.15724754333496 138.51309204101562 163.15724754333496 208.64198303222656 136.63230895996094 208.64198303222656
137.0707244873047 139.66151428222656 161.7696647644043 139.66151428222656 161.7696647644043 209.80482482910156 137.0707244873047 209.80482482910156
135.89122009277344 140.71763610839844 162.48597145080566 140.71763610839844 162.48597145080566 210.1922149658203 135.89122009277344 210.1922149658203
135.79100036621094 141.93093872070312 161.60008239746094 141.93093872070312 161.60008239746094 209.83607482910156 135.79100036621094 209.83607482910156
135.7200469970703 141.6754608154297 161.98276138305664 141.6754608154297 161.98276138305664 210.00491333007812 135.7200469970703 210.00491333007812
134.93930053710938 143.29849243164062 161.0367546081543 143.29849243164062 161.0367546081543 210.17579650878906 134.93930053710938 210.17579650878906
134.39907836914062 141.2132568359375 160.48521423339844 141.2132568359375 160.48521423339844 211.29044342041016 134.39907836914062 211.29044342041016
133.11660766601562 141.5666961669922 161.15813636779785 141.5666961669922 161.15813636779785 209.85224151611328 133.11660766601562 209.85224151611328
133.48794555664062 141.54006958007812 160.34503173828125 141.54006958007812 160.34503173828125 210.64617156982422 133.48794555664062 210.64617156982422
133.080078125 140.79794311523438 160.5233268737793 140.79794311523438 160.5233268737793 210.9281463623047 133.080078125 210.9281463623047
133.3490447998047 142.61178588867188 159.80405807495117 142.61178588867188 159.80405807495117 211.40467071533203 133.3490447998047 211.40467071533203
133.60134887695312 142.1905975341797 159.33937454223633 142.1905975341797 159.33937454223633 212.3293228149414 133.60134887695312 212.3293228149414
132.8098602294922 144.08543395996094 159.81045150756836 144.08543395996094 159.81045150756836 212.3159637451172 132.8098602294922 212.3159637451172
132.3463897705078 144.46876525878906 159.71686935424805 144.46876525878906 159.71686935424805 212.52838134765625 132.3463897705078 212.52838134765625
132.42564392089844 144.5362548828125 160.10256385803223 144.5362548828125 160.10256385803223 214.16688537597656 132.42564392089844 214.16688537597656
133.2153778076172 144.33383178710938 164.31072616577148 144.33383178710938 164.31072616577148 211.8289031982422 133.2153778076172 211.8289031982422
160.74911499023438 143.65017700195312 190.07359313964844 143.65017700195312 190.07359313964844 217.54782104492188 160.74911499023438 217.54782104492188
190.5669708251953 141.35397338867188 224.3576431274414 141.35397338867188 224.3576431274414 208.90233612060547 190.5669708251953 208.90233612060547
192.61680603027344 142.1840057373047 223.01577758789062 142.1840057373047 223.01577758789062 212.6249237060547 192.61680603027344 212.6249237060547
189.57064819335938 143.69277954101562 219.8012294769287 143.69277954101562 219.8012294769287 210.861083984375 189.57064819335938 210.861083984375
188.0989532470703 144.96084594726562 220.46654510498047 144.96084594726562 220.46654510498047 214.86822509765625 188.0989532470703 214.86822509765625
189.72836303710938 144.63894653320312 217.82796669006348 144.63894653320312 217.82796669006348 214.5654525756836 189.72836303710938 214.5654525756836
186.05783081054688 146.90025329589844 217.1777000427246 146.90025329589844 217.1777000427246 214.78278350830078 186.05783081054688 214.78278350830078
186.58570861816406 146.5540313720703 216.08864784240723 146.5540313720703 216.08864784240723 211.44390869140625 186.58570861816406 211.44390869140625
185.83645629882812 147.29397583007812 216.86445236206055 147.29397583007812 216.86445236206055 214.2857208251953 185.83645629882812 214.2857208251953
187.34542846679688 146.09213256835938 214.56503295898438 146.09213256835938 214.56503295898438 211.64559936523438 187.34542846679688 211.64559936523438
186.71397399902344 143.3090057373047 213.93263816833496 143.3090057373047 213.93263816833496 212.99826049804688 186.71397399902344 212.99826049804688
186.6300811767578 146.03282165527344 213.8061122894287 146.03282165527344 213.8061122894287 214.3939208984375 186.6300811767578 214.3939208984375
186.19825744628906 146.8644256591797 213.81752014160156 146.8644256591797 213.81752014160156 215.67792510986328 186.19825744628906 215.67792510986328
186.8200225830078 145.51254272460938 215.42441749572754 145.51254272460938 215.42441749572754 216.67546844482422 186.8200225830078 216.67546844482422
218.01931762695312 148.78591918945312 251.64923858642578 148.78591918945312 251.64923858642578 215.65786743164062 218.01931762695312 215.65786743164062
242.6502685546875 146.31826782226562 279.33776092529297 146.31826782226562 279.33776092529297 215.5658416748047 242.6502685546875 215.5658416748047
244.2413330078125 147.21469116210938 275.65674209594727 147.21469116210938 275.65674209594727 216.5064239501953 244.2413330078125 216.5064239501953
243.6243896484375 147.8272705078125 276.57505798339844 147.8272705078125 276.57505798339844 216.3748321533203 243.6243896484375 216.3748321533203
244.113037109375 145.63613891601562 275.69679832458496 145.63613891601562 275.69679832458496 213.8369598388672 244.113037109375 213.8369598388672
245.1323699951172 146.44302368164062 273.8275451660156 146.44302368164062 273.8275451660156 213.79098510742188 245.1323699951172 213.79098510742188
244.62271118164062 147.02102661132812 273.1966304779053 147.02102661132812 273.1966304779053 215.6281280517578 244.62271118164062 215.6281280517578
245.14590454101562 145.79290771484375 272.8143424987793 145.79290771484375 272.8143424987793 217.37742614746094 245.14590454101562 217.37742614746094
243.7855987548828 147.27940368652344 272.9829921722412 147.27940368652344 272.9829921722412 218.99202728271484 243.7855987548828 218.99202728271484
241.63980102539062 148.0829315185547 272.8086643218994 148.0829315185547 272.8086643218994 219.9842987060547 241.63980102539062 219.9842987060547
242.0667724609375 149.423828125 271.8011131286621 149.423828125 271.8011131286621 221.37962341308594 242.0667724609375 221.37962341308594
242.01809692382812 148.84005737304688 268.9541835784912 148.84005737304688 268.9541835784912 220.85218811035156 242.01809692382812 220.85218811035156
241.5981903076172 149.14431762695312 268.24005126953125 149.14431762695312 268.24005126953125 221.5678253173828 241.5981903076172 221.5678253173828
240.69888305664062 148.42689514160156 267.284725189209 148.42689514160156 267.284725189209 218.3390121459961 240.69888305664062 218.3390121459961
240.24551391601562 149.41549682617188 267.29197692871094 149.41549682617188 267.29197692871094 218.11581420898438 240.24551391601562 218.11581420898438
239.4247589111328 147.84872436523438 267.74407958984375 147.84872436523438 267.74407958984375 218.82070922851562 239.4247589111328 218.82070922851562
240.2172393798828 148.87353515625 266.7629585266113 148.87353515625 266.7629585266113 218.84004974365234 240.2172393798828 218.84004974365234
239.3430633544922 149.61495971679688 267.37913513183594 149.61495971679688 267.37913513183594 223.1007537841797 239.3430633544922 223.1007537841797
240.0409393310547 151.29251098632812 266.7274284362793 151.29251098632812 266.7274284362793 222.13743591308594 240.0409393310547 222.13743591308594
239.7600555419922 152.24789428710938 265.9393768310547 152.24789428710938 265.9393768310547 222.40101623535156 239.7600555419922 222.40101623535156
239.6466827392578 151.48423767089844 266.45911598205566 151.48423767089844 266.45911598205566 222.779296875 239.6466827392578 222.779296875
239.49166870117188 122.09002685546875 267.1899528503418 122.09002685546875 267.1899528503418 197.3203582763672 239.49166870117188 197.3203582763672
238.0231475830078 101.1246109008789 266.32427406311035 101.1246109008789 266.32427406311035 178.13201904296875 238.0231475830078 178.13201904296875
239.1043243408203 87.13907623291016 262.7775764465332 87.13907623291016 262.7775764465332 162.7608871459961 239.1043243408203 162.7608871459961
238.40396118164062 89.5941162109375 262.8116054534912 89.5941162109375 262.8116054534912 165.1331024169922 238.40396118164062 165.1331024169922
237.58407592773438 86.78599548339844 263.25259017944336 86.78599548339844 263.25259017944336 163.38912963867188 237.58407592773438 163.38912963867188
237.6934356689453 91.5202865600586 263.09929275512695 91.5202865600586 263.09929275512695 164.46024322509766 237.6934356689453 164.46024322509766
236.45571899414062 92.40132904052734 262.1249351501465 92.40132904052734 262.1249351501465 166.26932525634766 236.45571899414062 166.26932525634766
236.74365234375 93.1617660522461 261.8732109069824 93.1617660522461 261.8732109069824 165.67169952392578 236.74365234375 165.67169952392578
235.676025390625 93.69377136230469 262.1238307952881 93.69377136230469 262.1238307952881 167.37042236328125 235.676025390625 167.37042236328125
234.8555450439453 92.6050796508789 261.8529052734375 92.6050796508789 261.8529052734375 167.63933563232422 234.8555450439453 167.63933563232422
233.84799194335938 91.7510757446289 260.8592834472656 91.7510757446289 260.8592834472656 167.64940643310547 233.84799194335938 167.64940643310547
233.99880981445312 92.8118667602539 260.7690887451172 92.8118667602539 260.7690887451172 168.1747589111328 233.99880981445312 168.1747589111328
233.5734100341797 92.53502655029297 259.5955867767334 92.53502655029297 259.5955867767334 165.06035614013672 233.5734100341797 165.06035614013672
233.0230255126953 91.9967041015625 259.64625549316406 91.9967041015625 259.64625549316406 166.85652923583984 233.0230255126953 166.85652923583984
232.9208221435547 93.37142944335938 260.1564178466797 93.37142944335938 260.1564178466797 168.22222137451172 232.9208221435547 168.22222137451172
232.56472778320312 93.78800201416016 259.719295501709 93.78800201416016 259.719295501709 168.8035125732422 232.56472778320312 168.8035125732422
231.86904907226562 95.58985900878906 260.7954902648926 95.58985900878906 260.7954902648926 169.51507568359375 231.86904907226562 169.51507568359375
231.9838409423828 96.6604995727539 259.8707790374756 96.6604995727539 259.8707790374756 172.60281372070312 231.9838409423828 172.60281372070312
232.10012817382812 97.657958984375 259.8611602783203 97.657958984375 259.8611602783203 170.4053497314453 232.10012817382812 170.4053497314453
231.2884979248047 96.8018798828125 260.2808895111084 96.8018798828125 260.2808895111084 170.35232543945312 231.2884979248047 170.35232543945312
232.33419799804688 96.79899597167969 258.9522361755371 96.79899597167969 258.9522361755371 168.41268157958984 232.33419799804688 168.41268157958984
232.4072723388672 97.0868911743164 259.2820682525635 97.0868911743164 259.2820682525635 167.02672576904297 232.4072723388672 167.02672576904297
232.641357421875 95.9823226928711 258.2140598297119 95.9823226928711 258.2140598297119 169.25305938720703 232.641357421875 169.25305938720703
232.0849609375 95.36712646484375 258.38537216186523 95.36712646484375 258.38537216186523 168.85965728759766 232.0849609375 168.85965728759766
231.78750610351562 95.15367126464844 258.2685794830322 95.15367126464844 258.2685794830322 171.41546630859375 231.78750610351562 171.41546630859375
231.8056640625 96.59184265136719 258.3090629577637 96.59184265136719 258.3090629577637 172.83734130859375 231.8056640625 172.83734130859375
231.1320037841797 98.29627227783203 257.65217208862305 98.29627227783203 257.65217208862305 173.11370086669922 231.1320037841797 173.11370086669922
229.62197875976562 98.34861755371094 257.96245765686035 98.34861755371094 257.96245765686035 173.96765899658203 229.62197875976562 173.96765899658203
229.1519775390625 98.93839263916016 256.9791259765625 98.93839263916016 256.9791259765625 173.7061996459961 229.1519775390625 173.7061996459961
228.90707397460938 98.50337219238281 256.60540199279785 98.50337219238281 256.60540199279785 174.13220977783203 228.90707397460938 174.13220977783203
229.3029327392578 97.43585968017578 255.72812271118164 97.43585968017578 255.72812271118164 174.2882843017578 229.3029327392578 174.2882843017578
229.2156982421875 98.02095031738281 254.7690086364746 98.02095031738281 254.7690086364746 173.9496841430664 229.2156982421875 173.9496841430664
229.22421264648438 97.87249755859375 255.593017578125 97.87249755859375 255.593017578125 173.95570373535156 229.22421264648438 173.95570373535156
229.4219207763672 98.12443542480469 255.53504371643066 98.12443542480469 255.53504371643066 175.7496109008789 229.4219207763672 175.7496109008789
229.10546875 100.67646026611328 255.48524475097656 100.67646026611328 255.48524475097656 175.85248565673828 229.10546875 175.85248565673828
229.44021606445312 101.2653579711914 255.54938888549805 101.2653579711914 255.54938888549805 177.03551483154297 229.44021606445312 177.03551483154297
229.64242553710938 103.2423095703125 255.60786056518555 103.2423095703125 255.60786056518555 178.07359313964844 229.64242553710938 178.07359313964844
230.2203369140625 104.24382019042969 255.9024658203125 104.24382019042969 255.9024658203125 176.4527359008789 230.2203369140625 176.4527359008789
230.29440307617188 102.59452056884766 256.1208801269531 102.59452056884766 256.1208801269531 175.0225067138672 230.29440307617188 175.0225067138672
230.1229705810547 101.00709533691406 256.2455539703369 101.00709533691406 256.2455539703369 173.7265625 230.1229705810547 173.7265625
230.646484375 101.71165466308594 255.42071151733398 101.71165466308594 255.42071151733398 174.66812133789062 230.646484375 174.66812133789062
229.7748260498047 100.40994262695312 256.124454498291 100.40994262695312 256.124454498291 176.30724334716797 229.7748260498047 176.30724334716797
229.45065307617188 101.8226089477539 255.20964431762695 101.8226089477539 255.20964431762695 177.45037078857422 229.45065307617188 177.45037078857422
229.3231658935547 101.04298400878906 254.66613578796387 101.04298400878906 254.66613578796387 177.7403564453125 229.3231658935547 177.7403564453125
228.25732421875 103.45914459228516 255.2363166809082 103.45914459228516 255.2363166809082 180.39117431640625 228.25732421875 180.39117431640625
227.5360107421875 104.12190246582031 254.2825870513916 104.12190246582031 254.2825870513916 180.83241271972656 227.5360107421875 180.83241271972656
226.875 104.2621078491211 254.62932205200195 104.2621078491211 254.62932205200195 182.28697967529297 226.875 182.28697967529297
225.3721160888672 105.57955169677734 253.6945095062256 105.57955169677734 253.6945095062256 181.4423828125 225.3721160888672 181.4423828125
225.79238891601562 103.88227844238281 253.14127159118652 103.88227844238281 253.14127159118652 180.50929260253906 225.79238891601562 180.50929260253906
225.3532257080078 104.3014144897461 252.5623378753662 104.3014144897461 252.5623378753662 179.12516021728516 225.3532257080078 179.12516021728516
225.16104125976562 102.64112854003906 252.07671546936035 102.64112854003906 252.07671546936035 179.34701538085938 225.16104125976562 179.34701538085938
224.4806365966797 103.46073150634766 252.34778785705566 103.46073150634766 252.34778785705566 180.8860321044922 224.4806365966797 180.8860321044922
224.64303588867188 104.16487121582031 251.69539260864258 104.16487121582031 251.69539260864258 181.1805191040039 224.64303588867188 181.1805191040039
224.41500854492188 104.91507720947266 251.0927734375 104.91507720947266 251.0927734375 182.39222717285156 224.41500854492188 182.39222717285156
224.3834991455078 107.30770111083984 251.2711582183838 107.30770111083984 251.2711582183838 182.01922607421875 224.3834991455078 182.01922607421875
224.3760986328125 108.1727523803711 251.74645042419434 108.1727523803711 251.74645042419434 184.15892791748047 224.3760986328125 184.15892791748047
224.07437133789062 108.99861145019531 251.57944869995117 108.99861145019531 251.57944869995117 183.90567016601562 224.07437133789062 183.90567016601562
224.2649383544922 108.42839050292969 251.7840175628662 108.42839050292969 251.7840175628662 182.1977767944336 224.2649383544922 182.1977767944336
224.487548828125 108.06370544433594 251.9690341949463 108.06370544433594 251.9690341949463 182.01370239257812 224.487548828125 182.01370239257812
224.00424194335938 106.42308044433594 251.23513793945312 106.42308044433594 251.23513793945312 181.7863006591797 224.00424194335938 181.7863006591797
223.990478515625 107.83670806884766 251.10687255859375 107.83670806884766 251.10687255859375 181.1022186279297 223.990478515625 181.1022186279297
223.55709838867188 106.6794662475586 250.73049545288086 106.6794662475586 250.73049545288086 183.74716186523438 223.55709838867188 183.74716186523438
223.3026885986328 106.24955749511719 251.6903133392334 106.24955749511719 251.6903133392334 185.65101623535156 223.3026885986328 185.65101623535156
222.81423950195312 108.34098815917969 251.3390998840332 108.34098815917969 251.3390998840332 186.12063598632812 222.81423950195312 186.12063598632812
222.3638458251953 108.73991394042969 250.2355899810791 108.73991394042969 250.2355899810791 188.9580078125 222.3638458251953 188.9580078125
221.48046875 109.5221176147461 249.96977615356445 109.5221176147461 249.96977615356445 187.24923706054688 221.48046875 187.24923706054688
220.527587890625 109.868408203125 247.7849998474121 109.868408203125 247.7849998474121 188.77632904052734 220.527587890625 188.77632904052734
219.8736572265625 109.9779052734375 247.77846717834473 109.9779052734375 247.77846717834473 187.60701751708984 219.8736572265625 187.60701751708984
219.1374053955078 108.59687805175781 248.07733535766602 108.59687805175781 248.07733535766602 187.15074920654297 219.1374053955078 187.15074920654297
219.091552734375 108.88829040527344 248.1720428466797 108.88829040527344 248.1720428466797 187.27233123779297 219.091552734375 187.27233123779297
219.1764678955078 109.5011215209961 246.23416137695312 109.5011215209961 246.23416137695312 184.8410415649414 219.1764678955078 184.8410415649414
218.3629150390625 107.39898681640625 248.12753868103027 107.39898681640625 248.12753868103027 187.15782928466797 218.3629150390625 187.15782928466797
218.7041015625 110.74381256103516 247.34025955200195 110.74381256103516 247.34025955200195 188.14995574951172 218.7041015625 188.14995574951172
218.3986358642578 111.8109359741211 247.64894676208496 111.8109359741211 247.64894676208496 188.949951171875 218.3986358642578 188.949951171875
218.1116943359375 113.20481872558594 246.61731338500977 113.20481872558594 246.61731338500977 190.7511749267578 218.1116943359375 190.7511749267578
218.18087768554688 114.4509506225586 247.37583541870117 114.4509506225586 247.37583541870117 190.4585418701172 218.18087768554688 190.4585418701172
217.84716796875 114.62663269042969 246.07736587524414 114.62663269042969 246.07736587524414 189.19385528564453 217.84716796875 189.19385528564453
218.0353240966797 113.2649917602539 246.6836700439453 113.2649917602539 246.6836700439453 191.18021392822266 218.0353240966797 191.18021392822266
218.82339477539062 114.7488021850586 245.78043746948242 114.7488021850586 245.78043746948242 188.26810455322266 218.82339477539062 188.26810455322266
218.1805419921875 110.97401428222656 246.68107986450195 110.97401428222656 246.68107986450195 188.25718688964844 218.1805419921875 188.25718688964844
218.26425170898438 111.6209716796875 245.74807167053223 111.6209716796875 245.74807167053223 190.11575317382812 218.26425170898438 190.11575317382812
218.11410522460938 111.8725814819336 245.27521896362305 111.8725814819336 245.27521896362305 192.49481964111328 218.11410522460938 192.49481964111328
217.3763427734375 111.2715072631836 246.6312599182129 111.2715072631836 246.6312599182129 193.82205200195312 217.3763427734375 193.82205200195312
216.3281707763672 114.05961608886719 244.75551795959473 114.05961608886719 244.75551795959473 195.41954040527344 216.3281707763672 195.41954040527344
215.70877075195312 115.76930236816406 244.08388137817383 115.76930236816406 244.08388137817383 196.14012908935547 215.70877075195312 196.14012908935547
214.2071990966797 116.44783020019531 244.02531814575195 116.44783020019531 244.02531814575195 196.26425170898438 214.2071990966797 196.26425170898438
213.6299285888672 116.28875732421875 242.4041404724121 116.28875732421875 242.4041404724121 195.04483795166016 213.6299285888672 195.04483795166016
212.86083984375 116.6932601928711 242.2298469543457 116.6932601928711 242.2298469543457 195.0701675415039 212.86083984375 195.0701675415039
213.03305053710938 115.3677749633789 242.00345993041992 115.3677749633789 242.00345993041992 196.22679901123047 213.03305053710938 196.22679901123047
212.1537628173828 116.22038269042969 240.94461631774902 116.22038269042969 240.94461631774902 194.38601684570312 212.1537628173828 194.38601684570312
211.35092163085938 116.52510833740234 241.1740665435791 116.52510833740234 241.1740665435791 198.25839233398438 211.35092163085938 198.25839233398438
210.733154296875 117.27091979980469 241.25238037109375 117.27091979980469 241.25238037109375 198.89788818359375 210.733154296875 198.89788818359375
210.35165405273438 118.52009582519531 241.28823852539062 118.52009582519531 241.28823852539062 198.37598419189453 210.35165405273438 198.37598419189453
210.8024444580078 120.76200866699219 240.32785415649414 120.76200866699219 240.32785415649414 198.8814468383789 210.8024444580078 198.8814468383789
210.78390502929688 121.71202087402344 240.3511905670166 121.71202087402344 240.3511905670166 200.66439819335938 210.78390502929688 200.66439819335938
210.4368133544922 122.8778076171875 240.3402500152588 122.8778076171875 240.3402500152588 201.38888549804688 210.4368133544922 201.38888549804688
210.1642608642578 122.85884857177734 239.24174118041992 122.85884857177734 239.24174118041992 201.7172622680664 210.1642608642578 201.7172622680664
210.66171264648438 122.8778076171875 239.70209884643555 122.8778076171875 239.70209884643555 200.83431243896484 210.66171264648438 200.83431243896484
211.30514526367188 120.90397644042969 238.54829788208008 120.90397644042969 238.54829788208008 197.7423553466797 211.30514526367188 197.7423553466797
211.03640747070312 121.18563079833984 238.95257949829102 121.18563079833984 238.95257949829102 200.30133056640625 211.03640747070312 200.30133056640625
210.93026733398438 119.12239074707031 238.62459182739258 119.12239074707031 238.62459182739258 200.63809967041016 210.93026733398438 200.63809967041016
210.548828125 121.00868225097656 237.19643211364746 121.00868225097656 237.19643211364746 200.76334381103516 210.548828125 200.76334381103516
210.8856201171875 121.48637390136719 237.35455894470215 121.48637390136719 237.35455894470215 201.70101165771484 210.8856201171875 201.70101165771484
209.41748046875 123.5662612915039 238.0726375579834 123.5662612915039 238.0726375579834 203.1854476928711 209.41748046875 203.1854476928711
208.7709503173828 123.3258285522461 237.68478775024414 123.3258285522461 237.68478775024414 202.88128662109375 208.7709503173828 202.88128662109375
208.2847442626953 124.54752349853516 236.8557186126709 124.54752349853516 236.8557186126709 203.60362243652344 208.2847442626953 203.60362243652344
208.5741424560547 125.10530090332031 235.99912643432617 125.10530090332031 235.99912643432617 205.3128890991211 208.5741424560547 205.3128890991211
208.5042266845703 125.44857025146484 236.6968231201172 125.44857025146484 236.6968231201172 204.65251922607422 208.5042266845703 204.65251922607422
208.7364044189453 123.0461196899414 235.98647689819336 123.0461196899414 235.98647689819336 202.72296142578125 208.7364044189453 202.72296142578125
207.8651580810547 123.62757873535156 235.9655704498291 123.62757873535156 235.9655704498291 203.58016204833984 207.8651580810547 203.58016204833984
208.6040802001953 125.6521224975586 236.16238975524902 125.6521224975586 236.16238975524902 204.0550308227539 208.6040802001953 204.0550308227539
208.665283203125 125.9350357055664 236.36386680603027 125.9350357055664 236.36386680603027 204.97189331054688 208.665283203125 204.97189331054688
208.73855590820312 127.43269348144531 237.57590293884277 127.43269348144531 237.57590293884277 207.94306182861328 208.73855590820312 207.94306182861328
208.41909790039062 128.52651977539062 237.86769485473633 128.52651977539062 237.86769485473633 209.3367919921875 208.41909790039062 209.3367919921875
208.4806365966797 128.95761108398438 239.29190635681152 128.95761108398438 239.29190635681152 208.35686492919922 208.4806365966797 208.35686492919922
210.38552856445312 127.40193176269531 239.8794403076172 127.40193176269531 239.8794403076172 209.12610626220703 210.38552856445312 209.12610626220703
210.2860870361328 127.2893295288086 239.8061637878418 127.2893295288086 239.8061637878418 207.74506378173828 210.2860870361328 207.74506378173828
210.2137908935547 126.6547622680664 240.63639450073242 126.6547622680664 240.63639450073242 207.22293853759766 210.2137908935547 207.22293853759766
210.50241088867188 128.55377197265625 240.69070434570312 128.55377197265625 240.69070434570312 208.9622573852539 210.50241088867188 208.9622573852539
210.65029907226562 127.98539733886719 239.77903366088867 127.98539733886719 239.77903366088867 209.44424438476562 210.65029907226562 209.44424438476562
210.147216796875 128.0751495361328 239.42819595336914 128.0751495361328 239.42819595336914 208.923583984375 210.147216796875 208.923583984375
210.6898193359375 130.9122314453125 239.16161727905273 130.9122314453125 239.16161727905273 211.09796905517578 210.6898193359375 211.09796905517578
210.691162109375 130.6619873046875 239.5725860595703 130.6619873046875 239.5725860595703 212.43487548828125 210.691162109375 212.43487548828125
211.16006469726562 131.3570098876953 239.52878379821777 131.3570098876953 239.52878379821777 212.3061294555664 211.16006469726562 212.3061294555664
209.94827270507812 132.50221252441406 238.9779453277588 132.50221252441406 238.9779453277588 213.71372985839844 209.94827270507812 213.71372985839844
210.1375274658203 131.7157440185547 237.8640022277832 131.7157440185547 237.8640022277832 212.38172149658203 210.1375274658203 212.38172149658203
210.4205780029297 132.06570434570312 238.1905574798584 132.06570434570312 238.1905574798584 211.98275756835938 210.4205780029297 211.98275756835938
210.0396728515625 131.8970489501953 237.7293758392334 131.8970489501953 237.7293758392334 211.40286254882812 210.0396728515625 211.40286254882812
209.663330078125 133.17684936523438 238.53897094726562 133.17684936523438 238.53897094726562 213.59986114501953 209.663330078125 213.59986114501953
209.90438842773438 134.25015258789062 239.5692024230957 134.25015258789062 239.5692024230957 214.47254943847656 209.90438842773438 214.47254943847656
209.3496551513672 135.6264190673828 239.5281867980957 135.6264190673828 239.5281867980957 216.2727279663086 209.3496551513672 216.2727279663086
209.46261596679688 137.15316772460938 240.50409317016602 137.15316772460938 240.50409317016602 220.46363830566406 209.46261596679688 220.46363830566406
209.64126586914062 140.05514526367188 240.3864631652832 140.05514526367188 240.3864631652832 218.560546875 209.64126586914062 218.560546875
209.72225952148438 137.7527313232422 240.52590560913086 137.7527313232422 240.52590560913086 218.19881439208984 209.72225952148438 218.19881439208984
210.484375 137.18206787109375 241.08884620666504 137.18206787109375 241.08884620666504 216.7886734008789 210.484375 216.7886734008789
210.95608520507812 136.61935424804688 240.55274963378906 136.61935424804688 240.55274963378906 215.18560028076172 210.95608520507812 215.18560028076172
210.0533447265625 136.92495727539062 240.9186305999756 136.92495727539062 240.9186305999756 218.68560028076172 210.0533447265625 218.68560028076172
210.44387817382812 137.15872192382812 240.2454071044922 137.15872192382812 240.2454071044922 219.6891326904297 210.44387817382812 219.6891326904297
209.9454803466797 137.74710083007812 239.39831924438477 137.74710083007812 239.39831924438477 219.00492095947266 209.9454803466797 219.00492095947266
209.4097900390625 140.61795043945312 239.75067138671875 140.61795043945312 239.75067138671875 224.01932525634766 209.4097900390625 224.01932525634766
208.9187469482422 142.29678344726562 238.5810146331787 142.29678344726562 238.5810146331787 224.77503967285156 208.9187469482422 224.77503967285156
208.11282348632812 143.24789428710938 238.95882606506348 143.24789428710938 238.95882606506348 224.95331573486328 208.11282348632812 224.95331573486328
207.8005828857422 142.74879455566406 238.67542457580566 142.74879455566406 238.67542457580566 225.0106964111328 207.8005828857422 225.0106964111328
208.54507446289062 141.77207946777344 238.80946350097656 141.77207946777344 238.80946350097656 223.04608154296875 208.54507446289062 223.04608154296875
208.1948699951172 144.39015197753906 237.62852096557617 144.39015197753906 237.62852096557617 223.62984466552734 208.1948699951172 223.62984466552734
208.52194213867188 141.3269500732422 237.7752628326416 141.3269500732422 237.7752628326416 223.16854858398438 208.52194213867188 223.16854858398438
207.78482055664062 142.38833618164062 237.54425621032715 142.38833618164062 237.54425621032715 222.76264190673828 207.78482055664062 222.76264190673828
207.41943359375 145.194091796875 238.1959743499756 145.194091796875 238.1959743499756 227.19963836669922 207.41943359375 227.19963836669922
206.93972778320312 146.01937866210938 238.15831565856934 146.01937866210938 238.15831565856934 229.0590057373047 206.93972778320312 229.0590057373047
206.6563262939453 149.6271209716797 238.02678871154785 149.6271209716797 238.02678871154785 229.46337127685547 206.6563262939453 229.46337127685547
206.98580932617188 146.60467529296875 238.39406776428223 146.60467529296875 238.39406776428223 230.39151000976562 206.98580932617188 230.39151000976562
206.12680053710938 147.63970947265625 238.5832061767578 147.63970947265625 238.5832061767578 231.41099548339844 206.12680053710938 231.41099548339844
206.6498565673828 147.4679718017578 238.03138732910156 147.4679718017578 238.03138732910156 229.79790496826172 206.6498565673828 229.79790496826172
207.56716918945312 146.6552734375 238.15380477905273 146.6552734375 238.15380477905273 229.71421813964844 207.56716918945312 229.71421813964844
206.6062469482422 146.52610778808594 238.6662368774414 146.52610778808594 238.6662368774414 229.62094116210938 206.6062469482422 229.62094116210938
206.316650390625 145.08877563476562 239.07041549682617 145.08877563476562 239.07041549682617 231.08883666992188 206.316650390625 231.08883666992188
205.61392211914062 147.18289184570312 238.3182830810547 147.18289184570312 238.3182830810547 234.5094757080078 205.61392211914062 234.5094757080078
205.70602416992188 149.16957092285156 238.49030685424805 149.16957092285156 238.49030685424805 235.55809020996094 205.70602416992188 235.55809020996094
205.2552947998047 152.817138671875 236.7678928375244 152.817138671875 236.7678928375244 235.58419799804688 205.2552947998047 235.58419799804688
204.52346801757812 152.00900268554688 237.76203155517578 152.00900268554688 237.76203155517578 236.72645568847656 204.52346801757812 236.72645568847656
204.85330200195312 152.16725158691406 237.00521087646484 152.16725158691406 237.00521087646484 237.03050994873047 204.85330200195312 237.03050994873047
204.2486572265625 153.25271606445312 235.31176376342773 153.25271606445312 235.31176376342773 235.77523040771484 204.2486572265625 235.77523040771484
202.8699951171875 153.50152587890625 234.88536071777344 153.50152587890625 234.88536071777344 236.81507873535156 202.8699951171875 236.81507873535156
201.20254516601562 153.7220001220703 234.66059494018555 153.7220001220703 234.66059494018555 237.49285125732422 201.20254516601562 237.49285125732422
201.31663513183594 152.57606506347656 235.7549057006836 152.57606506347656 235.7549057006836 238.7075424194336 201.31663513183594 238.7075424194336
201.00491333007812 153.0656280517578 235.34114837646484 153.0656280517578 235.34114837646484 240.021240234375 201.00491333007812 240.021240234375
201.32147216796875 155.539794921875 236.0225372314453 155.539794921875 236.0225372314453 242.34554290771484 201.32147216796875 242.34554290771484
201.24752807617188 159.22637939453125 234.48943710327148 159.22637939453125 234.48943710327148 243.78558349609375 201.24752807617188 243.78558349609375
201.07000732421875 159.8309783935547 234.2536392211914 159.8309783935547 234.2536392211914 241.030029296875 201.07000732421875 241.030029296875
200.5791778564453 160.5040740966797 234.5149383544922 160.5040740966797 234.5149383544922 242.50595092773438 200.5791778564453 242.50595092773438
200.52401733398438 155.41567993164062 232.13421058654785 155.41567993164062 232.13421058654785 237.2886199951172 200.52401733398438 237.2886199951172
201.0164794921875 156.10989379882812 232.40847396850586 156.10989379882812 232.40847396850586 238.56370544433594 201.0164794921875 238.56370544433594
200.14279174804688 156.4503936767578 230.75238609313965 156.4503936767578 230.75238609313965 239.22994995117188 200.14279174804688 239.22994995117188
198.82115173339844 154.5580291748047 230.1261749267578 154.5580291748047 230.1261749267578 241.10691833496094 198.82115173339844 241.10691833496094
197.4184112548828 157.08035278320312 229.53952407836914 157.08035278320312 229.53952407836914 244.5700912475586 197.4184112548828 244.5700912475586
195.34449768066406 159.8677520751953 229.83118438720703 159.8677520751953 229.83118438720703 247.63463592529297 195.34449768066406 247.63463592529297
194.57086181640625 162.4590606689453 229.5318489074707 162.4590606689453 229.5318489074707 248.82681274414062 194.57086181640625 248.82681274414062
192.9694366455078 162.3508758544922 228.68672943115234 162.3508758544922 228.68672943115234 251.30571746826172 192.9694366455078 251.30571746826172
193.1917724609375 162.06597900390625 227.61924743652344 162.06597900390625 227.61924743652344 250.50959014892578 193.1917724609375 250.50959014892578
193.28575134277344 161.43896484375 226.02391815185547 161.43896484375 226.02391815185547 248.432861328125 193.28575134277344 248.432861328125
192.4405975341797 161.08837890625 226.34532165527344 161.08837890625 226.34532165527344 250.47501373291016 192.4405975341797 250.47501373291016
192.25534057617188 160.57388305664062 225.09381484985352 160.57388305664062 225.09381484985352 248.84288787841797 192.25534057617188 248.84288787841797
190.580078125 161.73951721191406 225.49406814575195 161.73951721191406 225.49406814575195 251.38697814941406 190.580078125 251.38697814941406
189.93275451660156 160.34254455566406 225.22522354125977 160.34254455566406 225.22522354125977 252.64444732666016 189.93275451660156 252.64444732666016
189.2388916015625 163.8137664794922 224.09537506103516 163.8137664794922 224.09537506103516 254.893310546875 189.2388916015625 254.893310546875
187.23345947265625 166.90570068359375 223.3001480102539 166.90570068359375 223.3001480102539 255.9725570678711 187.23345947265625 255.9725570678711
185.6515655517578 170.46875 221.93842697143555 170.46875 221.93842697143555 255.3578109741211 185.6515655517578 255.3578109741211
185.11776733398438 167.16387939453125 221.86737823486328 167.16387939453125 221.86737823486328 255.17960357666016 185.11776733398438 255.17960357666016
184.3959197998047 168.5973663330078 219.02606964111328 168.5973663330078 219.02606964111328 252.04769897460938 184.3959197998047 252.04769897460938
183.7671356201172 170.78961181640625 215.2400665283203 170.78961181640625 215.2400665283203 250.60610961914062 183.7671356201172 250.60610961914062
182.4275360107422 168.39968872070312 216.45087814331055 168.39968872070312 216.45087814331055 255.3607177734375 182.4275360107422 255.3607177734375
180.21762084960938 173.05496215820312 213.1324920654297 173.05496215820312 213.1324920654297 256.59368896484375 180.21762084960938 256.59368896484375
179.7088165283203 173.43191528320312 210.08807373046875 173.43191528320312 210.08807373046875 259.1871109008789 179.7088165283203 259.1871109008789
175.78370666503906 175.25674438476562 208.08395385742188 175.25674438476562 208.08395385742188 259.71946716308594 175.78370666503906 259.71946716308594
174.0428924560547 177.16709899902344 205.7178611755371 177.16709899902344 205.7178611755371 260.4903793334961 174.0428924560547 260.4903793334961
172.47109985351562 175.50390625 205.31043243408203 175.50390625 205.31043243408203 260.2637634277344 172.47109985351562 260.2637634277344
172.02236938476562 174.6458282470703 202.74716758728027 174.6458282470703 202.74716758728027 258.638671875 172.02236938476562 258.638671875
171.64779663085938 174.17477416992188 203.96781158447266 174.17477416992188 203.96781158447266 261.93787384033203 171.64779663085938 261.93787384033203
168.7236328125 170.28665161132812 202.9230728149414 170.28665161132812 202.9230728149414 259.0691680908203 168.7236328125 259.0691680908203
168.1620635986328 173.6337127685547 202.52550506591797 173.6337127685547 202.52550506591797 260.8277130126953 168.1620635986328 260.8277130126953
167.215087890625 174.7969512939453 202.60692596435547 174.7969512939453 202.60692596435547 263.0967712402344 167.215087890625 263.0967712402344
166.85781860351562 180.07089233398438 201.13868713378906 180.07089233398438 201.13868713378906 266.7234344482422 166.85781860351562 266.7234344482422
166.7815704345703 180.11911010742188 199.91426849365234 180.11911010742188 199.91426849365234 269.44539642333984 166.7815704345703 269.44539642333984
166.17721557617188 183.20921325683594 199.27669525146484 183.20921325683594 199.27669525146484 271.29203033447266 166.17721557617188 271.29203033447266
162.9171142578125 178.5401611328125 198.63581466674805 178.5401611328125 198.63581466674805 271.44168853759766 162.9171142578125 271.44168853759766
157.02249145507812 176.83407592773438 194.49903106689453 176.83407592773438 194.49903106689453 271.99549865722656 157.02249145507812 271.99549865722656
155.6084442138672 173.8409881591797 194.1717872619629 173.8409881591797 194.1717872619629 270.8670959472656 155.6084442138672 270.8670959472656
161.0474395751953 167.04550170898438 201.36705780029297 167.04550170898438 201.36705780029297 268.65101623535156 161.0474395751953 268.65101623535156
185.02633666992188 177.4279327392578 225.4997787475586 177.4279327392578 225.4997787475586 279.42108154296875 185.02633666992188 279.42108154296875
223.361083984375 170.5509033203125 263.76683807373047 170.5509033203125 263.76683807373047 272.37347412109375 223.361083984375 272.37347412109375
241.54721069335938 169.01031494140625 281.22574615478516 169.01031494140625 281.22574615478516 269.0002975463867 241.54721069335938 269.0002975463867
254.79037475585938 169.50155639648438 294.38874435424805 169.50155639648438 294.38874435424805 269.28951263427734 254.79037475585938 269.28951263427734
293.48614501953125 162.7065887451172 333.154972076416 162.7065887451172 333.154972076416 262.6720886230469 293.48614501953125 262.6720886230469
298.8025817871094 174.5538330078125 338.5289535522461 174.5538330078125 338.5289535522461 274.66434478759766 298.8025817871094 274.66434478759766
267.634765625 175.46279907226562 302.4535331726074 175.46279907226562 302.4535331726074 269.25191497802734 267.634765625 269.25191497802734
261.1987609863281 172.64366149902344 292.76506996154785 172.64366149902344 292.76506996154785 264.4739074707031 261.1987609863281 264.4739074707031
264.0741882324219 179.38075256347656 293.6880645751953 179.38075256347656 293.6880645751953 264.9211120605469 264.0741882324219 264.9211120605469
258.4820861816406 178.23040771484375 291.33666610717773 178.23040771484375 291.33666610717773 267.0760498046875 258.4820861816406 267.0760498046875
257.9781188964844 184.32554626464844 290.2437973022461 184.32554626464844 290.2437973022461 271.8041458129883 257.9781188964844 271.8041458129883
254.99185180664062 183.68711853027344 289.1966361999512 183.68711853027344 289.1966361999512 274.0700988769531 254.99185180664062 274.0700988769531
252.275390625 186.1106719970703 287.43085861206055 186.1106719970703 287.43085861206055 273.9849624633789 252.275390625 273.9849624633789
247.72293090820312 184.40122985839844 280.0232620239258 184.40122985839844 280.0232620239258 278.2316436767578 247.72293090820312 278.2316436767578
241.48440551757812 186.98599243164062 275.5327911376953 186.98599243164062 275.5327911376953 279.8739318847656 241.48440551757812 279.8739318847656
238.7633514404297 189.86483764648438 270.3765354156494 189.86483764648438 270.3765354156494 281.3369674682617 238.7633514404297 281.3369674682617
235.17141723632812 186.8175811767578 266.8940010070801 186.8175811767578 266.8940010070801 275.3153610229492 235.17141723632812 275.3153610229492
232.17715454101562 192.67169189453125 267.31664657592773 192.67169189453125 267.31664657592773 278.82503509521484 232.17715454101562 278.82503509521484
228.04946899414062 190.9695281982422 263.14077377319336 190.9695281982422 263.14077377319336 273.6041564941406 228.04946899414062 273.6041564941406
228.09262084960938 186.57850646972656 264.9332504272461 186.57850646972656 264.9332504272461 278.5206298828125 228.09262084960938 278.5206298828125
256.530517578125 186.57510375976562 291.44927978515625 186.57510375976562 291.44927978515625 278.50465393066406 256.530517578125 278.50465393066406
278.79071044921875 192.12942504882812 315.56936264038086 192.12942504882812 315.56936264038086 284.8116760253906 278.79071044921875 284.8116760253906
314.52508544921875 196.8642120361328 350.33589935302734 196.8642120361328 350.33589935302734 284.8460159301758 314.52508544921875 284.8460159301758
333.1670227050781 188.5740966796875 368.6573715209961 188.5740966796875 368.6573715209961 285.11544036865234 333.1670227050781 285.11544036865234
349.9195861816406 187.80035400390625 382.73046875 187.80035400390625 382.73046875 282.61356353759766 349.9195861816406 282.61356353759766
376.575927734375 192.18917846679688 415.1910514831543 192.18917846679688 415.1910514831543 285.68628692626953 376.575927734375 285.68628692626953
401.8672790527344 187.8732147216797 437.4802360534668 187.8732147216797 437.4802360534668 282.08573150634766 401.8672790527344 282.08573150634766
403.366455078125 181.77767944335938 435.88933181762695 181.77767944335938 435.88933181762695 274.1128845214844 403.366455078125 274.1128845214844
397.3958435058594 185.2960662841797 430.95958709716797 185.2960662841797 430.95958709716797 272.6361618041992 397.3958435058594 272.6361618041992
395.2091369628906 188.36923217773438 429.1650848388672 188.36923217773438 429.1650848388672 278.77669525146484 395.2091369628906 278.77669525146484
387.626708984375 179.22036743164062 422.5463752746582 179.22036743164062 422.5463752746582 269.6416015625 387.626708984375 269.6416015625
376.9497985839844 180.36500549316406 414.0207748413086 180.36500549316406 414.0207748413086 272.2245330810547 376.9497985839844 272.2245330810547
372.90960693359375 180.7820281982422 411.18396377563477 180.7820281982422 411.18396377563477 270.84387969970703 372.90960693359375 270.84387969970703
373.1147766113281 181.27664184570312 405.56519317626953 181.27664184570312 405.56519317626953 267.89598846435547 373.1147766113281 267.89598846435547
367.8886413574219 179.55410766601562 400.03839111328125 179.55410766601562 400.03839111328125 270.53648376464844 367.8886413574219 270.53648376464844
366.5706481933594 180.90335083007812 399.7314453125 180.90335083007812 399.7314453125 268.92225646972656 366.5706481933594 268.92225646972656
361.7666015625 178.47442626953125 393.51088523864746 178.47442626953125 393.51088523864746 267.29925537109375 361.7666015625 267.29925537109375
356.5567321777344 175.39353942871094 391.6250915527344 175.39353942871094 391.6250915527344 265.0194396972656 356.5567321777344 265.0194396972656
348.09246826171875 179.1259765625 381.9204292297363 179.1259765625 381.9204292297363 269.19596099853516 348.09246826171875 269.19596099853516
347.6918640136719 175.4596710205078 381.20606231689453 175.4596710205078 381.20606231689453 266.9853973388672 347.6918640136719 266.9853973388672
343.554931640625 173.3994140625 375.8955764770508 173.3994140625 375.8955764770508 272.64697265625 343.554931640625 272.64697265625
340.15643310546875 173.05267333984375 370.5020942687988 173.05267333984375 370.5020942687988 271.6204147338867 340.15643310546875 271.6204147338867
335.01593017578125 171.49400329589844 366.3104438781738 171.49400329589844 366.3104438781738 273.90601348876953 335.01593017578125 273.90601348876953
326.76495361328125 171.40020751953125 360.9161376953125 171.40020751953125 360.9161376953125 274.202392578125 326.76495361328125 274.202392578125
323.8057861328125 168.4158935546875 358.28454208374023 168.4158935546875 358.28454208374023 271.8694610595703 323.8057861328125 271.8694610595703
316.97967529296875 168.26690673828125 352.99255752563477 168.26690673828125 352.99255752563477 266.3161926269531 316.97967529296875 266.3161926269531
327.22503662109375 175.52420043945312 365.49214935302734 175.52420043945312 365.49214935302734 272.4166564941406 327.22503662109375 272.4166564941406
323.9667053222656 174.4759979248047 360.61821365356445 174.4759979248047 360.61821365356445 273.3580322265625 323.9667053222656 273.3580322265625
324.86474609375 178.00881958007812 364.02469635009766 178.00881958007812 364.02469635009766 275.12255096435547 324.86474609375 275.12255096435547
323.6216735839844 179.0042266845703 360.2611770629883 179.0042266845703 360.2611770629883 276.22377014160156 323.6216735839844 276.22377014160156
320.53619384765625 180.16964721679688 358.02010345458984 180.16964721679688 358.02010345458984 276.5646209716797 320.53619384765625 276.5646209716797
318.2244567871094 178.93539428710938 355.85407638549805 178.93539428710938 355.85407638549805 278.23475646972656 318.2244567871094 278.23475646972656
318.2428894042969 182.25848388671875 353.8610725402832 182.25848388671875 353.8610725402832 276.26953125 318.2428894042969 276.26953125
319.24896240234375 180.88455200195312 354.2456970214844 180.88455200195312 354.2456970214844 272.99427032470703 319.24896240234375 272.99427032470703
348.41888427734375 179.39987182617188 385.4504280090332 179.39987182617188 385.4504280090332 275.01280975341797 348.41888427734375 275.01280975341797
356.30126953125 180.10755920410156 397.2603569030762 180.10755920410156 397.2603569030762 275.8914260864258 356.30126953125 275.8914260864258
384.35101318359375 177.11048889160156 422.9306945800781 177.11048889160156 422.9306945800781 273.25733947753906 384.35101318359375 273.25733947753906
402.2205810546875 181.7847442626953 444.31734466552734 181.7847442626953 444.31734466552734 279.23553466796875 402.2205810546875 279.23553466796875
402.6142578125 176.3502197265625 441.634464263916 176.3502197265625 441.634464263916 274.2046127319336 402.6142578125 274.2046127319336
398.396728515625 179.00503540039062 438.58214569091797 179.00503540039062 438.58214569091797 277.3629455566406 398.396728515625 277.3629455566406
394.1894226074219 178.68988037109375 434.77672576904297 178.68988037109375 434.77672576904297 270.03143310546875 394.1894226074219 270.03143310546875
393.18157958984375 181.2608642578125 433.3726997375488 181.2608642578125 433.3726997375488 274.93441009521484 393.18157958984375 274.93441009521484
390.0412902832031 178.51510620117188 431.8373146057129 178.51510620117188 431.8373146057129 272.46228790283203 390.0412902832031 272.46228790283203
389.96429443359375 178.2660369873047 428.01538848876953 178.2660369873047 428.01538848876953 274.6995849609375 389.96429443359375 274.6995849609375
387.6544494628906 178.7513427734375 424.45294189453125 178.7513427734375 424.45294189453125 276.4369659423828 387.6544494628906 276.4369659423828
383.942138671875 179.04806518554688 419.2846488952637 179.04806518554688 419.2846488952637 275.0167007446289 383.942138671875 275.0167007446289
382.41510009765625 178.91542053222656 416.5955276489258 178.91542053222656 416.5955276489258 275.8061828613281 382.41510009765625 275.8061828613281
378.3023986816406 180.37667846679688 412.92024993896484 180.37667846679688 412.92024993896484 275.47277069091797 378.3023986816406 275.47277069091797
376.7549133300781 178.68690490722656 410.5435791015625 178.68690490722656 410.5435791015625 271.9927291870117 376.7549133300781 271.9927291870117
370.147216796875 179.3135986328125 407.8086128234863 179.3135986328125 407.8086128234863 270.18663024902344 370.147216796875 270.18663024902344
367.3769836425781 176.4867401123047 404.5676727294922 176.4867401123047 404.5676727294922 268.60205078125 367.3769836425781 268.60205078125
364.9277038574219 179.0078125 398.94178009033203 179.0078125 398.94178009033203 271.15049743652344 364.9277038574219 271.15049743652344
360.9933166503906 182.42779541015625 396.09169006347656 182.42779541015625 396.09169006347656 270.73453521728516 360.9933166503906 270.73453521728516
356.59002685546875 185.74899291992188 394.37661361694336 185.74899291992188 394.37661361694336 268.9791564941406 356.59002685546875 268.9791564941406
353.6188049316406 184.17115783691406 392.4484405517578 184.17115783691406 392.4484405517578 270.7333755493164 353.6188049316406 270.7333755493164
342.36297607421875 159.81201171875 385.08483123779297 159.81201171875 385.08483123779297 267.4711456298828 342.36297607421875 267.4711456298828
340.73358154296875 161.40237426757812 383.5349922180176 161.40237426757812 383.5349922180176 269.2619934082031 340.73358154296875 269.2619934082031
332.89404296875 165.996826171875 375.7628974914551 165.996826171875 375.7628974914551 274.0264129638672 332.89404296875 274.0264129638672
328.7086181640625 167.900390625 371.8900680541992 167.900390625 371.8900680541992 276.71773529052734 328.7086181640625 276.71773529052734
321.5593566894531 168.35986328125 365.27417755126953 168.35986328125 365.27417755126953 278.5213165283203 321.5593566894531 278.5213165283203
310.65521240234375 185.47201538085938 350.9667205810547 185.47201538085938 350.9667205810547 279.21409606933594 310.65521240234375 279.21409606933594
314.9017639160156 178.2064666748047 355.943302154541 178.2064666748047 355.943302154541 267.95821380615234 314.9017639160156 267.95821380615234
309.3453674316406 184.08419799804688 350.7956008911133 184.08419799804688 350.7956008911133 277.35923767089844 309.3453674316406 277.35923767089844
306.6452331542969 182.79319763183594 345.70296478271484 182.79319763183594 345.70296478271484 279.1433639526367 306.6452331542969 279.1433639526367
302.61798095703125 181.50863647460938 340.28883361816406 181.50863647460938 340.28883361816406 277.8220977783203 302.61798095703125 277.8220977783203
297.1036682128906 179.777587890625 335.6138114929199 179.777587890625 335.6138114929199 278.9419708251953 297.1036682128906 278.9419708251953
289.75506591796875 179.0105743408203 329.5525207519531 179.0105743408203 329.5525207519531 272.2428894042969 289.75506591796875 272.2428894042969
285.60821533203125 179.4127960205078 323.8226661682129 179.4127960205078 323.8226661682129 272.57154083251953 285.60821533203125 272.57154083251953
281.8077392578125 178.6568603515625 320.6923294067383 178.6568603515625 320.6923294067383 273.3864059448242 281.8077392578125 273.3864059448242
276.63519287109375 181.06851196289062 313.48694610595703 181.06851196289062 313.48694610595703 272.7440872192383 276.63519287109375 272.7440872192383
269.6761169433594 181.62722778320312 308.43993759155273 181.62722778320312 308.43993759155273 273.3820037841797 269.6761169433594 273.3820037841797
264.5098876953125 182.17271423339844 303.49340057373047 182.17271423339844 303.49340057373047 274.3448944091797 264.5098876953125 274.3448944091797
253.64956665039062 181.05966186523438 293.1123466491699 181.05966186523438 293.1123466491699 274.2071838378906 253.64956665039062 274.2071838378906
248.1527862548828 181.97000122070312 287.80472564697266 181.97000122070312 287.80472564697266 275.82057189941406 248.1527862548828 275.82057189941406
244.51022338867188 180.3947296142578 285.2000198364258 180.3947296142578 285.2000198364258 273.56055450439453 244.51022338867188 273.56055450439453
237.9518280029297 177.331298828125 278.0411033630371 177.331298828125 278.0411033630371 270.8214569091797 237.9518280029297 270.8214569091797
232.2709197998047 177.6815948486328 271.57807540893555 177.6815948486328 271.57807540893555 273.1953811645508 232.2709197998047 273.1953811645508
225.508056640625 179.77670288085938 264.32477951049805 179.77670288085938 264.32477951049805 272.4761047363281 225.508056640625 272.4761047363281
221.745361328125 183.77420043945312 260.87476348876953 183.77420043945312 260.87476348876953 278.06150817871094 221.745361328125 278.06150817871094
216.6247100830078 186.44284057617188 258.0323257446289 186.44284057617188 258.0323257446289 278.94347381591797 216.6247100830078 278.94347381591797
211.2742462158203 185.2861785888672 252.2990379333496 185.2861785888672 252.2990379333496 279.63036346435547 211.2742462158203 279.63036346435547
231.7654571533203 180.4687957763672 273.2776107788086 180.4687957763672 273.2776107788086 275.6761169433594 231.7654571533203 275.6761169433594
257.4693908691406 177.22915649414062 300.75072479248047 177.22915649414062 300.75072479248047 271.85902404785156 257.4693908691406 271.85902404785156
273.0626220703125 170.46499633789062 311.5913619995117 170.46499633789062 311.5913619995117 268.4424591064453 273.0626220703125 268.4424591064453
277.2908935546875 176.091552734375 317.85726165771484 176.091552734375 317.85726165771484 274.47708892822266 277.2908935546875 274.47708892822266
271.3212890625 177.0084686279297 315.08638763427734 177.0084686279297 315.08638763427734 273.95050048828125 271.3212890625 273.95050048828125
266.4582214355469 180.6031951904297 305.9239196777344 180.6031951904297 305.9239196777344 270.20799255371094 266.4582214355469 270.20799255371094
254.2536163330078 178.3106689453125 296.78811264038086 178.3106689453125 296.78811264038086 269.99620056152344 254.2536163330078 269.99620056152344
249.99679565429688 179.58914184570312 289.8846321105957 179.58914184570312 289.8846321105957 273.70310974121094 249.99679565429688 273.70310974121094
241.4217987060547 178.49508666992188 279.5210952758789 178.49508666992188 279.5210952758789 275.9367141723633 241.4217987060547 275.9367141723633
232.32772827148438 181.973876953125 271.52777099609375 181.973876953125 271.52777099609375 276.2417907714844 232.32772827148438 276.2417907714844
223.4579315185547 184.5740509033203 265.0179023742676 184.5740509033203 265.0179023742676 277.9052734375 223.4579315185547 277.9052734375
216.28848266601562 186.62100219726562 260.4893455505371 186.62100219726562 260.4893455505371 276.3965072631836 216.28848266601562 276.3965072631836
208.15731811523438 177.2794952392578 245.62058639526367 177.2794952392578 245.62058639526367 271.23011016845703 208.15731811523438 271.23011016845703
200.01498413085938 179.8563690185547 238.94231414794922 179.8563690185547 238.94231414794922 276.18387603759766 200.01498413085938 276.18387603759766
191.83901977539062 179.76150512695312 229.8214111328125 179.76150512695312 229.8214111328125 275.1442108154297 191.83901977539062 275.1442108154297
182.78904724121094 184.0125274658203 220.59708404541016 184.0125274658203 220.59708404541016 279.7629165649414 182.78904724121094 279.7629165649414
172.7159881591797 182.80233764648438 212.5478515625 182.80233764648438 212.5478515625 276.72999572753906 172.7159881591797 276.72999572753906
162.26919555664062 180.16317749023438 204.2531509399414 180.16317749023438 204.2531509399414 274.0242691040039 162.26919555664062 274.0242691040039
154.3451385498047 175.1021728515625 193.52917861938477 175.1021728515625 193.52917861938477 276.4368667602539 154.3451385498047 276.4368667602539
146.2039031982422 179.83523559570312 186.15027236938477 179.83523559570312 186.15027236938477 276.75099182128906 146.2039031982422 276.75099182128906
136.12435913085938 181.11318969726562 174.9082260131836 181.11318969726562 174.9082260131836 280.1929473876953 136.12435913085938 280.1929473876953
127.2349624633789 182.405029296875 169.35450744628906 182.405029296875 169.35450744628906 278.0714645385742 127.2349624633789 278.0714645385742
117.93548583984375 184.8560028076172 159.65021514892578 184.8560028076172 159.65021514892578 275.2004089355469 117.93548583984375 275.2004089355469
109.0750732421875 183.18862915039062 147.92183303833008 183.18862915039062 147.92183303833008 279.43212127685547 109.0750732421875 279.43212127685547
101.68915557861328 180.85203552246094 141.85358428955078 180.85203552246094 141.85358428955078 277.01499938964844 101.68915557861328 277.01499938964844
93.10865783691406 183.7447967529297 133.98255157470703 183.7447967529297 133.98255157470703 280.2945327758789 93.10865783691406 280.2945327758789
