525.0 55.0 544.0 55.0 544.0 94.0 525.0 94.0
524.40478515625 56.88286590576172 542.676362991333 56.88286590576172 542.676362991333 94.12026977539062 524.40478515625 94.12026977539062
524.6433715820312 57.57990646362305 542.8788356781006 57.57990646362305 542.8788356781006 93.204345703125 524.6433715820312 93.204345703125
525.23193359375 57.875282287597656 543.4402694702148 57.875282287597656 543.4402694702148 93.98988723754883 525.23193359375 93.98988723754883
524.6156005859375 56.2275276184082 543.1182136535645 56.2275276184082 543.1182136535645 94.26566696166992 524.6156005859375 94.26566696166992
525.49462890625 56.962432861328125 543.4918346405029 56.962432861328125 543.4918346405029 94.5470085144043 525.49462890625 94.5470085144043
525.2178955078125 55.30628204345703 543.7085418701172 55.30628204345703 543.7085418701172 93.65753173828125 525.2178955078125 93.65753173828125
525.8153076171875 56.248046875 545.1085319519043 56.248046875 545.1085319519043 95.13100051879883 525.8153076171875 95.13100051879883
525.5904541015625 55.78276443481445 544.9736270904541 55.78276443481445 544.9736270904541 95.89809799194336 525.5904541015625 95.89809799194336
525.6204223632812 56.16387939453125 544.9193229675293 56.16387939453125 544.9193229675293 96.37459564208984 525.6204223632812 96.37459564208984
526.3019409179688 57.17307662963867 544.8666019439697 57.17307662963867 544.8666019439697 95.37715911865234 526.3019409179688 95.37715911865234
526.2028198242188 55.98176193237305 545.6081886291504 55.98176193237305 545.6081886291504 95.18907928466797 526.2028198242188 95.18907928466797
526.4279174804688 55.475730895996094 545.865198135376 55.475730895996094 545.865198135376 96.50725936889648 526.4279174804688 96.50725936889648
526.3748779296875 56.295326232910156 546.8169364929199 56.295326232910156 546.8169364929199 95.07559967041016 526.3748779296875 95.07559967041016
527.3236083984375 56.67548370361328 546.234188079834 56.67548370361328 546.234188079834 95.48458480834961 527.3236083984375 95.48458480834961
527.3034057617188 55.02509689331055 545.4199848175049 55.02509689331055 545.4199848175049 95.5920524597168 527.3034057617188 95.5920524597168
527.8250732421875 56.700347900390625 545.5605125427246 56.700347900390625 545.5605125427246 95.30509185791016 527.8250732421875 95.30509185791016
528.12353515625 55.323143005371094 545.8976783752441 55.323143005371094 545.8976783752441 97.17079162597656 528.12353515625 97.17079162597656
528.19091796875 56.34318923950195 546.1499328613281 56.34318923950195 546.1499328613281 96.39327621459961 528.19091796875 96.39327621459961
528.3189697265625 56.6573600769043 545.9104499816895 56.6573600769043 545.9104499816895 96.54341888427734 528.3189697265625 96.54341888427734
527.8781127929688 56.36084747314453 546.0110092163086 56.36084747314453 546.0110092163086 96.34416198730469 527.8781127929688 96.34416198730469
527.5609130859375 56.6416015625 546.5285148620605 56.6416015625 546.5285148620605 96.53381729125977 527.5609130859375 96.53381729125977
527.8544921875 57.9267692565918 546.0324745178223 57.9267692565918 546.0324745178223 97.67029190063477 527.8544921875 97.67029190063477
526.7361450195312 56.841590881347656 546.132984161377 56.841590881347656 546.132984161377 98.0228042602539 526.7361450195312 98.0228042602539
527.8800048828125 58.78779220581055 546.3148899078369 58.78779220581055 546.3148899078369 97.99468994140625 527.8800048828125 97.99468994140625
528.2076416015625 58.432167053222656 546.2987098693848 58.432167053222656 546.2987098693848 98.93486785888672 528.2076416015625 98.93486785888672
527.835205078125 58.487449645996094 546.3235301971436 58.487449645996094 546.3235301971436 98.511474609375 527.835205078125 98.511474609375
527.8904418945312 59.01080322265625 545.8987236022949 59.01080322265625 545.8987236022949 97.11127471923828 527.8904418945312 97.11127471923828
527.6944580078125 57.70983123779297 546.1742897033691 57.70983123779297 546.1742897033691 97.85541152954102 527.6944580078125 97.85541152954102
527.4842529296875 57.78993606567383 545.2689208984375 57.78993606567383 545.2689208984375 98.3648567199707 527.4842529296875 98.3648567199707
526.9666748046875 58.20320510864258 545.3625030517578 58.20320510864258 545.3625030517578 98.5228042602539 526.9666748046875 98.5228042602539
526.7381591796875 58.506431579589844 544.9310646057129 58.506431579589844 544.9310646057129 98.89061737060547 526.7381591796875 98.89061737060547
526.460693359375 58.238914489746094 544.402042388916 58.238914489746094 544.402042388916 98.75682067871094 526.460693359375 98.75682067871094
526.2281494140625 59.081077575683594 543.7889003753662 59.081077575683594 543.7889003753662 98.66361236572266 526.2281494140625 98.66361236572266
525.748046875 58.392127990722656 543.3470211029053 58.392127990722656 543.3470211029053 98.75181579589844 525.748046875 98.75181579589844
525.2857055664062 59.0915412902832 543.9109497070312 59.0915412902832 543.9109497070312 98.2463607788086 525.2857055664062 98.2463607788086
524.79736328125 59.55022430419922 544.0870609283447 59.55022430419922 544.0870609283447 97.95333480834961 524.79736328125 97.95333480834961
524.6568603515625 59.25862503051758 544.1385154724121 59.25862503051758 544.1385154724121 98.32397842407227 524.6568603515625 98.32397842407227
524.55078125 59.66802978515625 543.6763706207275 59.66802978515625 543.6763706207275 98.614501953125 524.55078125 98.614501953125
524.282958984375 59.91510772705078 543.9327659606934 59.91510772705078 543.9327659606934 98.94424438476562 524.282958984375 98.94424438476562
524.5219116210938 60.537376403808594 544.3012886047363 60.537376403808594 544.3012886047363 99.10963439941406 524.5219116210938 99.10963439941406
524.7754516601562 60.4837532043457 543.8120632171631 60.4837532043457 543.8120632171631 100.06886291503906 524.7754516601562 100.06886291503906
524.216796875 60.80506134033203 543.9120807647705 60.80506134033203 543.9120807647705 99.79796981811523 524.216796875 99.79796981811523
524.835205078125 60.411766052246094 544.1205215454102 60.411766052246094 544.1205215454102 99.18878555297852 524.835205078125 99.18878555297852
524.7730712890625 60.287017822265625 544.1090869903564 60.287017822265625 544.1090869903564 99.22391510009766 524.7730712890625 99.22391510009766
524.4573974609375 60.06084442138672 544.5958404541016 60.06084442138672 544.5958404541016 99.19856262207031 524.4573974609375 99.19856262207031
524.7003784179688 59.483604431152344 545.2569561004639 59.483604431152344 545.2569561004639 99.85606384277344 524.7003784179688 99.85606384277344
525.0510864257812 58.949195861816406 543.676513671875 58.949195861816406 543.676513671875 99.72531127929688 525.0510864257812 99.72531127929688
524.9142456054688 59.41609573364258 543.5089626312256 59.41609573364258 543.5089626312256 99.39484786987305 524.9142456054688 99.39484786987305
525.1937866210938 58.6826286315918 543.9415454864502 58.6826286315918 543.9415454864502 100.33309936523438 525.1937866210938 100.33309936523438
525.0857543945312 58.61995315551758 543.3145294189453 58.61995315551758 543.3145294189453 100.94270324707031 525.0857543945312 100.94270324707031
525.3001708984375 58.651268005371094 543.8082122802734 58.651268005371094 543.8082122802734 100.89259338378906 525.3001708984375 100.89259338378906
524.9320678710938 58.1637077331543 543.1666297912598 58.1637077331543 543.1666297912598 101.19037246704102 524.9320678710938 101.19037246704102
525.4417114257812 59.186737060546875 543.4937286376953 59.186737060546875 543.4937286376953 99.76963424682617 525.4417114257812 99.76963424682617
525.2041015625 58.249725341796875 543.8546257019043 58.249725341796875 543.8546257019043 100.03339767456055 525.2041015625 100.03339767456055
525.0594482421875 59.6287841796875 544.0857181549072 59.6287841796875 544.0857181549072 99.85026931762695 525.0594482421875 99.85026931762695
524.5947875976562 59.032691955566406 544.8177375793457 59.032691955566406 544.8177375793457 99.61056137084961 524.5947875976562 99.61056137084961
523.760498046875 60.452423095703125 544.7452964782715 60.452423095703125 544.7452964782715 101.02400970458984 523.760498046875 101.02400970458984
524.2904052734375 59.720375061035156 544.256031036377 59.720375061035156 544.256031036377 100.86656188964844 524.2904052734375 100.86656188964844
524.66650390625 60.6586799621582 544.9621257781982 60.6586799621582 544.9621257781982 101.37698364257812 524.66650390625 101.37698364257812
524.180908203125 59.575843811035156 545.1959552764893 59.575843811035156 545.1959552764893 101.70693588256836 524.180908203125 101.70693588256836
523.83935546875 58.8195686340332 544.8798656463623 58.8195686340332 544.8798656463623 100.7635269165039 523.83935546875 100.7635269165039
524.5272827148438 59.223228454589844 544.8399772644043 59.223228454589844 544.8399772644043 100.5489616394043 524.5272827148438 100.5489616394043
524.6873779296875 61.7235107421875 544.1836910247803 61.7235107421875 544.1836910247803 100.57662200927734 524.6873779296875 100.57662200927734
524.85693359375 58.972412109375 544.2069358825684 58.972412109375 544.2069358825684 100.80851364135742 524.85693359375 100.80851364135742
525.5827026367188 60.421173095703125 543.8989810943604 60.421173095703125 543.8989810943604 101.45602416992188 525.5827026367188 101.45602416992188
525.7369384765625 58.59950637817383 544.4363956451416 58.59950637817383 544.4363956451416 101.78079986572266 525.7369384765625 101.78079986572266
525.9923095703125 59.3697624206543 544.1750907897949 59.3697624206543 544.1750907897949 102.28231048583984 525.9923095703125 102.28231048583984
526.0743408203125 59.8849983215332 544.584882736206 59.8849983215332 544.584882736206 100.74409103393555 526.0743408203125 100.74409103393555
526.1007690429688 60.344627380371094 544.4662227630615 60.344627380371094 544.4662227630615 101.90570831298828 526.1007690429688 101.90570831298828
526.1619873046875 59.4710578918457 545.4877529144287 59.4710578918457 545.4877529144287 101.4292984008789 526.1619873046875 101.4292984008789
526.4329833984375 58.909934997558594 545.88600730896 58.909934997558594 545.88600730896 101.89755630493164 526.4329833984375 101.89755630493164
525.9246215820312 59.446533203125 546.1098327636719 59.446533203125 546.1098327636719 102.3272476196289 525.9246215820312 102.3272476196289
525.7147216796875 59.311134338378906 546.4666519165039 59.311134338378906 546.4666519165039 102.98755645751953 525.7147216796875 102.98755645751953
525.673828125 60.383880615234375 547.1884059906006 60.383880615234375 547.1884059906006 102.80784606933594 525.673828125 102.80784606933594
525.2000122070312 60.05768966674805 546.9109172821045 60.05768966674805 546.9109172821045 103.67549133300781 525.2000122070312 103.67549133300781
526.0427856445312 60.919349670410156 547.3002128601074 60.919349670410156 547.3002128601074 102.91019821166992 526.0427856445312 102.91019821166992
525.9842529296875 60.83061981201172 547.3226375579834 60.83061981201172 547.3226375579834 102.20794677734375 525.9842529296875 102.20794677734375
526.0740966796875 60.08910369873047 547.1521816253662 60.08910369873047 547.1521816253662 103.2627182006836 526.0740966796875 103.2627182006836
526.71435546875 59.631141662597656 547.249195098877 59.631141662597656 547.249195098877 102.97430419921875 526.71435546875 102.97430419921875
527.4168090820312 60.92747116088867 547.0424537658691 60.92747116088867 547.0424537658691 103.28534317016602 527.4168090820312 103.28534317016602
527.8639526367188 60.426429748535156 547.2656841278076 60.426429748535156 547.2656841278076 102.23405456542969 527.8639526367188 102.23405456542969
527.2213745117188 59.438568115234375 546.8284149169922 59.438568115234375 546.8284149169922 102.01219940185547 527.2213745117188 102.01219940185547
527.8118896484375 58.78889083862305 547.2321090698242 58.78889083862305 547.2321090698242 103.73447036743164 527.8118896484375 103.73447036743164
527.5095825195312 59.54033279418945 547.2614231109619 59.54033279418945 547.2614231109619 102.8502197265625 527.5095825195312 102.8502197265625
527.9054565429688 59.7412109375 547.1361446380615 59.7412109375 547.1361446380615 103.82709503173828 527.9054565429688 103.82709503173828
528.1547241210938 59.59892654418945 547.4519062042236 59.59892654418945 547.4519062042236 103.92987060546875 528.1547241210938 103.92987060546875
528.7599487304688 59.63954544067383 548.0821495056152 59.63954544067383 548.0821495056152 103.5501480102539 528.7599487304688 103.5501480102539
528.2166137695312 58.9084358215332 548.5901336669922 58.9084358215332 548.5901336669922 104.34882354736328 528.2166137695312 104.34882354736328
528.3119506835938 59.168670654296875 548.9961776733398 59.168670654296875 548.9961776733398 104.79216766357422 528.3119506835938 104.79216766357422
528.28173828125 60.129295349121094 548.3090915679932 60.129295349121094 548.3090915679932 104.69764709472656 528.28173828125 104.69764709472656
527.4730834960938 60.21873092651367 548.3223972320557 60.21873092651367 548.3223972320557 104.5493049621582 527.4730834960938 104.5493049621582
527.0553588867188 61.497169494628906 547.9772834777832 61.497169494628906 547.9772834777832 104.35713577270508 527.0553588867188 104.35713577270508
528.0538940429688 62.32419967651367 548.9721794128418 62.32419967651367 548.9721794128418 105.41309356689453 528.0538940429688 105.41309356689453
524.0638427734375 58.21436309814453 547.2621040344238 58.21436309814453 547.2621040344238 105.83182525634766 524.0638427734375 105.83182525634766
527.991943359375 58.95561599731445 548.7016353607178 58.95561599731445 548.7016353607178 106.2798843383789 527.991943359375 106.2798843383789
528.1940307617188 59.02184295654297 548.7319355010986 59.02184295654297 548.7319355010986 107.8375129699707 528.1940307617188 107.8375129699707
525.4364013671875 58.67388916015625 548.0433254241943 58.67388916015625 548.0433254241943 105.07754516601562 525.4364013671875 105.07754516601562
529.2103271484375 58.05180740356445 548.5817260742188 58.05180740356445 548.5817260742188 108.69916915893555 529.2103271484375 108.69916915893555
528.9617919921875 59.75011444091797 549.1645526885986 59.75011444091797 549.1645526885986 109.32743835449219 528.9617919921875 109.32743835449219
528.493408203125 58.76215744018555 549.011058807373 58.76215744018555 549.011058807373 109.12964248657227 528.493408203125 109.12964248657227
526.9899291992188 59.364784240722656 547.453821182251 59.364784240722656 547.453821182251 107.66062927246094 526.9899291992188 107.66062927246094
526.2784423828125 58.8665771484375 547.7182884216309 58.8665771484375 547.7182884216309 108.33405685424805 526.2784423828125 108.33405685424805
526.8905029296875 60.98414993286133 547.9648895263672 60.98414993286133 547.9648895263672 108.18363571166992 526.8905029296875 108.18363571166992
524.9838256835938 59.9937744140625 547.2045516967773 59.9937744140625 547.2045516967773 107.19949340820312 524.9838256835938 107.19949340820312
524.88330078125 59.895362854003906 547.219575881958 59.895362854003906 547.219575881958 107.10345077514648 524.88330078125 107.10345077514648
523.17236328125 61.28651809692383 545.4854698181152 61.28651809692383 545.4854698181152 108.32516098022461 523.17236328125 108.32516098022461
521.4185791015625 61.465187072753906 543.1263275146484 61.465187072753906 543.1263275146484 107.73797607421875 521.4185791015625 107.73797607421875
521.8904418945312 59.93437957763672 543.7961463928223 59.93437957763672 543.7961463928223 106.12493133544922 521.8904418945312 106.12493133544922
522.1436157226562 61.49626922607422 544.151330947876 61.49626922607422 544.151330947876 107.9471321105957 522.1436157226562 107.9471321105957
521.0303955078125 62.01049041748047 543.2960300445557 62.01049041748047 543.2960300445557 107.73768615722656 521.0303955078125 107.73768615722656
519.1347045898438 60.43719482421875 540.8127479553223 60.43719482421875 540.8127479553223 105.38197708129883 519.1347045898438 105.38197708129883
520.1693115234375 58.47333526611328 541.537052154541 58.47333526611328 541.537052154541 105.00027084350586 520.1693115234375 105.00027084350586
518.9318237304688 59.94599533081055 540.7983512878418 59.94599533081055 540.7983512878418 106.09738540649414 518.9318237304688 106.09738540649414
518.3739013671875 58.6497917175293 540.3608646392822 58.6497917175293 540.3608646392822 105.1926155090332 518.3739013671875 105.1926155090332
517.052978515625 58.5557975769043 539.0127468109131 58.5557975769043 539.0127468109131 103.50073623657227 517.052978515625 103.50073623657227
517.473388671875 58.249473571777344 539.992115020752 58.249473571777344 539.992115020752 106.34730529785156 517.473388671875 106.34730529785156
520.3571166992188 57.344696044921875 542.728063583374 57.344696044921875 542.728063583374 106.18741989135742 520.3571166992188 106.18741989135742
514.91357421875 57.873191833496094 536.918140411377 57.873191833496094 536.918140411377 103.356689453125 514.91357421875 103.356689453125
513.9490356445312 56.40828323364258 536.8842887878418 56.40828323364258 536.8842887878418 103.99474716186523 513.9490356445312 103.99474716186523
521.9486083984375 60.16010665893555 543.8323154449463 60.16010665893555 543.8323154449463 104.98966598510742 521.9486083984375 104.98966598510742
513.6392822265625 56.86438751220703 536.5470790863037 56.86438751220703 536.5470790863037 105.58731460571289 513.6392822265625 105.58731460571289
510.68115234375 56.96244430541992 533.9653606414795 56.96244430541992 533.9653606414795 103.78524398803711 510.68115234375 103.78524398803711
510.9535217285156 55.12281036376953 533.5555171966553 55.12281036376953 533.5555171966553 101.13795471191406 510.9535217285156 101.13795471191406
510.12091064453125 56.35216522216797 532.7343826293945 56.35216522216797 532.7343826293945 101.88516235351562 510.12091064453125 101.88516235351562
511.1685485839844 54.66874313354492 533.112886428833 54.66874313354492 533.112886428833 100.5445442199707 511.1685485839844 100.5445442199707
509.14593505859375 56.06907272338867 531.4061985015869 56.06907272338867 531.4061985015869 100.5333251953125 509.14593505859375 100.5333251953125
510.0721130371094 56.1091423034668 532.6594524383545 56.1091423034668 532.6594524383545 102.55283737182617 510.0721130371094 102.55283737182617
509.06201171875 56.074928283691406 531.6539421081543 56.074928283691406 531.6539421081543 101.44527816772461 509.06201171875 101.44527816772461
510.08966064453125 55.46883010864258 531.7903881072998 55.46883010864258 531.7903881072998 101.16205978393555 510.08966064453125 101.16205978393555
509.0304260253906 55.84223556518555 530.4695701599121 55.84223556518555 530.4695701599121 99.66201400756836 509.0304260253906 99.66201400756836
508.0228576660156 56.43663787841797 529.8192882537842 56.43663787841797 529.8192882537842 99.20632934570312 508.0228576660156 99.20632934570312
508.6044921875 56.508697509765625 530.1488571166992 56.508697509765625 530.1488571166992 99.05488204956055 508.6044921875 99.05488204956055
509.1097106933594 54.848838806152344 530.613977432251 54.848838806152344 530.613977432251 99.00064468383789 509.1097106933594 99.00064468383789
508.7435607910156 56.48264694213867 529.8410549163818 56.48264694213867 529.8410549163818 98.72750473022461 508.7435607910156 98.72750473022461
507.88653564453125 55.17413330078125 529.3804206848145 55.17413330078125 529.3804206848145 98.2289810180664 507.88653564453125 98.2289810180664
507.95635986328125 56.18231964111328 529.0187110900879 56.18231964111328 529.0187110900879 99.15709686279297 507.95635986328125 99.15709686279297
507.2469787597656 55.86644744873047 528.4203453063965 55.86644744873047 528.4203453063965 98.07844543457031 507.2469787597656 98.07844543457031
508.6510314941406 54.444915771484375 529.9642963409424 54.444915771484375 529.9642963409424 97.6356430053711 508.6510314941406 97.6356430053711
508.47283935546875 54.7266960144043 529.353588104248 54.7266960144043 529.353588104248 97.73930740356445 508.47283935546875 97.73930740356445
507.5440368652344 54.69104766845703 527.9158096313477 54.69104766845703 527.9158096313477 95.89063262939453 507.5440368652344 95.89063262939453
507.80279541015625 55.72284698486328 528.2959499359131 55.72284698486328 528.2959499359131 97.82278442382812 507.80279541015625 97.82278442382812
508.4109802246094 54.399497985839844 528.3810119628906 54.399497985839844 528.3810119628906 97.68373107910156 508.4109802246094 97.68373107910156
507.5923767089844 54.259552001953125 528.5742855072021 54.259552001953125 528.5742855072021 97.02363204956055 507.5923767089844 97.02363204956055
507.004150390625 53.8332633972168 527.7923240661621 53.8332633972168 527.7923240661621 95.84096145629883 507.004150390625 95.84096145629883
507.15380859375 54.42896270751953 527.587230682373 54.42896270751953 527.587230682373 96.07657623291016 507.15380859375 96.07657623291016
507.08099365234375 54.521759033203125 527.4574718475342 54.521759033203125 527.4574718475342 96.99857711791992 507.08099365234375 96.99857711791992
506.7395935058594 53.27667236328125 527.6149826049805 53.27667236328125 527.6149826049805 98.05840682983398 506.7395935058594 98.05840682983398
505.8656311035156 52.9224853515625 526.4063682556152 52.9224853515625 526.4063682556152 95.05465698242188 505.8656311035156 95.05465698242188
506.21783447265625 52.952552795410156 526.7652854919434 52.952552795410156 526.7652854919434 97.37948608398438 506.21783447265625 97.37948608398438
505.4644470214844 52.008392333984375 526.2503414154053 52.008392333984375 526.2503414154053 94.40817260742188 505.4644470214844 94.40817260742188
506.5287170410156 52.87134552001953 527.5830993652344 52.87134552001953 527.5830993652344 96.06331253051758 506.5287170410156 96.06331253051758
506.3771057128906 53.839195251464844 526.1870651245117 53.839195251464844 526.1870651245117 96.28319549560547 506.3771057128906 96.28319549560547
506.40216064453125 52.31633377075195 526.6419506072998 52.31633377075195 526.6419506072998 96.46429061889648 506.40216064453125 96.46429061889648
505.97674560546875 53.442176818847656 526.2176284790039 53.442176818847656 526.2176284790039 96.46368408203125 505.97674560546875 96.46368408203125
505.39544677734375 53.00776290893555 525.994930267334 53.00776290893555 525.994930267334 95.19573593139648 505.39544677734375 95.19573593139648
505.419677734375 53.36811447143555 525.3476047515869 53.36811447143555 525.3476047515869 94.89342880249023 505.419677734375 94.89342880249023
505.3258361816406 54.45497512817383 524.4893684387207 54.45497512817383 524.4893684387207 95.62420272827148 505.3258361816406 95.62420272827148
504.93536376953125 52.24620819091797 524.8686580657959 52.24620819091797 524.8686580657959 95.67433547973633 504.93536376953125 95.67433547973633
505.055908203125 52.14402389526367 524.7506198883057 52.14402389526367 524.7506198883057 94.5645866394043 505.055908203125 94.5645866394043
505.51287841796875 53.221160888671875 525.7976512908936 53.221160888671875 525.7976512908936 96.1202621459961 505.51287841796875 96.1202621459961
505.31207275390625 53.512413024902344 525.0872459411621 53.512413024902344 525.0872459411621 96.02815628051758 505.31207275390625 96.02815628051758
504.4618225097656 53.00408935546875 524.6135177612305 53.00408935546875 524.6135177612305 94.37662506103516 504.4618225097656 94.37662506103516
504.62847900390625 52.88936233520508 525.020622253418 52.88936233520508 525.020622253418 95.21785354614258 504.62847900390625 95.21785354614258
504.35174560546875 52.9007568359375 523.8368492126465 52.9007568359375 523.8368492126465 95.08919525146484 504.35174560546875 95.08919525146484
504.20806884765625 51.95353317260742 524.5093517303467 51.95353317260742 524.5093517303467 94.5375747680664 504.20806884765625 94.5375747680664
504.2837829589844 52.61188507080078 523.7377681732178 52.61188507080078 523.7377681732178 94.92462539672852 504.2837829589844 94.92462539672852
504.2337341308594 53.04231643676758 523.3115158081055 53.04231643676758 523.3115158081055 94.31431198120117 504.2337341308594 94.31431198120117
503.9662170410156 52.603729248046875 523.4367294311523 52.603729248046875 523.4367294311523 95.49832153320312 503.9662170410156 95.49832153320312
503.68292236328125 51.06217575073242 523.180549621582 51.06217575073242 523.180549621582 92.72007751464844 503.68292236328125 92.72007751464844
504.1954650878906 52.5529670715332 523.4861850738525 52.5529670715332 523.4861850738525 94.6866340637207 504.1954650878906 94.6866340637207
503.28546142578125 51.222145080566406 522.8166675567627 51.222145080566406 522.8166675567627 95.04420852661133 503.28546142578125 95.04420852661133
503.27227783203125 51.592010498046875 522.9422645568848 51.592010498046875 522.9422645568848 94.27071380615234 503.27227783203125 94.27071380615234
503.71875 51.3591423034668 523.4102973937988 51.3591423034668 523.4102973937988 95.16282272338867 503.71875 95.16282272338867
502.8789978027344 51.758056640625 522.0778369903564 51.758056640625 522.0778369903564 94.62825012207031 502.8789978027344 94.62825012207031
502.54296875 52.35878372192383 521.7239646911621 52.35878372192383 521.7239646911621 94.37788772583008 502.54296875 94.37788772583008
503.34619140625 51.579322814941406 523.0321941375732 51.579322814941406 523.0321941375732 93.77043914794922 503.34619140625 93.77043914794922
503.1592712402344 51.58906936645508 522.2161064147949 51.58906936645508 522.2161064147949 93.00991439819336 503.1592712402344 93.00991439819336
502.5863342285156 52.22182083129883 521.2128410339355 52.22182083129883 521.2128410339355 93.4799690246582 502.5863342285156 93.4799690246582
503.37408447265625 50.693443298339844 522.9425849914551 50.693443298339844 522.9425849914551 93.00826263427734 503.37408447265625 93.00826263427734
503.1922302246094 51.108638763427734 522.6561069488525 51.108638763427734 522.6561069488525 92.15069198608398 503.1922302246094 92.15069198608398
502.4527893066406 50.73720169067383 521.5322971343994 50.73720169067383 521.5322971343994 92.51089096069336 502.4527893066406 92.51089096069336
503.04632568359375 50.194332122802734 522.9626197814941 50.194332122802734 522.9626197814941 92.47359085083008 503.04632568359375 92.47359085083008
501.81512451171875 51.25061798095703 519.723310470581 51.25061798095703 519.723310470581 93.18480682373047 501.81512451171875 93.18480682373047
501.970947265625 49.968589782714844 520.0753574371338 49.968589782714844 520.0753574371338 91.60159301757812 501.970947265625 91.60159301757812
501.6392517089844 48.937889099121094 520.4030494689941 48.937889099121094 520.4030494689941 90.86929321289062 501.6392517089844 90.86929321289062
501.6398010253906 49.638519287109375 519.7399444580078 49.638519287109375 519.7399444580078 89.85165405273438 501.6398010253906 89.85165405273438
502.51531982421875 50.55046844482422 521.4845085144043 50.55046844482422 521.4845085144043 91.5923957824707 502.51531982421875 91.5923957824707
501.7816467285156 49.84058380126953 520.0799770355225 49.84058380126953 520.0799770355225 89.92323303222656 501.7816467285156 89.92323303222656
501.79034423828125 50.59079360961914 520.5543098449707 50.59079360961914 520.5543098449707 89.74710845947266 501.79034423828125 89.74710845947266
502.1685485839844 49.797096252441406 520.6593189239502 49.797096252441406 520.6593189239502 88.90837097167969 502.1685485839844 88.90837097167969
501.51348876953125 48.929901123046875 519.3053855895996 48.929901123046875 519.3053855895996 87.48030471801758 501.51348876953125 87.48030471801758
501.40667724609375 50.03620147705078 519.4816493988037 50.03620147705078 519.4816493988037 91.19761657714844 501.40667724609375 91.19761657714844
501.26031494140625 49.84044647216797 519.3883533477783 49.84044647216797 519.3883533477783 89.64243698120117 501.26031494140625 89.64243698120117
500.6980895996094 49.06589889526367 518.5713901519775 49.06589889526367 518.5713901519775 89.59165954589844 500.6980895996094 89.59165954589844
500.24371337890625 48.847084045410156 518.7856101989746 48.847084045410156 518.7856101989746 89.337890625 500.24371337890625 89.337890625
499.6634216308594 48.378990173339844 517.4471378326416 48.378990173339844 517.4471378326416 88.89471054077148 499.6634216308594 88.89471054077148
499.8863220214844 48.980926513671875 518.1168594360352 48.980926513671875 518.1168594360352 89.94032287597656 499.8863220214844 89.94032287597656
499.02056884765625 48.55335235595703 517.3627262115479 48.55335235595703 517.3627262115479 89.587890625 499.02056884765625 89.587890625
499.0826721191406 48.97587203979492 517.2824897766113 48.97587203979492 517.2824897766113 88.37652587890625 499.0826721191406 88.37652587890625
496.6390686035156 47.02680969238281 514.7736873626709 47.02680969238281 514.7736873626709 86.80038070678711 496.6390686035156 86.80038070678711
498.641845703125 48.037113189697266 517.03053855896 48.037113189697266 517.03053855896 89.35342407226562 498.641845703125 89.35342407226562
497.7762145996094 47.47700881958008 516.381139755249 47.47700881958008 516.381139755249 90.48079299926758 497.7762145996094 90.48079299926758
497.73577880859375 47.940818786621094 515.9705715179443 47.940818786621094 515.9705715179443 89.5580940246582 497.73577880859375 89.5580940246582
497.64990234375 47.39393997192383 515.7047386169434 47.39393997192383 515.7047386169434 88.94964218139648 497.64990234375 88.94964218139648
495.9754943847656 47.316856384277344 513.9205703735352 47.316856384277344 513.9205703735352 88.9787483215332 495.9754943847656 88.9787483215332
495.9365234375 45.9581298828125 514.2357387542725 45.9581298828125 514.2357387542725 88.23039627075195 495.9365234375 88.23039627075195
494.942138671875 46.65711212158203 513.1003379821777 46.65711212158203 513.1003379821777 89.21783447265625 494.942138671875 89.21783447265625
494.92138671875 46.85712432861328 512.8364582061768 46.85712432861328 512.8364582061768 88.61234283447266 494.92138671875 88.61234283447266
493.63250732421875 46.353302001953125 512.0253200531006 46.353302001953125 512.0253200531006 90.49166488647461 493.63250732421875 90.49166488647461
493.1817932128906 45.775413513183594 511.2199821472168 45.775413513183594 511.2199821472168 87.76044082641602 493.1817932128906 87.76044082641602
493.1493225097656 45.049156188964844 511.31882095336914 45.049156188964844 511.31882095336914 86.87649536132812 493.1493225097656 86.87649536132812
492.86041259765625 45.35219192504883 511.0942859649658 45.35219192504883 511.0942859649658 87.47620391845703 492.86041259765625 87.47620391845703
492.52874755859375 45.85669708251953 510.3344383239746 45.85669708251953 510.3344383239746 86.59883880615234 492.52874755859375 86.59883880615234
492.0445251464844 46.32481002807617 509.5908031463623 46.32481002807617 509.5908031463623 86.41016006469727 492.0445251464844 86.41016006469727
491.70037841796875 46.53180694580078 509.3580837249756 46.53180694580078 509.3580837249756 87.50213623046875 491.70037841796875 87.50213623046875
490.78387451171875 45.05817413330078 508.6439914703369 45.05817413330078 508.6439914703369 86.32681274414062 490.78387451171875 86.32681274414062
490.25140380859375 44.94458770751953 507.7839050292969 44.94458770751953 507.7839050292969 84.57352447509766 490.25140380859375 84.57352447509766
489.7337951660156 45.1887321472168 507.1678409576416 45.1887321472168 507.1678409576416 86.2009506225586 489.7337951660156 86.2009506225586
485.17193603515625 43.566078186035156 503.9478397369385 43.566078186035156 503.9478397369385 82.1060791015625 485.17193603515625 82.1060791015625
484.62823486328125 43.42067337036133 503.3331604003906 43.42067337036133 503.3331604003906 84.12119674682617 484.62823486328125 84.12119674682617
481.71014404296875 45.439552307128906 502.0325241088867 45.439552307128906 502.0325241088867 86.06742095947266 481.71014404296875 86.06742095947266
480.72418212890625 44.37383270263672 499.97584342956543 44.37383270263672 499.97584342956543 85.50413131713867 480.72418212890625 85.50413131713867
480.306640625 42.9619255065918 499.8761787414551 42.9619255065918 499.8761787414551 84.77593231201172 480.306640625 84.77593231201172
479.80029296875 43.4068603515625 499.12558364868164 43.4068603515625 499.12558364868164 85.11190795898438 479.80029296875 85.11190795898438
479.4134216308594 43.570594787597656 498.4531192779541 43.570594787597656 498.4531192779541 85.41087341308594 479.4134216308594 85.41087341308594
478.4356384277344 43.053977966308594 497.7158317565918 43.053977966308594 497.7158317565918 84.84609985351562 478.4356384277344 84.84609985351562
477.5376892089844 41.9666633605957 497.50339698791504 41.9666633605957 497.50339698791504 85.31760787963867 477.5376892089844 85.31760787963867
477.7828674316406 42.948089599609375 497.4684314727783 42.948089599609375 497.4684314727783 85.84050750732422 477.7828674316406 85.84050750732422
476.9064025878906 43.42134475708008 496.71588706970215 43.42134475708008 496.71588706970215 84.10733795166016 476.9064025878906 84.10733795166016
