64.0 63.0 82.0 63.0 82.0 113.0 64.0 113.0
68.29718780517578 63.129150390625 86.78376960754395 63.129150390625 86.78376960754395 109.68345260620117 68.29718780517578 109.68345260620117
72.1090087890625 64.3416976928711 88.97341918945312 64.3416976928711 88.97341918945312 108.40043640136719 72.1090087890625 108.40043640136719
73.70237731933594 64.00542449951172 91.15932655334473 64.00542449951172 91.15932655334473 110.28157043457031 73.70237731933594 110.28157043457031
76.55029296875 62.92805099487305 94.06606674194336 62.92805099487305 94.06606674194336 109.11661911010742 76.55029296875 109.11661911010742
80.26961517333984 61.79536819458008 96.78196907043457 61.79536819458008 96.78196907043457 106.15242385864258 80.26961517333984 106.15242385864258
83.22492980957031 60.29749298095703 100.27285194396973 60.29749298095703 100.27285194396973 108.03617858886719 83.22492980957031 108.03617858886719
86.54119873046875 61.637176513671875 102.97607421875 61.637176513671875 102.97607421875 105.49295043945312 86.54119873046875 105.49295043945312
89.1646728515625 62.30257034301758 106.31247520446777 62.30257034301758 106.31247520446777 106.70744323730469 89.1646728515625 106.70744323730469
94.0205307006836 61.42377471923828 111.13529205322266 61.42377471923828 111.13529205322266 106.0460205078125 94.0205307006836 106.0460205078125
98.40898895263672 60.51835250854492 114.71453475952148 60.51835250854492 114.71453475952148 104.77946090698242 98.40898895263672 104.77946090698242
101.05125427246094 59.988929748535156 118.19486999511719 59.988929748535156 118.19486999511719 104.94200897216797 101.05125427246094 104.94200897216797
103.98826599121094 60.2960090637207 121.10649490356445 60.2960090637207 121.10649490356445 102.68593215942383 103.98826599121094 102.68593215942383
107.01985931396484 60.106727600097656 124.0081901550293 60.106727600097656 124.0081901550293 105.28114700317383 107.01985931396484 105.28114700317383
109.53742980957031 59.306976318359375 125.84155654907227 59.306976318359375 125.84155654907227 103.20296096801758 109.53742980957031 103.20296096801758
112.26469421386719 59.44706344604492 128.79919052124023 59.44706344604492 128.79919052124023 105.68941879272461 112.26469421386719 105.68941879272461
115.30616760253906 57.99492645263672 131.59902572631836 57.99492645263672 131.59902572631836 105.24673461914062 115.30616760253906 105.24673461914062
118.7519302368164 55.724754333496094 135.14089584350586 55.724754333496094 135.14089584350586 106.09320831298828 118.7519302368164 106.09320831298828
121.71650695800781 56.631195068359375 136.27114868164062 56.631195068359375 136.27114868164062 108.50397491455078 121.71650695800781 108.50397491455078
121.65425109863281 58.13939666748047 139.8422508239746 58.13939666748047 139.8422508239746 108.6616096496582 121.65425109863281 108.6616096496582
130.972900390625 55.09025955200195 149.21837997436523 55.09025955200195 149.21837997436523 105.77213668823242 130.972900390625 105.77213668823242
134.11959838867188 57.026161193847656 150.10078620910645 57.026161193847656 150.10078620910645 106.3778076171875 134.11959838867188 106.3778076171875
135.11509704589844 55.284461975097656 152.2106761932373 55.284461975097656 152.2106761932373 107.193359375 135.11509704589844 107.193359375
139.12649536132812 55.79364013671875 156.39791297912598 55.79364013671875 156.39791297912598 108.54904174804688 139.12649536132812 108.54904174804688
143.72970581054688 56.72301483154297 160.29405784606934 56.72301483154297 160.29405784606934 106.59634780883789 143.72970581054688 106.59634780883789
146.5350341796875 58.956398010253906 162.58843803405762 58.956398010253906 162.58843803405762 107.71207809448242 146.5350341796875 107.71207809448242
150.63287353515625 55.3810920715332 166.88333129882812 55.3810920715332 166.88333129882812 104.91449737548828 150.63287353515625 104.91449737548828
154.91473388671875 55.79307174682617 173.18290901184082 55.79307174682617 173.18290901184082 104.21281433105469 154.91473388671875 104.21281433105469
157.06564331054688 56.21520233154297 175.20167922973633 56.21520233154297 175.20167922973633 105.15689849853516 157.06564331054688 105.15689849853516
159.78469848632812 56.67633056640625 177.915922164917 56.67633056640625 177.915922164917 103.4954605102539 159.78469848632812 103.4954605102539
162.40243530273438 55.6666374206543 179.57028579711914 55.6666374206543 179.57028579711914 102.01712417602539 162.40243530273438 102.01712417602539
166.2616729736328 58.431663513183594 183.4139804840088 58.431663513183594 183.4139804840088 104.35174560546875 166.2616729736328 104.35174560546875
171.89120483398438 57.25774002075195 188.5633888244629 57.25774002075195 188.5633888244629 103.66170120239258 171.89120483398438 103.66170120239258
175.3347625732422 56.08530807495117 192.7372169494629 56.08530807495117 192.7372169494629 103.70188522338867 175.3347625732422 103.70188522338867
177.32247924804688 55.937713623046875 196.0103988647461 55.937713623046875 196.0103988647461 105.36924362182617 177.32247924804688 105.36924362182617
181.1746368408203 56.76140213012695 197.87632369995117 56.76140213012695 197.87632369995117 104.47665405273438 181.1746368408203 104.47665405273438
186.22439575195312 58.1863899230957 201.49899864196777 58.1863899230957 201.49899864196777 104.92312622070312 186.22439575195312 104.92312622070312
189.31300354003906 55.82820510864258 205.32672500610352 55.82820510864258 205.32672500610352 101.7410659790039 189.31300354003906 101.7410659790039
190.9560546875 55.610557556152344 207.35966682434082 55.610557556152344 207.35966682434082 103.61063003540039 190.9560546875 103.61063003540039
194.57838439941406 52.71599197387695 210.3120241165161 52.71599197387695 210.3120241165161 104.16941452026367 194.57838439941406 104.16941452026367
196.3202667236328 55.52912139892578 213.40353393554688 55.52912139892578 213.40353393554688 107.41871643066406 196.3202667236328 107.41871643066406
198.92617797851562 53.051422119140625 215.8056755065918 53.051422119140625 215.8056755065918 105.0972900390625 198.92617797851562 105.0972900390625
198.2560577392578 58.24951171875 217.03108596801758 58.24951171875 217.03108596801758 110.40237426757812 198.2560577392578 110.40237426757812
205.08682250976562 54.316856384277344 224.22826194763184 54.316856384277344 224.22826194763184 107.48753356933594 205.08682250976562 107.48753356933594
213.1037139892578 53.824867248535156 230.30738067626953 53.824867248535156 230.30738067626953 103.61125183105469 213.1037139892578 103.61125183105469
215.1956329345703 51.77155685424805 233.02776908874512 51.77155685424805 233.02776908874512 102.0263786315918 215.1956329345703 102.0263786315918
219.25234985351562 50.151100158691406 236.2116355895996 50.151100158691406 236.2116355895996 98.17533874511719 219.25234985351562 98.17533874511719
222.1114501953125 55.2050666809082 239.15328407287598 55.2050666809082 239.15328407287598 104.25543594360352 222.1114501953125 104.25543594360352
226.8061981201172 51.543251037597656 242.96969413757324 51.543251037597656 242.96969413757324 102.66394805908203 226.8061981201172 102.66394805908203
231.4887237548828 50.75181198120117 248.74847984313965 50.75181198120117 248.74847984313965 101.02304458618164 231.4887237548828 101.02304458618164
233.48843383789062 50.42327880859375 250.28734397888184 50.42327880859375 250.28734397888184 100.00113677978516 233.48843383789062 100.00113677978516
236.7862548828125 52.044952392578125 252.37763690948486 52.044952392578125 252.37763690948486 99.94967651367188 236.7862548828125 99.94967651367188
240.064208984375 50.46024703979492 258.62160873413086 50.46024703979492 258.62160873413086 102.00857925415039 240.064208984375 102.00857925415039
245.763427734375 53.2097282409668 263.20730209350586 53.2097282409668 263.20730209350586 102.21249389648438 245.763427734375 102.21249389648438
250.9667510986328 47.68039321899414 269.62279891967773 47.68039321899414 269.62279891967773 99.43797302246094 250.9667510986328 99.43797302246094
252.0872802734375 47.94175720214844 269.64077377319336 47.94175720214844 269.64077377319336 99.69823837280273 252.0872802734375 99.69823837280273
261.23046875 49.53742980957031 278.20037269592285 49.53742980957031 278.20037269592285 104.80834197998047 261.23046875 104.80834197998047
261.9300842285156 51.51873016357422 278.4634552001953 51.51873016357422 278.4634552001953 106.92631530761719 261.9300842285156 106.92631530761719
268.09967041015625 44.89214324951172 284.2975215911865 44.89214324951172 284.2975215911865 96.69941329956055 268.09967041015625 96.69941329956055
270.32098388671875 46.09918975830078 287.7716236114502 46.09918975830078 287.7716236114502 98.99629592895508 270.32098388671875 98.99629592895508
273.83380126953125 46.79730987548828 290.6055145263672 46.79730987548828 290.6055145263672 99.35591125488281 273.83380126953125 99.35591125488281
279.0597229003906 47.46748733520508 294.7157382965088 47.46748733520508 294.7157382965088 95.59782028198242 279.0597229003906 95.59782028198242
281.106201171875 49.31499099731445 298.36896896362305 49.31499099731445 298.36896896362305 94.55196380615234 281.106201171875 94.55196380615234
285.00482177734375 51.4314079284668 302.641056060791 51.4314079284668 302.641056060791 98.24169921875 285.00482177734375 98.24169921875
287.89923095703125 47.397911071777344 306.3688488006592 47.397911071777344 306.3688488006592 95.32019424438477 287.89923095703125 95.32019424438477
291.3907165527344 48.838340759277344 309.62182426452637 48.838340759277344 309.62182426452637 98.07564926147461 291.3907165527344 98.07564926147461
294.5310363769531 48.784271240234375 313.076602935791 48.784271240234375 313.076602935791 98.28952026367188 294.5310363769531 98.28952026367188
297.686279296875 43.89228820800781 316.13179206848145 43.89228820800781 316.13179206848145 95.12982940673828 297.686279296875 95.12982940673828
288.771484375 42.948890686035156 306.76372146606445 42.948890686035156 306.76372146606445 92.92733383178711 288.771484375 92.92733383178711
297.5647277832031 44.47265625 315.5458984375 44.47265625 315.5458984375 94.42035675048828 297.5647277832031 94.42035675048828
310.62835693359375 38.66960906982422 325.95654106140137 38.66960906982422 325.95654106140137 85.859130859375 310.62835693359375 85.859130859375
312.8880310058594 43.88638687133789 328.50773334503174 43.88638687133789 328.50773334503174 92.11349105834961 312.8880310058594 92.11349105834961
318.4132995605469 47.762542724609375 334.67698669433594 47.762542724609375 334.67698669433594 94.70854949951172 318.4132995605469 94.70854949951172
320.0683288574219 48.71300506591797 336.8167610168457 48.71300506591797 336.8167610168457 96.56724166870117 320.0683288574219 96.56724166870117
324.0042419433594 48.644081115722656 339.67937755584717 48.644081115722656 339.67937755584717 95.10956573486328 324.0042419433594 95.10956573486328
325.76995849609375 51.20208740234375 342.04625511169434 51.20208740234375 342.04625511169434 96.6131362915039 325.76995849609375 96.6131362915039
329.6634521484375 50.41457748413086 345.68681716918945 50.41457748413086 345.68681716918945 95.19548034667969 329.6634521484375 95.19548034667969
332.289306640625 52.099578857421875 349.2588062286377 52.099578857421875 349.2588062286377 97.72737884521484 332.289306640625 97.72737884521484
335.7270812988281 50.02382278442383 352.2723903656006 50.02382278442383 352.2723903656006 96.99496078491211 335.7270812988281 96.99496078491211
339.0149841308594 48.8379020690918 354.6028652191162 48.8379020690918 354.6028652191162 96.08943176269531 339.0149841308594 96.08943176269531
341.1446838378906 49.4229621887207 357.879150390625 49.4229621887207 357.879150390625 97.62039184570312 341.1446838378906 97.62039184570312
344.38348388671875 47.96255874633789 360.80905532836914 47.96255874633789 360.80905532836914 94.66813278198242 344.38348388671875 94.66813278198242
346.89959716796875 51.04058837890625 363.23717880249023 51.04058837890625 363.23717880249023 99.44283676147461 346.89959716796875 99.44283676147461
351.4147033691406 48.49782180786133 367.64557456970215 48.49782180786133 367.64557456970215 97.03389739990234 351.4147033691406 97.03389739990234
354.3040466308594 47.864280700683594 370.0847120285034 47.864280700683594 370.0847120285034 99.66785049438477 354.3040466308594 99.66785049438477
357.888671875 47.258758544921875 372.7292423248291 47.258758544921875 372.7292423248291 96.73841094970703 357.888671875 96.73841094970703
362.1163635253906 47.08986282348633 378.11344623565674 47.08986282348633 378.11344623565674 94.81649398803711 362.1163635253906 94.81649398803711
364.20745849609375 49.8073844909668 381.7933979034424 49.8073844909668 381.7933979034424 99.6130599975586 364.20745849609375 99.6130599975586
366.89306640625 47.00120544433594 383.79604721069336 47.00120544433594 383.79604721069336 95.5506706237793 366.89306640625 95.5506706237793
369.7974548339844 49.444129943847656 387.4822807312012 49.444129943847656 387.4822807312012 98.40266799926758 369.7974548339844 98.40266799926758
374.047607421875 50.297264099121094 391.7867069244385 50.297264099121094 391.7867069244385 99.98101806640625 374.047607421875 99.98101806640625
378.15399169921875 46.19868850708008 395.1503028869629 46.19868850708008 395.1503028869629 95.2071533203125 378.15399169921875 95.2071533203125
380.66046142578125 46.480674743652344 398.3391227722168 46.480674743652344 398.3391227722168 97.47480392456055 380.66046142578125 97.47480392456055
384.49200439453125 49.568050384521484 402.0914554595947 49.568050384521484 402.0914554595947 97.13233947753906 384.49200439453125 97.13233947753906
388.1671447753906 46.40408706665039 405.09844970703125 46.40408706665039 405.09844970703125 96.05426788330078 388.1671447753906 96.05426788330078
391.610595703125 46.75706100463867 407.8899955749512 46.75706100463867 407.8899955749512 93.5938606262207 391.610595703125 93.5938606262207
393.4630432128906 46.70579147338867 410.4192199707031 46.70579147338867 410.4192199707031 95.69158554077148 393.4630432128906 95.69158554077148
395.428955078125 44.431983947753906 411.5936679840088 44.431983947753906 411.5936679840088 94.5862808227539 395.428955078125 94.5862808227539
399.83880615234375 45.46070098876953 415.5957918167114 45.46070098876953 415.5957918167114 96.97764587402344 399.83880615234375 96.97764587402344
404.4637145996094 44.463623046875 419.9551029205322 44.463623046875 419.9551029205322 96.73737716674805 404.4637145996094 96.73737716674805
407.6856994628906 41.36095428466797 422.625732421875 41.36095428466797 422.625732421875 96.30619812011719 407.6856994628906 96.30619812011719
409.79254150390625 39.957496643066406 424.4107084274292 39.957496643066406 424.4107084274292 94.24799346923828 409.79254150390625 94.24799346923828
411.0828552246094 41.02594757080078 426.6852750778198 41.02594757080078 426.6852750778198 94.73986434936523 411.0828552246094 94.73986434936523
411.3888244628906 41.70083999633789 428.9948272705078 41.70083999633789 428.9948272705078 90.60639572143555 411.3888244628906 90.60639572143555
420.2083435058594 54.331626892089844 437.9614658355713 54.331626892089844 437.9614658355713 103.64584732055664 420.2083435058594 103.64584732055664
421.332763671875 43.50432586669922 439.07223892211914 43.50432586669922 439.07223892211914 96.2056884765625 421.332763671875 96.2056884765625
423.65509033203125 43.33553695678711 440.6070976257324 43.33553695678711 440.6070976257324 94.35866928100586 423.65509033203125 94.35866928100586
426.15570068359375 44.707298278808594 443.5571231842041 44.707298278808594 443.5571231842041 93.63642120361328 426.15570068359375 93.63642120361328
429.17315673828125 45.56344985961914 446.06181716918945 45.56344985961914 446.06181716918945 93.00480270385742 429.17315673828125 93.00480270385742
431.4376525878906 43.70247268676758 448.40552139282227 43.70247268676758 448.40552139282227 92.11467361450195 431.4376525878906 92.11467361450195
433.7158203125 45.95777893066406 451.9984645843506 45.95777893066406 451.9984645843506 96.2875747680664 433.7158203125 96.2875747680664
437.5166931152344 45.43126678466797 455.1089897155762 45.43126678466797 455.1089897155762 92.03274536132812 437.5166931152344 92.03274536132812
439.6063537597656 45.39133834838867 456.4900932312012 45.39133834838867 456.4900932312012 95.13902282714844 439.6063537597656 95.13902282714844
442.61962890625 45.7549934387207 459.94267654418945 45.7549934387207 459.94267654418945 95.87252807617188 442.61962890625 95.87252807617188
445.2530212402344 44.84825897216797 463.0078926086426 44.84825897216797 463.0078926086426 97.41049194335938 445.2530212402344 97.41049194335938
447.7920837402344 44.138282775878906 465.5996036529541 44.138282775878906 465.5996036529541 93.42960739135742 447.7920837402344 93.42960739135742
450.06793212890625 44.78316116333008 468.2453155517578 44.78316116333008 468.2453155517578 95.73379135131836 450.06793212890625 95.73379135131836
455.5380859375 43.535057067871094 471.9271183013916 43.535057067871094 471.9271183013916 90.6418685913086 455.5380859375 90.6418685913086
459.03912353515625 42.393760681152344 475.9933662414551 42.393760681152344 475.9933662414551 93.77263641357422 459.03912353515625 93.77263641357422
461.0591735839844 42.73535919189453 478.7882442474365 42.73535919189453 478.7882442474365 95.97094345092773 461.0591735839844 95.97094345092773
463.48492431640625 42.724082946777344 481.52393531799316 42.724082946777344 481.52393531799316 93.56199264526367 463.48492431640625 93.56199264526367
467.65423583984375 43.053367614746094 485.70420265197754 43.053367614746094 485.70420265197754 91.83447647094727 467.65423583984375 91.83447647094727
471.59918212890625 41.60310745239258 489.1273612976074 41.60310745239258 489.1273612976074 89.08836364746094 471.59918212890625 89.08836364746094
473.5660705566406 41.101043701171875 492.32668685913086 41.101043701171875 492.32668685913086 94.73180389404297 473.5660705566406 94.73180389404297
478.13360595703125 38.96349334716797 495.1578254699707 38.96349334716797 495.1578254699707 86.22169494628906 478.13360595703125 86.22169494628906
479.01922607421875 43.138771057128906 497.1794834136963 43.138771057128906 497.1794834136963 96.55368041992188 479.01922607421875 96.55368041992188
483.435791015625 40.64448547363281 501.9431037902832 40.64448547363281 501.9431037902832 95.34065246582031 483.435791015625 95.34065246582031
