466.0 306.0 608.0 306.0 608.0 366.0 466.0 366.0
468.2042541503906 306.1428527832031 609.4358520507812 306.1428527832031 609.4358520507812 365.78422927856445 468.2042541503906 365.78422927856445
469.2032775878906 306.02484130859375 611.2079467773438 306.02484130859375 611.2079467773438 365.864990234375 469.2032775878906 365.864990234375
470.62664794921875 305.85064697265625 613.7595367431641 305.85064697265625 613.7595367431641 365.7429428100586 470.62664794921875 365.7429428100586
474.23419189453125 306.314697265625 615.5935363769531 306.314697265625 615.5935363769531 365.06611251831055 474.23419189453125 365.06611251831055
476.3246154785156 305.77008056640625 616.6174774169922 305.77008056640625 616.6174774169922 365.09166717529297 476.3246154785156 365.09166717529297
479.44415283203125 305.58026123046875 617.7652435302734 305.58026123046875 617.7652435302734 364.9583625793457 479.44415283203125 364.9583625793457
480.63433837890625 305.7112121582031 620.1904144287109 305.7112121582031 620.1904144287109 365.0607681274414 480.63433837890625 365.0607681274414
482.765380859375 306.159912109375 620.8542938232422 306.159912109375 620.8542938232422 364.5165214538574 482.765380859375 364.5165214538574
487.5301818847656 306.259521484375 622.0687561035156 306.259521484375 622.0687561035156 363.66741943359375 487.5301818847656 363.66741943359375
485.6419372558594 305.69586181640625 623.4758605957031 305.69586181640625 623.4758605957031 363.94231033325195 485.6419372558594 363.94231033325195
489.626953125 305.57574462890625 624.3277130126953 305.57574462890625 624.3277130126953 363.46414947509766 489.626953125 363.46414947509766
491.35638427734375 305.46160888671875 626.2208404541016 305.46160888671875 626.2208404541016 364.01359939575195 491.35638427734375 364.01359939575195
491.9175720214844 305.3890686035156 627.1587066650391 305.3890686035156 627.1587066650391 363.6105270385742 491.9175720214844 363.6105270385742
493.3580627441406 305.5661315917969 627.2790222167969 305.5661315917969 627.2790222167969 363.4030075073242 493.3580627441406 363.4030075073242
492.74517822265625 305.1182861328125 629.3386535644531 305.1182861328125 629.3386535644531 363.63616943359375 492.74517822265625 363.63616943359375
496.821044921875 305.09906005859375 628.9739074707031 305.09906005859375 628.9739074707031 363.89392852783203 496.821044921875 363.89392852783203
498.51385498046875 305.31976318359375 628.1320495605469 305.31976318359375 628.1320495605469 363.13068771362305 498.51385498046875 363.13068771362305
503.144775390625 305.74859619140625 629.0865936279297 305.74859619140625 629.0865936279297 362.7664108276367 503.144775390625 362.7664108276367
500.0362854003906 305.35723876953125 630.5951690673828 305.35723876953125 630.5951690673828 363.4353141784668 500.0362854003906 363.4353141784668
500.4698181152344 305.17596435546875 630.9574432373047 305.17596435546875 630.9574432373047 362.9582405090332 500.4698181152344 362.9582405090332
502.19183349609375 305.51025390625 630.5198822021484 305.51025390625 630.5198822021484 362.89147186279297 502.19183349609375 362.89147186279297
503.6182556152344 305.09197998046875 629.3662261962891 305.09197998046875 629.3662261962891 362.9277648925781 503.6182556152344 362.9277648925781
502.01995849609375 305.38446044921875 632.1575775146484 305.38446044921875 632.1575775146484 363.1366500854492 502.01995849609375 363.1366500854492
503.0079040527344 305.8471374511719 632.2588348388672 305.8471374511719 632.2588348388672 362.8485107421875 503.0079040527344 362.8485107421875
501.9461364746094 305.5143127441406 630.0924987792969 305.5143127441406 630.0924987792969 362.5623092651367 501.9461364746094 362.5623092651367
502.06134033203125 305.63885498046875 631.5202331542969 305.63885498046875 631.5202331542969 363.5211372375488 502.06134033203125 363.5211372375488
502.13897705078125 305.4342956542969 630.2630920410156 305.4342956542969 630.2630920410156 362.8241386413574 502.13897705078125 362.8241386413574
502.2626953125 305.48748779296875 631.3662719726562 305.48748779296875 631.3662719726562 363.30500411987305 502.2626953125 363.30500411987305
502.1527404785156 305.88946533203125 631.8018493652344 305.88946533203125 631.8018493652344 363.3499870300293 502.1527404785156 363.3499870300293
501.26824951171875 305.7470397949219 630.9762268066406 305.7470397949219 630.9762268066406 362.9767951965332 501.26824951171875 362.9767951965332
502.05657958984375 306.08575439453125 631.4824676513672 306.08575439453125 631.4824676513672 362.9482536315918 502.05657958984375 362.9482536315918
502.30328369140625 305.513916015625 630.2624130249023 305.513916015625 630.2624130249023 362.9016647338867 502.30328369140625 362.9016647338867
502.1622009277344 305.7425231933594 631.4182739257812 305.7425231933594 631.4182739257812 362.8996162414551 502.1622009277344 362.8996162414551
503.20556640625 306.08831787109375 631.0977554321289 306.08831787109375 631.0977554321289 362.8238334655762 503.20556640625 362.8238334655762
502.7264709472656 305.912841796875 630.5483093261719 305.912841796875 630.5483093261719 362.77104568481445 502.7264709472656 362.77104568481445
502.7855529785156 305.8363037109375 631.8970947265625 305.8363037109375 631.8970947265625 363.1098327636719 502.7855529785156 363.1098327636719
501.6463928222656 305.9229431152344 631.8880004882812 305.9229431152344 631.8880004882812 363.08077239990234 501.6463928222656 363.08077239990234
503.99273681640625 305.78790283203125 630.9843521118164 305.78790283203125 630.9843521118164 362.8805618286133 503.99273681640625 362.8805618286133
501.79296875 305.83526611328125 631.0625152587891 305.83526611328125 631.0625152587891 362.8681945800781 501.79296875 362.8681945800781
501.96697998046875 305.8064270019531 631.8467254638672 305.8064270019531 631.8467254638672 363.5501403808594 501.96697998046875 363.5501403808594
501.51318359375 305.49761962890625 631.6739959716797 305.49761962890625 631.6739959716797 363.06990814208984 501.51318359375 363.06990814208984
501.41180419921875 305.94073486328125 631.5666351318359 305.94073486328125 631.5666351318359 363.16437911987305 501.41180419921875 363.16437911987305
502.4795837402344 305.72589111328125 631.2254180908203 305.72589111328125 631.2254180908203 362.89887619018555 502.4795837402344 362.89887619018555
503.441650390625 305.9841003417969 630.2581558227539 305.9841003417969 630.2581558227539 362.4623489379883 503.441650390625 362.4623489379883
502.3233337402344 305.78875732421875 632.0343933105469 305.78875732421875 632.0343933105469 363.2891616821289 502.3233337402344 363.2891616821289
501.3545837402344 305.8109130859375 632.1845703125 305.8109130859375 632.1845703125 363.1457710266113 501.3545837402344 363.1457710266113
502.0504455566406 305.85101318359375 632.7936096191406 305.85101318359375 632.7936096191406 362.8216743469238 502.0504455566406 362.8216743469238
503.35772705078125 306.43988037109375 631.2604522705078 306.43988037109375 631.2604522705078 362.6759147644043 503.35772705078125 362.6759147644043
504.7261657714844 306.22723388671875 629.7202835083008 306.22723388671875 629.7202835083008 362.6296195983887 504.7261657714844 362.6296195983887
503.3291931152344 306.114990234375 631.2898864746094 306.114990234375 631.2898864746094 362.85737228393555 503.3291931152344 362.85737228393555
502.4513244628906 306.0909423828125 631.5372924804688 306.0909423828125 631.5372924804688 362.9203414916992 502.4513244628906 362.9203414916992
501.06201171875 306.09722900390625 631.7305755615234 306.09722900390625 631.7305755615234 363.5181465148926 501.06201171875 363.5181465148926
500.50909423828125 305.5924987792969 631.1809234619141 305.5924987792969 631.1809234619141 363.7966117858887 500.50909423828125 363.7966117858887
503.98175048828125 306.0401916503906 630.4600067138672 306.0401916503906 630.4600067138672 362.93317794799805 503.98175048828125 362.93317794799805
502.0196838378906 306.32464599609375 631.0078125 306.32464599609375 631.0078125 363.2587471008301 502.0196838378906 363.2587471008301
501.4488220214844 306.51629638671875 630.394775390625 306.51629638671875 630.394775390625 362.826904296875 501.4488220214844 362.826904296875
500.9273986816406 306.193115234375 629.8756256103516 306.193115234375 629.8756256103516 363.3826713562012 500.9273986816406 363.3826713562012
501.0294494628906 306.15228271484375 629.952880859375 306.15228271484375 629.952880859375 363.5470771789551 501.0294494628906 363.5470771789551
502.16131591796875 305.9310607910156 630.1921234130859 305.9310607910156 630.1921234130859 363.52850341796875 502.16131591796875 363.52850341796875
500.289794921875 305.52197265625 630.9391021728516 305.52197265625 630.9391021728516 363.7039375305176 500.289794921875 363.7039375305176
501.69659423828125 306.0727844238281 629.3472900390625 306.0727844238281 629.3472900390625 363.1517562866211 501.69659423828125 363.1517562866211
499.81488037109375 305.8216857910156 630.6006164550781 305.8216857910156 630.6006164550781 363.5798759460449 499.81488037109375 363.5798759460449
500.91290283203125 306.1376647949219 630.088623046875 306.1376647949219 630.088623046875 363.74764251708984 500.91290283203125 363.74764251708984
498.72967529296875 306.81719970703125 630.7460021972656 306.81719970703125 630.7460021972656 363.4799270629883 498.72967529296875 363.4799270629883
498.75299072265625 306.00823974609375 630.0975646972656 306.00823974609375 630.0975646972656 363.608154296875 498.75299072265625 363.608154296875
497.59613037109375 305.5093688964844 630.7818450927734 305.5093688964844 630.7818450927734 363.9075241088867 497.59613037109375 363.9075241088867
497.0467224121094 306.18853759765625 630.3725891113281 306.18853759765625 630.3725891113281 364.00677490234375 497.0467224121094 364.00677490234375
497.5392150878906 306.40625 628.6729736328125 306.40625 628.6729736328125 363.70366287231445 497.5392150878906 363.70366287231445
499.1752014160156 306.17169189453125 629.0444030761719 306.17169189453125 629.0444030761719 363.73699951171875 499.1752014160156 363.73699951171875
497.5581970214844 306.3273620605469 629.1643371582031 306.3273620605469 629.1643371582031 363.8023567199707 497.5581970214844 363.8023567199707
494.8585510253906 305.51422119140625 629.1035614013672 305.51422119140625 629.1035614013672 363.7972946166992 494.8585510253906 363.7972946166992
495.74755859375 305.99188232421875 628.3870391845703 305.99188232421875 628.3870391845703 363.61571502685547 495.74755859375 363.61571502685547
493.6065979003906 305.51507568359375 628.3905029296875 305.51507568359375 628.3905029296875 364.0463752746582 493.6065979003906 364.0463752746582
492.83612060546875 305.48095703125 628.4884643554688 305.48095703125 628.4884643554688 364.2874565124512 492.83612060546875 364.2874565124512
492.296875 305.7244567871094 626.4794769287109 305.7244567871094 626.4794769287109 363.7317924499512 492.296875 363.7317924499512
490.62615966796875 305.56866455078125 627.9548950195312 305.56866455078125 627.9548950195312 364.30574798583984 490.62615966796875 364.30574798583984
490.91546630859375 305.3941955566406 627.3163604736328 305.3941955566406 627.3163604736328 364.37541580200195 490.91546630859375 364.37541580200195
489.85198974609375 305.7735900878906 626.6584167480469 305.7735900878906 626.6584167480469 364.1026802062988 489.85198974609375 364.1026802062988
489.9881896972656 305.1708984375 626.3197174072266 305.1708984375 626.3197174072266 364.32567596435547 489.9881896972656 364.32567596435547
489.3229064941406 305.35955810546875 626.3945617675781 305.35955810546875 626.3945617675781 363.6736068725586 489.3229064941406 363.6736068725586
487.99884033203125 305.00091552734375 625.5677337646484 305.00091552734375 625.5677337646484 363.9358100891113 487.99884033203125 363.9358100891113
487.06121826171875 305.5050048828125 625.0697326660156 305.5050048828125 625.0697326660156 364.2840805053711 487.06121826171875 364.2840805053711
485.7242736816406 305.3446350097656 625.6539306640625 305.3446350097656 625.6539306640625 363.96917724609375 485.7242736816406 363.96917724609375
486.4420471191406 305.8589782714844 625.7100219726562 305.8589782714844 625.7100219726562 363.75975799560547 486.4420471191406 363.75975799560547
482.67547607421875 305.3060607910156 624.8692932128906 305.3060607910156 624.8692932128906 364.4834671020508 482.67547607421875 364.4834671020508
482.2296447753906 304.65399169921875 625.6315307617188 304.65399169921875 625.6315307617188 364.8651237487793 482.2296447753906 364.8651237487793
482.7752380371094 304.9223937988281 624.2357482910156 304.9223937988281 624.2357482910156 364.8999710083008 482.7752380371094 364.8999710083008
480.92010498046875 304.72015380859375 623.4277191162109 304.72015380859375 623.4277191162109 364.5954284667969 480.92010498046875 364.5954284667969
480.0721130371094 305.0374755859375 623.6260528564453 305.0374755859375 623.6260528564453 364.9297065734863 480.0721130371094 364.9297065734863
478.3423767089844 304.951171875 622.6937255859375 304.951171875 622.6937255859375 364.8436698913574 478.3423767089844 364.8436698913574
478.13128662109375 305.33282470703125 622.5956268310547 305.33282470703125 622.5956268310547 364.99432373046875 478.13128662109375 364.99432373046875
478.06964111328125 304.8800354003906 623.0473327636719 304.8800354003906 623.0473327636719 365.32991790771484 478.06964111328125 365.32991790771484
476.007080078125 304.70050048828125 621.6397705078125 304.70050048828125 621.6397705078125 365.2251777648926 476.007080078125 365.2251777648926
476.2832946777344 305.52777099609375 619.796142578125 305.52777099609375 619.796142578125 364.69327545166016 476.2832946777344 364.69327545166016
475.4515686035156 305.3789978027344 620.4618835449219 305.3789978027344 620.4618835449219 364.67789459228516 475.4515686035156 364.67789459228516
474.38409423828125 305.17584228515625 620.1904296875 305.17584228515625 620.1904296875 365.21809005737305 474.38409423828125 365.21809005737305
473.0791931152344 305.57403564453125 618.9837493896484 305.57403564453125 618.9837493896484 364.7162551879883 473.0791931152344 364.7162551879883
473.08795166015625 305.341552734375 617.9099731445312 305.341552734375 617.9099731445312 365.37177658081055 473.08795166015625 365.37177658081055
470.87548828125 305.281005859375 617.4557342529297 305.281005859375 617.4557342529297 365.3065376281738 470.87548828125 365.3065376281738
471.4385681152344 305.44500732421875 616.4899291992188 305.44500732421875 616.4899291992188 364.77867889404297 471.4385681152344 364.77867889404297
469.4903259277344 305.6330261230469 616.2192993164062 305.6330261230469 616.2192993164062 365.0781936645508 469.4903259277344 365.0781936645508
467.6842346191406 305.010986328125 615.2224426269531 305.010986328125 615.2224426269531 365.3902816772461 467.6842346191406 365.3902816772461
467.1282653808594 304.841796875 615.5415496826172 304.841796875 615.5415496826172 365.27702713012695 467.1282653808594 365.27702713012695
467.3133239746094 305.2982482910156 612.5867919921875 305.2982482910156 612.5867919921875 364.2963638305664 467.3133239746094 364.2963638305664
466.4900817871094 305.62213134765625 612.8036804199219 305.62213134765625 612.8036804199219 365.0893325805664 466.4900817871094 365.0893325805664
464.1670837402344 304.94390869140625 611.9657135009766 304.94390869140625 611.9657135009766 365.02571868896484 464.1670837402344 365.02571868896484
464.00555419921875 305.68365478515625 610.5849761962891 305.68365478515625 610.5849761962891 364.1680603027344 464.00555419921875 364.1680603027344
462.59991455078125 305.217529296875 610.5806121826172 305.217529296875 610.5806121826172 364.79625701904297 462.59991455078125 364.79625701904297
462.0980529785156 305.04150390625 609.3666839599609 305.04150390625 609.3666839599609 364.9193000793457 462.0980529785156 364.9193000793457
460.36602783203125 305.54669189453125 608.9646759033203 305.54669189453125 608.9646759033203 364.41814041137695 460.36602783203125 364.41814041137695
459.896484375 305.22344970703125 608.6716613769531 305.22344970703125 608.6716613769531 364.89049530029297 459.896484375 364.89049530029297
457.7294921875 305.46331787109375 606.3692016601562 305.46331787109375 606.3692016601562 364.33349609375 457.7294921875 364.33349609375
458.39447021484375 305.64007568359375 607.0030059814453 305.64007568359375 607.0030059814453 364.0325622558594 458.39447021484375 364.0325622558594
456.454833984375 305.2668151855469 605.273681640625 305.2668151855469 605.273681640625 364.3115921020508 456.454833984375 364.3115921020508
454.98797607421875 305.05987548828125 603.8866424560547 305.05987548828125 603.8866424560547 364.3450736999512 454.98797607421875 364.3450736999512
454.08837890625 305.36871337890625 604.469482421875 305.36871337890625 604.469482421875 364.19542694091797 454.08837890625 364.19542694091797
452.15191650390625 305.07720947265625 604.0206451416016 305.07720947265625 604.0206451416016 364.2636604309082 452.15191650390625 364.2636604309082
451.80987548828125 305.2249755859375 602.5025024414062 305.2249755859375 602.5025024414062 364.66333770751953 451.80987548828125 364.66333770751953
451.0799865722656 304.9657897949219 603.5129547119141 304.9657897949219 603.5129547119141 364.5267524719238 451.0799865722656 364.5267524719238
448.57598876953125 305.02459716796875 601.7670593261719 305.02459716796875 601.7670593261719 364.4596252441406 448.57598876953125 364.4596252441406
448.93865966796875 305.11737060546875 601.1340026855469 305.11737060546875 601.1340026855469 364.6689224243164 448.93865966796875 364.6689224243164
448.4527282714844 305.09967041015625 599.9470672607422 305.09967041015625 599.9470672607422 364.7785339355469 448.4527282714844 364.7785339355469
447.66058349609375 305.14019775390625 599.4127197265625 305.14019775390625 599.4127197265625 364.3634338378906 447.66058349609375 364.3634338378906
446.02587890625 304.73065185546875 600.3619689941406 304.73065185546875 600.3619689941406 364.9043273925781 446.02587890625 364.9043273925781
445.9765625 305.1850891113281 599.1147766113281 305.1850891113281 599.1147766113281 365.0961112976074 445.9765625 365.0961112976074
443.78778076171875 304.8782043457031 598.5326843261719 304.8782043457031 598.5326843261719 364.13177490234375 443.78778076171875 364.13177490234375
444.22943115234375 304.95733642578125 596.7384338378906 304.95733642578125 596.7384338378906 364.1494560241699 444.22943115234375 364.1494560241699
441.89569091796875 305.0027770996094 596.3579406738281 305.0027770996094 596.3579406738281 364.05500411987305 441.89569091796875 364.05500411987305
442.14788818359375 305.66571044921875 596.1059875488281 305.66571044921875 596.1059875488281 364.5019340515137 442.14788818359375 364.5019340515137
440.78912353515625 305.17218017578125 595.08349609375 305.17218017578125 595.08349609375 364.3869514465332 440.78912353515625 364.3869514465332
440.83734130859375 305.0421447753906 594.6796417236328 305.0421447753906 594.6796417236328 364.36846923828125 440.83734130859375 364.36846923828125
439.3771057128906 304.8718566894531 595.0332794189453 304.8718566894531 595.0332794189453 364.3695983886719 439.3771057128906 364.3695983886719
439.1737365722656 304.7293395996094 595.1009063720703 304.7293395996094 595.1009063720703 364.3707389831543 439.1737365722656 364.3707389831543
439.2188415527344 304.88812255859375 594.2627410888672 304.88812255859375 594.2627410888672 364.6827201843262 439.2188415527344 364.6827201843262
436.6834411621094 304.74725341796875 594.0122222900391 304.74725341796875 594.0122222900391 364.64269256591797 436.6834411621094 364.64269256591797
434.0902404785156 304.64886474609375 592.3134155273438 304.64886474609375 592.3134155273438 364.6963005065918 434.0902404785156 364.6963005065918
435.43994140625 304.2704162597656 594.1128234863281 304.2704162597656 594.1128234863281 365.05542755126953 435.43994140625 365.05542755126953
434.24530029296875 304.38812255859375 593.6484069824219 304.38812255859375 593.6484069824219 364.86385345458984 434.24530029296875 364.86385345458984
432.582763671875 304.83001708984375 590.9228973388672 304.83001708984375 590.9228973388672 364.8179512023926 432.582763671875 364.8179512023926
434.21380615234375 305.0357971191406 591.3322906494141 305.0357971191406 591.3322906494141 364.7594528198242 434.21380615234375 364.7594528198242
430.787109375 304.62640380859375 590.3525085449219 304.62640380859375 590.3525085449219 364.6408271789551 430.787109375 364.6408271789551
430.3124084472656 304.8519592285156 589.4683837890625 304.8519592285156 589.4683837890625 364.59980392456055 430.3124084472656 364.59980392456055
430.53106689453125 304.5921325683594 589.1528015136719 304.5921325683594 589.1528015136719 364.9807548522949 430.53106689453125 364.9807548522949
429.6805725097656 304.5133361816406 587.3519287109375 304.5133361816406 587.3519287109375 364.8612594604492 429.6805725097656 364.8612594604492
429.48065185546875 304.47125244140625 587.1409912109375 304.47125244140625 587.1409912109375 364.74259185791016 429.48065185546875 364.74259185791016
427.77197265625 304.5751037597656 586.8992614746094 304.5751037597656 586.8992614746094 364.6560173034668 427.77197265625 364.6560173034668
427.3766174316406 304.88275146484375 586.3572998046875 304.88275146484375 586.3572998046875 365.06696701049805 427.3766174316406 365.06696701049805
425.8360290527344 304.9573059082031 582.6171264648438 304.9573059082031 582.6171264648438 364.45512771606445 425.8360290527344 364.45512771606445
429.421875 304.45770263671875 583.5445098876953 304.45770263671875 583.5445098876953 363.9084777832031 429.421875 363.9084777832031
428.55975341796875 304.4845275878906 582.2830963134766 304.4845275878906 582.2830963134766 365.01436614990234 428.55975341796875 365.01436614990234
425.7337951660156 304.55029296875 580.8501281738281 304.55029296875 580.8501281738281 364.2833557128906 425.7337951660156 364.2833557128906
424.71820068359375 304.5618896484375 581.7478179931641 304.5618896484375 581.7478179931641 364.76934814453125 424.71820068359375 364.76934814453125
425.7701110839844 304.77105712890625 580.3455505371094 304.77105712890625 580.3455505371094 364.94232177734375 425.7701110839844 364.94232177734375
428.3304748535156 304.7999267578125 580.3968048095703 304.7999267578125 580.3968048095703 364.7462959289551 428.3304748535156 364.7462959289551
427.75830078125 305.25665283203125 579.0169219970703 305.25665283203125 579.0169219970703 364.56661224365234 427.75830078125 364.56661224365234
425.34368896484375 304.92205810546875 576.9294738769531 304.92205810546875 576.9294738769531 364.4758529663086 425.34368896484375 364.4758529663086
428.0536193847656 305.028564453125 577.5364990234375 305.028564453125 577.5364990234375 364.78023529052734 428.0536193847656 364.78023529052734
428.9090270996094 305.04315185546875 576.7787933349609 305.04315185546875 576.7787933349609 364.7411193847656 428.9090270996094 364.7411193847656
426.1329650878906 304.8818664550781 575.7586669921875 304.8818664550781 575.7586669921875 364.80291748046875 426.1329650878906 364.80291748046875
424.64178466796875 305.13275146484375 573.7064819335938 305.13275146484375 573.7064819335938 364.7113571166992 424.64178466796875 364.7113571166992
425.421875 305.50390625 572.6331939697266 305.50390625 572.6331939697266 363.99482345581055 425.421875 363.99482345581055
425.52069091796875 305.901611328125 573.0454406738281 305.901611328125 573.0454406738281 363.82600021362305 425.52069091796875 363.82600021362305
424.9840393066406 305.2160949707031 572.8392639160156 305.2160949707031 572.8392639160156 364.01851654052734 424.9840393066406 364.01851654052734
424.70013427734375 305.7804870605469 571.9733581542969 305.7804870605469 571.9733581542969 363.9469795227051 424.70013427734375 363.9469795227051
423.3931579589844 305.3590393066406 570.5800018310547 305.3590393066406 570.5800018310547 363.7800178527832 423.3931579589844 363.7800178527832
422.4483337402344 305.81121826171875 569.9689025878906 305.81121826171875 569.9689025878906 363.6828308105469 422.4483337402344 363.6828308105469
422.3306579589844 305.2265319824219 570.1638946533203 305.2265319824219 570.1638946533203 363.4810981750488 422.3306579589844 363.4810981750488
422.0133361816406 305.17388916015625 569.2555541992188 305.17388916015625 569.2555541992188 363.6781005859375 422.0133361816406 363.6781005859375
423.731689453125 304.9830017089844 569.5785369873047 304.9830017089844 569.5785369873047 363.13964080810547 423.731689453125 363.13964080810547
423.47314453125 305.7336120605469 568.6798248291016 305.7336120605469 568.6798248291016 363.6058578491211 423.47314453125 363.6058578491211
422.895751953125 305.6158142089844 567.9418029785156 305.6158142089844 567.9418029785156 363.565673828125 422.895751953125 363.565673828125
419.26617431640625 304.8596496582031 565.4246520996094 304.8596496582031 565.4246520996094 362.8051986694336 419.26617431640625 362.8051986694336
424.55596923828125 305.702880859375 567.8522644042969 305.702880859375 567.8522644042969 363.4626274108887 424.55596923828125 363.4626274108887
420.4930725097656 305.46099853515625 566.5435180664062 305.46099853515625 566.5435180664062 363.2784652709961 420.4930725097656 363.2784652709961
422.39349365234375 305.8208312988281 565.7899627685547 305.8208312988281 565.7899627685547 362.3194999694824 422.39349365234375 362.3194999694824
423.44171142578125 305.8964538574219 565.0516052246094 305.8964538574219 565.0516052246094 363.2259292602539 423.44171142578125 363.2259292602539
420.45172119140625 305.3985290527344 563.3974304199219 305.3985290527344 563.3974304199219 362.6238021850586 420.45172119140625 362.6238021850586
421.84783935546875 305.82537841796875 564.0465698242188 305.82537841796875 564.0465698242188 363.2864799499512 421.84783935546875 363.2864799499512
420.8710021972656 305.99786376953125 564.1288909912109 305.99786376953125 564.1288909912109 363.33734130859375 420.8710021972656 363.33734130859375
421.56256103515625 306.0326843261719 564.0649261474609 306.0326843261719 564.0649261474609 363.0576400756836 421.56256103515625 363.0576400756836
418.23699951171875 305.38519287109375 563.4061889648438 305.38519287109375 563.4061889648438 363.1553955078125 418.23699951171875 363.1553955078125
418.7979431152344 305.6536560058594 563.3013153076172 305.6536560058594 563.3013153076172 363.4984664916992 418.7979431152344 363.4984664916992
422.82220458984375 305.761962890625 564.9160766601562 305.761962890625 564.9160766601562 362.95391845703125 422.82220458984375 362.95391845703125
418.67901611328125 305.52655029296875 563.6661529541016 305.52655029296875 563.6661529541016 363.5618209838867 418.67901611328125 363.5618209838867
418.48553466796875 304.8141174316406 562.7436065673828 304.8141174316406 562.7436065673828 363.4053039550781 418.48553466796875 363.4053039550781
419.48736572265625 305.46331787109375 564.2305603027344 305.46331787109375 564.2305603027344 363.37238693237305 419.48736572265625 363.37238693237305
418.81689453125 305.6111145019531 562.2595367431641 305.6111145019531 562.2595367431641 363.1855697631836 418.81689453125 363.1855697631836
421.7090759277344 305.73431396484375 565.2748413085938 305.73431396484375 565.2748413085938 363.65656661987305 421.7090759277344 363.65656661987305
416.70733642578125 305.53125 562.5772705078125 305.53125 562.5772705078125 363.49629974365234 416.70733642578125 363.49629974365234
420.54766845703125 305.65423583984375 563.2908630371094 305.65423583984375 563.2908630371094 363.1104965209961 420.54766845703125 363.1104965209961
421.4634704589844 305.14288330078125 565.4366149902344 305.14288330078125 565.4366149902344 363.04264068603516 421.4634704589844 363.04264068603516
421.328369140625 306.1879577636719 564.2929382324219 306.1879577636719 564.2929382324219 363.84528732299805 421.328369140625 363.84528732299805
418.6441955566406 305.61090087890625 562.5514678955078 305.61090087890625 562.5514678955078 363.5939750671387 418.6441955566406 363.5939750671387
417.2742614746094 305.20721435546875 564.4423065185547 305.20721435546875 564.4423065185547 363.6947822570801 417.2742614746094 363.6947822570801
419.09588623046875 305.65020751953125 564.4508666992188 305.65020751953125 564.4508666992188 363.5533332824707 419.09588623046875 363.5533332824707
419.3409118652344 305.3243103027344 565.1029968261719 305.3243103027344 565.1029968261719 363.26709747314453 419.3409118652344 363.26709747314453
418.06005859375 305.44677734375 563.7257995605469 305.44677734375 563.7257995605469 363.82901763916016 418.06005859375 363.82901763916016
418.647705078125 305.78497314453125 564.7568664550781 305.78497314453125 564.7568664550781 363.63256072998047 418.647705078125 363.63256072998047
419.84442138671875 305.74609375 565.138916015625 305.74609375 565.138916015625 364.11275482177734 419.84442138671875 364.11275482177734
419.2474670410156 304.7632141113281 565.3166046142578 304.7632141113281 565.3166046142578 363.5487251281738 419.2474670410156 363.5487251281738
417.0016174316406 305.52630615234375 563.4727783203125 305.52630615234375 563.4727783203125 363.2977180480957 417.0016174316406 363.2977180480957
417.01580810546875 304.5862731933594 563.1259307861328 304.5862731933594 563.1259307861328 363.26422119140625 417.01580810546875 363.26422119140625
416.1868591308594 305.38909912109375 563.0740203857422 305.38909912109375 563.0740203857422 363.71979904174805 416.1868591308594 363.71979904174805
418.51617431640625 305.32293701171875 564.4024963378906 305.32293701171875 564.4024963378906 362.8307075500488 418.51617431640625 362.8307075500488
417.6620178222656 305.20233154296875 563.1606750488281 305.20233154296875 563.1606750488281 363.23529052734375 417.6620178222656 363.23529052734375
417.921875 305.49053955078125 563.2994384765625 305.49053955078125 563.2994384765625 363.4068794250488 417.921875 363.4068794250488
419.2435607910156 305.07318115234375 564.4816741943359 305.07318115234375 564.4816741943359 363.39532470703125 419.2435607910156 363.39532470703125
418.448486328125 305.41400146484375 563.9226226806641 305.41400146484375 563.9226226806641 363.78120040893555 418.448486328125 363.78120040893555
419.5318298339844 305.61761474609375 563.6644439697266 305.61761474609375 563.6644439697266 363.2925605773926 419.5318298339844 363.2925605773926
420.2245178222656 306.1257629394531 562.5815277099609 306.1257629394531 562.5815277099609 363.63655853271484 420.2245178222656 363.63655853271484
420.56146240234375 305.697998046875 565.0661315917969 305.697998046875 565.0661315917969 363.35235595703125 420.56146240234375 363.35235595703125
419.48150634765625 305.564697265625 563.9070129394531 305.564697265625 563.9070129394531 363.5821647644043 419.48150634765625 363.5821647644043
419.86279296875 305.55841064453125 563.4015655517578 305.55841064453125 563.4015655517578 363.23404693603516 419.86279296875 363.23404693603516
422.3763732910156 306.2066650390625 565.0586547851562 306.2066650390625 565.0586547851562 364.0175552368164 422.3763732910156 364.0175552368164
420.47381591796875 305.3818359375 564.6156616210938 305.3818359375 564.6156616210938 363.46234130859375 420.47381591796875 363.46234130859375
422.6927185058594 305.77410888671875 564.8880615234375 305.77410888671875 564.8880615234375 363.3751220703125 422.6927185058594 363.3751220703125
422.1690979003906 305.91656494140625 565.3802490234375 305.91656494140625 565.3802490234375 363.80867767333984 422.1690979003906 363.80867767333984
422.42327880859375 306.17254638671875 566.9877166748047 306.17254638671875 566.9877166748047 364.35346603393555 422.42327880859375 364.35346603393555
422.92462158203125 305.6778564453125 568.2034606933594 305.6778564453125 568.2034606933594 364.0040283203125 422.92462158203125 364.0040283203125
419.4190368652344 304.8744201660156 565.2327880859375 304.8744201660156 565.2327880859375 364.2872123718262 419.4190368652344 364.2872123718262
422.1976013183594 305.5475158691406 567.4165649414062 305.5475158691406 567.4165649414062 364.1398124694824 422.1976013183594 364.1398124694824
419.6256408691406 305.40374755859375 567.7691955566406 305.40374755859375 567.7691955566406 363.6576919555664 419.6256408691406 363.6576919555664
424.74639892578125 305.5509338378906 569.0490875244141 305.5509338378906 569.0490875244141 363.9656753540039 424.74639892578125 363.9656753540039
423.83935546875 304.87530517578125 570.5336151123047 304.87530517578125 570.5336151123047 363.74593353271484 423.83935546875 363.74593353271484
424.3201599121094 305.2210388183594 571.3068084716797 305.2210388183594 571.3068084716797 363.5637016296387 424.3201599121094 363.5637016296387
424.158447265625 305.05059814453125 571.3629608154297 305.05059814453125 571.3629608154297 363.7390327453613 424.158447265625 363.7390327453613
425.23028564453125 305.202392578125 571.4575805664062 305.202392578125 571.4575805664062 363.76883697509766 425.23028564453125 363.76883697509766
428.40435791015625 305.3173828125 573.5376892089844 305.3173828125 573.5376892089844 364.03033447265625 428.40435791015625 364.03033447265625
426.97943115234375 305.25970458984375 573.3161315917969 305.25970458984375 573.3161315917969 363.7827262878418 426.97943115234375 363.7827262878418
428.5506896972656 305.1122131347656 574.8750457763672 305.1122131347656 574.8750457763672 364.7016296386719 428.5506896972656 364.7016296386719
428.75994873046875 305.16949462890625 575.6529693603516 305.16949462890625 575.6529693603516 364.28413009643555 428.75994873046875 364.28413009643555
427.7640686035156 305.2674560546875 573.292724609375 305.2674560546875 573.292724609375 363.7483024597168 427.7640686035156 363.7483024597168
428.39141845703125 304.74603271484375 575.7502288818359 304.74603271484375 575.7502288818359 363.7765121459961 428.39141845703125 363.7765121459961
431.234130859375 304.45941162109375 578.42333984375 304.45941162109375 578.42333984375 363.8182678222656 431.234130859375 363.8182678222656
431.54132080078125 304.7333984375 577.3897705078125 304.7333984375 577.3897705078125 363.87370681762695 431.54132080078125 363.87370681762695
432.32232666015625 304.3992919921875 579.0624847412109 304.3992919921875 579.0624847412109 363.2988967895508 432.32232666015625 363.2988967895508
429.814697265625 304.35003662109375 578.5590057373047 304.35003662109375 578.5590057373047 363.3296890258789 429.814697265625 363.3296890258789
433.287109375 303.616455078125 583.9931030273438 303.616455078125 583.9931030273438 363.2901916503906 433.287109375 363.2901916503906
433.66632080078125 303.9195861816406 582.9206237792969 303.9195861816406 582.9206237792969 363.6337699890137 433.66632080078125 363.6337699890137
433.3612365722656 304.30615234375 583.5366821289062 304.30615234375 583.5366821289062 363.58502197265625 433.3612365722656 363.58502197265625
436.13323974609375 303.9085998535156 586.0765075683594 303.9085998535156 586.0765075683594 363.0966987609863 436.13323974609375 363.0966987609863
437.25823974609375 303.54254150390625 587.1695556640625 303.54254150390625 587.1695556640625 363.6823539733887 437.25823974609375 363.6823539733887
438.089111328125 303.28387451171875 590.0022583007812 303.28387451171875 590.0022583007812 363.209228515625 438.089111328125 363.209228515625
440.590576171875 303.53546142578125 591.1536865234375 303.53546142578125 591.1536865234375 363.5296936035156 440.590576171875 363.5296936035156
439.0029296875 303.71441650390625 591.2521667480469 303.71441650390625 591.2521667480469 363.2671318054199 439.0029296875 363.2671318054199
440.97637939453125 303.1703186035156 592.7593536376953 303.1703186035156 592.7593536376953 363.18134689331055 440.97637939453125 363.18134689331055
441.28369140625 303.13543701171875 596.0923767089844 303.13543701171875 596.0923767089844 362.8172378540039 441.28369140625 362.8172378540039
440.901611328125 302.99444580078125 594.9792327880859 302.99444580078125 594.9792327880859 363.04144287109375 440.901611328125 363.04144287109375
444.1062927246094 302.5411376953125 597.7632446289062 302.5411376953125 597.7632446289062 362.66846466064453 444.1062927246094 362.66846466064453
443.0191345214844 301.9630126953125 598.0947723388672 301.9630126953125 598.0947723388672 363.06428146362305 443.0191345214844 363.06428146362305
445.1136169433594 302.2884521484375 599.74072265625 302.2884521484375 599.74072265625 362.7712287902832 445.1136169433594 362.7712287902832
446.61297607421875 302.11761474609375 600.8628387451172 302.11761474609375 600.8628387451172 362.61235427856445 446.61297607421875 362.61235427856445
448.838134765625 302.6348876953125 602.1924438476562 302.6348876953125 602.1924438476562 361.90294647216797 448.838134765625 361.90294647216797
451.157470703125 301.8914794921875 605.8748168945312 301.8914794921875 605.8748168945312 361.23015213012695 451.157470703125 361.23015213012695
453.1871643066406 301.85723876953125 606.8074340820312 301.85723876953125 606.8074340820312 361.11153411865234 453.1871643066406 361.11153411865234
456.8108825683594 301.83624267578125 609.2861633300781 301.83624267578125 609.2861633300781 360.68199920654297 456.8108825683594 360.68199920654297
461.221923828125 302.2469482421875 610.7652130126953 302.2469482421875 610.7652130126953 360.5838928222656 461.221923828125 360.5838928222656
460.350341796875 301.82257080078125 611.6886444091797 301.82257080078125 611.6886444091797 360.14606857299805 460.350341796875 360.14606857299805
459.8553771972656 301.5956115722656 614.1506958007812 301.5956115722656 614.1506958007812 360.86226654052734 459.8553771972656 360.86226654052734
462.51904296875 301.5936584472656 615.4003448486328 301.5936584472656 615.4003448486328 359.8710250854492 462.51904296875 359.8710250854492
462.92486572265625 301.2935485839844 617.4093322753906 301.2935485839844 617.4093322753906 359.7433280944824 462.92486572265625 359.7433280944824
468.074951171875 301.21270751953125 617.418212890625 301.21270751953125 617.418212890625 358.65929412841797 468.074951171875 358.65929412841797
470.3606872558594 300.7311096191406 620.4793701171875 300.7311096191406 620.4793701171875 359.4285697937012 470.3606872558594 359.4285697937012
467.25775146484375 300.2793273925781 621.7811126708984 300.2793273925781 621.7811126708984 359.1275520324707 467.25775146484375 359.1275520324707
477.1097717285156 300.07659912109375 622.4937744140625 300.07659912109375 622.4937744140625 357.80977630615234 477.1097717285156 357.80977630615234
475.89630126953125 299.7328186035156 623.4018249511719 299.7328186035156 623.4018249511719 357.8861999511719 475.89630126953125 357.8861999511719
481.71405029296875 299.5352783203125 625.3593902587891 299.5352783203125 625.3593902587891 356.8943977355957 481.71405029296875 356.8943977355957
479.08935546875 299.3488464355469 625.9310302734375 299.3488464355469 625.9310302734375 356.2108459472656 479.08935546875 356.2108459472656
484.7210998535156 299.4735412597656 627.2353820800781 299.4735412597656 627.2353820800781 357.2787284851074 484.7210998535156 357.2787284851074
488.55816650390625 298.6838684082031 629.4058532714844 298.6838684082031 629.4058532714844 356.59136962890625 488.55816650390625 356.59136962890625
488.6231994628906 298.69427490234375 629.8672637939453 298.69427490234375 629.8672637939453 356.2260208129883 488.6231994628906 356.2260208129883
486.7508239746094 297.86602783203125 630.5643463134766 297.86602783203125 630.5643463134766 356.2484664916992 486.7508239746094 356.2484664916992
492.54266357421875 297.62152099609375 630.9880676269531 297.62152099609375 630.9880676269531 355.56890869140625 492.54266357421875 355.56890869140625
488.2920837402344 297.58831787109375 631.0305480957031 297.58831787109375 631.0305480957031 355.9446907043457 488.2920837402344 355.9446907043457
489.42987060546875 297.1430969238281 631.4330902099609 297.1430969238281 631.4330902099609 355.7019729614258 489.42987060546875 355.7019729614258
486.98553466796875 296.6385192871094 632.5910797119141 296.6385192871094 632.5910797119141 355.53609466552734 486.98553466796875 355.53609466552734
494.7232971191406 296.7601623535156 631.5268402099609 296.7601623535156 631.5268402099609 355.9357719421387 494.7232971191406 355.9357719421387
495.8832092285156 296.617431640625 632.1520843505859 296.617431640625 632.1520843505859 354.8963813781738 495.8832092285156 354.8963813781738
492.50634765625 297.0154724121094 630.8398742675781 297.0154724121094 630.8398742675781 354.6945114135742 492.50634765625 354.6945114135742
496.74798583984375 295.84320068359375 632.5205841064453 295.84320068359375 632.5205841064453 354.6757125854492 496.74798583984375 354.6757125854492
503.25616455078125 296.94366455078125 633.7179260253906 296.94366455078125 633.7179260253906 354.0770568847656 503.25616455078125 354.0770568847656
497.29583740234375 295.7701416015625 630.5929870605469 295.7701416015625 630.5929870605469 354.25084686279297 497.29583740234375 354.25084686279297
491.87982177734375 294.1360778808594 630.5066528320312 294.1360778808594 630.5066528320312 354.08824920654297 491.87982177734375 354.08824920654297
493.6404724121094 294.62701416015625 631.007568359375 294.62701416015625 631.007568359375 354.03960037231445 493.6404724121094 354.03960037231445
484.23516845703125 293.6482849121094 628.7553253173828 293.6482849121094 628.7553253173828 353.9008979797363 484.23516845703125 353.9008979797363
493.7349548339844 295.1752624511719 628.6539306640625 295.1752624511719 628.6539306640625 353.9209899902344 493.7349548339844 353.9209899902344
485.85333251953125 293.59259033203125 628.0321350097656 293.59259033203125 628.0321350097656 354.0846633911133 485.85333251953125 354.0846633911133
489.4326171875 291.7998962402344 628.22021484375 291.7998962402344 628.22021484375 353.40543365478516 489.4326171875 353.40543365478516
484.96270751953125 289.9810485839844 627.8177185058594 289.9810485839844 627.8177185058594 352.3285713195801 484.96270751953125 352.3285713195801
493.93634033203125 292.2296142578125 628.4633941650391 292.2296142578125 628.4633941650391 352.295166015625 493.93634033203125 352.295166015625
503.3241271972656 294.904296875 631.012336730957 294.904296875 631.012336730957 352.7624702453613 503.3241271972656 352.7624702453613
501.10174560546875 293.1087951660156 630.9626159667969 293.1087951660156 630.9626159667969 352.35445404052734 501.10174560546875 352.35445404052734
503.41693115234375 292.3513488769531 631.5933227539062 292.3513488769531 631.5933227539062 351.6664619445801 503.41693115234375 351.6664619445801
508.0108337402344 293.79278564453125 635.5982971191406 293.79278564453125 635.5982971191406 352.72518157958984 508.0108337402344 352.72518157958984
504.2947692871094 292.3493347167969 632.8696441650391 292.3493347167969 632.8696441650391 352.2513847351074 504.2947692871094 352.2513847351074
503.45654296875 292.35821533203125 631.8421783447266 292.35821533203125 631.8421783447266 352.16450119018555 503.45654296875 352.16450119018555
503.76165771484375 294.19403076171875 632.2627105712891 294.19403076171875 632.2627105712891 352.8631362915039 503.76165771484375 352.8631362915039
503.66729736328125 292.93157958984375 630.9939422607422 292.93157958984375 630.9939422607422 351.3661079406738 503.66729736328125 351.3661079406738
509.0560607910156 294.8350524902344 633.6780853271484 294.8350524902344 633.6780853271484 351.8214302062988 509.0560607910156 351.8214302062988
511.0946350097656 293.185302734375 633.4954681396484 293.185302734375 633.4954681396484 349.99993896484375 511.0946350097656 349.99993896484375
509.86553955078125 294.1804504394531 631.6763916015625 294.1804504394531 631.6763916015625 349.81937408447266 509.86553955078125 349.81937408447266
504.68939208984375 292.0619812011719 629.1352691650391 292.0619812011719 629.1352691650391 348.03336334228516 504.68939208984375 348.03336334228516
512.36328125 290.89031982421875 635.2444229125977 290.89031982421875 635.2444229125977 347.68743896484375 512.36328125 347.68743896484375
505.22418212890625 291.7306823730469 631.9630966186523 291.7306823730469 631.9630966186523 348.451904296875 505.22418212890625 348.451904296875
512.6478271484375 288.9422912597656 638.8465194702148 288.9422912597656 638.8465194702148 348.20128631591797 512.6478271484375 348.20128631591797
516.6536254882812 288.72314453125 640.3686141967773 288.72314453125 640.3686141967773 347.37507247924805 516.6536254882812 347.37507247924805
509.66485595703125 288.95709228515625 638.6042327880859 288.95709228515625 638.6042327880859 349.30095291137695 509.66485595703125 349.30095291137695
508.60992431640625 287.7908020019531 637.0608215332031 287.7908020019531 637.0608215332031 346.4518814086914 508.60992431640625 346.4518814086914
511.10723876953125 288.67376708984375 640.0795135498047 288.67376708984375 640.0795135498047 348.07305908203125 511.10723876953125 348.07305908203125
507.34967041015625 287.42864990234375 637.5039367675781 287.42864990234375 637.5039367675781 346.5403747558594 507.34967041015625 346.5403747558594
506.5160217285156 287.1636962890625 637.1692199707031 287.1636962890625 637.1692199707031 345.9954719543457 506.5160217285156 345.9954719543457
511.1348571777344 285.86962890625 641.8788452148438 285.86962890625 641.8788452148438 346.0952262878418 511.1348571777344 346.0952262878418
509.0475158691406 285.3062744140625 641.6258392333984 285.3062744140625 641.6258392333984 345.4317092895508 509.0475158691406 345.4317092895508
510.4024963378906 286.843505859375 640.1161956787109 286.843505859375 640.1161956787109 344.892333984375 510.4024963378906 344.892333984375
513.0935668945312 285.16986083984375 640.0119857788086 285.16986083984375 640.0119857788086 343.6797409057617 513.0935668945312 343.6797409057617
509.0218811035156 283.2061462402344 640.182861328125 283.2061462402344 640.182861328125 343.0374221801758 509.0218811035156 343.0374221801758
506.65655517578125 285.040771484375 638.2761535644531 285.040771484375 638.2761535644531 343.9219055175781 506.65655517578125 343.9219055175781
507.0726623535156 284.2828369140625 638.0071411132812 284.2828369140625 638.0071411132812 343.1698799133301 507.0726623535156 343.1698799133301
510.61712646484375 284.3260498046875 640.7737121582031 284.3260498046875 640.7737121582031 343.04984283447266 510.61712646484375 343.04984283447266
512.2970581054688 282.45050048828125 643.9592895507812 282.45050048828125 643.9592895507812 342.0629196166992 512.2970581054688 342.0629196166992
513.224609375 285.1018981933594 644.6755523681641 285.1018981933594 644.6755523681641 344.8830032348633 513.224609375 344.8830032348633
510.3307189941406 285.1188049316406 640.8242797851562 285.1188049316406 640.8242797851562 343.0330123901367 510.3307189941406 343.0330123901367
511.29229736328125 283.0462951660156 639.5636901855469 283.0462951660156 639.5636901855469 340.2452697753906 511.29229736328125 340.2452697753906
509.74945068359375 283.35101318359375 641.0554809570312 283.35101318359375 641.0554809570312 342.0143241882324 509.74945068359375 342.0143241882324
511.84619140625 282.9599304199219 641.3554534912109 282.9599304199219 641.3554534912109 341.3513984680176 511.84619140625 341.3513984680176
506.82318115234375 279.04278564453125 638.5099487304688 279.04278564453125 638.5099487304688 338.6272659301758 506.82318115234375 338.6272659301758
510.4405822753906 282.66400146484375 639.8386535644531 282.66400146484375 639.8386535644531 341.0270805358887 510.4405822753906 341.0270805358887
508.04931640625 279.71234130859375 639.1893310546875 279.71234130859375 639.1893310546875 338.66329193115234 508.04931640625 338.66329193115234
514.7473754882812 279.44891357421875 642.5881500244141 279.44891357421875 642.5881500244141 338.06871795654297 514.7473754882812 338.06871795654297
511.8504943847656 280.0166015625 639.3828659057617 280.0166015625 639.3828659057617 337.8628730773926 511.8504943847656 337.8628730773926
505.94940185546875 280.1888427734375 633.3863906860352 280.1888427734375 633.3863906860352 337.26123809814453 505.94940185546875 337.26123809814453
505.8387756347656 278.7168273925781 632.6870269775391 278.7168273925781 632.6870269775391 335.3515739440918 505.8387756347656 335.3515739440918
514.4993286132812 280.5034484863281 638.7028579711914 280.5034484863281 638.7028579711914 337.2430305480957 514.4993286132812 337.2430305480957
509.2564392089844 277.135498046875 636.1734924316406 277.135498046875 636.1734924316406 335.26273345947266 509.2564392089844 335.26273345947266
505.86883544921875 276.7510986328125 633.2379989624023 276.7510986328125 633.2379989624023 334.6859130859375 505.86883544921875 334.6859130859375
506.1092224121094 277.8809814453125 634.9742126464844 277.8809814453125 634.9742126464844 336.45284271240234 506.1092224121094 336.45284271240234
509.81243896484375 278.16278076171875 635.6423187255859 278.16278076171875 635.6423187255859 334.8976821899414 509.81243896484375 334.8976821899414
505.81280517578125 274.633544921875 632.3082885742188 274.633544921875 632.3082885742188 332.1474838256836 505.81280517578125 332.1474838256836
507.58807373046875 274.6078796386719 633.2110443115234 274.6078796386719 633.2110443115234 331.7067985534668 507.58807373046875 331.7067985534668
509.55419921875 277.4717102050781 633.4577026367188 277.4717102050781 633.4577026367188 333.8597221374512 509.55419921875 333.8597221374512
507.98675537109375 275.0110168457031 631.9644165039062 275.0110168457031 631.9644165039062 331.6020393371582 507.98675537109375 331.6020393371582
504.5628967285156 274.23382568359375 630.9552154541016 274.23382568359375 630.9552154541016 331.13850021362305 504.5628967285156 331.13850021362305
508.08514404296875 272.9452819824219 632.2464828491211 272.9452819824219 632.2464828491211 329.5514030456543 508.08514404296875 329.5514030456543
506.4906311035156 272.843017578125 633.1951217651367 272.843017578125 633.1951217651367 330.9804496765137 506.4906311035156 330.9804496765137
508.019775390625 274.97637939453125 632.7854614257812 274.97637939453125 632.7854614257812 332.1162109375 508.019775390625 332.1162109375
511.9422912597656 272.21685791015625 634.6977462768555 272.21685791015625 634.6977462768555 329.24637603759766 511.9422912597656 329.24637603759766
509.356201171875 272.6767883300781 632.7908706665039 272.6767883300781 632.7908706665039 329.4152641296387 509.356201171875 329.4152641296387
513.1197509765625 273.4073486328125 635.8232192993164 273.4073486328125 635.8232192993164 330.3888168334961 513.1197509765625 330.3888168334961
507.18035888671875 270.396728515625 631.5049896240234 270.396728515625 631.5049896240234 328.0758476257324 507.18035888671875 328.0758476257324
507.16400146484375 270.90936279296875 630.1526718139648 270.90936279296875 630.1526718139648 327.2634963989258 507.16400146484375 327.2634963989258
506.10443115234375 267.08404541015625 628.8442993164062 267.08404541015625 628.8442993164062 324.0575180053711 506.10443115234375 324.0575180053711
512.6111450195312 268.53912353515625 631.0717315673828 268.53912353515625 631.0717315673828 323.88126373291016 512.6111450195312 323.88126373291016
508.7672424316406 267.02777099609375 629.3456954956055 267.02777099609375 629.3456954956055 322.5704040527344 508.7672424316406 322.5704040527344
510.2989196777344 267.8639831542969 628.8111419677734 267.8639831542969 628.8111419677734 323.4947700500488 510.2989196777344 323.4947700500488
511.9215393066406 268.7437438964844 628.1694183349609 268.7437438964844 628.1694183349609 323.4755859375 511.9215393066406 323.4755859375
511.54766845703125 266.55523681640625 627.0931167602539 266.55523681640625 627.0931167602539 321.3571968078613 511.54766845703125 321.3571968078613
513.1110229492188 266.9549255371094 627.9366607666016 266.9549255371094 627.9366607666016 321.6160583496094 513.1110229492188 321.6160583496094
512.7819213867188 265.1470947265625 627.0448989868164 265.1470947265625 627.0448989868164 319.8957290649414 512.7819213867188 319.8957290649414
520.6566162109375 266.619384765625 630.6370391845703 266.619384765625 630.6370391845703 320.7728385925293 520.6566162109375 320.7728385925293
511.122314453125 263.94287109375 623.7191314697266 263.94287109375 623.7191314697266 317.78873443603516 511.122314453125 317.78873443603516
516.5613403320312 265.2785339355469 626.3386383056641 265.2785339355469 626.3386383056641 318.52718353271484 516.5613403320312 318.52718353271484
520.0531005859375 266.90838623046875 627.1499176025391 266.90838623046875 627.1499176025391 318.6929931640625 520.0531005859375 318.6929931640625
519.3277587890625 265.2539367675781 625.3208465576172 265.2539367675781 625.3208465576172 317.7758560180664 519.3277587890625 317.7758560180664
518.495361328125 263.2733459472656 624.6910400390625 263.2733459472656 624.6910400390625 315.6959533691406 518.495361328125 315.6959533691406
520.1227416992188 264.8387145996094 624.1428985595703 264.8387145996094 624.1428985595703 316.15214920043945 520.1227416992188 316.15214920043945
519.966552734375 264.143310546875 622.4931182861328 264.143310546875 622.4931182861328 314.6616897583008 519.966552734375 314.6616897583008
523.1719970703125 264.545166015625 623.0085220336914 264.545166015625 623.0085220336914 314.3215751647949 523.1719970703125 314.3215751647949
520.90869140625 263.4318542480469 620.7985000610352 263.4318542480469 620.7985000610352 312.6707077026367 520.90869140625 312.6707077026367
516.6727294921875 262.9130859375 621.1934432983398 262.9130859375 621.1934432983398 312.80504608154297 516.6727294921875 312.80504608154297
522.2435302734375 263.4891052246094 620.1932373046875 263.4891052246094 620.1932373046875 313.0169143676758 522.2435302734375 313.0169143676758
525.62109375 262.23388671875 621.7327499389648 262.23388671875 621.7327499389648 311.7962341308594 525.62109375 311.7962341308594
524.8006591796875 261.9174499511719 622.9686050415039 261.9174499511719 622.9686050415039 311.88842010498047 524.8006591796875 311.88842010498047
522.5086059570312 262.24737548828125 620.7475280761719 262.24737548828125 620.7475280761719 312.13988494873047 522.5086059570312 312.13988494873047
521.158203125 261.2943420410156 619.7244110107422 261.2943420410156 619.7244110107422 310.8945426940918 521.158203125 310.8945426940918
519.0477294921875 261.7102355957031 619.1408386230469 261.7102355957031 619.1408386230469 311.4867362976074 519.0477294921875 311.4867362976074
518.6480712890625 260.84588623046875 619.8476181030273 260.84588623046875 619.8476181030273 311.00330352783203 518.6480712890625 311.00330352783203
522.2723388671875 259.56744384765625 620.9788360595703 259.56744384765625 620.9788360595703 309.6078910827637 522.2723388671875 309.6078910827637
517.2218627929688 259.9438781738281 617.6014862060547 259.9438781738281 617.6014862060547 308.97446060180664 517.2218627929688 308.97446060180664
509.499755859375 259.31268310546875 617.2138214111328 259.31268310546875 617.2138214111328 309.44843673706055 509.499755859375 309.44843673706055
513.4019775390625 259.13299560546875 618.7307968139648 259.13299560546875 618.7307968139648 309.0721969604492 513.4019775390625 309.0721969604492
514.5388793945312 259.1007995605469 618.3207855224609 259.1007995605469 618.3207855224609 310.2006950378418 514.5388793945312 310.2006950378418
513.6741333007812 257.48876953125 618.7676010131836 257.48876953125 618.7676010131836 308.0817756652832 513.6741333007812 308.0817756652832
511.88482666015625 256.98712158203125 618.4311065673828 256.98712158203125 618.4311065673828 308.59040451049805 511.88482666015625 308.59040451049805
507.7323303222656 258.01019287109375 617.7024230957031 258.01019287109375 617.7024230957031 309.91809844970703 507.7323303222656 309.91809844970703
512.7733764648438 256.92352294921875 617.4024658203125 256.92352294921875 617.4024658203125 307.75879669189453 512.7733764648438 307.75879669189453
507.18817138671875 256.34515380859375 617.9840240478516 256.34515380859375 617.9840240478516 307.6852912902832 507.18817138671875 307.6852912902832
508.6939392089844 256.3326110839844 618.1552429199219 256.3326110839844 618.1552429199219 306.7582359313965 508.6939392089844 306.7582359313965
500.47802734375 255.09030151367188 616.8862152099609 255.09030151367188 616.8862152099609 306.97042083740234 500.47802734375 306.97042083740234
503.84423828125 254.6407470703125 618.4378890991211 254.6407470703125 618.4378890991211 306.74248123168945 503.84423828125 306.74248123168945
505.11126708984375 254.5297393798828 618.1890716552734 254.5297393798828 618.1890716552734 306.7236671447754 505.11126708984375 306.7236671447754
502.4026794433594 250.9376220703125 618.4718704223633 250.9376220703125 618.4718704223633 302.61409759521484 502.4026794433594 302.61409759521484
494.774658203125 252.8843994140625 616.1077651977539 252.8843994140625 616.1077651977539 305.1656608581543 494.774658203125 305.1656608581543
499.90911865234375 251.323974609375 617.3031768798828 251.323974609375 617.3031768798828 304.0483932495117 499.90911865234375 304.0483932495117
495.05316162109375 250.0618133544922 616.9199371337891 250.0618133544922 616.9199371337891 303.2280616760254 495.05316162109375 303.2280616760254
498.3746032714844 250.2876739501953 615.7914962768555 250.2876739501953 615.7914962768555 302.99853897094727 498.3746032714844 302.99853897094727
493.9527893066406 249.8579559326172 616.2815856933594 249.8579559326172 616.2815856933594 303.6609230041504 493.9527893066406 303.6609230041504
490.25360107421875 247.8800506591797 615.6404266357422 247.8800506591797 615.6404266357422 302.0555953979492 490.25360107421875 302.0555953979492
493.2330017089844 247.89047241210938 618.2133865356445 247.89047241210938 618.2133865356445 303.511962890625 493.2330017089844 303.511962890625
490.6241760253906 246.17709350585938 617.2419738769531 246.17709350585938 617.2419738769531 302.0591354370117 490.6241760253906 302.0591354370117
493.5941467285156 246.0478973388672 617.9191589355469 246.0478973388672 617.9191589355469 301.5611038208008 493.5941467285156 301.5611038208008
488.17138671875 248.79898071289062 617.0264129638672 248.79898071289062 617.0264129638672 304.3281555175781 488.17138671875 304.3281555175781
490.2789001464844 247.23214721679688 618.30908203125 247.23214721679688 618.30908203125 303.83072662353516 490.2789001464844 303.83072662353516
485.35772705078125 247.76034545898438 615.1646575927734 247.76034545898438 615.1646575927734 303.8110046386719 485.35772705078125 303.8110046386719
481.01336669921875 244.5951385498047 614.6894378662109 244.5951385498047 614.6894378662109 301.96707916259766 481.01336669921875 301.96707916259766
482.43988037109375 241.6148681640625 616.7905883789062 241.6148681640625 616.7905883789062 300.27208709716797 482.43988037109375 300.27208709716797
483.510986328125 240.71328735351562 618.6664428710938 240.71328735351562 618.6664428710938 300.8194465637207 483.510986328125 300.8194465637207
479.9593811035156 242.31515502929688 616.9931793212891 242.31515502929688 616.9931793212891 302.8573226928711 479.9593811035156 302.8573226928711
478.8321228027344 240.55615234375 617.0692596435547 240.55615234375 617.0692596435547 300.4754943847656 478.8321228027344 300.4754943847656
475.14556884765625 244.79525756835938 613.9511413574219 244.79525756835938 613.9511413574219 303.93761444091797 475.14556884765625 303.93761444091797
481.0791931152344 245.5581512451172 616.2432250976562 245.5581512451172 616.2432250976562 304.2421646118164 481.0791931152344 304.2421646118164
478.12335205078125 243.3879852294922 617.8873748779297 243.3879852294922 617.8873748779297 302.35440826416016 478.12335205078125 302.35440826416016
474.61456298828125 241.6830291748047 615.3032989501953 241.6830291748047 615.3032989501953 301.1833267211914 474.61456298828125 301.1833267211914
472.7865295410156 243.0020751953125 616.0641784667969 243.0020751953125 616.0641784667969 302.98392486572266 472.7865295410156 302.98392486572266
471.143798828125 242.18496704101562 616.7066650390625 242.18496704101562 616.7066650390625 302.7872848510742 471.143798828125 302.7872848510742
469.7138671875 240.8369903564453 616.9916229248047 240.8369903564453 616.9916229248047 303.67200469970703 469.7138671875 303.67200469970703
468.3871154785156 238.98074340820312 616.5967559814453 238.98074340820312 616.5967559814453 302.47248458862305 468.3871154785156 302.47248458862305
469.20587158203125 238.080078125 618.3795776367188 238.080078125 618.3795776367188 301.0578498840332 469.20587158203125 301.0578498840332
463.38140869140625 239.70675659179688 614.2915496826172 239.70675659179688 614.2915496826172 301.06671142578125 463.38140869140625 301.06671142578125
462.87939453125 238.75662231445312 615.9467315673828 238.75662231445312 615.9467315673828 301.4570541381836 462.87939453125 301.4570541381836
461.28057861328125 235.70468139648438 615.3953094482422 235.70468139648438 615.3953094482422 298.89448165893555 461.28057861328125 298.89448165893555
462.55218505859375 236.7021942138672 617.3855895996094 236.7021942138672 617.3855895996094 298.9323081970215 462.55218505859375 298.9323081970215
460.8080139160156 238.879150390625 616.182861328125 238.879150390625 616.182861328125 302.08251953125 460.8080139160156 302.08251953125
459.7811584472656 237.5050811767578 615.1685180664062 237.5050811767578 615.1685180664062 300.79969787597656 459.7811584472656 300.79969787597656
460.45166015625 236.6807403564453 614.5458221435547 236.6807403564453 614.5458221435547 299.30590057373047 460.45166015625 299.30590057373047
469.8587951660156 237.6184539794922 618.2199096679688 237.6184539794922 618.2199096679688 299.0102310180664 469.8587951660156 299.0102310180664
471.720458984375 236.3728485107422 617.3518524169922 236.3728485107422 617.3518524169922 297.59608459472656 471.720458984375 297.59608459472656
467.8973693847656 238.14169311523438 616.5913848876953 238.14169311523438 616.5913848876953 300.3612594604492 467.8973693847656 300.3612594604492
470.9190368652344 239.07217407226562 617.0149536132812 239.07217407226562 617.0149536132812 299.97872161865234 470.9190368652344 299.97872161865234
470.97412109375 237.47793579101562 617.8935699462891 237.47793579101562 617.8935699462891 299.31901931762695 470.97412109375 299.31901931762695
460.7857971191406 234.18057250976562 614.7154541015625 234.18057250976562 614.7154541015625 297.3450508117676 460.7857971191406 297.3450508117676
453.88775634765625 235.5384979248047 612.5650329589844 235.5384979248047 612.5650329589844 299.39839935302734 453.88775634765625 299.39839935302734
458.27996826171875 236.5996856689453 617.2366333007812 236.5996856689453 617.2366333007812 301.79710388183594 458.27996826171875 301.79710388183594
455.0169372558594 235.5671844482422 613.5597076416016 235.5671844482422 613.5597076416016 300.9851531982422 455.0169372558594 300.9851531982422
455.488525390625 235.2124481201172 613.4425659179688 235.2124481201172 613.4425659179688 299.6768341064453 455.488525390625 299.6768341064453
459.15478515625 238.1265411376953 614.2702789306641 238.1265411376953 614.2702789306641 302.32955169677734 459.15478515625 302.32955169677734
454.43682861328125 234.9011688232422 611.8998107910156 234.9011688232422 611.8998107910156 298.89710998535156 454.43682861328125 298.89710998535156
461.77996826171875 237.07931518554688 615.2278900146484 237.07931518554688 615.2278900146484 301.0772705078125 461.77996826171875 301.0772705078125
465.7900390625 235.92044067382812 617.2029113769531 235.92044067382812 617.2029113769531 300.46665954589844 465.7900390625 300.46665954589844
460.58294677734375 234.31942749023438 612.1381683349609 234.31942749023438 612.1381683349609 297.9525451660156 460.58294677734375 297.9525451660156
457.4793395996094 237.98410034179688 613.145263671875 237.98410034179688 613.145263671875 301.7782669067383 457.4793395996094 301.7782669067383
457.6319274902344 234.7110595703125 612.6935272216797 234.7110595703125 612.6935272216797 299.2428283691406 457.6319274902344 299.2428283691406
467.28436279296875 239.1689453125 617.8430786132812 239.1689453125 617.8430786132812 301.99669647216797 467.28436279296875 301.99669647216797
467.94793701171875 239.0196990966797 617.0889587402344 239.0196990966797 617.0889587402344 301.9951934814453 467.94793701171875 301.9951934814453
466.65985107421875 237.7693634033203 617.4033050537109 237.7693634033203 617.4033050537109 301.21924591064453 466.65985107421875 301.21924591064453
469.1806640625 237.09091186523438 618.8596496582031 237.09091186523438 618.8596496582031 301.7271041870117 469.1806640625 301.7271041870117
458.86138916015625 235.34085083007812 614.4224243164062 235.34085083007812 614.4224243164062 299.9731216430664 458.86138916015625 299.9731216430664
473.33087158203125 238.3285675048828 620.8560485839844 238.3285675048828 620.8560485839844 302.61224365234375 473.33087158203125 302.61224365234375
469.3316345214844 237.18115234375 619.3542175292969 237.18115234375 619.3542175292969 300.7923698425293 469.3316345214844 300.7923698425293
466.0672912597656 236.36318969726562 616.2163391113281 236.36318969726562 616.2163391113281 300.2839469909668 466.0672912597656 300.2839469909668
469.7738342285156 237.56103515625 619.9920654296875 237.56103515625 619.9920654296875 301.89725494384766 469.7738342285156 301.89725494384766
464.4791564941406 240.5296630859375 619.9214782714844 240.5296630859375 619.9214782714844 306.4689025878906 464.4791564941406 306.4689025878906
464.33831787109375 237.779541015625 617.5421295166016 237.779541015625 617.5421295166016 303.04505920410156 464.33831787109375 303.04505920410156
458.61968994140625 235.3507080078125 616.8701324462891 235.3507080078125 616.8701324462891 301.60079193115234 458.61968994140625 301.60079193115234
466.53558349609375 238.0707550048828 620.2862854003906 238.0707550048828 620.2862854003906 304.54969787597656 466.53558349609375 304.54969787597656
464.2393493652344 236.6166534423828 619.0995483398438 236.6166534423828 619.0995483398438 302.2785186767578 464.2393493652344 302.2785186767578
468.1064453125 238.040283203125 620.8098907470703 238.040283203125 620.8098907470703 303.6617736816406 468.1064453125 303.6617736816406
463.38751220703125 237.7905731201172 620.0972747802734 237.7905731201172 620.0972747802734 303.66357421875 463.38751220703125 303.66357421875
466.65313720703125 238.07589721679688 619.5530853271484 238.07589721679688 619.5530853271484 304.0513229370117 466.65313720703125 304.0513229370117
460.27618408203125 237.9942626953125 617.6607055664062 237.9942626953125 617.6607055664062 303.6197967529297 460.27618408203125 303.6197967529297
465.26251220703125 238.1282196044922 621.5640258789062 238.1282196044922 621.5640258789062 303.92655181884766 465.26251220703125 303.92655181884766
461.82733154296875 240.501220703125 620.8583679199219 240.501220703125 620.8583679199219 308.3385009765625 461.82733154296875 308.3385009765625
462.32537841796875 243.4776153564453 625.3349456787109 243.4776153564453 625.3349456787109 312.92713165283203 462.32537841796875 312.92713165283203
460.3794860839844 241.0389862060547 622.7703552246094 241.0389862060547 622.7703552246094 310.1508026123047 460.3794860839844 310.1508026123047
454.6546936035156 241.2232666015625 620.8185577392578 241.2232666015625 620.8185577392578 310.06197357177734 454.6546936035156 310.06197357177734
462.64398193359375 242.49594116210938 625.0452728271484 242.49594116210938 625.0452728271484 312.69840240478516 462.64398193359375 312.69840240478516
455.7950134277344 242.45877075195312 623.6717987060547 242.45877075195312 623.6717987060547 313.5534362792969 455.7950134277344 313.5534362792969
455.62152099609375 242.2232208251953 626.0044860839844 242.2232208251953 626.0044860839844 315.4574966430664 455.62152099609375 315.4574966430664
458.41729736328125 239.46231079101562 623.6512603759766 239.46231079101562 623.6512603759766 310.1995086669922 458.41729736328125 310.1995086669922
455.4647521972656 240.9662322998047 623.7452239990234 240.9662322998047 623.7452239990234 312.02178955078125 455.4647521972656 312.02178955078125
446.58758544921875 240.68228149414062 621.7935638427734 240.68228149414062 621.7935638427734 314.03516387939453 446.58758544921875 314.03516387939453
452.8668518066406 238.1220245361328 622.3215637207031 238.1220245361328 622.3215637207031 310.85313415527344 452.8668518066406 310.85313415527344
449.5696716308594 240.28756713867188 624.5788269042969 240.28756713867188 624.5788269042969 314.8404006958008 449.5696716308594 314.8404006958008
450.5419006347656 240.4570770263672 626.0445404052734 240.4570770263672 626.0445404052734 317.45191192626953 450.5419006347656 317.45191192626953
446.18939208984375 237.94668579101562 624.4872589111328 237.94668579101562 624.4872589111328 313.72945404052734 446.18939208984375 313.72945404052734
451.9837341308594 239.9141387939453 626.8305816650391 239.9141387939453 626.8305816650391 315.91654205322266 451.9837341308594 315.91654205322266
452.1971130371094 239.95797729492188 627.1239166259766 239.95797729492188 627.1239166259766 315.0855407714844 452.1971130371094 315.0855407714844
448.03173828125 240.01065063476562 625.5616455078125 240.01065063476562 625.5616455078125 315.59767150878906 448.03173828125 315.59767150878906
448.6468200683594 240.4825439453125 626.4453277587891 240.4825439453125 626.4453277587891 317.21402740478516 448.6468200683594 317.21402740478516
451.4908142089844 240.1643524169922 628.4671020507812 240.1643524169922 628.4671020507812 316.5576477050781 451.4908142089844 316.5576477050781
447.9605407714844 236.4597930908203 624.2449188232422 236.4597930908203 624.2449188232422 312.0526657104492 447.9605407714844 312.0526657104492
449.2909240722656 240.370361328125 628.9276275634766 240.370361328125 628.9276275634766 319.30855560302734 449.2909240722656 319.30855560302734
447.45294189453125 240.2179718017578 627.6305389404297 240.2179718017578 627.6305389404297 319.7682800292969 447.45294189453125 319.7682800292969
439.16815185546875 240.3048095703125 626.9557800292969 240.3048095703125 626.9557800292969 322.50074005126953 439.16815185546875 322.50074005126953
445.365234375 238.89501953125 627.9068603515625 238.89501953125 627.9068603515625 318.44791412353516 445.365234375 318.44791412353516
448.3028259277344 239.1514434814453 628.8522033691406 239.1514434814453 628.8522033691406 319.1314926147461 448.3028259277344 319.1314926147461
445.9344787597656 239.0316162109375 628.0551452636719 239.0316162109375 628.0551452636719 317.9578399658203 445.9344787597656 317.9578399658203
450.2648010253906 241.9186553955078 632.0765991210938 241.9186553955078 632.0765991210938 323.09649658203125 450.2648010253906 323.09649658203125
448.75531005859375 240.9496307373047 630.2899017333984 240.9496307373047 630.2899017333984 321.0253219604492 448.75531005859375 321.0253219604492
449.135986328125 240.8543243408203 631.8162384033203 240.8543243408203 631.8162384033203 321.5354919433594 449.135986328125 321.5354919433594
450.01171875 241.6503143310547 630.3517761230469 241.6503143310547 630.3517761230469 321.7714538574219 450.01171875 321.7714538574219
451.25 239.76052856445312 630.0773620605469 239.76052856445312 630.0773620605469 318.83412170410156 451.25 318.83412170410156
444.64837646484375 239.6178741455078 627.7322998046875 239.6178741455078 627.7322998046875 320.5213394165039 444.64837646484375 320.5213394165039
447.8915100097656 240.6879119873047 628.5204620361328 240.6879119873047 628.5204620361328 319.7260208129883 447.8915100097656 319.7260208129883
451.4718322753906 243.4053955078125 631.6399993896484 243.4053955078125 631.6399993896484 322.59606170654297 451.4718322753906 322.59606170654297
453.12445068359375 243.08798217773438 630.5740661621094 243.08798217773438 630.5740661621094 320.6151580810547 453.12445068359375 320.6151580810547
455.307861328125 243.35629272460938 630.8608551025391 243.35629272460938 630.8608551025391 319.6711120605469 455.307861328125 319.6711120605469
449.56158447265625 240.0990447998047 627.6287841796875 240.0990447998047 627.6287841796875 317.56214904785156 449.56158447265625 317.56214904785156
457.451171875 245.0859375 632.5279388427734 245.0859375 632.5279388427734 323.32649993896484 457.451171875 323.32649993896484
452.057861328125 241.85818481445312 629.0798645019531 241.85818481445312 629.0798645019531 319.8430938720703 452.057861328125 319.8430938720703
454.9539489746094 241.2080078125 628.0323486328125 241.2080078125 628.0323486328125 316.9763946533203 454.9539489746094 316.9763946533203
453.7015686035156 240.32681274414062 626.9889221191406 240.32681274414062 626.9889221191406 313.93426513671875 453.7015686035156 313.93426513671875
457.50445556640625 243.04824829101562 628.2927093505859 243.04824829101562 628.2927093505859 316.57777404785156 457.50445556640625 316.57777404785156
451.2579040527344 240.47412109375 625.7926177978516 240.47412109375 625.7926177978516 316.40962982177734 451.2579040527344 316.40962982177734
449.53167724609375 242.12478637695312 626.8616485595703 242.12478637695312 626.8616485595703 318.75618743896484 449.53167724609375 318.75618743896484
457.85205078125 242.5490264892578 627.1315002441406 242.5490264892578 627.1315002441406 316.1610412597656 457.85205078125 316.1610412597656
456.7833557128906 241.97451782226562 626.8753051757812 241.97451782226562 626.8753051757812 315.1638946533203 456.7833557128906 315.1638946533203
460.9078063964844 241.8037567138672 627.1761627197266 241.8037567138672 627.1761627197266 314.0643005371094 460.9078063964844 314.0643005371094
451.1973571777344 242.1060028076172 627.2902526855469 242.1060028076172 627.2902526855469 316.68028259277344 451.1973571777344 316.68028259277344
454.32952880859375 242.072509765625 627.9635620117188 242.072509765625 627.9635620117188 317.1179962158203 454.32952880859375 317.1179962158203
452.93817138671875 240.8482208251953 625.9678955078125 240.8482208251953 625.9678955078125 315.7657012939453 452.93817138671875 315.7657012939453
455.7818298339844 240.35165405273438 627.7955017089844 240.35165405273438 627.7955017089844 314.7681350708008 455.7818298339844 314.7681350708008
452.70599365234375 241.23721313476562 626.8938446044922 241.23721313476562 626.8938446044922 315.82398223876953 452.70599365234375 315.82398223876953
454.40496826171875 240.8422393798828 625.5494537353516 240.8422393798828 625.5494537353516 314.70421600341797 454.40496826171875 314.70421600341797
453.51104736328125 244.0086669921875 626.1977081298828 244.0086669921875 626.1977081298828 317.77677154541016 453.51104736328125 317.77677154541016
456.2267150878906 240.6829071044922 624.2689819335938 240.6829071044922 624.2689819335938 312.04199981689453 456.2267150878906 312.04199981689453
452.9931640625 241.80722045898438 621.6632080078125 241.80722045898438 621.6632080078125 313.48986053466797 452.9931640625 313.48986053466797
454.14569091796875 243.776611328125 625.8339996337891 243.776611328125 625.8339996337891 318.54644775390625 454.14569091796875 318.54644775390625
463.5726013183594 243.8680877685547 627.7167205810547 243.8680877685547 627.7167205810547 315.5541458129883 463.5726013183594 315.5541458129883
449.8013610839844 243.0406951904297 621.2190704345703 243.0406951904297 621.2190704345703 315.92970275878906 449.8013610839844 315.92970275878906
456.192626953125 240.6059112548828 620.8578338623047 240.6059112548828 620.8578338623047 310.2237319946289 456.192626953125 310.2237319946289
456.94561767578125 241.7145233154297 622.4642944335938 241.7145233154297 622.4642944335938 311.3268737792969 456.94561767578125 311.3268737792969
460.5552673339844 244.02987670898438 628.3186645507812 244.02987670898438 628.3186645507812 316.60804748535156 460.5552673339844 316.60804748535156
457.8528747558594 244.89273071289062 628.0920104980469 244.89273071289062 628.0920104980469 319.02628326416016 457.8528747558594 319.02628326416016
463.013427734375 243.3361358642578 625.0655517578125 243.3361358642578 625.0655517578125 312.94757080078125 463.013427734375 312.94757080078125
464.40478515625 245.020263671875 626.40673828125 245.020263671875 626.40673828125 313.94847106933594 464.40478515625 313.94847106933594
460.87518310546875 244.9180450439453 623.6144866943359 244.9180450439453 623.6144866943359 315.7397994995117 460.87518310546875 315.7397994995117
462.1897888183594 246.4686279296875 627.9196472167969 246.4686279296875 627.9196472167969 317.50486755371094 462.1897888183594 317.50486755371094
460.14599609375 245.2359161376953 625.4658966064453 245.2359161376953 625.4658966064453 317.6073989868164 460.14599609375 317.6073989868164
460.29364013671875 245.87564086914062 625.8140563964844 245.87564086914062 625.8140563964844 317.5102233886719 460.29364013671875 317.5102233886719
461.7596130371094 244.61099243164062 622.9573669433594 244.61099243164062 622.9573669433594 313.4253845214844 461.7596130371094 313.4253845214844
469.6556701660156 244.30398559570312 626.2248077392578 244.30398559570312 626.2248077392578 311.7558059692383 469.6556701660156 311.7558059692383
463.89666748046875 244.66189575195312 623.1537170410156 244.66189575195312 623.1537170410156 311.9648666381836 463.89666748046875 311.9648666381836
467.3406677246094 244.59072875976562 624.9372711181641 244.59072875976562 624.9372711181641 313.25757598876953 467.3406677246094 313.25757598876953
467.84783935546875 245.42489624023438 627.3276062011719 245.42489624023438 627.3276062011719 315.22850036621094 467.84783935546875 315.22850036621094
465.63446044921875 247.3214874267578 627.4853973388672 247.3214874267578 627.4853973388672 318.1299819946289 465.63446044921875 318.1299819946289
467.08917236328125 246.556640625 627.3370361328125 246.556640625 627.3370361328125 317.5122375488281 467.08917236328125 317.5122375488281
469.8671875 245.49893188476562 625.9507751464844 245.49893188476562 625.9507751464844 313.8831329345703 469.8671875 313.8831329345703
472.8175354003906 247.54299926757812 628.7239990234375 247.54299926757812 628.7239990234375 317.5620880126953 472.8175354003906 317.5620880126953
470.41278076171875 246.68173217773438 626.5717468261719 246.68173217773438 626.5717468261719 314.60706329345703 470.41278076171875 314.60706329345703
466.1454162597656 245.670166015625 623.0393829345703 245.670166015625 623.0393829345703 312.7434539794922 466.1454162597656 312.7434539794922
476.6168518066406 246.00045776367188 627.5684814453125 246.00045776367188 627.5684814453125 314.4266357421875 476.6168518066406 314.4266357421875
469.9156799316406 243.833740234375 624.5496673583984 243.833740234375 624.5496673583984 310.2781524658203 469.9156799316406 310.2781524658203
469.6346740722656 244.1731719970703 625.527587890625 244.1731719970703 625.527587890625 310.90433502197266 469.6346740722656 310.90433502197266
475.220947265625 242.8358154296875 625.3159027099609 242.8358154296875 625.3159027099609 309.21431732177734 475.220947265625 309.21431732177734
470.78009033203125 241.2171173095703 623.4641265869141 241.2171173095703 623.4641265869141 307.2450256347656 470.78009033203125 307.2450256347656
467.1426696777344 245.41064453125 626.3801879882812 245.41064453125 626.3801879882812 314.6044006347656 467.1426696777344 314.6044006347656
465.2041931152344 244.5862579345703 626.2835540771484 244.5862579345703 626.2835540771484 314.2134017944336 465.2041931152344 314.2134017944336
470.0799865722656 245.3681182861328 627.1950073242188 245.3681182861328 627.1950073242188 314.3603515625 470.0799865722656 314.3603515625
474.71246337890625 246.3056182861328 627.0542755126953 246.3056182861328 627.0542755126953 313.87188720703125 474.71246337890625 313.87188720703125
473.23236083984375 247.28549194335938 628.9285125732422 247.28549194335938 628.9285125732422 316.5102996826172 473.23236083984375 316.5102996826172
475.49920654296875 246.0578155517578 627.2877349853516 246.0578155517578 627.2877349853516 314.76554107666016 475.49920654296875 314.76554107666016
472.70819091796875 244.18222045898438 627.1854553222656 244.18222045898438 627.1854553222656 312.27293395996094 472.70819091796875 312.27293395996094
477.637451171875 245.6184844970703 629.5633850097656 245.6184844970703 629.5633850097656 313.43502044677734 477.637451171875 313.43502044677734
478.60076904296875 244.4727020263672 626.5168151855469 244.4727020263672 626.5168151855469 310.2493362426758 478.60076904296875 310.2493362426758
476.9325256347656 246.3349609375 628.7892913818359 246.3349609375 628.7892913818359 312.42628479003906 476.9325256347656 312.42628479003906
474.43719482421875 246.2266845703125 628.5633239746094 246.2266845703125 628.5633239746094 312.5061264038086 474.43719482421875 312.5061264038086
480.24285888671875 244.2611083984375 627.6587524414062 244.2611083984375 627.6587524414062 310.24813079833984 480.24285888671875 310.24813079833984
480.1793518066406 245.4455108642578 627.5126800537109 245.4455108642578 627.5126800537109 311.1302719116211 480.1793518066406 311.1302719116211
476.98394775390625 245.11434936523438 626.3528442382812 245.11434936523438 626.3528442382812 311.5670928955078 476.98394775390625 311.5670928955078
476.6910095214844 246.25552368164062 626.6636962890625 246.25552368164062 626.6636962890625 311.75279235839844 476.6910095214844 311.75279235839844
481.0372619628906 246.5884552001953 627.7840118408203 246.5884552001953 627.7840118408203 312.08726501464844 481.0372619628906 312.08726501464844
483.03271484375 248.6868133544922 627.6744842529297 248.6868133544922 627.6744842529297 313.31719970703125 483.03271484375 313.31719970703125
480.13818359375 246.1342315673828 626.5356750488281 246.1342315673828 626.5356750488281 312.20410919189453 480.13818359375 312.20410919189453
481.3631286621094 252.46646118164062 629.0223846435547 252.46646118164062 629.0223846435547 318.71729278564453 481.3631286621094 318.71729278564453
479.2156677246094 245.2169952392578 626.5545654296875 245.2169952392578 626.5545654296875 312.5761413574219 479.2156677246094 312.5761413574219
484.16162109375 245.7694549560547 627.3286285400391 245.7694549560547 627.3286285400391 312.6474914550781 484.16162109375 312.6474914550781
483.6163024902344 247.8253173828125 626.7407836914062 247.8253173828125 626.7407836914062 314.4875717163086 483.6163024902344 314.4875717163086
483.13140869140625 244.0428924560547 625.3536682128906 244.0428924560547 625.3536682128906 311.0118408203125 483.13140869140625 311.0118408203125
479.60687255859375 242.5164337158203 624.2386322021484 242.5164337158203 624.2386322021484 311.1134948730469 479.60687255859375 311.1134948730469
475.47137451171875 239.4543914794922 622.8411102294922 239.4543914794922 622.8411102294922 308.64490509033203 475.47137451171875 308.64490509033203
477.0 244.25048828125 623.2230834960938 244.25048828125 623.2230834960938 313.30357360839844 477.0 313.30357360839844
472.68975830078125 241.2599639892578 621.2940368652344 241.2599639892578 621.2940368652344 311.4850158691406 472.68975830078125 311.4850158691406
477.1083984375 242.3341064453125 623.3233184814453 242.3341064453125 623.3233184814453 311.64976501464844 477.1083984375 311.64976501464844
478.13299560546875 239.9982147216797 623.0462188720703 239.9982147216797 623.0462188720703 309.21612548828125 478.13299560546875 309.21612548828125
466.35546875 237.1566925048828 619.9609375 237.1566925048828 619.9609375 308.0103454589844 466.35546875 308.0103454589844
464.62579345703125 238.8205108642578 619.5304412841797 238.8205108642578 619.5304412841797 308.38677978515625 464.62579345703125 308.38677978515625
468.3426818847656 238.6959686279297 622.0081481933594 238.6959686279297 622.0081481933594 309.01476287841797 468.3426818847656 309.01476287841797
464.7737731933594 238.3738555908203 620.0965728759766 238.3738555908203 620.0965728759766 308.00477600097656 464.7737731933594 308.00477600097656
465.46551513671875 237.4545440673828 620.4821166992188 237.4545440673828 620.4821166992188 306.89013671875 465.46551513671875 306.89013671875
467.081787109375 238.7487335205078 621.096923828125 238.7487335205078 621.096923828125 307.70955657958984 467.081787109375 307.70955657958984
459.331787109375 238.422607421875 619.4854583740234 238.422607421875 619.4854583740234 309.4874725341797 459.331787109375 309.4874725341797
461.94122314453125 239.4415740966797 620.8040161132812 239.4415740966797 620.8040161132812 311.1076354980469 461.94122314453125 311.1076354980469
457.8045959472656 238.666748046875 620.0591430664062 238.666748046875 620.0591430664062 310.37683868408203 457.8045959472656 310.37683868408203
458.61700439453125 237.2541046142578 620.7481231689453 237.2541046142578 620.7481231689453 308.78753662109375 458.61700439453125 308.78753662109375
454.08673095703125 239.4196319580078 619.5322875976562 239.4196319580078 619.5322875976562 312.68287658691406 454.08673095703125 312.68287658691406
462.3511657714844 239.5666961669922 621.6038055419922 239.5666961669922 621.6038055419922 310.9222869873047 462.3511657714844 310.9222869873047
461.3363342285156 241.3155517578125 620.9263610839844 241.3155517578125 620.9263610839844 313.2357635498047 461.3363342285156 313.2357635498047
461.1229553222656 240.990478515625 621.1708374023438 240.990478515625 621.1708374023438 312.3057632446289 461.1229553222656 312.3057632446289
450.6280212402344 240.20687866210938 614.9747009277344 240.20687866210938 614.9747009277344 312.8992156982422 450.6280212402344 312.8992156982422
458.0018615722656 238.88436889648438 620.1216430664062 238.88436889648438 620.1216430664062 310.72174072265625 458.0018615722656 310.72174072265625
465.9375 240.3734588623047 620.9221496582031 240.3734588623047 620.9221496582031 309.80625915527344 465.9375 309.80625915527344
462.84686279296875 240.44033813476562 621.2755737304688 240.44033813476562 621.2755737304688 311.84969329833984 462.84686279296875 311.84969329833984
460.69342041015625 238.65762329101562 618.1400756835938 238.65762329101562 618.1400756835938 308.4038848876953 460.69342041015625 308.4038848876953
467.41656494140625 242.1778106689453 620.2778472900391 242.1778106689453 620.2778472900391 311.44129180908203 467.41656494140625 311.44129180908203
469.2484436035156 240.74404907226562 621.1387786865234 240.74404907226562 621.1387786865234 308.3266143798828 469.2484436035156 308.3266143798828
468.25726318359375 239.80697631835938 620.5558166503906 239.80697631835938 620.5558166503906 308.2730484008789 468.25726318359375 308.2730484008789
