209.0 155.0 309.0 155.0 309.0 218.0 209.0 218.0
202.4471893310547 155.84942626953125 298.5074920654297 155.84942626953125 298.5074920654297 217.24358367919922 202.4471893310547 217.24358367919922
193.74563598632812 150.45248413085938 292.8580780029297 150.45248413085938 292.8580780029297 215.03550720214844 193.74563598632812 215.03550720214844
187.1707305908203 150.3374481201172 284.4447326660156 150.3374481201172 284.4447326660156 213.6880874633789 187.1707305908203 213.6880874633789
181.42950439453125 151.1907196044922 276.81302642822266 151.1907196044922 276.81302642822266 214.1336898803711 181.42950439453125 214.1336898803711
174.7437286376953 152.6427764892578 268.83853912353516 152.6427764892578 268.83853912353516 214.16846084594727 174.7437286376953 214.16846084594727
169.64154052734375 152.5689239501953 261.83888244628906 152.5689239501953 261.83888244628906 212.7391128540039 169.64154052734375 212.7391128540039
164.87034606933594 152.45791625976562 255.1364517211914 152.45791625976562 255.1364517211914 212.13235473632812 164.87034606933594 212.13235473632812
160.58583068847656 151.60873413085938 250.1443862915039 151.60873413085938 250.1443862915039 210.49503707885742 160.58583068847656 210.49503707885742
156.2406005859375 152.9192352294922 242.45838165283203 152.9192352294922 242.45838165283203 211.0920181274414 156.2406005859375 211.0920181274414
152.89724731445312 152.77374267578125 236.6209945678711 152.77374267578125 236.6209945678711 210.23140716552734 152.89724731445312 210.23140716552734
150.75814819335938 152.16903686523438 231.37181091308594 152.16903686523438 231.37181091308594 209.62064743041992 150.75814819335938 209.62064743041992
150.4468536376953 152.79107666015625 230.70230102539062 152.79107666015625 230.70230102539062 210.4244613647461 150.4468536376953 210.4244613647461
147.2097930908203 152.91513061523438 226.03634643554688 152.91513061523438 226.03634643554688 210.0968017578125 147.2097930908203 210.0968017578125
143.5556640625 152.35223388671875 222.59758758544922 152.35223388671875 222.59758758544922 208.64278030395508 143.5556640625 208.64278030395508
141.21432495117188 152.92259216308594 218.56185913085938 152.92259216308594 218.56185913085938 208.86892318725586 141.21432495117188 208.86892318725586
137.1991424560547 153.4415740966797 215.5671844482422 153.4415740966797 215.5671844482422 208.66940689086914 137.1991424560547 208.66940689086914
134.55136108398438 152.52566528320312 213.17196655273438 152.52566528320312 213.17196655273438 206.70001983642578 134.55136108398438 206.70001983642578
133.9031524658203 152.95387268066406 210.5158920288086 152.95387268066406 210.5158920288086 206.22381973266602 133.9031524658203 206.22381973266602
132.29934692382812 153.43234252929688 208.57486724853516 153.43234252929688 208.57486724853516 206.1077766418457 132.29934692382812 206.1077766418457
129.50570678710938 153.36878967285156 206.4756622314453 153.36878967285156 206.4756622314453 206.23541641235352 129.50570678710938 206.23541641235352
129.594970703125 152.69631958007812 205.3868408203125 152.69631958007812 205.3868408203125 202.9462890625 129.594970703125 202.9462890625
125.81671142578125 156.6545867919922 198.0440673828125 156.6545867919922 198.0440673828125 205.8144874572754 125.81671142578125 205.8144874572754
124.88499450683594 157.22857666015625 196.19649505615234 157.22857666015625 196.19649505615234 205.4519500732422 124.88499450683594 205.4519500732422
123.2411117553711 158.55044555664062 194.7085189819336 158.55044555664062 194.7085189819336 207.5167121887207 123.2411117553711 207.5167121887207
124.64298248291016 158.62484741210938 192.49366760253906 158.62484741210938 192.49366760253906 205.82500457763672 124.64298248291016 205.82500457763672
122.8695068359375 158.6768798828125 192.7565155029297 158.6768798828125 192.7565155029297 206.2525520324707 122.8695068359375 206.2525520324707
122.3813705444336 159.02052307128906 191.43848419189453 159.02052307128906 191.43848419189453 206.13232803344727 122.3813705444336 206.13232803344727
122.38114166259766 158.9497833251953 191.43151092529297 158.9497833251953 191.43151092529297 206.27190399169922 122.38114166259766 206.27190399169922
121.10939025878906 159.09860229492188 191.35845184326172 159.09860229492188 191.35845184326172 205.54283905029297 121.10939025878906 205.54283905029297
122.18994140625 159.38381958007812 189.8515853881836 159.38381958007812 189.8515853881836 205.74832916259766 122.18994140625 205.74832916259766
123.82308197021484 159.32437133789062 190.1712646484375 159.32437133789062 190.1712646484375 204.60748291015625 123.82308197021484 204.60748291015625
124.0793228149414 159.08111572265625 189.5702133178711 159.08111572265625 189.5702133178711 203.84783172607422 124.0793228149414 203.84783172607422
124.1710433959961 159.13363647460938 189.41431427001953 159.13363647460938 189.41431427001953 203.49671173095703 124.1710433959961 203.49671173095703
124.796630859375 159.23577880859375 189.4762725830078 159.23577880859375 189.4762725830078 203.51067733764648 124.796630859375 203.51067733764648
123.55350494384766 158.94741821289062 189.16595458984375 158.94741821289062 189.16595458984375 203.02045440673828 123.55350494384766 203.02045440673828
125.7295150756836 158.722900390625 190.0873260498047 158.722900390625 190.0873260498047 202.83698654174805 125.7295150756836 202.83698654174805
125.25300598144531 158.621826171875 191.67218017578125 158.621826171875 191.67218017578125 203.2312126159668 125.25300598144531 203.2312126159668
126.704345703125 158.59292602539062 192.87203216552734 158.59292602539062 192.87203216552734 202.73194122314453 126.704345703125 202.73194122314453
127.5291976928711 158.93069458007812 192.77952575683594 158.93069458007812 192.77952575683594 202.6285171508789 127.5291976928711 202.6285171508789
126.4786148071289 157.94595336914062 193.6067886352539 157.94595336914062 193.6067886352539 202.4259910583496 126.4786148071289 202.4259910583496
129.37185668945312 157.91580200195312 195.38140106201172 157.91580200195312 195.38140106201172 201.51547622680664 129.37185668945312 201.51547622680664
130.40341186523438 158.33297729492188 195.96782684326172 158.33297729492188 195.96782684326172 201.65840911865234 130.40341186523438 201.65840911865234
131.721435546875 158.1519012451172 196.9972152709961 158.1519012451172 196.9972152709961 201.48751831054688 131.721435546875 201.48751831054688
133.53555297851562 157.76808166503906 197.98512268066406 157.76808166503906 197.98512268066406 200.87300872802734 133.53555297851562 200.87300872802734
134.3271942138672 158.5575714111328 197.8511505126953 158.5575714111328 197.8511505126953 200.9763412475586 134.3271942138672 200.9763412475586
135.42132568359375 157.96432495117188 199.5811004638672 157.96432495117188 199.5811004638672 200.7293815612793 135.42132568359375 200.7293815612793
136.49578857421875 156.9450225830078 205.40138244628906 156.9450225830078 205.40138244628906 200.40997314453125 136.49578857421875 200.40997314453125
141.4326934814453 157.09547424316406 207.10787963867188 157.09547424316406 207.10787963867188 198.93212509155273 141.4326934814453 198.93212509155273
143.02041625976562 156.0704803466797 209.52523040771484 156.0704803466797 209.52523040771484 197.7312126159668 143.02041625976562 197.7312126159668
142.26400756835938 155.02151489257812 211.2981719970703 155.02151489257812 211.2981719970703 197.34798049926758 142.26400756835938 197.34798049926758
143.51986694335938 155.71682739257812 210.95165252685547 155.71682739257812 210.95165252685547 197.41123962402344 143.51986694335938 197.41123962402344
144.41531372070312 156.4600067138672 211.8147430419922 156.4600067138672 211.8147430419922 198.00461196899414 144.41531372070312 198.00461196899414
142.4505157470703 155.94219970703125 212.38817596435547 155.94219970703125 212.38817596435547 197.3889045715332 142.4505157470703 197.3889045715332
147.02151489257812 157.0055694580078 214.48802947998047 157.0055694580078 214.48802947998047 197.51970672607422 147.02151489257812 197.51970672607422
147.76361083984375 156.8687286376953 215.57347106933594 156.8687286376953 215.57347106933594 197.57811737060547 147.76361083984375 197.57811737060547
149.3877410888672 156.0713348388672 218.3420639038086 156.0713348388672 218.3420639038086 196.98781204223633 149.3877410888672 196.98781204223633
149.5555877685547 156.16842651367188 217.74705505371094 156.16842651367188 217.74705505371094 197.00561141967773 149.5555877685547 197.00561141967773
151.43470764160156 156.06884765625 218.98133087158203 156.06884765625 218.98133087158203 196.63420867919922 151.43470764160156 196.63420867919922
151.74526977539062 155.8090362548828 220.15222930908203 155.8090362548828 220.15222930908203 196.43804550170898 151.74526977539062 196.43804550170898
154.31448364257812 155.67567443847656 222.2767791748047 155.67567443847656 222.2767791748047 196.7384796142578 154.31448364257812 196.7384796142578
153.61720275878906 156.1968231201172 222.14602661132812 156.1968231201172 222.14602661132812 196.57013320922852 153.61720275878906 196.57013320922852
155.7758331298828 155.2688446044922 224.5153350830078 155.2688446044922 224.5153350830078 196.3408966064453 155.7758331298828 196.3408966064453
154.38934326171875 156.3877410888672 223.1738739013672 156.3877410888672 223.1738739013672 197.35944366455078 154.38934326171875 197.35944366455078
154.8348388671875 155.18124389648438 223.34800720214844 155.18124389648438 223.34800720214844 196.3573989868164 154.8348388671875 196.3573989868164
153.48562622070312 155.48727416992188 221.56114959716797 155.48727416992188 221.56114959716797 196.8951187133789 153.48562622070312 196.8951187133789
159.42935180664062 154.12310791015625 224.7693634033203 154.12310791015625 224.7693634033203 196.802978515625 159.42935180664062 196.802978515625
163.15501403808594 153.79397583007812 226.53713607788086 153.79397583007812 226.53713607788086 196.33087539672852 163.15501403808594 196.33087539672852
162.66246032714844 153.19601440429688 225.47411346435547 153.19601440429688 225.47411346435547 195.16427993774414 162.66246032714844 195.16427993774414
164.95144653320312 154.8199920654297 226.2005729675293 154.8199920654297 226.2005729675293 197.51643753051758 164.95144653320312 197.51643753051758
164.16140747070312 154.23728942871094 226.66495513916016 154.23728942871094 226.66495513916016 195.84690856933594 164.16140747070312 195.84690856933594
167.525146484375 154.3009490966797 230.1160659790039 154.3009490966797 230.1160659790039 196.51450729370117 167.525146484375 196.51450729370117
165.0967254638672 154.81625366210938 230.50718688964844 154.81625366210938 230.50718688964844 196.72568130493164 165.0967254638672 196.72568130493164
167.73207092285156 154.59165954589844 231.80859375 154.59165954589844 231.80859375 196.30752182006836 167.73207092285156 196.30752182006836
168.06497192382812 154.69760131835938 231.4465560913086 154.69760131835938 231.4465560913086 195.36184692382812 168.06497192382812 195.36184692382812
165.87374877929688 155.2522430419922 230.2571563720703 155.2522430419922 230.2571563720703 196.34233856201172 165.87374877929688 196.34233856201172
169.43722534179688 154.75326538085938 231.77970123291016 154.75326538085938 231.77970123291016 194.487060546875 169.43722534179688 194.487060546875
169.42947387695312 154.393798828125 231.97547149658203 154.393798828125 231.97547149658203 195.25272750854492 169.42947387695312 195.25272750854492
174.7625274658203 154.8280029296875 235.33862686157227 154.8280029296875 235.33862686157227 195.0660171508789 174.7625274658203 195.0660171508789
173.5943145751953 154.24069213867188 235.43577575683594 154.24069213867188 235.43577575683594 194.84838104248047 173.5943145751953 194.84838104248047
175.39944458007812 154.7033233642578 236.30585479736328 154.7033233642578 236.30585479736328 195.18752670288086 175.39944458007812 195.18752670288086
178.6282196044922 154.91854858398438 239.85674285888672 154.91854858398438 239.85674285888672 194.65147018432617 178.6282196044922 194.65147018432617
179.95265197753906 155.2325439453125 240.87669372558594 155.2325439453125 240.87669372558594 194.70814895629883 179.95265197753906 194.70814895629883
179.66636657714844 154.9150390625 242.46593475341797 154.9150390625 242.46593475341797 194.78185272216797 179.66636657714844 194.78185272216797
183.43984985351562 154.74195861816406 245.24041748046875 154.74195861816406 245.24041748046875 193.449951171875 183.43984985351562 193.449951171875
182.4158935546875 155.01885986328125 245.4473648071289 155.01885986328125 245.4473648071289 193.70020294189453 182.4158935546875 193.70020294189453
185.8056182861328 155.41351318359375 247.04882431030273 155.41351318359375 247.04882431030273 192.9383659362793 185.8056182861328 192.9383659362793
186.01417541503906 154.95443725585938 247.1300811767578 154.95443725585938 247.1300811767578 192.73433303833008 186.01417541503906 192.73433303833008
188.04307556152344 155.1825714111328 249.26514053344727 155.1825714111328 249.26514053344727 193.0742645263672 188.04307556152344 193.0742645263672
187.97860717773438 154.700439453125 249.32164764404297 154.700439453125 249.32164764404297 192.09293365478516 187.97860717773438 192.09293365478516
190.39390563964844 155.10577392578125 251.24603652954102 155.10577392578125 251.24603652954102 192.64659118652344 190.39390563964844 192.64659118652344
192.30368041992188 154.98941040039062 252.55324172973633 154.98941040039062 252.55324172973633 191.8565444946289 192.30368041992188 191.8565444946289
193.61526489257812 154.60804748535156 254.4205207824707 154.60804748535156 254.4205207824707 191.4728775024414 193.61526489257812 191.4728775024414
195.79708862304688 154.96397399902344 256.8331718444824 154.96397399902344 256.8331718444824 191.73612213134766 195.79708862304688 191.73612213134766
196.90272521972656 154.53738403320312 257.3151626586914 154.53738403320312 257.3151626586914 191.09814453125 196.90272521972656 191.09814453125
195.8103790283203 154.19583129882812 257.2664566040039 154.19583129882812 257.2664566040039 191.06496047973633 195.8103790283203 191.06496047973633
198.1434326171875 153.79257202148438 259.2401924133301 153.79257202148438 259.2401924133301 190.21979141235352 198.1434326171875 190.21979141235352
200.13719177246094 154.38632202148438 258.77010345458984 154.38632202148438 258.77010345458984 190.0425033569336 200.13719177246094 190.0425033569336
200.13072204589844 155.4611358642578 259.99137115478516 155.4611358642578 259.99137115478516 191.81044387817383 200.13072204589844 191.81044387817383
203.39907836914062 155.5673065185547 262.0668029785156 155.5673065185547 262.0668029785156 191.4268684387207 203.39907836914062 191.4268684387207
205.40347290039062 154.9055938720703 263.70477294921875 154.9055938720703 263.70477294921875 190.1638946533203 205.40347290039062 190.1638946533203
205.1606903076172 154.77456665039062 264.3416175842285 154.77456665039062 264.3416175842285 190.78489685058594 205.1606903076172 190.78489685058594
207.59530639648438 155.19561767578125 266.7838668823242 155.19561767578125 266.7838668823242 190.85205459594727 207.59530639648438 190.85205459594727
210.4819793701172 155.6217803955078 268.11182403564453 155.6217803955078 268.11182403564453 190.96651458740234 210.4819793701172 190.96651458740234
209.82470703125 155.277099609375 268.2387390136719 155.277099609375 268.2387390136719 190.4415168762207 209.82470703125 190.4415168762207
210.0159912109375 154.78292846679688 268.5642509460449 154.78292846679688 268.5642509460449 189.61740493774414 210.0159912109375 189.61740493774414
209.8480987548828 155.1251220703125 267.61305236816406 155.1251220703125 267.61305236816406 189.83599853515625 209.8480987548828 189.83599853515625
210.72802734375 155.42941284179688 268.9561653137207 155.42941284179688 268.9561653137207 189.76850128173828 210.72802734375 189.76850128173828
213.38412475585938 156.0828399658203 269.9967956542969 156.0828399658203 269.9967956542969 189.87737274169922 213.38412475585938 189.87737274169922
215.35720825195312 155.2916717529297 271.6589050292969 155.2916717529297 271.6589050292969 188.75202560424805 215.35720825195312 188.75202560424805
215.01089477539062 154.79208374023438 270.77440643310547 154.79208374023438 270.77440643310547 188.21872329711914 215.01089477539062 188.21872329711914
215.1717529296875 155.13916015625 270.9555358886719 155.13916015625 270.9555358886719 188.71858978271484 215.1717529296875 188.71858978271484
217.0451202392578 154.6282196044922 272.9601173400879 154.6282196044922 272.9601173400879 188.5794563293457 217.0451202392578 188.5794563293457
217.37619018554688 154.6150360107422 273.92855072021484 154.6150360107422 273.92855072021484 188.39931869506836 217.37619018554688 188.39931869506836
219.81005859375 154.91796875 276.5644226074219 154.91796875 276.5644226074219 188.8752212524414 219.81005859375 188.8752212524414
