323.0 235.0 390.0 235.0 390.0 285.0 323.0 285.0
316.73114013671875 230.5093536376953 385.31494903564453 230.5093536376953 385.31494903564453 281.3198013305664 316.73114013671875 281.3198013305664
311.9195861816406 226.4862823486328 380.40450286865234 226.4862823486328 380.40450286865234 275.7151679992676 311.9195861816406 275.7151679992676
307.5773620605469 222.35952758789062 375.97943115234375 222.35952758789062 375.97943115234375 271.4915351867676 307.5773620605469 271.4915351867676
300.4503173828125 217.7448272705078 370.4208221435547 217.7448272705078 370.4208221435547 266.75279998779297 300.4503173828125 266.75279998779297
294.3724060058594 213.75863647460938 364.31748962402344 213.75863647460938 364.31748962402344 260.39305877685547 294.3724060058594 260.39305877685547
291.38482666015625 210.05838012695312 359.23793029785156 210.05838012695312 359.23793029785156 254.72766876220703 291.38482666015625 254.72766876220703
285.67864990234375 206.21646118164062 353.0442352294922 206.21646118164062 353.0442352294922 250.46112823486328 285.67864990234375 250.46112823486328
281.9142150878906 203.64743041992188 349.42787170410156 203.64743041992188 349.42787170410156 247.8564224243164 281.9142150878906 247.8564224243164
282.3922119140625 203.1497039794922 348.98095703125 203.1497039794922 348.98095703125 247.92120361328125 282.3922119140625 247.92120361328125
276.86962890625 198.73358154296875 343.8283996582031 198.73358154296875 343.8283996582031 242.5940170288086 276.86962890625 242.5940170288086
273.86151123046875 195.4773406982422 337.9978790283203 195.4773406982422 337.9978790283203 239.41217041015625 273.86151123046875 239.41217041015625
267.8748474121094 190.00888061523438 333.0255584716797 190.00888061523438 333.0255584716797 233.4525032043457 267.8748474121094 233.4525032043457
263.0052185058594 186.65078735351562 328.4270477294922 186.65078735351562 328.4270477294922 231.01227569580078 263.0052185058594 231.01227569580078
259.2353820800781 182.69110107421875 325.08309173583984 182.69110107421875 325.08309173583984 227.26950073242188 259.2353820800781 227.26950073242188
256.7216491699219 179.25753784179688 322.78343963623047 179.25753784179688 322.78343963623047 223.84244918823242 256.7216491699219 223.84244918823242
252.6468048095703 176.0146484375 316.6616516113281 176.0146484375 316.6616516113281 219.7108917236328 252.6468048095703 219.7108917236328
247.6968994140625 172.3696746826172 311.3446159362793 172.3696746826172 311.3446159362793 216.50323486328125 247.6968994140625 216.50323486328125
242.98941040039062 168.30043029785156 309.41870880126953 168.30043029785156 309.41870880126953 212.63566970825195 242.98941040039062 212.63566970825195
238.2277069091797 165.47677612304688 304.72862243652344 165.47677612304688 304.72862243652344 208.8286018371582 238.2277069091797 208.8286018371582
238.4671630859375 165.5899658203125 304.68233489990234 165.5899658203125 304.68233489990234 208.45469284057617 238.4671630859375 208.45469284057617
235.1401824951172 162.54307556152344 296.87513732910156 162.54307556152344 296.87513732910156 204.71959686279297 235.1401824951172 204.71959686279297
230.4586181640625 159.40655517578125 294.9902572631836 159.40655517578125 294.9902572631836 201.19135284423828 230.4586181640625 201.19135284423828
226.176513671875 156.0670166015625 290.7149963378906 156.0670166015625 290.7149963378906 198.4687042236328 226.176513671875 198.4687042236328
221.5212860107422 152.8260498046875 285.7552947998047 152.8260498046875 285.7552947998047 196.51508712768555 221.5212860107422 196.51508712768555
219.16183471679688 150.3926544189453 283.0843696594238 150.3926544189453 283.0843696594238 192.21944427490234 219.16183471679688 192.21944427490234
214.78695678710938 146.78646850585938 278.50897216796875 146.78646850585938 278.50897216796875 188.1139678955078 214.78695678710938 188.1139678955078
209.76541137695312 143.7332305908203 274.40535736083984 143.7332305908203 274.40535736083984 185.87590789794922 209.76541137695312 185.87590789794922
209.22036743164062 141.3981170654297 271.46142578125 141.3981170654297 271.46142578125 182.45819473266602 209.22036743164062 182.45819473266602
205.2705078125 139.02830505371094 268.9218940734863 139.02830505371094 268.9218940734863 180.69274520874023 205.2705078125 180.69274520874023
200.72683715820312 135.93038940429688 263.24683380126953 135.93038940429688 263.24683380126953 177.99757385253906 200.72683715820312 177.99757385253906
197.7516326904297 132.47433471679688 261.6428756713867 132.47433471679688 261.6428756713867 174.48667907714844 197.7516326904297 174.48667907714844
197.78970336914062 133.11778259277344 261.64427947998047 133.11778259277344 261.64427947998047 174.93704986572266 197.78970336914062 174.93704986572266
194.90647888183594 130.71942138671875 257.38391876220703 130.71942138671875 257.38391876220703 172.83369064331055 194.90647888183594 172.83369064331055
191.228759765625 128.3808135986328 255.62962341308594 128.3808135986328 255.62962341308594 170.81168365478516 191.228759765625 170.81168365478516
188.50167846679688 125.14836120605469 251.25271606445312 125.14836120605469 251.25271606445312 167.75630950927734 188.50167846679688 167.75630950927734
183.9432373046875 123.09672546386719 245.27896881103516 123.09672546386719 245.27896881103516 163.44700622558594 183.9432373046875 163.44700622558594
182.7700958251953 120.21821594238281 243.48360443115234 120.21821594238281 243.48360443115234 161.8921775817871 182.7700958251953 161.8921775817871
180.36842346191406 117.78739929199219 239.37732696533203 117.78739929199219 239.37732696533203 158.02593231201172 180.36842346191406 158.02593231201172
176.38381958007812 116.03446197509766 234.48537063598633 116.03446197509766 234.48537063598633 155.5398941040039 176.38381958007812 155.5398941040039
176.21731567382812 115.168212890625 235.06298828125 115.168212890625 235.06298828125 155.03052520751953 176.21731567382812 155.03052520751953
174.70053100585938 113.54676818847656 232.89380645751953 113.54676818847656 232.89380645751953 153.34905242919922 174.70053100585938 153.34905242919922
168.18898010253906 107.482421875 224.1299171447754 107.482421875 224.1299171447754 148.18280792236328 168.18898010253906 148.18280792236328
168.60032653808594 107.78425598144531 225.70802307128906 107.78425598144531 225.70802307128906 147.90449905395508 168.60032653808594 147.90449905395508
165.7552032470703 105.4962387084961 223.28808212280273 105.4962387084961 223.28808212280273 144.8544464111328 165.7552032470703 144.8544464111328
163.19729614257812 103.45088195800781 220.55464935302734 103.45088195800781 220.55464935302734 142.60853958129883 163.19729614257812 142.60853958129883
161.0286102294922 101.04399108886719 217.23470306396484 101.04399108886719 217.23470306396484 140.86511993408203 161.0286102294922 140.86511993408203
155.95657348632812 97.71465301513672 212.9871597290039 97.71465301513672 212.9871597290039 137.62035751342773 155.95657348632812 137.62035751342773
155.99301147460938 97.22310638427734 214.24945831298828 97.22310638427734 214.24945831298828 138.6896209716797 155.99301147460938 138.6896209716797
152.34487915039062 94.78337097167969 208.80427169799805 94.78337097167969 208.80427169799805 135.51497268676758 152.34487915039062 135.51497268676758
150.32447814941406 92.01109313964844 207.39673614501953 92.01109313964844 207.39673614501953 131.9648666381836 150.32447814941406 131.9648666381836
150.3121795654297 91.75627136230469 206.63008880615234 91.75627136230469 206.63008880615234 131.81752014160156 150.3121795654297 131.81752014160156
147.42056274414062 91.60245513916016 205.18198776245117 91.60245513916016 205.18198776245117 132.22792053222656 147.42056274414062 132.22792053222656
143.29660034179688 87.25737762451172 200.28841018676758 87.25737762451172 200.28841018676758 127.74589157104492 143.29660034179688 127.74589157104492
141.91554260253906 85.78181457519531 199.3136749267578 85.78181457519531 199.3136749267578 124.70386505126953 141.91554260253906 124.70386505126953
140.32223510742188 83.95433044433594 197.6810188293457 83.95433044433594 197.6810188293457 123.47256088256836 140.32223510742188 123.47256088256836
135.28611755371094 81.72100067138672 192.97043228149414 81.72100067138672 192.97043228149414 122.25274658203125 135.28611755371094 122.25274658203125
134.89210510253906 80.28053283691406 193.02434539794922 80.28053283691406 193.02434539794922 121.26287841796875 134.89210510253906 121.26287841796875
132.944580078125 78.43890380859375 189.514404296875 78.43890380859375 189.514404296875 119.64714050292969 132.944580078125 119.64714050292969
130.5218048095703 77.42269897460938 188.09020233154297 77.42269897460938 188.09020233154297 118.19269561767578 130.5218048095703 118.19269561767578
125.67375183105469 74.6583023071289 184.47821426391602 74.6583023071289 184.47821426391602 115.93603515625 125.67375183105469 115.93603515625
126.19891357421875 75.38265228271484 185.07560348510742 75.38265228271484 185.07560348510742 116.9234504699707 126.19891357421875 116.9234504699707
122.00898742675781 72.98030853271484 181.20077896118164 72.98030853271484 181.20077896118164 115.15385818481445 122.00898742675781 115.15385818481445
123.0490951538086 71.78077697753906 181.25706100463867 71.78077697753906 181.25706100463867 112.49266815185547 123.0490951538086 112.49266815185547
121.9740219116211 70.66495513916016 179.06146621704102 70.66495513916016 179.06146621704102 110.61697387695312 121.9740219116211 110.61697387695312
117.85533142089844 65.7353286743164 176.55083847045898 65.7353286743164 176.55083847045898 107.46189498901367 117.85533142089844 107.46189498901367
115.6573715209961 65.95222473144531 175.5159149169922 65.95222473144531 175.5159149169922 108.10877227783203 115.6573715209961 108.10877227783203
112.90086364746094 65.08412170410156 174.27190780639648 65.08412170410156 174.27190780639648 107.82910537719727 112.90086364746094 107.82910537719727
114.24629974365234 63.758644104003906 174.29634857177734 63.758644104003906 174.29634857177734 107.36085891723633 114.24629974365234 107.36085891723633
109.69804382324219 60.7944450378418 168.84728622436523 60.7944450378418 168.84728622436523 102.88611602783203 109.69804382324219 102.88611602783203
109.74259948730469 60.98584747314453 168.9429168701172 60.98584747314453 168.9429168701172 104.06524658203125 109.74259948730469 104.06524658203125
111.37162780761719 60.40923309326172 169.0339012145996 60.40923309326172 169.0339012145996 101.21209716796875 111.37162780761719 101.21209716796875
108.1631851196289 58.35272979736328 163.80586624145508 58.35272979736328 163.80586624145508 98.06971740722656 108.1631851196289 98.06971740722656
106.47330474853516 55.751808166503906 161.42364120483398 55.751808166503906 161.42364120483398 94.05948638916016 106.47330474853516 94.05948638916016
106.62284088134766 54.944419860839844 161.8485984802246 54.944419860839844 161.8485984802246 92.72731018066406 106.62284088134766 92.72731018066406
104.59332275390625 54.380226135253906 159.20984649658203 54.380226135253906 159.20984649658203 93.23983383178711 104.59332275390625 93.23983383178711
102.25579833984375 51.25702667236328 157.82186889648438 51.25702667236328 157.82186889648438 89.72164916992188 102.25579833984375 89.72164916992188
100.9458999633789 50.52511978149414 156.62527465820312 50.52511978149414 156.62527465820312 88.55703353881836 100.9458999633789 88.55703353881836
99.27981567382812 48.642635345458984 155.23380661010742 48.642635345458984 155.23380661010742 86.38449478149414 99.27981567382812 86.38449478149414
99.52050018310547 49.07830047607422 154.32460021972656 49.07830047607422 154.32460021972656 85.16534805297852 99.52050018310547 85.16534805297852
97.87187957763672 47.758338928222656 153.6517333984375 47.758338928222656 153.6517333984375 84.65361404418945 97.87187957763672 84.65361404418945
97.09960174560547 47.699073791503906 153.0459747314453 47.699073791503906 153.0459747314453 84.73890686035156 97.09960174560547 84.73890686035156
93.75444793701172 45.79541015625 147.9366569519043 45.79541015625 147.9366569519043 82.8350715637207 93.75444793701172 82.8350715637207
94.79655456542969 44.279022216796875 148.87701797485352 44.279022216796875 148.87701797485352 81.86732864379883 94.79655456542969 81.86732864379883
92.64583587646484 43.058265686035156 146.83958435058594 43.058265686035156 146.83958435058594 80.28333282470703 92.64583587646484 80.28333282470703
90.69537353515625 42.37584686279297 146.42987823486328 42.37584686279297 146.42987823486328 79.81163024902344 90.69537353515625 79.81163024902344
89.49175262451172 41.001869201660156 144.45636367797852 41.001869201660156 144.45636367797852 78.17887878417969 89.49175262451172 78.17887878417969
87.35272216796875 40.163665771484375 143.1890754699707 40.163665771484375 143.1890754699707 76.3500747680664 87.35272216796875 76.3500747680664
83.85282897949219 38.417903900146484 139.77306365966797 38.417903900146484 139.77306365966797 76.51192474365234 83.85282897949219 76.51192474365234
82.82447052001953 36.640892028808594 139.0547637939453 36.640892028808594 139.0547637939453 73.98626708984375 82.82447052001953 73.98626708984375
83.160400390625 36.389930725097656 139.0361442565918 36.389930725097656 139.0361442565918 73.67989730834961 83.160400390625 73.67989730834961
81.44355773925781 36.1468620300293 138.30445861816406 36.1468620300293 138.30445861816406 73.70915603637695 81.44355773925781 73.70915603637695
81.8135757446289 35.799339294433594 137.26093292236328 35.799339294433594 137.26093292236328 73.10012817382812 81.8135757446289 73.10012817382812
78.67186737060547 35.01284408569336 134.54978561401367 35.01284408569336 134.54978561401367 71.84539413452148 78.67186737060547 71.84539413452148
77.99736022949219 32.796730041503906 132.01668548583984 32.796730041503906 132.01668548583984 69.33255004882812 77.99736022949219 69.33255004882812
79.61238861083984 34.0668830871582 132.70257949829102 34.0668830871582 132.70257949829102 69.38165283203125 79.61238861083984 69.38165283203125
77.35299682617188 31.615692138671875 131.19854736328125 31.615692138671875 131.19854736328125 68.55914306640625 77.35299682617188 68.55914306640625
75.84635162353516 30.57064437866211 129.68133544921875 30.57064437866211 129.68133544921875 68.27360916137695 75.84635162353516 68.27360916137695
77.05245971679688 28.46611976623535 132.37748336791992 28.46611976623535 132.37748336791992 66.67691612243652 77.05245971679688 66.67691612243652
78.21806335449219 28.58719253540039 132.56064224243164 28.58719253540039 132.56064224243164 66.99113082885742 78.21806335449219 66.99113082885742
76.60128784179688 28.93068504333496 130.17618560791016 28.93068504333496 130.17618560791016 67.8674144744873 76.60128784179688 67.8674144744873
75.767822265625 26.859487533569336 130.63055419921875 26.859487533569336 130.63055419921875 65.4417667388916 75.767822265625 65.4417667388916
73.41083526611328 24.666532516479492 128.21985626220703 24.666532516479492 128.21985626220703 63.32678413391113 73.41083526611328 63.32678413391113
73.24120330810547 23.442655563354492 128.32825088500977 23.442655563354492 128.32825088500977 62.2336483001709 73.24120330810547 62.2336483001709
73.31053161621094 23.109512329101562 126.92740249633789 23.109512329101562 126.92740249633789 62.351173400878906 73.31053161621094 62.351173400878906
71.07173156738281 20.993412017822266 125.29125213623047 20.993412017822266 125.29125213623047 60.37509536743164 71.07173156738281 60.37509536743164
69.2469253540039 20.903175354003906 121.97179794311523 20.903175354003906 121.97179794311523 60.192115783691406 69.2469253540039 60.192115783691406
69.38899230957031 19.99404525756836 123.32155990600586 19.99404525756836 123.32155990600586 59.94998550415039 69.38899230957031 59.94998550415039
67.56594848632812 19.10388946533203 121.1003646850586 19.10388946533203 121.1003646850586 58.3542594909668 67.56594848632812 58.3542594909668
68.1996841430664 18.958171844482422 120.09766387939453 18.958171844482422 120.09766387939453 57.450233459472656 68.1996841430664 57.450233459472656
64.64183044433594 16.490745544433594 117.90246963500977 16.490745544433594 117.90246963500977 54.99545669555664 64.64183044433594 54.99545669555664
64.32454681396484 16.981658935546875 117.60969543457031 16.981658935546875 117.60969543457031 57.21776580810547 64.32454681396484 57.21776580810547
64.21051025390625 14.972561836242676 117.80168533325195 14.972561836242676 117.80168533325195 54.593777656555176 64.21051025390625 54.593777656555176
64.53694152832031 14.658029556274414 117.8285903930664 14.658029556274414 117.8285903930664 53.52144432067871 64.53694152832031 53.52144432067871
60.934783935546875 12.022432327270508 115.13825607299805 12.022432327270508 115.13825607299805 50.32460975646973 60.934783935546875 50.32460975646973
62.060997009277344 12.420581817626953 115.24393081665039 12.420581817626953 115.24393081665039 51.52566146850586 62.060997009277344 51.52566146850586
62.37921905517578 12.466036796569824 115.00846099853516 12.466036796569824 115.00846099853516 50.87592601776123 62.37921905517578 50.87592601776123
60.97265625 11.418081283569336 114.24261474609375 11.418081283569336 114.24261474609375 50.23483848571777 60.97265625 50.23483848571777
59.923500061035156 11.826010704040527 113.9586181640625 11.826010704040527 113.9586181640625 51.20817470550537 59.923500061035156 51.20817470550537
58.234214782714844 9.6231689453125 111.93027877807617 9.6231689453125 111.93027877807617 47.976226806640625 58.234214782714844 47.976226806640625
57.3123779296875 10.028305053710938 109.70081329345703 10.028305053710938 109.70081329345703 48.458621978759766 57.3123779296875 48.458621978759766
58.161590576171875 9.69094467163086 109.65758514404297 9.69094467163086 109.65758514404297 46.980743408203125 58.161590576171875 46.980743408203125
58.26897048950195 9.14995002746582 109.25504302978516 9.14995002746582 109.25504302978516 46.96489906311035 58.26897048950195 46.96489906311035
60.131683349609375 9.566524505615234 110.36752319335938 9.566524505615234 110.36752319335938 46.054447174072266 60.131683349609375 46.054447174072266
56.93839645385742 8.497896194458008 107.29434204101562 8.497896194458008 107.29434204101562 45.52534294128418 56.93839645385742 45.52534294128418
55.0593376159668 8.73621940612793 107.44487762451172 8.73621940612793 107.44487762451172 45.31967735290527 55.0593376159668 45.31967735290527
55.28253173828125 7.880195617675781 106.78706741333008 7.880195617675781 106.78706741333008 44.79107666015625 55.28253173828125 44.79107666015625
56.1297492980957 6.2033586502075195 104.4873275756836 6.2033586502075195 104.4873275756836 42.29110813140869 56.1297492980957 42.29110813140869
55.81629180908203 8.088325500488281 105.73587036132812 8.088325500488281 105.73587036132812 44.150482177734375 55.81629180908203 44.150482177734375
54.7130126953125 7.496333122253418 105.4394760131836 7.496333122253418 105.4394760131836 44.2156400680542 54.7130126953125 44.2156400680542
55.523399353027344 7.1183366775512695 103.90502166748047 7.1183366775512695 103.90502166748047 43.22403049468994 55.523399353027344 43.22403049468994
53.556297302246094 7.379525661468506 103.84205627441406 7.379525661468506 103.84205627441406 44.384007930755615 53.556297302246094 44.384007930755615
52.64759063720703 6.699069023132324 102.9061050415039 6.699069023132324 102.9061050415039 43.71252727508545 52.64759063720703 43.71252727508545
50.695308685302734 5.039163112640381 101.93806838989258 5.039163112640381 101.93806838989258 41.85059118270874 50.695308685302734 41.85059118270874
47.03277587890625 2.553424119949341 99.08809280395508 2.553424119949341 99.08809280395508 39.62774205207825 47.03277587890625 39.62774205207825
44.787437438964844 0.5798854827880859 97.31296920776367 0.5798854827880859 97.31296920776367 38.74066352844238 44.787437438964844 38.74066352844238
42.91997146606445 0.5790039300918579 95.7425308227539 0.5790039300918579 95.7425308227539 38.87915575504303 42.91997146606445 38.87915575504303
43.158973693847656 0.5146373510360718 96.5822525024414 0.5146373510360718 96.5822525024414 39.25797688961029 43.158973693847656 39.25797688961029
43.21271514892578 0.2866859436035156 96.84149932861328 0.2866859436035156 96.84149932861328 39.410125732421875 43.21271514892578 39.410125732421875
42.99372863769531 0.0 98.32434463500977 0.0 98.32434463500977 39.60163116455078 42.99372863769531 39.60163116455078
43.670021057128906 0.3538738191127777 97.70387268066406 0.3538738191127777 97.70387268066406 38.65234336256981 43.670021057128906 38.65234336256981
44.95264434814453 0.4348369538784027 97.42376708984375 0.4348369538784027 97.42376708984375 38.55966529250145 44.95264434814453 38.55966529250145
42.018310546875 0.07443313300609589 94.47148895263672 0.07443313300609589 94.47148895263672 38.02781371772289 42.018310546875 38.02781371772289
41.93520736694336 0.0 94.94562530517578 0.0 94.94562530517578 38.19700622558594 41.93520736694336 38.19700622558594
41.52429962158203 0.0 94.27922439575195 0.0 94.27922439575195 38.17137145996094 41.52429962158203 38.17137145996094
41.07731246948242 0.0 95.1893424987793 0.0 95.1893424987793 38.63145065307617 41.07731246948242 38.63145065307617
40.21426773071289 0.0 95.09646224975586 0.0 95.09646224975586 39.39293670654297 40.21426773071289 39.39293670654297
41.04937744140625 0.0 95.44770050048828 0.0 95.44770050048828 40.10353088378906 41.04937744140625 40.10353088378906
40.40785598754883 0.0 95.53650665283203 0.0 95.53650665283203 40.64088821411133 40.40785598754883 40.64088821411133
38.19779968261719 0.0 94.18778228759766 0.0 94.18778228759766 39.94375991821289 38.19779968261719 39.94375991821289
36.558502197265625 0.0 91.73439407348633 0.0 91.73439407348633 39.79683303833008 36.558502197265625 39.79683303833008
35.800506591796875 0.0 90.95292282104492 0.0 90.95292282104492 39.615440368652344 35.800506591796875 39.615440368652344
38.87376022338867 0.0 92.77660369873047 0.0 92.77660369873047 39.638710021972656 38.87376022338867 39.638710021972656
38.184234619140625 0.0 91.77421188354492 0.0 91.77421188354492 39.62855911254883 38.184234619140625 39.62855911254883
38.395164489746094 0.0 92.05944061279297 0.0 92.05944061279297 39.91301345825195 38.395164489746094 39.91301345825195
41.871360778808594 0.0 95.12020874023438 0.0 95.12020874023438 39.94792556762695 41.871360778808594 39.94792556762695
