173.0 55.0 183.0 55.0 183.0 75.0 173.0 75.0
173.09661865234375 54.743553161621094 183.21218299865723 54.743553161621094 183.21218299865723 74.88313484191895 173.09661865234375 74.88313484191895
173.21255493164062 54.25627517700195 183.31898307800293 54.25627517700195 183.31898307800293 75.05655479431152 173.21255493164062 75.05655479431152
173.29844665527344 54.887840270996094 183.52628135681152 54.887840270996094 183.52628135681152 75.32209396362305 173.29844665527344 75.32209396362305
173.58193969726562 54.95317459106445 184.12416076660156 54.95317459106445 184.12416076660156 75.43495178222656 173.58193969726562 75.43495178222656
173.6566925048828 54.922386169433594 184.2786407470703 54.922386169433594 184.2786407470703 75.2317123413086 173.6566925048828 75.2317123413086
173.77713012695312 55.86153030395508 184.20693492889404 55.86153030395508 184.20693492889404 75.71591567993164 173.77713012695312 75.71591567993164
173.8838348388672 56.18715286254883 183.96239948272705 56.18715286254883 183.96239948272705 75.38982582092285 173.8838348388672 75.38982582092285
174.22122192382812 55.546653747558594 183.31296825408936 55.546653747558594 183.31296825408936 75.70438003540039 174.22122192382812 75.70438003540039
174.2613525390625 56.35077667236328 183.34148597717285 56.35077667236328 183.34148597717285 75.67520523071289 174.2613525390625 75.67520523071289
174.11849975585938 55.804115295410156 183.22779655456543 55.804115295410156 183.22779655456543 75.32916259765625 174.11849975585938 75.32916259765625
174.1749725341797 56.38934326171875 183.2162799835205 56.38934326171875 183.2162799835205 75.94856834411621 174.1749725341797 75.94856834411621
174.01986694335938 56.58597946166992 183.3352451324463 56.58597946166992 183.3352451324463 75.96903991699219 174.01986694335938 75.96903991699219
174.33888244628906 56.694175720214844 183.80729007720947 56.694175720214844 183.80729007720947 76.19401931762695 174.33888244628906 76.19401931762695
174.65017700195312 56.428001403808594 183.93355751037598 56.428001403808594 183.93355751037598 75.83104705810547 174.65017700195312 75.83104705810547
174.7398223876953 56.341766357421875 184.11200618743896 56.341766357421875 184.11200618743896 76.22907829284668 174.7398223876953 76.22907829284668
175.01683044433594 56.99806594848633 184.2545042037964 56.99806594848633 184.2545042037964 76.351318359375 175.01683044433594 76.351318359375
175.640625 57.127723693847656 184.25333404541016 57.127723693847656 184.25333404541016 76.81824111938477 175.640625 76.81824111938477
175.87271118164062 57.63264846801758 184.08793830871582 57.63264846801758 184.08793830871582 76.64781951904297 175.87271118164062 76.64781951904297
175.80625915527344 56.93767166137695 184.35930156707764 56.93767166137695 184.35930156707764 76.79716491699219 175.80625915527344 76.79716491699219
175.940673828125 57.3782844543457 184.82471179962158 57.3782844543457 184.82471179962158 76.68958282470703 175.940673828125 76.68958282470703
176.24783325195312 57.2513542175293 185.18539810180664 57.2513542175293 185.18539810180664 76.63340950012207 176.24783325195312 76.63340950012207
176.44805908203125 57.61852264404297 185.39552402496338 57.61852264404297 185.39552402496338 76.72484970092773 176.44805908203125 76.72484970092773
176.60865783691406 57.03071975708008 185.90232849121094 57.03071975708008 185.90232849121094 77.08770751953125 176.60865783691406 77.08770751953125
176.79849243164062 57.51450729370117 186.4625072479248 57.51450729370117 186.4625072479248 77.07635307312012 176.79849243164062 77.07635307312012
177.30337524414062 57.669464111328125 186.78637981414795 57.669464111328125 186.78637981414795 77.28068542480469 177.30337524414062 77.28068542480469
177.3412322998047 57.90998077392578 186.85157775878906 57.90998077392578 186.85157775878906 77.1957836151123 177.3412322998047 77.1957836151123
177.39454650878906 57.50053787231445 186.89593696594238 57.50053787231445 186.89593696594238 77.56304931640625 177.39454650878906 77.56304931640625
177.71044921875 57.77587890625 187.37588691711426 57.77587890625 187.37588691711426 77.67914962768555 177.71044921875 77.67914962768555
177.8029327392578 57.54375076293945 187.77783393859863 57.54375076293945 187.77783393859863 78.13335227966309 177.8029327392578 78.13335227966309
177.93917846679688 57.731422424316406 187.84800148010254 57.731422424316406 187.84800148010254 78.48437309265137 177.93917846679688 78.48437309265137
177.82073974609375 57.73712921142578 188.03726959228516 57.73712921142578 188.03726959228516 78.1368408203125 177.82073974609375 78.1368408203125
177.91127014160156 57.770835876464844 188.59346103668213 57.770835876464844 188.59346103668213 78.19560623168945 177.91127014160156 78.19560623168945
178.17709350585938 58.437767028808594 188.7655086517334 58.437767028808594 188.7655086517334 78.43372535705566 178.17709350585938 78.43372535705566
178.09783935546875 59.074462890625 188.98117065429688 59.074462890625 188.98117065429688 78.62583541870117 178.09783935546875 78.62583541870117
178.4538116455078 59.0539436340332 188.8727035522461 59.0539436340332 188.8727035522461 78.74974060058594 178.4538116455078 78.74974060058594
179.10987854003906 59.75000762939453 189.52071285247803 59.75000762939453 189.52071285247803 78.80131912231445 179.10987854003906 78.80131912231445
179.4585418701172 58.492462158203125 190.2465238571167 58.492462158203125 190.2465238571167 78.52274131774902 179.4585418701172 78.52274131774902
179.82260131835938 58.60517120361328 190.3176784515381 58.60517120361328 190.3176784515381 78.75385856628418 179.82260131835938 78.75385856628418
179.92062377929688 59.13274002075195 190.12672233581543 59.13274002075195 190.12672233581543 78.89534759521484 179.92062377929688 78.89534759521484
179.72006225585938 59.3374137878418 190.07406902313232 59.3374137878418 190.07406902313232 79.1351432800293 179.72006225585938 79.1351432800293
179.64894104003906 58.541748046875 189.99610710144043 58.541748046875 189.99610710144043 78.66400146484375 179.64894104003906 78.66400146484375
179.97848510742188 58.96955490112305 189.8926830291748 58.96955490112305 189.8926830291748 78.72528076171875 179.97848510742188 78.72528076171875
180.2747039794922 59.304359436035156 190.06017971038818 59.304359436035156 190.06017971038818 78.78304290771484 180.2747039794922 78.78304290771484
180.7616729736328 59.7614860534668 190.62873077392578 59.7614860534668 190.62873077392578 79.19581413269043 180.7616729736328 79.19581413269043
180.9210968017578 59.71422576904297 191.16088676452637 59.71422576904297 191.16088676452637 79.41686630249023 180.9210968017578 79.41686630249023
180.8767547607422 59.661170959472656 191.7899980545044 59.661170959472656 191.7899980545044 79.5443344116211 180.8767547607422 79.5443344116211
181.3166961669922 60.35988235473633 191.95158576965332 60.35988235473633 191.95158576965332 79.8422622680664 181.3166961669922 79.8422622680664
181.89430236816406 60.431915283203125 192.10143280029297 60.431915283203125 192.10143280029297 79.96607780456543 181.89430236816406 79.96607780456543
181.90277099609375 60.58278274536133 192.0979881286621 60.58278274536133 192.0979881286621 79.9122543334961 181.90277099609375 79.9122543334961
181.9536590576172 59.9447021484375 192.1494197845459 59.9447021484375 192.1494197845459 80.33489227294922 181.9536590576172 80.33489227294922
181.9990234375 61.009727478027344 191.90803813934326 61.009727478027344 191.90803813934326 80.05666923522949 181.9990234375 80.05666923522949
181.8227081298828 60.26067352294922 191.5660171508789 60.26067352294922 191.5660171508789 80.32806777954102 181.8227081298828 80.32806777954102
182.2274627685547 60.47983932495117 192.1225175857544 60.47983932495117 192.1225175857544 80.77052879333496 182.2274627685547 80.77052879333496
182.198974609375 60.61260986328125 191.99225902557373 60.61260986328125 191.99225902557373 81.07761001586914 182.198974609375 81.07761001586914
182.4411163330078 61.4888916015625 192.27389335632324 61.4888916015625 192.27389335632324 81.11969947814941 182.4411163330078 81.11969947814941
182.43556213378906 60.755592346191406 192.43164730072021 60.755592346191406 192.43164730072021 81.22797775268555 182.43556213378906 81.22797775268555
182.87835693359375 60.9112548828125 193.0630922317505 60.9112548828125 193.0630922317505 81.06502723693848 182.87835693359375 81.06502723693848
183.06832885742188 61.53642654418945 193.29725170135498 61.53642654418945 193.29725170135498 81.7203369140625 183.06832885742188 81.7203369140625
182.94000244140625 61.659263610839844 193.40063762664795 61.659263610839844 193.40063762664795 81.6570816040039 182.94000244140625 81.6570816040039
183.06954956054688 61.190284729003906 193.32708358764648 61.190284729003906 193.32708358764648 81.7552661895752 183.06954956054688 81.7552661895752
183.5691680908203 61.957794189453125 193.0200834274292 61.957794189453125 193.0200834274292 81.5827522277832 183.5691680908203 81.5827522277832
183.58160400390625 61.854637145996094 192.67781734466553 61.854637145996094 192.67781734466553 81.73838996887207 183.58160400390625 81.73838996887207
184.12989807128906 62.664695739746094 193.16252613067627 62.664695739746094 193.16252613067627 82.07554244995117 184.12989807128906 82.07554244995117
184.1441650390625 62.94563674926758 193.13943767547607 62.94563674926758 193.13943767547607 82.17060470581055 184.1441650390625 82.17060470581055
184.54965209960938 62.537315368652344 193.48388195037842 62.537315368652344 193.48388195037842 81.85049629211426 184.54965209960938 81.85049629211426
184.5208740234375 62.6268196105957 193.35880661010742 62.6268196105957 193.35880661010742 82.21391677856445 184.5208740234375 82.21391677856445
184.92062377929688 62.57025909423828 193.94923496246338 62.57025909423828 193.94923496246338 82.66637420654297 184.92062377929688 82.66637420654297
184.97842407226562 62.6748046875 194.12021350860596 62.6748046875 194.12021350860596 82.76737403869629 184.97842407226562 82.76737403869629
184.94638061523438 62.978187561035156 194.20935249328613 62.978187561035156 194.20935249328613 82.96539688110352 184.94638061523438 82.96539688110352
185.22048950195312 62.93446731567383 194.46410179138184 62.93446731567383 194.46410179138184 83.14202880859375 185.22048950195312 83.14202880859375
185.5607452392578 62.8784065246582 194.62581062316895 62.8784065246582 194.62581062316895 83.07291030883789 185.5607452392578 83.07291030883789
185.6842803955078 63.66864776611328 194.99491500854492 63.66864776611328 194.99491500854492 84.01284980773926 185.6842803955078 84.01284980773926
185.76095581054688 63.670677185058594 194.9105348587036 63.670677185058594 194.9105348587036 83.40198135375977 185.76095581054688 83.40198135375977
186.49978637695312 64.32784271240234 195.18392944335938 64.32784271240234 195.18392944335938 84.14241218566895 186.49978637695312 84.14241218566895
186.72312927246094 63.86711502075195 195.4829740524292 63.86711502075195 195.4829740524292 83.74759292602539 186.72312927246094 83.74759292602539
186.9705810546875 64.09049987792969 195.65786838531494 64.09049987792969 195.65786838531494 84.31287002563477 186.9705810546875 84.31287002563477
187.1357421875 63.96793746948242 195.56295776367188 63.96793746948242 195.56295776367188 84.4990005493164 187.1357421875 84.4990005493164
187.46487426757812 64.03034973144531 195.97409534454346 64.03034973144531 195.97409534454346 84.28261375427246 187.46487426757812 84.28261375427246
187.72604370117188 64.3181381225586 196.59802532196045 64.3181381225586 196.59802532196045 84.9559555053711 187.72604370117188 84.9559555053711
187.99281311035156 64.57470703125 196.8148422241211 64.57470703125 196.8148422241211 84.98518943786621 187.99281311035156 84.98518943786621
188.1315155029297 65.63826751708984 196.86892890930176 65.63826751708984 196.86892890930176 85.26334953308105 188.1315155029297 85.26334953308105
188.42098999023438 64.25276184082031 197.41136932373047 64.25276184082031 197.41136932373047 85.38970756530762 188.42098999023438 85.38970756530762
188.612548828125 64.42235565185547 197.73537158966064 64.42235565185547 197.73537158966064 85.41497421264648 188.612548828125 85.41497421264648
188.9561004638672 64.85604858398438 198.22774982452393 64.85604858398438 198.22774982452393 85.17038345336914 188.9561004638672 85.17038345336914
189.15609741210938 65.34327697753906 198.51059913635254 65.34327697753906 198.51059913635254 86.03249549865723 189.15609741210938 86.03249549865723
189.6193084716797 65.09675598144531 199.6274356842041 65.09675598144531 199.6274356842041 86.11606979370117 189.6193084716797 86.11606979370117
189.78993225097656 64.56648254394531 199.76014137268066 64.56648254394531 199.76014137268066 86.03867149353027 189.78993225097656 86.03867149353027
190.0619659423828 65.15372467041016 200.36437797546387 65.15372467041016 200.36437797546387 86.4604263305664 190.0619659423828 86.4604263305664
190.44265747070312 66.09374237060547 200.04965019226074 66.09374237060547 200.04965019226074 86.15407180786133 190.44265747070312 86.15407180786133
190.83700561523438 66.75022888183594 200.68561172485352 66.75022888183594 200.68561172485352 86.53711891174316 190.83700561523438 86.53711891174316
190.6190948486328 66.25324249267578 200.4206838607788 66.25324249267578 200.4206838607788 86.26208114624023 190.6190948486328 86.26208114624023
191.36865234375 66.14619445800781 200.96888542175293 66.14619445800781 200.96888542175293 86.16428756713867 191.36865234375 86.16428756713867
191.0726318359375 66.43687438964844 200.88055229187012 66.43687438964844 200.88055229187012 87.01656723022461 191.0726318359375 87.01656723022461
191.16636657714844 66.7591552734375 200.75082969665527 66.7591552734375 200.75082969665527 87.33373260498047 191.16636657714844 87.33373260498047
191.38070678710938 66.7734375 200.67902088165283 66.7734375 200.67902088165283 87.2184066772461 191.38070678710938 87.2184066772461
191.3327178955078 67.46269226074219 200.44707489013672 67.46269226074219 200.44707489013672 87.42429733276367 191.3327178955078 87.42429733276367
191.8278350830078 67.10033416748047 200.87755966186523 67.10033416748047 200.87755966186523 87.46777725219727 191.8278350830078 87.46777725219727
191.86605834960938 67.37214660644531 200.98979091644287 67.37214660644531 200.98979091644287 88.45076179504395 191.86605834960938 88.45076179504395
192.2724609375 67.01924896240234 201.37409591674805 67.01924896240234 201.37409591674805 87.88097953796387 192.2724609375 87.88097953796387
192.0770263671875 68.03028869628906 201.36342811584473 68.03028869628906 201.36342811584473 87.96062088012695 192.0770263671875 87.96062088012695
192.06610107421875 68.015869140625 201.48108196258545 68.015869140625 201.48108196258545 88.73056983947754 192.06610107421875 88.73056983947754
192.6063232421875 67.7950439453125 201.8630247116089 67.7950439453125 201.8630247116089 88.75558090209961 192.6063232421875 88.75558090209961
192.59722900390625 67.63684844970703 201.7015781402588 67.63684844970703 201.7015781402588 87.89603042602539 192.59722900390625 87.89603042602539
192.5582733154297 68.13197326660156 201.7054615020752 68.13197326660156 201.7054615020752 88.60768699645996 192.5582733154297 88.60768699645996
192.65489196777344 68.84232330322266 201.83673477172852 68.84232330322266 201.83673477172852 88.52721786499023 192.65489196777344 88.52721786499023
192.9409637451172 67.89266967773438 201.72753429412842 67.89266967773438 201.72753429412842 88.79312705993652 192.9409637451172 88.79312705993652
193.104248046875 68.37226867675781 202.57324981689453 68.37226867675781 202.57324981689453 89.26434707641602 193.104248046875 89.26434707641602
193.08193969726562 69.10382843017578 202.0279722213745 69.10382843017578 202.0279722213745 89.08486557006836 193.08193969726562 89.08486557006836
193.71298217773438 69.63831329345703 202.73661422729492 69.63831329345703 202.73661422729492 89.5543327331543 193.71298217773438 89.5543327331543
193.71453857421875 68.92472076416016 202.85836791992188 68.92472076416016 202.85836791992188 89.49212455749512 193.71453857421875 89.49212455749512
194.67074584960938 70.23478698730469 203.41600799560547 70.23478698730469 203.41600799560547 89.82552146911621 194.67074584960938 89.82552146911621
194.57774353027344 69.52124786376953 203.56836128234863 69.52124786376953 203.56836128234863 90.35804176330566 194.57774353027344 90.35804176330566
194.8583221435547 70.58597564697266 203.72007179260254 70.58597564697266 203.72007179260254 90.82599067687988 194.8583221435547 90.82599067687988
195.1241455078125 70.1236343383789 203.922700881958 70.1236343383789 203.922700881958 90.39812469482422 195.1241455078125 90.39812469482422
195.2193145751953 69.87150573730469 204.15660285949707 69.87150573730469 204.15660285949707 90.79022598266602 195.2193145751953 90.79022598266602
195.37001037597656 70.0058822631836 204.32943630218506 70.0058822631836 204.32943630218506 90.45189476013184 195.37001037597656 90.45189476013184
195.6269989013672 70.48433685302734 204.54589176177979 70.48433685302734 204.54589176177979 90.86139106750488 195.6269989013672 90.86139106750488
195.77383422851562 70.1545639038086 204.68430519104004 70.1545639038086 204.68430519104004 90.67644500732422 195.77383422851562 90.67644500732422
196.52896118164062 70.77403259277344 205.6860113143921 70.77403259277344 205.6860113143921 91.42024612426758 196.52896118164062 91.42024612426758
196.8540802001953 70.17445373535156 206.0832576751709 70.17445373535156 206.0832576751709 91.48586654663086 196.8540802001953 91.48586654663086
197.03399658203125 70.84977722167969 206.3209171295166 70.84977722167969 206.3209171295166 92.03746604919434 197.03399658203125 92.03746604919434
197.5133056640625 71.90637969970703 206.7300910949707 71.90637969970703 206.7300910949707 92.41997146606445 197.5133056640625 92.41997146606445
197.49435424804688 70.77693939208984 206.7144260406494 70.77693939208984 206.7144260406494 92.15911293029785 197.49435424804688 92.15911293029785
197.761474609375 71.33446502685547 206.88361644744873 71.33446502685547 206.88361644744873 92.18276977539062 197.761474609375 92.18276977539062
198.16976928710938 71.85176849365234 207.37350940704346 71.85176849365234 207.37350940704346 91.92568969726562 198.16976928710938 91.92568969726562
198.4497833251953 71.48827362060547 207.98276138305664 71.48827362060547 207.98276138305664 92.86412239074707 198.4497833251953 92.86412239074707
198.16749572753906 71.0547103881836 208.24545192718506 71.0547103881836 208.24545192718506 92.09706497192383 198.16749572753906 92.09706497192383
198.9100341796875 71.19786071777344 209.36474800109863 71.19786071777344 209.36474800109863 92.86511611938477 198.9100341796875 92.86511611938477
199.48031616210938 71.7113037109375 209.33679008483887 71.7113037109375 209.33679008483887 93.29328918457031 199.48031616210938 93.29328918457031
199.98941040039062 71.57035827636719 209.99489879608154 71.57035827636719 209.99489879608154 93.36413955688477 199.98941040039062 93.36413955688477
200.300048828125 72.08180236816406 210.3287992477417 72.08180236816406 210.3287992477417 93.9151668548584 200.300048828125 93.9151668548584
201.2647247314453 73.15609741210938 210.91516017913818 73.15609741210938 210.91516017913818 94.17050361633301 201.2647247314453 94.17050361633301
201.38343811035156 72.13111877441406 211.39123344421387 72.13111877441406 211.39123344421387 93.32680130004883 201.38343811035156 93.32680130004883
201.4020233154297 73.61471557617188 211.49567985534668 73.61471557617188 211.49567985534668 94.24483299255371 201.4020233154297 94.24483299255371
201.7262420654297 73.98844146728516 212.1943302154541 73.98844146728516 212.1943302154541 94.01212310791016 201.7262420654297 94.01212310791016
202.6120147705078 74.2605972290039 212.6516933441162 74.2605972290039 212.6516933441162 94.40790939331055 202.6120147705078 94.40790939331055
203.461181640625 74.26747131347656 213.85570335388184 74.26747131347656 213.85570335388184 94.90815353393555 203.461181640625 94.90815353393555
203.8227996826172 74.13916015625 213.90942573547363 74.13916015625 213.90942573547363 94.76699447631836 203.8227996826172 94.76699447631836
202.67208862304688 73.85121154785156 214.5885534286499 73.85121154785156 214.5885534286499 94.7631607055664 202.67208862304688 94.7631607055664
203.9679412841797 75.68719482421875 214.0547170639038 75.68719482421875 214.0547170639038 95.09300994873047 203.9679412841797 95.09300994873047
205.1946258544922 75.31898498535156 215.0221939086914 75.31898498535156 215.0221939086914 95.41995239257812 205.1946258544922 95.41995239257812
205.0775146484375 75.10609436035156 215.1444034576416 75.10609436035156 215.1444034576416 95.16985702514648 205.0775146484375 95.16985702514648
204.7431182861328 74.88346862792969 215.51650524139404 74.88346862792969 215.51650524139404 96.03848648071289 204.7431182861328 96.03848648071289
205.52932739257812 75.51374816894531 215.47997856140137 75.51374816894531 215.47997856140137 95.70430946350098 205.52932739257812 95.70430946350098
205.2371368408203 75.756103515625 215.8009738922119 75.756103515625 215.8009738922119 95.6608657836914 205.2371368408203 95.6608657836914
205.5852813720703 76.46631622314453 216.00207042694092 76.46631622314453 216.00207042694092 95.83086013793945 205.5852813720703 95.83086013793945
205.7138671875 75.54173278808594 216.02700233459473 75.54173278808594 216.02700233459473 95.91666603088379 205.7138671875 95.91666603088379
205.97756958007812 75.8526840209961 215.99624824523926 75.8526840209961 215.99624824523926 96.2876205444336 205.97756958007812 96.2876205444336
205.473388671875 76.60453033447266 215.52498531341553 76.60453033447266 215.52498531341553 96.10336685180664 205.473388671875 96.10336685180664
205.4148406982422 75.66020202636719 215.4136610031128 75.66020202636719 215.4136610031128 96.47524452209473 205.4148406982422 96.47524452209473
205.4730987548828 76.58210754394531 215.31856536865234 76.58210754394531 215.31856536865234 96.35353660583496 205.4730987548828 96.35353660583496
205.5861053466797 77.03797912597656 215.29691123962402 77.03797912597656 215.29691123962402 96.64865303039551 205.5861053466797 96.64865303039551
205.7948760986328 76.79209899902344 215.89715385437012 76.79209899902344 215.89715385437012 96.86393356323242 205.7948760986328 96.86393356323242
205.9351043701172 76.38330841064453 215.82151317596436 76.38330841064453 215.82151317596436 96.71718406677246 205.9351043701172 96.71718406677246
206.0703887939453 76.11430358886719 215.86392498016357 76.11430358886719 215.86392498016357 96.71284484863281 206.0703887939453 96.71284484863281
206.1308135986328 76.47453308105469 215.70703983306885 76.47453308105469 215.70703983306885 96.79193687438965 206.1308135986328 96.79193687438965
206.11038208007812 77.2291259765625 215.07471466064453 77.2291259765625 215.07471466064453 96.61152648925781 206.11038208007812 96.61152648925781
206.19064331054688 76.7712173461914 214.97401428222656 76.7712173461914 214.97401428222656 96.5067138671875 206.19064331054688 96.5067138671875
206.27090454101562 77.1421890258789 215.13339138031006 77.1421890258789 215.13339138031006 97.06472396850586 206.27090454101562 97.06472396850586
206.4423370361328 77.72650146484375 214.96777153015137 77.72650146484375 214.96777153015137 96.79362869262695 206.4423370361328 96.79362869262695
206.6916046142578 77.67921447753906 215.53672695159912 77.67921447753906 215.53672695159912 98.02864456176758 206.6916046142578 98.02864456176758
206.5712890625 78.1973648071289 215.55214977264404 78.1973648071289 215.55214977264404 97.69624900817871 206.5712890625 97.69624900817871
206.6929473876953 77.02372741699219 215.84264755249023 77.02372741699219 215.84264755249023 97.8536205291748 206.6929473876953 97.8536205291748
207.36947631835938 78.60594177246094 216.71959114074707 78.60594177246094 216.71959114074707 98.26211166381836 207.36947631835938 98.26211166381836
207.5016632080078 79.11500549316406 216.7794370651245 79.11500549316406 216.7794370651245 98.55797386169434 207.5016632080078 98.55797386169434
207.7113037109375 78.95562744140625 216.8228521347046 78.95562744140625 216.8228521347046 98.71998405456543 207.7113037109375 98.71998405456543
