179.0 163.0 199.0 163.0 199.0 206.0 179.0 206.0
180.87982177734375 164.62545776367188 200.4252586364746 164.62545776367188 200.4252586364746 206.11919403076172 180.87982177734375 206.11919403076172
180.80467224121094 164.67982482910156 200.67549324035645 164.67982482910156 200.67549324035645 206.49898147583008 180.80467224121094 206.49898147583008
181.98617553710938 165.52993774414062 202.55743789672852 165.52993774414062 202.55743789672852 205.88097763061523 181.98617553710938 205.88097763061523
181.87057495117188 165.80764770507812 202.61763381958008 165.80764770507812 202.61763381958008 206.46259307861328 181.87057495117188 206.46259307861328
181.91407775878906 165.65170288085938 202.99619674682617 165.65170288085938 202.99619674682617 206.80552673339844 181.91407775878906 206.80552673339844
184.1064910888672 163.64016723632812 205.38935661315918 163.64016723632812 205.38935661315918 206.0285758972168 184.1064910888672 206.0285758972168
182.68093872070312 163.6343536376953 204.24425888061523 163.6343536376953 204.24425888061523 205.56519317626953 182.68093872070312 205.56519317626953
187.55209350585938 161.83290100097656 208.19852828979492 161.83290100097656 208.19852828979492 206.22272872924805 187.55209350585938 206.22272872924805
190.43927001953125 162.7937469482422 212.3141326904297 162.7937469482422 212.3141326904297 205.63518524169922 190.43927001953125 205.63518524169922
191.3184814453125 164.1844482421875 212.48793601989746 164.1844482421875 212.48793601989746 207.10150909423828 191.3184814453125 207.10150909423828
190.82521057128906 164.33432006835938 211.92590141296387 164.33432006835938 211.92590141296387 206.13604736328125 190.82521057128906 206.13604736328125
192.37118530273438 163.24984741210938 214.3487663269043 163.24984741210938 214.3487663269043 205.5660057067871 192.37118530273438 205.5660057067871
193.11788940429688 165.0445098876953 214.43770790100098 165.0445098876953 214.43770790100098 206.83414840698242 193.11788940429688 206.83414840698242
194.64797973632812 162.93478393554688 216.0175666809082 162.93478393554688 216.0175666809082 205.25672149658203 194.64797973632812 205.25672149658203
195.75735473632812 164.49954223632812 216.57798194885254 164.49954223632812 216.57798194885254 205.8079833984375 195.75735473632812 205.8079833984375
197.29354858398438 162.55325317382812 217.38412857055664 162.55325317382812 217.38412857055664 206.31351470947266 197.29354858398438 206.31351470947266
196.55113220214844 161.4617156982422 217.50109481811523 161.4617156982422 217.50109481811523 206.14614486694336 196.55113220214844 206.14614486694336
200.0841064453125 163.85403442382812 219.96319007873535 163.85403442382812 219.96319007873535 206.93906021118164 200.0841064453125 206.93906021118164
199.86705017089844 163.37060546875 219.72139358520508 163.37060546875 219.72139358520508 206.6379623413086 199.86705017089844 206.6379623413086
201.93008422851562 162.56515502929688 221.5577392578125 162.56515502929688 221.5577392578125 207.4795913696289 201.93008422851562 207.4795913696289
201.6029510498047 162.9939422607422 220.8457145690918 162.9939422607422 220.8457145690918 207.3129005432129 201.6029510498047 207.3129005432129
203.80335998535156 163.49295043945312 223.76514053344727 163.49295043945312 223.76514053344727 208.90612030029297 203.80335998535156 208.90612030029297
203.6580352783203 162.56698608398438 223.23117637634277 162.56698608398438 223.23117637634277 208.2187728881836 203.6580352783203 208.2187728881836
205.83804321289062 163.42233276367188 225.77731704711914 163.42233276367188 225.77731704711914 208.85088729858398 205.83804321289062 208.85088729858398
205.86813354492188 164.9536895751953 225.1023826599121 164.9536895751953 225.1023826599121 208.42977142333984 205.86813354492188 208.42977142333984
208.3241424560547 163.38473510742188 228.5593433380127 163.38473510742188 228.5593433380127 207.03121185302734 208.3241424560547 207.03121185302734
208.53079223632812 163.86117553710938 227.9746913909912 163.86117553710938 227.9746913909912 207.82461547851562 208.53079223632812 207.82461547851562
210.58584594726562 162.8142547607422 230.6515235900879 162.8142547607422 230.6515235900879 206.14838409423828 210.58584594726562 206.14838409423828
210.77505493164062 162.4973602294922 231.13941192626953 162.4973602294922 231.13941192626953 206.84183883666992 210.77505493164062 206.84183883666992
212.79296875 163.5265350341797 232.63492965698242 163.5265350341797 232.63492965698242 207.21486282348633 212.79296875 207.21486282348633
213.16085815429688 163.00222778320312 233.5888843536377 163.00222778320312 233.5888843536377 206.7565803527832 213.16085815429688 206.7565803527832
216.2091522216797 164.37612915039062 236.55104064941406 164.37612915039062 236.55104064941406 207.67394256591797 216.2091522216797 207.67394256591797
215.63088989257812 162.95700073242188 236.11077308654785 162.95700073242188 236.11077308654785 206.94720840454102 215.63088989257812 206.94720840454102
217.52182006835938 161.53053283691406 238.84727478027344 161.53053283691406 238.84727478027344 206.57001495361328 217.52182006835938 206.57001495361328
217.85794067382812 161.09616088867188 239.67428588867188 161.09616088867188 239.67428588867188 207.16899871826172 217.85794067382812 207.16899871826172
220.9034423828125 163.09487915039062 242.6809024810791 163.09487915039062 242.6809024810791 207.56729125976562 220.9034423828125 207.56729125976562
221.3479461669922 163.06007385253906 242.90336418151855 163.06007385253906 242.90336418151855 207.36099243164062 221.3479461669922 207.36099243164062
221.9793701171875 165.2257080078125 243.82343673706055 165.2257080078125 243.82343673706055 208.12352752685547 221.9793701171875 208.12352752685547
224.161865234375 164.3511505126953 245.0812759399414 164.3511505126953 245.0812759399414 208.40731811523438 224.161865234375 208.40731811523438
223.6309051513672 162.69241333007812 245.07170486450195 162.69241333007812 245.07170486450195 207.9000358581543 223.6309051513672 207.9000358581543
226.2435302734375 162.80331420898438 247.54315376281738 162.80331420898438 247.54315376281738 208.58867645263672 226.2435302734375 208.58867645263672
227.9924774169922 160.58590698242188 249.59708976745605 160.58590698242188 249.59708976745605 206.24503326416016 227.9924774169922 206.24503326416016
228.13345336914062 161.41189575195312 250.19762802124023 161.41189575195312 250.19762802124023 206.97073364257812 228.13345336914062 206.97073364257812
229.0346221923828 162.51693725585938 250.26655769348145 162.51693725585938 250.26655769348145 207.66261672973633 229.0346221923828 207.66261672973633
230.7779083251953 160.7660675048828 252.99045944213867 160.7660675048828 252.99045944213867 207.39019012451172 230.7779083251953 207.39019012451172
231.20706176757812 161.76290893554688 252.89606475830078 161.76290893554688 252.89606475830078 208.16046905517578 231.20706176757812 208.16046905517578
233.3099822998047 161.7779083251953 254.42831802368164 161.7779083251953 254.42831802368164 209.09474182128906 233.3099822998047 209.09474182128906
234.0138702392578 164.33670043945312 254.61714363098145 164.33670043945312 254.61714363098145 209.7750473022461 234.0138702392578 209.7750473022461
235.54837036132812 162.97616577148438 255.38393020629883 162.97616577148438 255.38393020629883 211.19545364379883 235.54837036132812 211.19545364379883
235.4493408203125 164.2489471435547 255.28795433044434 164.2489471435547 255.28795433044434 211.9208984375 235.4493408203125 211.9208984375
237.3425750732422 165.3534393310547 257.36594581604004 165.3534393310547 257.36594581604004 210.90010452270508 237.3425750732422 210.90010452270508
237.35787963867188 165.6876983642578 257.14803886413574 165.6876983642578 257.14803886413574 211.3877830505371 237.35787963867188 211.3877830505371
238.62863159179688 165.63076782226562 258.1882038116455 165.63076782226562 258.1882038116455 212.0982437133789 238.62863159179688 212.0982437133789
239.20608520507812 166.72433471679688 257.87504386901855 166.72433471679688 257.87504386901855 211.89912796020508 239.20608520507812 211.89912796020508
239.9981689453125 165.26116943359375 259.9431953430176 165.26116943359375 259.9431953430176 212.04550170898438 239.9981689453125 212.04550170898438
240.3389892578125 165.87918090820312 259.5149898529053 165.87918090820312 259.5149898529053 211.3590850830078 240.3389892578125 211.3590850830078
241.91748046875 162.63223266601562 262.32668685913086 162.63223266601562 262.32668685913086 209.9295997619629 241.91748046875 209.9295997619629
241.91024780273438 165.50106811523438 261.616024017334 165.50106811523438 261.616024017334 211.32428741455078 241.91024780273438 211.32428741455078
244.0212860107422 164.50375366210938 264.3997383117676 164.50375366210938 264.3997383117676 209.89354705810547 244.0212860107422 209.89354705810547
243.61447143554688 164.34085083007812 263.6684322357178 164.34085083007812 263.6684322357178 209.64396286010742 243.61447143554688 209.64396286010742
246.0215606689453 164.2983856201172 265.3406219482422 164.2983856201172 265.3406219482422 208.32926177978516 246.0215606689453 208.32926177978516
246.1536865234375 164.44314575195312 265.63430404663086 164.44314575195312 265.63430404663086 208.83893585205078 246.1536865234375 208.83893585205078
248.0429229736328 164.25265502929688 268.07162857055664 164.25265502929688 268.07162857055664 207.80913925170898 248.0429229736328 207.80913925170898
247.7967987060547 164.548828125 267.843412399292 164.548828125 267.843412399292 207.22766876220703 247.7967987060547 207.22766876220703
250.4298858642578 164.00942993164062 271.1403217315674 164.00942993164062 271.1403217315674 208.59989166259766 250.4298858642578 208.59989166259766
250.01443481445312 163.15199279785156 271.11376762390137 163.15199279785156 271.11376762390137 208.98023223876953 250.01443481445312 208.98023223876953
251.9105682373047 162.53907775878906 274.14402198791504 162.53907775878906 274.14402198791504 208.6023178100586 251.9105682373047 208.6023178100586
252.6072998046875 163.34054565429688 274.4639549255371 163.34054565429688 274.4639549255371 207.9886474609375 252.6072998046875 207.9886474609375
255.5758056640625 163.64102172851562 277.3585662841797 163.64102172851562 277.3585662841797 209.5906753540039 255.5758056640625 209.5906753540039
255.3396453857422 164.2762451171875 277.42092514038086 164.2762451171875 277.42092514038086 209.12755966186523 255.3396453857422 209.12755966186523
257.5090637207031 165.07351684570312 279.3716926574707 165.07351684570312 279.3716926574707 210.37450790405273 257.5090637207031 210.37450790405273
258.6553955078125 165.14312744140625 281.40566635131836 165.14312744140625 281.40566635131836 211.75475311279297 258.6553955078125 211.75475311279297
260.56036376953125 164.8299560546875 282.43150520324707 164.8299560546875 282.43150520324707 211.5821762084961 260.56036376953125 211.5821762084961
261.1309814453125 165.5017547607422 282.7768497467041 165.5017547607422 282.7768497467041 212.47066497802734 261.1309814453125 212.47066497802734
263.58935546875 167.59959411621094 285.70270347595215 167.59959411621094 285.70270347595215 213.37030410766602 263.58935546875 213.37030410766602
263.6553649902344 166.1767578125 285.9901123046875 166.1767578125 285.9901123046875 213.1971206665039 263.6553649902344 213.1971206665039
265.199462890625 167.88388061523438 286.9262943267822 167.88388061523438 286.9262943267822 215.47808074951172 265.199462890625 215.47808074951172
265.48663330078125 167.75588989257812 286.97210693359375 167.75588989257812 286.97210693359375 215.54285430908203 265.48663330078125 215.54285430908203
267.3763427734375 167.92144775390625 288.65510177612305 167.92144775390625 288.65510177612305 217.82157516479492 267.3763427734375 217.82157516479492
267.0479736328125 167.23483276367188 288.4973907470703 167.23483276367188 288.4973907470703 218.7235336303711 267.0479736328125 218.7235336303711
268.3241882324219 166.9437713623047 290.21494483947754 166.9437713623047 290.21494483947754 217.54427337646484 268.3241882324219 217.54427337646484
268.4556579589844 168.25279235839844 290.31710624694824 168.25279235839844 290.31710624694824 217.7224349975586 268.4556579589844 217.7224349975586
269.7827453613281 168.8262939453125 291.9813861846924 168.8262939453125 291.9813861846924 218.78960418701172 269.7827453613281 218.78960418701172
270.3223876953125 171.63705444335938 292.03551483154297 171.63705444335938 292.03551483154297 219.74849319458008 270.3223876953125 219.74849319458008
270.6697692871094 168.58680725097656 293.4641361236572 168.58680725097656 293.4641361236572 219.13417434692383 270.6697692871094 219.13417434692383
270.7408142089844 168.24017333984375 293.05363273620605 168.24017333984375 293.05363273620605 218.70811080932617 270.7408142089844 218.70811080932617
270.88909912109375 167.94541931152344 293.209285736084 167.94541931152344 293.209285736084 218.54485702514648 270.88909912109375 218.54485702514648
271.4599914550781 166.85379028320312 294.63064193725586 166.85379028320312 294.63064193725586 218.7829360961914 271.4599914550781 218.7829360961914
271.3576965332031 164.92977905273438 294.5486698150635 164.92977905273438 294.5486698150635 217.63020706176758 271.3576965332031 217.63020706176758
272.6206359863281 164.93963623046875 295.76354789733887 164.93963623046875 295.76354789733887 216.1069221496582 272.6206359863281 216.1069221496582
273.923828125 166.5043487548828 296.6845359802246 166.5043487548828 296.6845359802246 217.4525909423828 273.923828125 217.4525909423828
273.7494201660156 166.170166015625 296.96671295166016 166.170166015625 296.96671295166016 217.25921630859375 273.7494201660156 217.25921630859375
274.3349914550781 165.31739807128906 297.066442489624 165.31739807128906 297.066442489624 217.47033309936523 274.3349914550781 217.47033309936523
274.1282958984375 164.7662811279297 297.7555637359619 164.7662811279297 297.7555637359619 216.86835479736328 274.1282958984375 216.86835479736328
274.40374755859375 163.83480834960938 298.0975646972656 163.83480834960938 298.0975646972656 217.5866813659668 274.40374755859375 217.5866813659668
276.0876159667969 164.4442138671875 299.544771194458 164.4442138671875 299.544771194458 218.2960319519043 276.0876159667969 218.2960319519043
275.3660583496094 163.6798553466797 299.42446517944336 163.6798553466797 299.42446517944336 216.88155364990234 275.3660583496094 216.88155364990234
276.274658203125 166.01626586914062 300.02771949768066 166.01626586914062 300.02771949768066 218.52954864501953 276.274658203125 218.52954864501953
276.3317565917969 164.86587524414062 299.91021728515625 164.86587524414062 299.91021728515625 218.1491928100586 276.3317565917969 218.1491928100586
277.52386474609375 165.65988159179688 300.69993591308594 165.65988159179688 300.69993591308594 218.83533477783203 277.52386474609375 218.83533477783203
277.2034606933594 166.99588012695312 300.3755187988281 166.99588012695312 300.3755187988281 219.27885818481445 277.2034606933594 219.27885818481445
278.59246826171875 166.6356201171875 301.8395080566406 166.6356201171875 301.8395080566406 219.1566162109375 278.59246826171875 219.1566162109375
278.47662353515625 165.28880310058594 302.28658294677734 165.28880310058594 302.28658294677734 220.0284080505371 278.47662353515625 220.0284080505371
278.3504333496094 166.94659423828125 302.3545894622803 166.94659423828125 302.3545894622803 220.81427764892578 278.3504333496094 220.81427764892578
278.59051513671875 167.73509216308594 302.4878807067871 167.73509216308594 302.4878807067871 220.08245086669922 278.59051513671875 220.08245086669922
279.9266357421875 169.51235961914062 302.8988742828369 169.51235961914062 302.8988742828369 222.69900512695312 279.9266357421875 222.69900512695312
279.564453125 169.19955444335938 303.0140800476074 169.19955444335938 303.0140800476074 221.52906036376953 279.564453125 221.52906036376953
280.59881591796875 168.85574340820312 303.8928699493408 168.85574340820312 303.8928699493408 221.82258224487305 280.59881591796875 221.82258224487305
280.8704833984375 168.34283447265625 304.0875492095947 168.34283447265625 304.0875492095947 221.51816940307617 280.8704833984375 221.51816940307617
280.64593505859375 167.78390502929688 304.1102828979492 167.78390502929688 304.1102828979492 222.5660285949707 280.64593505859375 222.5660285949707
280.87200927734375 167.93655395507812 304.2533149719238 167.93655395507812 304.2533149719238 222.45885467529297 280.87200927734375 222.45885467529297
281.26531982421875 166.95948791503906 304.48377990722656 166.95948791503906 304.48377990722656 222.38684463500977 281.26531982421875 222.38684463500977
281.69195556640625 168.17543029785156 305.21276092529297 168.17543029785156 305.21276092529297 223.5797348022461 281.69195556640625 223.5797348022461
282.67523193359375 168.64859008789062 306.2591190338135 168.64859008789062 306.2591190338135 223.01546478271484 282.67523193359375 223.01546478271484
281.65374755859375 165.5229034423828 305.834415435791 165.5229034423828 305.834415435791 221.2104721069336 281.65374755859375 221.2104721069336
282.182373046875 164.04298400878906 306.9920177459717 164.04298400878906 306.9920177459717 221.67807388305664 282.182373046875 221.67807388305664
281.944580078125 164.99652099609375 306.8379783630371 164.99652099609375 306.8379783630371 221.63774490356445 281.944580078125 221.63774490356445
283.4339294433594 168.2540283203125 307.2929801940918 168.2540283203125 307.2929801940918 223.6807746887207 283.4339294433594 223.6807746887207
282.46783447265625 165.62081909179688 307.5087013244629 165.62081909179688 307.5087013244629 222.40444946289062 282.46783447265625 222.40444946289062
282.2911682128906 166.69781494140625 307.09996604919434 166.69781494140625 307.09996604919434 222.4006118774414 282.2911682128906 222.4006118774414
282.2591857910156 166.5430908203125 307.5006046295166 166.5430908203125 307.5006046295166 222.20352935791016 282.2591857910156 222.20352935791016
282.08135986328125 167.9194793701172 306.6390781402588 167.9194793701172 306.6390781402588 222.8325653076172 282.08135986328125 222.8325653076172
282.5754089355469 165.78677368164062 307.54638290405273 165.78677368164062 307.54638290405273 223.08121490478516 282.5754089355469 223.08121490478516
281.71136474609375 166.620849609375 306.8443260192871 166.620849609375 306.8443260192871 225.1446418762207 281.71136474609375 225.1446418762207
281.9261474609375 165.71011352539062 307.4582328796387 165.71011352539062 307.4582328796387 225.58116912841797 281.9261474609375 225.58116912841797
281.83843994140625 167.00921630859375 306.58797454833984 167.00921630859375 306.58797454833984 226.33436965942383 281.83843994140625 226.33436965942383
281.26910400390625 164.8673858642578 306.7386131286621 164.8673858642578 306.7386131286621 225.0464210510254 281.26910400390625 225.0464210510254
281.62786865234375 167.19447326660156 306.111759185791 167.19447326660156 306.111759185791 226.2824363708496 281.62786865234375 226.2824363708496
282.2476806640625 166.6492156982422 306.7952117919922 166.6492156982422 306.7952117919922 226.11112213134766 282.2476806640625 226.11112213134766
281.0699768066406 167.45742797851562 304.9618797302246 167.45742797851562 304.9618797302246 225.99325561523438 281.0699768066406 225.99325561523438
281.8934631347656 167.82943725585938 305.7891426086426 167.82943725585938 305.7891426086426 227.06974029541016 281.8934631347656 227.06974029541016
280.75262451171875 167.26600646972656 305.185848236084 167.26600646972656 305.185848236084 227.3890151977539 280.75262451171875 227.3890151977539
280.83953857421875 166.73211669921875 305.0245895385742 166.73211669921875 305.0245895385742 226.61849975585938 280.83953857421875 226.61849975585938
280.9630432128906 167.488037109375 304.85682678222656 167.488037109375 304.85682678222656 226.91582107543945 280.9630432128906 226.91582107543945
280.77618408203125 167.49172973632812 305.39856147766113 167.49172973632812 305.39856147766113 226.69734954833984 280.77618408203125 226.69734954833984
280.2835693359375 164.46206665039062 305.6958599090576 164.46206665039062 305.6958599090576 225.7892074584961 280.2835693359375 225.7892074584961
280.66546630859375 165.55076599121094 305.85558319091797 165.55076599121094 305.85558319091797 226.78973770141602 280.66546630859375 226.78973770141602
281.69573974609375 168.53060913085938 305.9326591491699 168.53060913085938 305.9326591491699 228.62000274658203 281.69573974609375 228.62000274658203
280.5622253417969 165.91580200195312 305.99560928344727 165.91580200195312 305.99560928344727 227.4070816040039 280.5622253417969 227.4070816040039
282.27716064453125 168.0653839111328 307.6541862487793 168.0653839111328 307.6541862487793 228.77280044555664 282.27716064453125 228.77280044555664
281.7018127441406 169.80886840820312 306.4648971557617 169.80886840820312 306.4648971557617 228.6811752319336 281.7018127441406 228.6811752319336
282.5747985839844 169.6136932373047 308.2232208251953 169.6136932373047 308.2232208251953 229.14505767822266 282.5747985839844 229.14505767822266
282.9127502441406 167.96731567382812 308.170618057251 167.96731567382812 308.170618057251 228.61101531982422 282.9127502441406 228.61101531982422
282.9717712402344 166.55807495117188 309.0151023864746 166.55807495117188 309.0151023864746 228.21707153320312 282.9717712402344 228.21707153320312
283.581787109375 170.00747680664062 309.2718105316162 170.00747680664062 309.2718105316162 230.48248291015625 283.581787109375 230.48248291015625
283.00543212890625 168.6613006591797 309.63367080688477 168.6613006591797 309.63367080688477 230.1530990600586 283.00543212890625 230.1530990600586
282.4507751464844 167.7227783203125 309.23536109924316 167.7227783203125 309.23536109924316 229.47775268554688 282.4507751464844 229.47775268554688
283.44769287109375 168.18751525878906 310.60791397094727 168.18751525878906 310.60791397094727 230.19556427001953 283.44769287109375 230.19556427001953
283.9681701660156 169.3848114013672 310.5223083496094 169.3848114013672 310.5223083496094 230.6781768798828 283.9681701660156 230.6781768798828
284.8416442871094 169.9169158935547 311.0562400817871 169.9169158935547 311.0562400817871 231.63439559936523 284.8416442871094 231.63439559936523
284.19708251953125 168.8487548828125 310.76026916503906 168.8487548828125 310.76026916503906 230.86982345581055 284.19708251953125 230.86982345581055
283.91375732421875 168.8641815185547 311.3566474914551 168.8641815185547 311.3566474914551 231.46767807006836 283.91375732421875 231.46767807006836
283.72247314453125 168.34115600585938 310.9460334777832 168.34115600585938 310.9460334777832 231.25067901611328 283.72247314453125 231.25067901611328
283.3904113769531 168.52996826171875 311.0514335632324 168.52996826171875 311.0514335632324 231.86255645751953 283.3904113769531 231.86255645751953
284.31988525390625 169.13009643554688 311.44385147094727 169.13009643554688 311.44385147094727 233.58300018310547 284.31988525390625 233.58300018310547
283.4393005371094 169.3946990966797 310.0520820617676 169.3946990966797 310.0520820617676 234.2168731689453 283.4393005371094 234.2168731689453
283.85821533203125 170.5928497314453 310.0534782409668 170.5928497314453 310.0534782409668 233.75159072875977 283.85821533203125 233.75159072875977
282.4226379394531 169.51084899902344 309.64409828186035 169.51084899902344 309.64409828186035 233.83424377441406 282.4226379394531 233.83424377441406
282.81439208984375 170.40713500976562 308.7505683898926 170.40713500976562 308.7505683898926 234.91908264160156 282.81439208984375 234.91908264160156
