348.0 235.0 364.0 235.0 364.0 267.0 348.0 267.0
341.8835144042969 231.05142211914062 357.95470809936523 231.05142211914062 357.95470809936523 262.6931400299072 341.8835144042969 262.6931400299072
331.62835693359375 223.75228881835938 347.19971466064453 223.75228881835938 347.19971466064453 255.60497093200684 331.62835693359375 255.60497093200684
326.4591369628906 220.2743682861328 341.79615592956543 220.2743682861328 341.79615592956543 251.58774375915527 326.4591369628906 251.58774375915527
316.9530334472656 213.984130859375 331.7519130706787 213.984130859375 331.7519130706787 244.7150173187256 316.9530334472656 244.7150173187256
312.1286926269531 210.923583984375 326.759259223938 210.923583984375 326.759259223938 241.55285263061523 312.1286926269531 241.55285263061523
302.6259460449219 204.8188018798828 317.1860103607178 204.8188018798828 317.1860103607178 234.91355895996094 302.6259460449219 234.91355895996094
298.0983581542969 201.52125549316406 312.6074266433716 201.52125549316406 312.6074266433716 231.29808044433594 298.0983581542969 231.29808044433594
291.71063232421875 196.88116455078125 305.5735273361206 196.88116455078125 305.5735273361206 226.0921115875244 291.71063232421875 226.0921115875244
283.9808654785156 190.921875 297.5438632965088 190.921875 297.5438632965088 220.38578414916992 283.9808654785156 220.38578414916992
279.46990966796875 188.3571014404297 293.5673551559448 188.3571014404297 293.5673551559448 217.3732089996338 279.46990966796875 217.3732089996338
271.97625732421875 182.7880096435547 285.6567735671997 182.7880096435547 285.6567735671997 211.28375625610352 271.97625732421875 211.28375625610352
268.54339599609375 180.3265838623047 281.94266986846924 180.3265838623047 281.94266986846924 209.0842990875244 268.54339599609375 209.0842990875244
260.9288024902344 176.3099365234375 274.9680633544922 176.3099365234375 274.9680633544922 204.63981246948242 260.9288024902344 204.63981246948242
257.59271240234375 174.35635375976562 271.07079315185547 174.35635375976562 271.07079315185547 202.5574893951416 257.59271240234375 202.5574893951416
254.59091186523438 171.38589477539062 268.00343322753906 171.38589477539062 268.00343322753906 200.5596218109131 254.59091186523438 200.5596218109131
247.48220825195312 167.01583862304688 261.2536897659302 167.01583862304688 261.2536897659302 194.69125366210938 247.48220825195312 194.69125366210938
240.9296875 162.22325134277344 254.67369079589844 162.22325134277344 254.67369079589844 189.91826820373535 240.9296875 189.91826820373535
237.8628387451172 160.64076232910156 251.1425428390503 160.64076232910156 251.1425428390503 188.79062271118164 237.8628387451172 188.79062271118164
232.39083862304688 155.91384887695312 245.36699867248535 155.91384887695312 245.36699867248535 183.6746940612793 232.39083862304688 183.6746940612793
228.791015625 153.320068359375 242.10214805603027 153.320068359375 242.10214805603027 180.6097869873047 228.791015625 180.6097869873047
222.956787109375 149.30955505371094 236.19693279266357 149.30955505371094 236.19693279266357 176.41970443725586 222.956787109375 176.41970443725586
218.60513305664062 145.85243225097656 231.6666774749756 145.85243225097656 231.6666774749756 173.60805702209473 218.60513305664062 173.60805702209473
213.0332794189453 142.4950714111328 226.07668113708496 142.4950714111328 226.07668113708496 170.23194885253906 213.0332794189453 170.23194885253906
210.0633087158203 140.61514282226562 222.82532691955566 140.61514282226562 222.82532691955566 168.12397384643555 210.0633087158203 168.12397384643555
207.312255859375 140.93875122070312 220.9426727294922 140.93875122070312 220.9426727294922 167.91883850097656 207.312255859375 167.91883850097656
202.3265838623047 135.2786865234375 215.26447296142578 135.2786865234375 215.26447296142578 163.17864990234375 202.3265838623047 163.17864990234375
199.28700256347656 132.4480743408203 212.41767120361328 132.4480743408203 212.41767120361328 160.37851524353027 199.28700256347656 160.37851524353027
194.48773193359375 130.77578735351562 207.13493824005127 130.77578735351562 207.13493824005127 157.71969032287598 194.48773193359375 157.71969032287598
192.16981506347656 129.48947143554688 204.84896087646484 129.48947143554688 204.84896087646484 156.40139770507812 192.16981506347656 156.40139770507812
187.1901092529297 125.2186279296875 200.13011646270752 125.2186279296875 200.13011646270752 152.46243858337402 187.1901092529297 152.46243858337402
184.92196655273438 124.69252014160156 197.17985820770264 124.69252014160156 197.17985820770264 151.57677268981934 184.92196655273438 151.57677268981934
180.51626586914062 121.48870849609375 193.09792709350586 121.48870849609375 193.09792709350586 148.29413986206055 180.51626586914062 148.29413986206055
177.78732299804688 119.15438079833984 189.75592231750488 119.15438079833984 189.75592231750488 145.20819282531738 177.78732299804688 145.20819282531738
174.24794006347656 117.21784973144531 186.2283878326416 117.21784973144531 186.2283878326416 143.88587379455566 174.24794006347656 143.88587379455566
171.57931518554688 114.9104995727539 183.5041732788086 114.9104995727539 183.5041732788086 141.21760177612305 171.57931518554688 141.21760177612305
167.51588439941406 112.3375015258789 180.75857257843018 112.3375015258789 180.75857257843018 138.55474090576172 167.51588439941406 138.55474090576172
165.02684020996094 110.2134017944336 177.44994068145752 110.2134017944336 177.44994068145752 136.49251556396484 165.02684020996094 136.49251556396484
161.47169494628906 109.3856430053711 173.46115016937256 109.3856430053711 173.46115016937256 134.52335929870605 161.47169494628906 134.52335929870605
159.9526824951172 108.2047119140625 172.60026741027832 108.2047119140625 172.60026741027832 133.87550926208496 159.9526824951172 133.87550926208496
156.89588928222656 104.57865905761719 169.892240524292 104.57865905761719 169.892240524292 130.38706588745117 156.89588928222656 130.38706588745117
154.72084045410156 103.1458740234375 166.88966464996338 103.1458740234375 166.88966464996338 129.03366088867188 154.72084045410156 129.03366088867188
151.50381469726562 101.21514129638672 164.01459217071533 101.21514129638672 164.01459217071533 126.80376625061035 151.50381469726562 126.80376625061035
150.12509155273438 99.24723815917969 162.2660675048828 99.24723815917969 162.2660675048828 125.12661170959473 150.12509155273438 125.12661170959473
148.6998748779297 98.32345581054688 161.29443836212158 98.32345581054688 161.29443836212158 124.5180549621582 148.6998748779297 124.5180549621582
145.72430419921875 96.50230407714844 158.07050323486328 96.50230407714844 158.07050323486328 121.79117393493652 145.72430419921875 121.79117393493652
144.9491424560547 95.30098724365234 157.3501443862915 95.30098724365234 157.3501443862915 120.66997528076172 144.9491424560547 120.66997528076172
142.1638641357422 93.09501647949219 154.36540699005127 93.09501647949219 154.36540699005127 118.12367057800293 142.1638641357422 118.12367057800293
141.0111083984375 90.86502838134766 153.28750038146973 90.86502838134766 153.28750038146973 116.82845878601074 141.0111083984375 116.82845878601074
138.40476989746094 88.88836669921875 150.99189472198486 88.88836669921875 150.99189472198486 114.38528442382812 138.40476989746094 114.38528442382812
137.3005828857422 87.99335479736328 149.4760036468506 87.99335479736328 149.4760036468506 113.58586311340332 137.3005828857422 113.58586311340332
135.4456329345703 85.4545669555664 147.38738632202148 85.4545669555664 147.38738632202148 111.44947052001953 135.4456329345703 111.44947052001953
134.5081329345703 85.4353256225586 146.6239185333252 85.4353256225586 146.6239185333252 110.66639709472656 134.5081329345703 110.66639709472656
132.83676147460938 85.30805206298828 145.1200771331787 85.30805206298828 145.1200771331787 110.4058666229248 132.83676147460938 110.4058666229248
130.21034240722656 82.67882537841797 142.65562629699707 82.67882537841797 142.65562629699707 107.86083602905273 130.21034240722656 107.86083602905273
127.61470031738281 80.8980712890625 140.06497287750244 80.8980712890625 140.06497287750244 105.54763793945312 127.61470031738281 105.54763793945312
126.8086929321289 79.32695007324219 138.63599109649658 79.32695007324219 138.63599109649658 104.31791687011719 126.8086929321289 104.31791687011719
125.23065185546875 79.2588119506836 136.98424434661865 79.2588119506836 136.98424434661865 103.7249641418457 125.23065185546875 103.7249641418457
123.49638366699219 77.01410675048828 135.30817413330078 77.01410675048828 135.30817413330078 101.71089744567871 123.49638366699219 101.71089744567871
122.08970642089844 75.32347106933594 134.3461799621582 75.32347106933594 134.3461799621582 100.6038875579834 122.08970642089844 100.6038875579834
119.82672119140625 74.28980255126953 131.6099624633789 74.28980255126953 131.6099624633789 98.68195724487305 119.82672119140625 98.68195724487305
118.92765808105469 72.75267791748047 131.05237770080566 72.75267791748047 131.05237770080566 97.8252067565918 118.92765808105469 97.8252067565918
116.76798248291016 71.33638763427734 129.00447463989258 71.33638763427734 129.00447463989258 96.61622619628906 116.76798248291016 96.61622619628906
115.46170806884766 71.74932861328125 127.15735912322998 71.74932861328125 127.15735912322998 95.70941925048828 115.46170806884766 95.70941925048828
114.07379150390625 69.58052062988281 126.48040199279785 69.58052062988281 126.48040199279785 94.24526596069336 114.07379150390625 94.24526596069336
112.79576110839844 68.28654479980469 125.01192855834961 68.28654479980469 125.01192855834961 92.93828773498535 112.79576110839844 92.93828773498535
110.4955825805664 66.39148712158203 123.2997407913208 66.39148712158203 123.2997407913208 91.74019241333008 110.4955825805664 91.74019241333008
109.64515686035156 66.1140365600586 121.48212146759033 66.1140365600586 121.48212146759033 90.57525825500488 109.64515686035156 90.57525825500488
108.0073471069336 65.80613708496094 120.20373344421387 65.80613708496094 120.20373344421387 89.82266044616699 108.0073471069336 89.82266044616699
106.5495834350586 64.0052261352539 118.28194999694824 64.0052261352539 118.28194999694824 88.43575859069824 106.5495834350586 88.43575859069824
105.65504455566406 61.8862419128418 117.86881065368652 61.8862419128418 117.86881065368652 86.66943359375 105.65504455566406 86.66943359375
103.75006103515625 60.79437255859375 116.09690380096436 60.79437255859375 116.09690380096436 85.26478958129883 103.75006103515625 85.26478958129883
103.01513671875 60.729454040527344 115.2012825012207 60.729454040527344 115.2012825012207 85.20670700073242 103.01513671875 85.20670700073242
100.9959716796875 58.74364471435547 113.52754020690918 58.74364471435547 113.52754020690918 83.72134780883789 100.9959716796875 83.72134780883789
99.33241271972656 56.9085807800293 111.68582725524902 56.9085807800293 111.68582725524902 81.44300651550293 99.33241271972656 81.44300651550293
99.24526977539062 56.34626388549805 111.69244289398193 56.34626388549805 111.69244289398193 81.30540466308594 99.24526977539062 81.30540466308594
98.09329986572266 55.46470260620117 110.76210498809814 55.46470260620117 110.76210498809814 81.06956672668457 98.09329986572266 81.06956672668457
96.51934814453125 54.49335861206055 108.75213527679443 54.49335861206055 108.75213527679443 78.67685127258301 96.51934814453125 78.67685127258301
96.05924987792969 53.45146560668945 107.98341178894043 53.45146560668945 107.98341178894043 77.89077949523926 96.05924987792969 77.89077949523926
94.01741027832031 52.4748649597168 105.99457740783691 52.4748649597168 105.99457740783691 76.99642944335938 94.01741027832031 76.99642944335938
92.93896484375 51.06755065917969 105.49603462219238 51.06755065917969 105.49603462219238 75.72128295898438 92.93896484375 75.72128295898438
92.71126556396484 51.08829879760742 104.95269107818604 51.08829879760742 104.95269107818604 75.86542510986328 92.71126556396484 75.86542510986328
90.62152099609375 49.99397277832031 102.37725639343262 49.99397277832031 102.37725639343262 73.9047737121582 90.62152099609375 73.9047737121582
89.15528869628906 49.60480880737305 101.46076011657715 49.60480880737305 101.46076011657715 73.45138549804688 89.15528869628906 73.45138549804688
87.88582611083984 48.811527252197266 99.95751762390137 48.811527252197266 99.95751762390137 72.41630554199219 87.88582611083984 72.41630554199219
86.37552642822266 48.908939361572266 98.42626094818115 48.908939361572266 98.42626094818115 71.65652465820312 86.37552642822266 71.65652465820312
84.80863952636719 46.80610275268555 97.0734748840332 46.80610275268555 97.0734748840332 69.95242309570312 84.80863952636719 69.95242309570312
84.68510437011719 47.1332893371582 97.01949214935303 47.1332893371582 97.01949214935303 70.42548751831055 84.68510437011719 70.42548751831055
83.05462646484375 45.23809051513672 95.17038631439209 45.23809051513672 95.17038631439209 69.14796829223633 83.05462646484375 69.14796829223633
81.52671813964844 43.60681915283203 93.73359966278076 43.60681915283203 93.73359966278076 67.74142456054688 81.52671813964844 67.74142456054688
80.57054138183594 42.50303649902344 92.81640243530273 42.50303649902344 92.81640243530273 66.2775650024414 80.57054138183594 66.2775650024414
80.5525131225586 43.05827713012695 92.60725688934326 43.05827713012695 92.60725688934326 66.59979248046875 80.5525131225586 66.59979248046875
78.47360229492188 41.59214401245117 90.9424238204956 41.59214401245117 90.9424238204956 65.13758659362793 78.47360229492188 65.13758659362793
77.7031021118164 40.91849136352539 90.65541648864746 40.91849136352539 90.65541648864746 64.09572982788086 77.7031021118164 64.09572982788086
75.74606323242188 41.38407897949219 88.70342063903809 41.38407897949219 88.70342063903809 65.33976936340332 75.74606323242188 65.33976936340332
75.20357513427734 39.5904655456543 88.02875804901123 39.5904655456543 88.02875804901123 63.49828910827637 75.20357513427734 63.49828910827637
73.6407470703125 37.63160705566406 86.26908588409424 37.63160705566406 86.26908588409424 61.79707717895508 73.6407470703125 61.79707717895508
72.501953125 37.3488655090332 85.07656669616699 37.3488655090332 85.07656669616699 61.44081115722656 72.501953125 61.44081115722656
71.46493530273438 35.42828369140625 83.9734468460083 35.42828369140625 83.9734468460083 59.58220672607422 71.46493530273438 59.58220672607422
70.3146743774414 35.48400115966797 83.28931140899658 35.48400115966797 83.28931140899658 59.824031829833984 70.3146743774414 59.824031829833984
