307.0 222.0 362.0 222.0 362.0 260.0 307.0 260.0
307.0660095214844 222.0547332763672 361.8888969421387 222.0547332763672 361.8888969421387 259.90393829345703 307.0660095214844 259.90393829345703
301.7726135253906 217.3805694580078 354.7647476196289 217.3805694580078 354.7647476196289 254.62303924560547 301.7726135253906 254.62303924560547
301.75909423828125 217.62203979492188 354.7593765258789 217.62203979492188 354.7593765258789 254.46576690673828 301.75909423828125 254.46576690673828
301.5516357421875 217.5050811767578 354.57598876953125 217.5050811767578 354.57598876953125 254.60498046875 301.5516357421875 254.60498046875
294.1996154785156 212.37002563476562 349.11544036865234 212.37002563476562 349.11544036865234 247.57636642456055 294.1996154785156 247.57636642456055
293.94970703125 212.5230255126953 348.7341079711914 212.5230255126953 348.7341079711914 247.35282135009766 293.94970703125 247.35282135009766
288.4360046386719 207.9144287109375 341.5424919128418 207.9144287109375 341.5424919128418 242.52864456176758 288.4360046386719 242.52864456176758
288.21795654296875 207.7899169921875 341.3829040527344 207.7899169921875 341.3829040527344 242.48512649536133 288.21795654296875 242.48512649536133
283.0458679199219 204.10311889648438 336.3659858703613 204.10311889648438 336.3659858703613 237.63921737670898 283.0458679199219 237.63921737670898
283.059814453125 204.24346923828125 336.4327087402344 204.24346923828125 336.4327087402344 237.6827507019043 283.059814453125 237.6827507019043
277.53009033203125 200.2881317138672 330.95634841918945 200.2881317138672 330.95634841918945 233.5502700805664 277.53009033203125 233.5502700805664
277.65802001953125 200.33694458007812 330.6317253112793 200.33694458007812 330.6317253112793 233.44388580322266 277.65802001953125 233.44388580322266
271.0704040527344 195.0747833251953 323.47606658935547 195.0747833251953 323.47606658935547 227.35393524169922 271.0704040527344 227.35393524169922
271.16656494140625 195.18234252929688 323.5389175415039 195.18234252929688 323.5389175415039 227.2386131286621 271.16656494140625 227.2386131286621
271.115234375 195.23289489746094 322.50511932373047 195.23289489746094 322.50511932373047 226.9236602783203 271.115234375 226.9236602783203
265.41436767578125 190.32559204101562 316.9082450866699 190.32559204101562 316.9082450866699 222.83524322509766 265.41436767578125 222.83524322509766
265.4468994140625 190.2842559814453 317.07129669189453 190.2842559814453 317.07129669189453 222.88730239868164 265.4468994140625 222.88730239868164
260.945556640625 185.99740600585938 312.64619064331055 185.99740600585938 312.64619064331055 217.9946746826172 260.945556640625 217.9946746826172
261.349853515625 186.3802490234375 312.23072052001953 186.3802490234375 312.23072052001953 218.0402069091797 261.349853515625 218.0402069091797
255.30630493164062 181.90170288085938 307.2731246948242 181.90170288085938 307.2731246948242 213.96241760253906 255.30630493164062 213.96241760253906
255.46884155273438 181.77220153808594 307.2479476928711 181.77220153808594 307.2479476928711 213.88435745239258 255.46884155273438 213.88435745239258
255.4019317626953 181.86073303222656 307.5485153198242 181.86073303222656 307.5485153198242 214.05789947509766 255.4019317626953 214.05789947509766
250.1187744140625 176.61209106445312 300.98760986328125 176.61209106445312 300.98760986328125 207.95766258239746 250.1187744140625 207.95766258239746
250.5429229736328 176.5757598876953 301.5507125854492 176.5757598876953 301.5507125854492 207.90215492248535 250.5429229736328 207.90215492248535
244.87802124023438 173.09762573242188 295.0506362915039 173.09762573242188 295.0506362915039 204.39997482299805 244.87802124023438 204.39997482299805
244.3705596923828 173.37542724609375 294.09106063842773 173.37542724609375 294.09106063842773 204.42098999023438 244.3705596923828 204.42098999023438
240.63510131835938 169.5260467529297 290.20316314697266 169.5260467529297 290.20316314697266 200.53210830688477 240.63510131835938 200.53210830688477
240.44149780273438 169.759033203125 289.3279037475586 169.759033203125 289.3279037475586 200.57072830200195 240.44149780273438 200.57072830200195
237.1194305419922 166.9547119140625 284.5173110961914 166.9547119140625 284.5173110961914 197.44890213012695 237.1194305419922 197.44890213012695
237.6292266845703 167.2544403076172 284.8206672668457 167.2544403076172 284.8206672668457 197.2595672607422 237.6292266845703 197.2595672607422
232.2328338623047 163.43408203125 281.31031036376953 163.43408203125 281.31031036376953 193.73037719726562 232.2328338623047 193.73037719726562
231.9324493408203 163.4086456298828 280.5583801269531 163.4086456298828 280.5583801269531 193.90013694763184 231.9324493408203 193.90013694763184
231.6649627685547 163.44032287597656 280.2139205932617 163.44032287597656 280.2139205932617 194.0581455230713 231.6649627685547 194.0581455230713
226.5095672607422 159.06468200683594 274.31139755249023 159.06468200683594 274.31139755249023 188.61362075805664 226.5095672607422 188.61362075805664
226.0679931640625 159.03822326660156 272.92072677612305 159.03822326660156 272.92072677612305 188.53481674194336 226.0679931640625 188.53481674194336
223.2974395751953 155.3711395263672 268.77452087402344 155.3711395263672 268.77452087402344 185.12111473083496 223.2974395751953 185.12111473083496
223.31759643554688 155.40773010253906 269.7597122192383 155.40773010253906 269.7597122192383 185.36474609375 223.31759643554688 185.36474609375
219.190185546875 152.83169555664062 264.0465393066406 152.83169555664062 264.0465393066406 181.93418312072754 219.190185546875 181.93418312072754
219.09524536132812 152.6417236328125 264.2628402709961 152.6417236328125 264.2628402709961 182.02333068847656 219.09524536132812 182.02333068847656
215.53768920898438 149.8113555908203 260.15819931030273 149.8113555908203 260.15819931030273 178.56141090393066 215.53768920898438 178.56141090393066
215.75967407226562 149.8007354736328 260.94046783447266 149.8007354736328 260.94046783447266 178.21929931640625 215.75967407226562 178.21929931640625
215.7041473388672 149.7626495361328 260.5038375854492 149.7626495361328 260.5038375854492 178.33237648010254 215.7041473388672 178.33237648010254
211.885986328125 145.2515411376953 254.52281951904297 145.2515411376953 254.52281951904297 174.00292015075684 211.885986328125 174.00292015075684
211.7860870361328 145.70455932617188 254.65441513061523 145.70455932617188 254.65441513061523 174.26617431640625 211.7860870361328 174.26617431640625
207.867919921875 142.14413452148438 250.51071548461914 142.14413452148438 250.51071548461914 170.67919921875 207.867919921875 170.67919921875
208.1605987548828 142.11575317382812 251.0270767211914 142.11575317382812 251.0270767211914 170.60648155212402 208.1605987548828 170.60648155212402
207.8330841064453 142.33409118652344 250.5264434814453 142.33409118652344 250.5264434814453 170.73756408691406 207.8330841064453 170.73756408691406
203.25601196289062 138.56277465820312 245.27427673339844 138.56277465820312 245.27427673339844 166.55173873901367 203.25601196289062 166.55173873901367
203.0972442626953 138.3508758544922 245.04979705810547 138.3508758544922 245.04979705810547 166.5194435119629 203.0972442626953 166.5194435119629
199.7472381591797 135.63912963867188 241.25153350830078 135.63912963867188 241.25153350830078 163.27931594848633 199.7472381591797 163.27931594848633
199.67030334472656 135.65365600585938 241.10286712646484 135.65365600585938 241.10286712646484 163.29330444335938 199.67030334472656 163.29330444335938
199.8324432373047 135.57252502441406 240.74087142944336 135.57252502441406 240.74087142944336 163.3138942718506 199.8324432373047 163.3138942718506
196.75045776367188 132.76608276367188 236.07448196411133 132.76608276367188 236.07448196411133 160.55087280273438 196.75045776367188 160.55087280273438
196.68856811523438 132.75973510742188 236.31887435913086 132.75973510742188 236.31887435913086 160.49423217773438 196.68856811523438 160.49423217773438
193.58506774902344 129.90213012695312 233.42454147338867 129.90213012695312 233.42454147338867 157.38014793395996 193.58506774902344 157.38014793395996
189.14768981933594 127.73929595947266 229.97807693481445 127.73929595947266 229.97807693481445 155.154634475708 189.14768981933594 155.154634475708
188.98550415039062 127.55656433105469 229.74138641357422 127.55656433105469 229.74138641357422 154.8352756500244 188.98550415039062 154.8352756500244
189.18576049804688 127.69618225097656 230.00601959228516 127.69618225097656 230.00601959228516 155.03786659240723 189.18576049804688 155.03786659240723
184.55641174316406 124.13752746582031 223.4604721069336 124.13752746582031 223.4604721069336 151.14175987243652 184.55641174316406 151.14175987243652
184.63650512695312 124.2988052368164 223.8670883178711 124.2988052368164 223.8670883178711 150.93457794189453 184.63650512695312 150.93457794189453
182.46282958984375 122.21672058105469 220.34030151367188 122.21672058105469 220.34030151367188 148.5100975036621 182.46282958984375 148.5100975036621
182.630615234375 122.3436279296875 220.21339797973633 122.3436279296875 220.21339797973633 148.3649387359619 182.630615234375 148.3649387359619
177.84169006347656 118.86137390136719 215.84900283813477 118.86137390136719 215.84900283813477 145.9884796142578 177.84169006347656 145.9884796142578
178.22409057617188 119.14610290527344 216.2816047668457 119.14610290527344 216.2816047668457 146.08744430541992 178.22409057617188 146.08744430541992
177.97665405273438 119.23738861083984 215.7604217529297 119.23738861083984 215.7604217529297 146.18359565734863 177.97665405273438 146.18359565734863
175.54541015625 117.4901123046875 213.97907257080078 117.4901123046875 213.97907257080078 143.69772911071777 175.54541015625 143.69772911071777
175.80905151367188 117.85260009765625 213.88393020629883 117.85260009765625 213.88393020629883 143.56032752990723 175.80905151367188 143.56032752990723
172.19252014160156 114.46553039550781 209.32696151733398 114.46553039550781 209.32696151733398 140.39584350585938 172.19252014160156 140.39584350585938
171.37628173828125 114.2576904296875 208.37514114379883 114.2576904296875 208.37514114379883 140.5292205810547 171.37628173828125 140.5292205810547
168.20773315429688 110.51860046386719 206.2984504699707 110.51860046386719 206.2984504699707 137.83526611328125 168.20773315429688 137.83526611328125
167.58804321289062 110.3537368774414 205.32402801513672 110.3537368774414 205.32402801513672 137.7954330444336 167.58804321289062 137.7954330444336
164.98280334472656 107.9893569946289 204.25217056274414 107.9893569946289 204.25217056274414 135.44534492492676 164.98280334472656 135.44534492492676
165.04554748535156 108.03929138183594 204.28314971923828 108.03929138183594 204.28314971923828 135.32162857055664 165.04554748535156 135.32162857055664
162.34078979492188 106.15372467041016 202.03737258911133 106.15372467041016 202.03737258911133 132.95654106140137 162.34078979492188 132.95654106140137
161.62144470214844 106.01649475097656 201.65604400634766 106.01649475097656 201.65604400634766 132.95150756835938 161.62144470214844 132.95150756835938
162.33351135253906 106.4456558227539 201.77606964111328 106.4456558227539 201.77606964111328 132.8901653289795 162.33351135253906 132.8901653289795
160.2658233642578 103.7673568725586 198.65114974975586 103.7673568725586 198.65114974975586 130.11675262451172 160.2658233642578 130.11675262451172
160.50099182128906 104.1220703125 198.64348602294922 104.1220703125 198.64348602294922 130.09370040893555 160.50099182128906 130.09370040893555
157.39881896972656 102.01575469970703 195.76729583740234 102.01575469970703 195.76729583740234 126.87457084655762 157.39881896972656 126.87457084655762
157.69284057617188 102.4187240600586 195.9324188232422 102.4187240600586 195.9324188232422 127.01045227050781 157.69284057617188 127.01045227050781
158.2168731689453 102.38101196289062 196.49722290039062 102.38101196289062 196.49722290039062 126.99283027648926 158.2168731689453 126.99283027648926
155.57424926757812 101.25397491455078 193.26556015014648 101.25397491455078 193.26556015014648 124.76729011535645 155.57424926757812 124.76729011535645
155.11395263671875 101.58877563476562 192.80016326904297 101.58877563476562 192.80016326904297 124.95880699157715 155.11395263671875 124.95880699157715
153.61898803710938 98.74504089355469 190.92324829101562 98.74504089355469 190.92324829101562 122.39337539672852 153.61898803710938 122.39337539672852
153.4908905029297 98.74849700927734 190.8501205444336 98.74849700927734 190.8501205444336 122.5294075012207 153.4908905029297 122.5294075012207
148.41053771972656 95.24153137207031 186.3199462890625 95.24153137207031 186.3199462890625 119.3701057434082 148.41053771972656 119.3701057434082
148.7401123046875 94.93929290771484 186.65087509155273 94.93929290771484 186.65087509155273 119.12190628051758 148.7401123046875 119.12190628051758
146.31875610351562 93.87168884277344 184.83494186401367 93.87168884277344 184.83494186401367 118.53051376342773 146.31875610351562 118.53051376342773
145.74314880371094 93.21456909179688 184.36389923095703 93.21456909179688 184.36389923095703 117.98417663574219 145.74314880371094 117.98417663574219
141.6875762939453 91.99166107177734 178.48305892944336 91.99166107177734 178.48305892944336 116.54101181030273 141.6875762939453 116.54101181030273
142.4085693359375 92.02452087402344 179.08718490600586 92.02452087402344 179.08718490600586 116.42619705200195 142.4085693359375 116.42619705200195
142.63284301757812 92.21621704101562 179.15225982666016 92.21621704101562 179.15225982666016 116.38279914855957 142.63284301757812 116.38279914855957
140.69284057617188 90.67220306396484 177.6714324951172 90.67220306396484 177.6714324951172 115.4867992401123 140.69284057617188 115.4867992401123
141.06198120117188 90.83445739746094 178.59076309204102 90.83445739746094 178.59076309204102 115.69230079650879 141.06198120117188 115.69230079650879
137.629150390625 87.91202545166016 175.14035415649414 87.91202545166016 175.14035415649414 113.02935981750488 137.629150390625 113.02935981750488
137.41250610351562 88.16828918457031 174.78958892822266 88.16828918457031 174.78958892822266 113.18579483032227 137.41250610351562 113.18579483032227
137.9595489501953 88.34800720214844 175.1040496826172 88.34800720214844 175.1040496826172 113.04942893981934 137.9595489501953 113.04942893981934
136.79714965820312 86.0311279296875 173.3054313659668 86.0311279296875 173.3054313659668 111.2865104675293 136.79714965820312 111.2865104675293
136.3998260498047 86.32254791259766 172.59098052978516 86.32254791259766 172.59098052978516 111.3132381439209 136.3998260498047 111.3132381439209
133.9304656982422 84.9460678100586 170.56918334960938 84.9460678100586 170.56918334960938 109.5589370727539 133.9304656982422 109.5589370727539
133.50473022460938 84.97203826904297 169.9466552734375 84.97203826904297 169.9466552734375 109.52009963989258 133.50473022460938 109.52009963989258
131.7193145751953 82.3675765991211 168.99722290039062 82.3675765991211 168.99722290039062 106.85629653930664 131.7193145751953 106.85629653930664
132.2645721435547 82.47383117675781 169.74181365966797 82.47383117675781 169.74181365966797 106.79954147338867 132.2645721435547 106.79954147338867
129.9845428466797 80.4173583984375 166.68938446044922 80.4173583984375 166.68938446044922 104.88567161560059 129.9845428466797 104.88567161560059
129.49554443359375 80.4297103881836 166.39009857177734 80.4297103881836 166.39009857177734 104.91768646240234 129.49554443359375 104.91768646240234
128.14476013183594 78.9490737915039 164.2427101135254 78.9490737915039 164.2427101135254 103.01386642456055 128.14476013183594 103.01386642456055
127.52748107910156 78.95772552490234 163.61403274536133 78.95772552490234 163.61403274536133 102.80741310119629 127.52748107910156 102.80741310119629
127.60211181640625 79.11882019042969 163.63769149780273 79.11882019042969 163.63769149780273 102.85696983337402 127.60211181640625 102.85696983337402
124.74577331542969 76.96870422363281 161.18610382080078 76.96870422363281 161.18610382080078 101.28107833862305 124.74577331542969 101.28107833862305
125.229736328125 76.8045883178711 162.05144500732422 76.8045883178711 162.05144500732422 101.27977180480957 125.229736328125 101.27977180480957
122.99261474609375 75.28665161132812 158.7743911743164 75.28665161132812 158.7743911743164 98.87394714355469 122.99261474609375 98.87394714355469
122.53963470458984 74.8858642578125 157.84324264526367 74.8858642578125 157.84324264526367 98.79369735717773 122.53963470458984 98.79369735717773
121.3717269897461 73.35189056396484 156.5108413696289 73.35189056396484 156.5108413696289 97.25559043884277 121.3717269897461 97.25559043884277
121.64385986328125 73.10926818847656 157.27935028076172 73.10926818847656 157.27935028076172 97.29648017883301 121.64385986328125 97.29648017883301
118.93345642089844 71.89115142822266 155.06151580810547 71.89115142822266 155.06151580810547 96.18634986877441 118.93345642089844 96.18634986877441
118.30387115478516 71.64134216308594 154.08266067504883 71.64134216308594 154.08266067504883 96.03775215148926 118.30387115478516 96.03775215148926
119.3373031616211 71.77989959716797 155.5993995666504 71.77989959716797 155.5993995666504 96.25204849243164 119.3373031616211 96.25204849243164
116.27874755859375 69.94377136230469 152.05442428588867 69.94377136230469 152.05442428588867 94.41624069213867 116.27874755859375 94.41624069213867
116.56597900390625 69.70603942871094 152.50968170166016 69.70603942871094 152.50968170166016 94.39153671264648 116.56597900390625 94.39153671264648
114.41451263427734 69.25484466552734 150.78001403808594 69.25484466552734 150.78001403808594 92.97038650512695 114.41451263427734 92.97038650512695
114.30857849121094 68.97859191894531 150.59465789794922 68.97859191894531 150.59465789794922 93.02862167358398 114.30857849121094 93.02862167358398
112.20201110839844 67.03776550292969 147.48026275634766 67.03776550292969 147.48026275634766 90.76527404785156 112.20201110839844 90.76527404785156
112.05525970458984 66.83857727050781 147.6224822998047 66.83857727050781 147.6224822998047 90.7891902923584 112.05525970458984 90.7891902923584
110.0887451171875 65.59798431396484 146.05756759643555 65.59798431396484 146.05756759643555 90.0616340637207 110.0887451171875 90.0616340637207
109.94923400878906 65.98213958740234 145.58964920043945 65.98213958740234 145.58964920043945 89.98745346069336 109.94923400878906 89.98745346069336
110.09385681152344 65.85917663574219 145.73956680297852 65.85917663574219 145.73956680297852 90.0461368560791 110.09385681152344 90.0461368560791
108.40132904052734 64.36673736572266 143.65097427368164 64.36673736572266 143.65097427368164 88.23787498474121 108.40132904052734 88.23787498474121
107.9300765991211 63.947242736816406 143.65062713623047 63.947242736816406 143.65062713623047 88.2276782989502 107.9300765991211 88.2276782989502
105.48829650878906 62.56757736206055 141.27366256713867 62.56757736206055 141.27366256713867 86.80695343017578 105.48829650878906 86.80695343017578
105.34419250488281 62.52911376953125 140.98143005371094 62.52911376953125 140.98143005371094 86.76112747192383 105.34419250488281 86.76112747192383
102.99543762207031 61.382232666015625 139.61212921142578 61.382232666015625 139.61212921142578 85.75737953186035 102.99543762207031 85.75737953186035
102.5926742553711 60.951499938964844 139.63046264648438 60.951499938964844 139.63046264648438 85.81473350524902 102.5926742553711 85.81473350524902
101.50772857666016 59.34185791015625 138.42589950561523 59.34185791015625 138.42589950561523 84.45839500427246 101.50772857666016 84.45839500427246
101.6002426147461 59.539207458496094 138.94320678710938 59.539207458496094 138.94320678710938 84.64438056945801 101.6002426147461 84.64438056945801
101.8740234375 59.79279327392578 138.39641952514648 59.79279327392578 138.39641952514648 84.40350532531738 101.8740234375 84.40350532531738
99.90826416015625 58.49290084838867 135.88987731933594 58.49290084838867 135.88987731933594 83.09034156799316 99.90826416015625 83.09034156799316
99.99137115478516 58.318702697753906 136.3732681274414 58.318702697753906 136.3732681274414 83.07765579223633 99.99137115478516 83.07765579223633
97.52299499511719 57.74784469604492 134.38002395629883 57.74784469604492 134.38002395629883 81.65646743774414 97.52299499511719 81.65646743774414
98.13001251220703 57.20318603515625 134.88037872314453 57.20318603515625 134.88037872314453 81.5980110168457 98.13001251220703 81.5980110168457
96.6607894897461 55.98848342895508 132.72112655639648 55.98848342895508 132.72112655639648 80.12125968933105 96.6607894897461 80.12125968933105
96.80949401855469 55.430747985839844 132.89347076416016 55.430747985839844 132.89347076416016 80.28213882446289 96.80949401855469 80.28213882446289
96.76409149169922 55.706886291503906 132.89027404785156 55.706886291503906 132.89027404785156 80.22062873840332 96.76409149169922 80.22062873840332
95.11827850341797 54.21178436279297 130.64981079101562 54.21178436279297 130.64981079101562 79.10769271850586 95.11827850341797 79.10769271850586
95.60140991210938 54.64204025268555 130.60566329956055 54.64204025268555 130.60566329956055 78.9362850189209 95.60140991210938 78.9362850189209
94.04729461669922 52.62311935424805 129.53496551513672 52.62311935424805 129.53496551513672 77.17449378967285 94.04729461669922 77.17449378967285
93.742919921875 52.99373245239258 128.90985870361328 52.99373245239258 128.90985870361328 77.06155586242676 93.742919921875 77.06155586242676
92.21757507324219 51.86986541748047 127.43798065185547 51.86986541748047 127.43798065185547 76.04655838012695 92.21757507324219 76.04655838012695
91.66609191894531 52.11620330810547 126.57588577270508 52.11620330810547 126.57588577270508 75.91326522827148 91.66609191894531 75.91326522827148
90.44551849365234 50.6220817565918 125.05248260498047 50.6220817565918 125.05248260498047 74.49883270263672 90.44551849365234 74.49883270263672
90.55784606933594 50.586509704589844 125.27022552490234 50.586509704589844 125.27022552490234 74.59086418151855 90.55784606933594 74.59086418151855
90.24935150146484 50.5990104675293 125.01168060302734 50.5990104675293 125.01168060302734 74.5847339630127 90.24935150146484 74.5847339630127
89.23660278320312 49.34614944458008 123.35469818115234 49.34614944458008 123.35469818115234 73.29079055786133 89.23660278320312 73.29079055786133
89.32015228271484 49.27861785888672 123.5545654296875 49.27861785888672 123.5545654296875 73.19697952270508 89.32015228271484 73.19697952270508
87.80763244628906 48.08769989013672 122.20822525024414 48.08769989013672 122.20822525024414 71.95049285888672 87.80763244628906 71.95049285888672
87.16928100585938 47.661190032958984 122.03686904907227 47.661190032958984 122.03686904907227 71.89470672607422 87.16928100585938 71.89470672607422
84.71739196777344 46.11772918701172 120.06299209594727 46.11772918701172 120.06299209594727 70.47954368591309 84.71739196777344 70.47954368591309
84.80757141113281 46.45454406738281 120.2083854675293 46.45454406738281 120.2083854675293 70.49274635314941 84.80757141113281 70.49274635314941
83.64619445800781 44.79630661010742 119.06554412841797 44.79630661010742 119.06554412841797 69.28425025939941 83.64619445800781 69.28425025939941
83.72434997558594 46.07505416870117 117.92570114135742 46.07505416870117 117.92570114135742 69.05301094055176 83.72434997558594 69.05301094055176
