148.0 170.0 179.0 170.0 179.0 267.0 148.0 267.0
150.78829956054688 174.5848388671875 181.81137466430664 174.5848388671875 181.81137466430664 266.94715881347656 150.78829956054688 266.94715881347656
150.79409790039062 174.3900146484375 181.91752243041992 174.3900146484375 181.91752243041992 267.2446060180664 150.79409790039062 267.2446060180664
153.73623657226562 174.0880584716797 185.52050399780273 174.0880584716797 185.52050399780273 265.1277770996094 153.73623657226562 265.1277770996094
153.92477416992188 174.75253295898438 185.29515647888184 174.75253295898438 185.29515647888184 265.0444869995117 153.92477416992188 265.0444869995117
157.23297119140625 174.1078643798828 188.3961944580078 174.1078643798828 188.3961944580078 267.71759033203125 157.23297119140625 267.71759033203125
157.66806030273438 175.72769165039062 188.00879287719727 175.72769165039062 188.00879287719727 267.2537307739258 157.66806030273438 267.2537307739258
159.99777221679688 174.47183227539062 189.25615882873535 174.47183227539062 189.25615882873535 270.39488220214844 159.99777221679688 270.39488220214844
160.21932983398438 175.19564819335938 189.0710506439209 175.19564819335938 189.0710506439209 270.46976470947266 160.21932983398438 270.46976470947266
160.12820434570312 175.26351928710938 189.18296432495117 175.26351928710938 189.18296432495117 270.4598846435547 160.12820434570312 270.4598846435547
162.09591674804688 171.43650817871094 191.00246620178223 171.43650817871094 191.00246620178223 270.4982681274414 162.09591674804688 270.4982681274414
162.73190307617188 172.12330627441406 191.15259170532227 172.12330627441406 191.15259170532227 269.24769592285156 162.73190307617188 269.24769592285156
163.35751342773438 170.62979125976562 192.06730270385742 170.62979125976562 192.06730270385742 265.3080291748047 163.35751342773438 265.3080291748047
163.6139678955078 171.58267211914062 192.26176071166992 171.58267211914062 192.26176071166992 266.2729034423828 163.6139678955078 266.2729034423828
164.59292602539062 163.61441040039062 195.9163932800293 163.61441040039062 195.9163932800293 261.62659454345703 164.59292602539062 261.62659454345703
165.70938110351562 167.5165557861328 194.3469295501709 167.5165557861328 194.3469295501709 262.55078125 165.70938110351562 262.55078125
170.38136291503906 167.3078155517578 198.84465408325195 167.3078155517578 198.84465408325195 264.36226654052734 170.38136291503906 264.36226654052734
169.82798767089844 168.51658630371094 197.9537353515625 168.51658630371094 197.9537353515625 263.5951232910156 169.82798767089844 263.5951232910156
169.69277954101562 167.8355712890625 197.78392601013184 167.8355712890625 197.78392601013184 262.4165267944336 169.69277954101562 262.4165267944336
173.3419189453125 165.54249572753906 203.6198844909668 165.54249572753906 203.6198844909668 260.28328704833984 173.3419189453125 260.28328704833984
174.9651336669922 165.77450561523438 203.2840175628662 165.77450561523438 203.2840175628662 265.4376754760742 174.9651336669922 265.4376754760742
175.5535430908203 164.0994415283203 204.39010620117188 164.0994415283203 204.39010620117188 267.2647476196289 175.5535430908203 267.2647476196289
180.17518615722656 165.8719940185547 210.53690719604492 165.8719940185547 210.53690719604492 267.51818084716797 180.17518615722656 267.51818084716797
180.12255859375 167.3490753173828 210.2684268951416 167.3490753173828 210.2684268951416 268.2425231933594 180.12255859375 268.2425231933594
184.23204040527344 164.9753875732422 214.3674201965332 164.9753875732422 214.3674201965332 267.7082748413086 184.23204040527344 267.7082748413086
184.23397827148438 165.16299438476562 214.40313148498535 165.16299438476562 214.40313148498535 268.37220001220703 184.23397827148438 268.37220001220703
184.3394317626953 164.26467895507812 214.4701633453369 164.26467895507812 214.4701633453369 267.95238494873047 184.3394317626953 267.95238494873047
186.84701538085938 164.65353393554688 216.43880653381348 164.65353393554688 216.43880653381348 270.62352752685547 186.84701538085938 270.62352752685547
187.01132202148438 162.95742797851562 216.66298866271973 162.95742797851562 216.66298866271973 269.25877380371094 187.01132202148438 269.25877380371094
190.28280639648438 166.2636260986328 219.08511352539062 166.2636260986328 219.08511352539062 270.123779296875 190.28280639648438 270.123779296875
189.76675415039062 165.91842651367188 218.57790565490723 165.91842651367188 218.57790565490723 269.42200469970703 189.76675415039062 269.42200469970703
189.02198791503906 166.43783569335938 218.2163543701172 166.43783569335938 218.2163543701172 269.1538772583008 189.02198791503906 269.1538772583008
193.01806640625 166.1164093017578 223.1502571105957 166.1164093017578 223.1502571105957 266.774169921875 193.01806640625 266.774169921875
192.86532592773438 165.57431030273438 223.09120178222656 165.57431030273438 223.09120178222656 266.19029235839844 192.86532592773438 266.19029235839844
193.43032836914062 165.4235382080078 223.35248184204102 165.4235382080078 223.35248184204102 265.87415313720703 193.43032836914062 265.87415313720703
196.1284637451172 167.43496704101562 226.21368789672852 167.43496704101562 226.21368789672852 267.3743438720703 196.1284637451172 267.3743438720703
195.8867645263672 165.2185821533203 226.46683883666992 165.2185821533203 226.46683883666992 266.4073944091797 195.8867645263672 266.4073944091797
196.33587646484375 165.5263214111328 227.12713623046875 165.5263214111328 227.12713623046875 267.90692138671875 196.33587646484375 267.90692138671875
198.4952850341797 165.2936248779297 228.44039344787598 165.2936248779297 228.44039344787598 267.13226318359375 198.4952850341797 267.13226318359375
198.29539489746094 167.2622833251953 228.92444801330566 167.2622833251953 228.92444801330566 269.0348892211914 198.29539489746094 269.0348892211914
206.0554656982422 171.89768981933594 235.50339698791504 171.89768981933594 235.50339698791504 270.56778717041016 206.0554656982422 270.56778717041016
205.0306854248047 168.84579467773438 235.1252498626709 168.84579467773438 235.1252498626709 268.58929443359375 205.0306854248047 268.58929443359375
207.8634033203125 167.71060180664062 238.40124893188477 167.71060180664062 238.40124893188477 267.86209869384766 207.8634033203125 267.86209869384766
206.63037109375 167.3788299560547 237.29163551330566 167.3788299560547 237.29163551330566 266.95689392089844 206.63037109375 266.95689392089844
207.69491577148438 168.42526245117188 238.21672439575195 168.42526245117188 238.21672439575195 269.00885009765625 207.69491577148438 269.00885009765625
208.087646484375 168.33006286621094 240.11196899414062 168.33006286621094 240.11196899414062 268.9728698730469 208.087646484375 268.9728698730469
208.39480590820312 168.8491973876953 240.07219314575195 168.8491973876953 240.07219314575195 269.4486999511719 208.39480590820312 269.4486999511719
211.13339233398438 166.6344451904297 242.48667335510254 166.6344451904297 242.48667335510254 274.07759857177734 211.13339233398438 274.07759857177734
210.8645477294922 165.80496215820312 242.65036392211914 165.80496215820312 242.65036392211914 274.62610626220703 210.8645477294922 274.62610626220703
214.02099609375 166.3550567626953 247.06501388549805 166.3550567626953 247.06501388549805 274.77223205566406 214.02099609375 274.77223205566406
213.95654296875 167.3448028564453 247.08061981201172 167.3448028564453 247.08061981201172 276.0162353515625 213.95654296875 276.0162353515625
214.5837860107422 166.69955444335938 247.82781600952148 166.69955444335938 247.82781600952148 275.0661315917969 214.5837860107422 275.0661315917969
218.05093383789062 165.15625 251.1439208984375 165.15625 251.1439208984375 271.73687744140625 218.05093383789062 271.73687744140625
217.88296508789062 164.5399627685547 251.19082260131836 164.5399627685547 251.19082260131836 272.1045837402344 217.88296508789062 272.1045837402344
221.18551635742188 165.37107849121094 253.96135711669922 165.37107849121094 253.96135711669922 269.68402099609375 221.18551635742188 269.68402099609375
221.4160614013672 162.87881469726562 254.51663208007812 162.87881469726562 254.51663208007812 269.0540237426758 221.4160614013672 269.0540237426758
221.0139923095703 165.5204620361328 253.47626495361328 165.5204620361328 253.47626495361328 269.0472946166992 221.0139923095703 269.0472946166992
224.2493133544922 165.7244873046875 256.6622772216797 165.7244873046875 256.6622772216797 270.0160903930664 224.2493133544922 270.0160903930664
224.7764434814453 165.39291381835938 257.28369903564453 165.39291381835938 257.28369903564453 269.9978713989258 224.7764434814453 269.9978713989258
227.40884399414062 167.97903442382812 259.754581451416 167.97903442382812 259.754581451416 269.42665100097656 227.40884399414062 269.42665100097656
227.56735229492188 168.12188720703125 259.71695709228516 168.12188720703125 259.71695709228516 270.0771789550781 227.56735229492188 270.0771789550781
229.3915557861328 169.88414001464844 260.85643577575684 169.88414001464844 260.85643577575684 268.7363586425781 229.3915557861328 268.7363586425781
230.1044158935547 169.15921020507812 261.76109886169434 169.15921020507812 261.76109886169434 269.1597137451172 230.1044158935547 269.1597137451172
231.9084930419922 172.75820922851562 262.5726718902588 172.75820922851562 262.5726718902588 268.39122772216797 231.9084930419922 268.39122772216797
231.9583740234375 172.7265167236328 262.8799285888672 172.7265167236328 262.8799285888672 268.47290802001953 231.9583740234375 268.47290802001953
232.0365447998047 172.0572052001953 263.2933750152588 172.0572052001953 263.2933750152588 269.0315933227539 232.0365447998047 269.0315933227539
231.84103393554688 170.67221069335938 263.6125431060791 170.67221069335938 263.6125431060791 270.9555435180664 231.84103393554688 270.9555435180664
231.8461151123047 171.40768432617188 263.541446685791 171.40768432617188 263.541446685791 270.4286117553711 231.8461151123047 270.4286117553711
232.2555389404297 170.16671752929688 263.987491607666 170.16671752929688 263.987491607666 270.3389663696289 232.2555389404297 270.3389663696289
232.69430541992188 167.5431671142578 265.18994903564453 167.5431671142578 265.18994903564453 267.2055358886719 232.69430541992188 267.2055358886719
233.31625366210938 170.11489868164062 265.2911567687988 170.11489868164062 265.2911567687988 268.3991012573242 233.31625366210938 268.3991012573242
235.02590942382812 168.8678436279297 266.3543128967285 168.8678436279297 266.3543128967285 269.2800979614258 235.02590942382812 269.2800979614258
235.2890167236328 168.67591857910156 267.0431880950928 168.67591857910156 267.0431880950928 270.5572509765625 235.2890167236328 270.5572509765625
237.48153686523438 170.2629852294922 268.04571533203125 170.2629852294922 268.04571533203125 271.3785705566406 237.48153686523438 271.3785705566406
236.986083984375 170.56454467773438 267.42978286743164 170.56454467773438 267.42978286743164 271.8288879394531 236.986083984375 271.8288879394531
236.5583038330078 170.519775390625 267.4800777435303 170.519775390625 267.4800777435303 271.12709045410156 236.5583038330078 271.12709045410156
239.9356231689453 172.09886169433594 270.2388515472412 172.09886169433594 270.2388515472412 269.68011474609375 239.9356231689453 269.68011474609375
240.4074249267578 172.84182739257812 270.85814476013184 172.84182739257812 270.85814476013184 271.9595184326172 240.4074249267578 271.9595184326172
243.052734375 172.65756225585938 273.0076541900635 172.65756225585938 273.0076541900635 273.30633544921875 243.052734375 273.30633544921875
243.10595703125 173.2266845703125 272.8342704772949 173.2266845703125 272.8342704772949 272.9753723144531 243.10595703125 272.9753723144531
244.19668579101562 171.3928680419922 274.3262882232666 171.3928680419922 274.3262882232666 271.82334899902344 244.19668579101562 271.82334899902344
244.45480346679688 171.21246337890625 274.69062423706055 171.21246337890625 274.69062423706055 272.3000717163086 244.45480346679688 272.3000717163086
244.54843139648438 170.694580078125 274.6156806945801 170.694580078125 274.6156806945801 271.33707427978516 244.54843139648438 271.33707427978516
245.4409637451172 170.005126953125 277.0773048400879 170.005126953125 277.0773048400879 269.00157165527344 245.4409637451172 269.00157165527344
245.7803192138672 169.86012268066406 277.4379425048828 169.86012268066406 277.4379425048828 269.1301727294922 245.7803192138672 269.1301727294922
245.2024383544922 170.41683959960938 276.5878715515137 170.41683959960938 276.5878715515137 268.1576690673828 245.2024383544922 268.1576690673828
247.0124969482422 170.5775909423828 278.31570053100586 170.5775909423828 278.31570053100586 269.68177795410156 247.0124969482422 269.68177795410156
246.808349609375 169.53817749023438 278.2060737609863 169.53817749023438 278.2060737609863 269.90428161621094 246.808349609375 269.90428161621094
247.3784637451172 169.9796600341797 278.45192527770996 169.9796600341797 278.45192527770996 269.5380859375 247.3784637451172 269.5380859375
247.09951782226562 170.9839324951172 278.2008399963379 170.9839324951172 278.2008399963379 269.9321517944336 247.09951782226562 269.9321517944336
247.3575897216797 169.43551635742188 278.29729080200195 169.43551635742188 278.29729080200195 269.695068359375 247.3575897216797 269.695068359375
247.4381103515625 170.99386596679688 277.92694091796875 170.99386596679688 277.92694091796875 269.7256774902344 247.4381103515625 269.7256774902344
247.5443572998047 170.80307006835938 278.13310623168945 170.80307006835938 278.13310623168945 269.4320373535156 247.5443572998047 269.4320373535156
246.38064575195312 170.54164123535156 276.878231048584 170.54164123535156 276.878231048584 273.95314025878906 246.38064575195312 273.95314025878906
246.31271362304688 169.95803833007812 277.18737411499023 169.95803833007812 277.18737411499023 274.8389205932617 246.31271362304688 274.8389205932617
245.5537109375 169.2865447998047 278.2320747375488 169.2865447998047 278.2320747375488 276.3717956542969 245.5537109375 276.3717956542969
245.2952423095703 168.7969512939453 277.2020626068115 168.7969512939453 277.2020626068115 273.6186828613281 245.2952423095703 273.6186828613281
244.6471710205078 168.99215698242188 276.4779396057129 168.99215698242188 276.4779396057129 273.28001403808594 244.6471710205078 273.28001403808594
244.49667358398438 169.0761260986328 276.40599632263184 169.0761260986328 276.40599632263184 272.92877197265625 244.49667358398438 272.92877197265625
244.1529998779297 168.0280303955078 276.0824279785156 168.0280303955078 276.0824279785156 271.6282272338867 244.1529998779297 271.6282272338867
244.41757202148438 168.79270935058594 275.9869785308838 168.79270935058594 275.9869785308838 272.1421203613281 244.41757202148438 272.1421203613281
243.9396514892578 171.33018493652344 275.9715118408203 171.33018493652344 275.9715118408203 274.7832336425781 243.9396514892578 274.7832336425781
243.9540557861328 170.560546875 275.202428817749 170.560546875 275.202428817749 274.2509307861328 243.9540557861328 274.2509307861328
244.09255981445312 171.132080078125 275.2583656311035 171.132080078125 275.2583656311035 274.83998107910156 244.09255981445312 274.83998107910156
243.8323974609375 173.04592895507812 274.37585830688477 173.04592895507812 274.37585830688477 276.9785614013672 243.8323974609375 276.9785614013672
244.9269561767578 169.92880249023438 276.15557289123535 169.92880249023438 276.15557289123535 276.4407196044922 244.9269561767578 276.4407196044922
244.76123046875 171.1971893310547 276.0032157897949 171.1971893310547 276.0032157897949 277.86267852783203 244.76123046875 277.86267852783203
246.9914093017578 168.55233764648438 277.7677803039551 168.55233764648438 277.7677803039551 275.93177032470703 246.9914093017578 275.93177032470703
247.0862274169922 168.1156768798828 278.20066261291504 168.1156768798828 278.20066261291504 276.81542205810547 247.0862274169922 276.81542205810547
248.32852172851562 168.16307067871094 279.52581214904785 168.16307067871094 279.52581214904785 277.31526947021484 248.32852172851562 277.31526947021484
248.42697143554688 167.5007781982422 279.2644462585449 167.5007781982422 279.2644462585449 276.4365692138672 248.42697143554688 276.4365692138672
249.47036743164062 165.6426544189453 280.1321506500244 165.6426544189453 280.1321506500244 274.74279022216797 249.47036743164062 274.74279022216797
249.4642791748047 167.0987548828125 280.0344047546387 167.0987548828125 280.0344047546387 274.3300552368164 249.4642791748047 274.3300552368164
249.57003784179688 167.18492126464844 279.9606132507324 167.18492126464844 279.9606132507324 273.6685485839844 249.57003784179688 273.6685485839844
250.2935791015625 166.92727661132812 281.2963161468506 166.92727661132812 281.2963161468506 273.7270965576172 250.2935791015625 273.7270965576172
250.3597412109375 166.43173217773438 281.30891036987305 166.43173217773438 281.30891036987305 273.30995178222656 250.3597412109375 273.30995178222656
251.43460083007812 165.9468536376953 282.2011966705322 165.9468536376953 282.2011966705322 271.84600830078125 251.43460083007812 271.84600830078125
250.93301391601562 166.6620330810547 281.58925437927246 166.6620330810547 281.58925437927246 273.6868591308594 250.93301391601562 273.6868591308594
251.1698760986328 166.1343994140625 282.25342178344727 166.1343994140625 282.25342178344727 271.5808868408203 251.1698760986328 271.5808868408203
251.56143188476562 166.19754028320312 282.4566535949707 166.19754028320312 282.4566535949707 271.5914001464844 251.56143188476562 271.5914001464844
251.52810668945312 165.02059936523438 282.5599021911621 165.02059936523438 282.5599021911621 269.1278533935547 251.52810668945312 269.1278533935547
251.0103759765625 165.25979614257812 282.6363773345947 165.25979614257812 282.6363773345947 270.67442321777344 251.0103759765625 270.67442321777344
251.1554412841797 165.83615112304688 282.53697776794434 165.83615112304688 282.53697776794434 270.6052703857422 251.1554412841797 270.6052703857422
250.2261962890625 167.53541564941406 282.5851516723633 167.53541564941406 282.5851516723633 272.7432861328125 250.2261962890625 272.7432861328125
249.7750244140625 168.13388061523438 282.1219253540039 168.13388061523438 282.1219253540039 272.5512008666992 249.7750244140625 272.5512008666992
250.7531280517578 170.0405731201172 282.6884365081787 170.0405731201172 282.6884365081787 272.7857971191406 250.7531280517578 272.7857971191406
250.9546356201172 168.54080200195312 283.1744155883789 168.54080200195312 283.1744155883789 272.4952697753906 250.9546356201172 272.4952697753906
250.4121856689453 168.13742065429688 282.2376403808594 168.13742065429688 282.2376403808594 270.8862838745117 250.4121856689453 270.8862838745117
251.25057983398438 167.77505493164062 283.2600784301758 167.77505493164062 283.2600784301758 271.3871765136719 251.25057983398438 271.3871765136719
249.33200073242188 165.3184051513672 281.73435974121094 165.3184051513672 281.73435974121094 273.06482696533203 249.33200073242188 273.06482696533203
249.7881317138672 164.83029174804688 282.24425506591797 164.83029174804688 282.24425506591797 272.4490203857422 249.7881317138672 272.4490203857422
249.6996612548828 164.81906127929688 282.2273941040039 164.81906127929688 282.2273941040039 273.6733703613281 249.6996612548828 273.6733703613281
249.07666015625 163.79147338867188 281.6384582519531 163.79147338867188 281.6384582519531 272.7053985595703 249.07666015625 272.7053985595703
249.89749145507812 165.92739868164062 281.8592891693115 165.92739868164062 281.8592891693115 274.1660461425781 249.89749145507812 274.1660461425781
249.9947052001953 164.7101287841797 282.04695892333984 164.7101287841797 282.04695892333984 273.3794631958008 249.9947052001953 273.3794631958008
249.1348114013672 165.59371948242188 281.33890533447266 165.59371948242188 281.33890533447266 274.73595428466797 249.1348114013672 274.73595428466797
249.0247802734375 165.26309204101562 281.6375541687012 165.26309204101562 281.6375541687012 273.4276809692383 249.0247802734375 273.4276809692383
249.00350952148438 163.9116668701172 282.2417221069336 163.9116668701172 282.2417221069336 273.42696380615234 249.00350952148438 273.42696380615234
249.28482055664062 165.20504760742188 281.9228820800781 165.20504760742188 281.9228820800781 273.08058166503906 249.28482055664062 273.08058166503906
248.3285369873047 165.0005340576172 281.14481353759766 165.0005340576172 281.14481353759766 272.4661102294922 248.3285369873047 272.4661102294922
248.71353149414062 163.2527618408203 281.4501075744629 163.2527618408203 281.4501075744629 270.41832733154297 248.71353149414062 270.41832733154297
247.422119140625 163.4082489013672 281.16214752197266 163.4082489013672 281.16214752197266 272.84412384033203 247.422119140625 272.84412384033203
247.5318603515625 162.90072631835938 280.8293800354004 162.90072631835938 280.8293800354004 270.9503479003906 247.5318603515625 270.9503479003906
247.2718505859375 164.45445251464844 280.5044364929199 164.45445251464844 280.5044364929199 270.9995803833008 247.2718505859375 270.9995803833008
247.1680145263672 164.97361755371094 280.76087188720703 164.97361755371094 280.76087188720703 271.8766326904297 247.1680145263672 271.8766326904297
245.52078247070312 165.57852172851562 279.130672454834 165.57852172851562 279.130672454834 270.2486877441406 245.52078247070312 270.2486877441406
245.92410278320312 165.6300506591797 279.77942276000977 165.6300506591797 279.77942276000977 271.8259506225586 245.92410278320312 271.8259506225586
246.10733032226562 165.3248748779297 280.2432632446289 165.3248748779297 280.2432632446289 271.79144287109375 246.10733032226562 271.79144287109375
244.55398559570312 166.35049438476562 279.0947952270508 166.35049438476562 279.0947952270508 271.1427307128906 244.55398559570312 271.1427307128906
244.7862548828125 166.5215606689453 278.6495780944824 166.5215606689453 278.6495780944824 270.78150939941406 244.7862548828125 270.78150939941406
245.47998046875 164.28282165527344 278.3325881958008 164.28282165527344 278.3325881958008 267.5715637207031 245.47998046875 267.5715637207031
244.5612335205078 165.69248962402344 277.3436737060547 165.69248962402344 277.3436737060547 269.1875457763672 244.5612335205078 269.1875457763672
243.7378387451172 165.0677032470703 276.91934967041016 165.0677032470703 276.91934967041016 269.0550842285156 243.7378387451172 269.0550842285156
243.57907104492188 165.38720703125 276.5533638000488 165.38720703125 276.5533638000488 268.3734588623047 243.57907104492188 268.3734588623047
242.9813232421875 165.69305419921875 276.0073356628418 165.69305419921875 276.0073356628418 268.23699951171875 242.9813232421875 268.23699951171875
243.63681030273438 166.56619262695312 275.5526008605957 166.56619262695312 275.5526008605957 269.4978485107422 243.63681030273438 269.4978485107422
243.73568725585938 164.30374145507812 275.8247413635254 164.30374145507812 275.8247413635254 268.04554748535156 243.73568725585938 268.04554748535156
243.5015869140625 164.92291259765625 275.5076484680176 164.92291259765625 275.5076484680176 268.0627899169922 243.5015869140625 268.0627899169922
243.79251098632812 164.69351196289062 275.88843536376953 164.69351196289062 275.88843536376953 269.0158004760742 243.79251098632812 269.0158004760742
242.94625854492188 165.54075622558594 274.7876682281494 165.54075622558594 274.7876682281494 268.8747787475586 242.94625854492188 268.8747787475586
241.2096405029297 164.63339233398438 274.13048553466797 164.63339233398438 274.13048553466797 268.96852111816406 241.2096405029297 268.96852111816406
242.0111846923828 164.72811889648438 275.2166633605957 164.72811889648438 275.2166633605957 270.52686309814453 242.0111846923828 270.52686309814453
239.93954467773438 166.05734252929688 274.5591812133789 166.05734252929688 274.5591812133789 272.37755584716797 239.93954467773438 272.37755584716797
240.1438446044922 166.3639678955078 274.98453521728516 166.3639678955078 274.98453521728516 272.9584503173828 240.1438446044922 272.9584503173828
240.9983367919922 165.84521484375 276.70745849609375 165.84521484375 276.70745849609375 273.94303131103516 240.9983367919922 273.94303131103516
240.6317138671875 164.4203643798828 276.33922576904297 164.4203643798828 276.33922576904297 273.44781494140625 240.6317138671875 273.44781494140625
240.2367401123047 165.55018615722656 276.3658905029297 165.55018615722656 276.3658905029297 273.8713684082031 240.2367401123047 273.8713684082031
240.4571075439453 166.97601318359375 276.0293502807617 166.97601318359375 276.0293502807617 272.75814056396484 240.4571075439453 272.75814056396484
240.76596069335938 166.55584716796875 276.4049987792969 166.55584716796875 276.4049987792969 273.3186264038086 240.76596069335938 273.3186264038086
241.5487060546875 169.06460571289062 275.76879501342773 169.06460571289062 275.76879501342773 272.70603942871094 241.5487060546875 272.70603942871094
241.8911895751953 168.6970672607422 276.46783447265625 168.6970672607422 276.46783447265625 272.87884521484375 241.8911895751953 272.87884521484375
241.62484741210938 169.1235809326172 276.6257133483887 169.1235809326172 276.6257133483887 273.72762298583984 241.62484741210938 273.72762298583984
242.053955078125 168.76480102539062 276.87256622314453 168.76480102539062 276.87256622314453 274.80027770996094 242.053955078125 274.80027770996094
242.53775024414062 166.94410705566406 277.12437438964844 166.94410705566406 277.12437438964844 274.082275390625 242.53775024414062 274.082275390625
243.413330078125 169.8268585205078 277.716064453125 169.8268585205078 277.716064453125 274.8150634765625 243.413330078125 274.8150634765625
243.8792266845703 169.50186157226562 278.0381317138672 169.50186157226562 278.0381317138672 274.0082473754883 243.8792266845703 274.0082473754883
244.034912109375 169.17288208007812 277.83602142333984 169.17288208007812 277.83602142333984 273.3711700439453 244.034912109375 273.3711700439453
243.7806396484375 170.16146850585938 277.8177490234375 170.16146850585938 277.8177490234375 274.09327697753906 243.7806396484375 274.09327697753906
244.90628051757812 169.81753540039062 278.7056198120117 169.81753540039062 278.7056198120117 274.9385528564453 244.90628051757812 274.9385528564453
243.7996826171875 167.11993408203125 279.39289474487305 167.11993408203125 279.39289474487305 276.1814422607422 243.7996826171875 276.1814422607422
243.47085571289062 168.8704833984375 279.1520080566406 168.8704833984375 279.1520080566406 276.89398193359375 243.47085571289062 276.89398193359375
245.68954467773438 170.0818328857422 281.21671295166016 170.0818328857422 281.21671295166016 281.27205657958984 245.68954467773438 281.27205657958984
245.6190185546875 168.39349365234375 281.1220474243164 168.39349365234375 281.1220474243164 279.7274627685547 245.6190185546875 279.7274627685547
246.1298828125 170.13021850585938 282.574520111084 170.13021850585938 282.574520111084 282.09119415283203 246.1298828125 282.09119415283203
247.13742065429688 168.37228393554688 282.94470977783203 168.37228393554688 282.94470977783203 278.99559783935547 247.13742065429688 278.99559783935547
247.72171020507812 168.00634765625 283.9097366333008 168.00634765625 283.9097366333008 279.26871490478516 247.72171020507812 279.26871490478516
245.93167114257812 165.88525390625 282.41353607177734 165.88525390625 282.41353607177734 278.19895935058594 245.93167114257812 278.19895935058594
247.11013793945312 166.0713348388672 283.4068374633789 166.0713348388672 283.4068374633789 279.41827392578125 247.11013793945312 279.41827392578125
247.3152313232422 166.8504180908203 283.6294479370117 166.8504180908203 283.6294479370117 279.30848693847656 247.3152313232422 279.30848693847656
249.43563842773438 164.91014099121094 285.28865814208984 164.91014099121094 285.28865814208984 275.9817352294922 249.43563842773438 275.9817352294922
248.29031372070312 167.4910430908203 283.7159881591797 167.4910430908203 283.7159881591797 278.18167877197266 248.29031372070312 278.18167877197266
248.55892944335938 167.0090789794922 284.091251373291 167.0090789794922 284.091251373291 273.8570785522461 248.55892944335938 273.8570785522461
249.54421997070312 168.87518310546875 285.2757759094238 168.87518310546875 285.2757759094238 275.3365478515625 249.54421997070312 275.3365478515625
250.13211059570312 167.56581115722656 286.45738983154297 167.56581115722656 286.45738983154297 276.49652099609375 250.13211059570312 276.49652099609375
249.9307861328125 167.38253784179688 286.1510543823242 167.38253784179688 286.1510543823242 276.1534118652344 249.9307861328125 276.1534118652344
251.82125854492188 168.68101501464844 286.9028205871582 168.68101501464844 286.9028205871582 274.9107971191406 251.82125854492188 274.9107971191406
251.1934814453125 169.73745727539062 286.33899688720703 169.73745727539062 286.33899688720703 274.7642135620117 251.1934814453125 274.7642135620117
253.6544189453125 167.0428009033203 288.0693664550781 167.0428009033203 288.0693664550781 271.8526916503906 253.6544189453125 271.8526916503906
253.5877685546875 167.4908447265625 287.4519577026367 167.4908447265625 287.4519577026367 270.841796875 253.5877685546875 270.841796875
253.4764862060547 167.6925048828125 287.50305938720703 167.6925048828125 287.50305938720703 271.1602783203125 253.4764862060547 271.1602783203125
255.63330078125 165.17764282226562 288.62811279296875 165.17764282226562 288.62811279296875 271.5116500854492 255.63330078125 271.5116500854492
255.81494140625 164.23648071289062 288.57136154174805 164.23648071289062 288.57136154174805 270.06505584716797 255.81494140625 270.06505584716797
255.96536254882812 164.3193359375 288.4821662902832 164.3193359375 288.4821662902832 269.92069244384766 255.96536254882812 269.92069244384766
257.5350036621094 164.32765197753906 290.06116104125977 164.32765197753906 290.06116104125977 272.57427978515625 257.5350036621094 272.57427978515625
258.1717834472656 165.2474365234375 290.91705322265625 165.2474365234375 290.91705322265625 273.25479888916016 258.1717834472656 273.25479888916016
257.56256103515625 164.8524169921875 290.56642150878906 164.8524169921875 290.56642150878906 272.9647216796875 257.56256103515625 272.9647216796875
258.77679443359375 165.6522979736328 291.41637420654297 165.6522979736328 291.41637420654297 272.52025604248047 258.77679443359375 272.52025604248047
258.95428466796875 165.9477081298828 291.4472846984863 165.9477081298828 291.4472846984863 273.6491394042969 258.95428466796875 273.6491394042969
258.64453125 165.09716796875 291.0977897644043 165.09716796875 291.0977897644043 273.8761978149414 258.64453125 273.8761978149414
258.79437255859375 165.98728942871094 291.53112030029297 165.98728942871094 291.53112030029297 274.5185775756836 258.79437255859375 274.5185775756836
259.32952880859375 165.8369903564453 291.9886703491211 165.8369903564453 291.9886703491211 273.2049560546875 259.32952880859375 273.2049560546875
258.9750671386719 165.64466857910156 291.48038482666016 165.64466857910156 291.48038482666016 273.9039611816406 258.9750671386719 273.9039611816406
259.1631164550781 165.08905029296875 292.61072540283203 165.08905029296875 292.61072540283203 271.8258285522461 259.1631164550781 271.8258285522461
259.28350830078125 167.03146362304688 292.38280487060547 167.03146362304688 292.38280487060547 272.4333953857422 259.28350830078125 272.4333953857422
260.6358947753906 168.15457153320312 293.57884979248047 168.15457153320312 293.57884979248047 272.3031692504883 260.6358947753906 272.3031692504883
260.57159423828125 167.16690063476562 293.37113189697266 167.16690063476562 293.37113189697266 271.4469757080078 260.57159423828125 271.4469757080078
260.3699951171875 168.11154174804688 293.5239944458008 168.11154174804688 293.5239944458008 272.5492858886719 260.3699951171875 272.5492858886719
261.6095275878906 166.34921264648438 294.07425689697266 166.34921264648438 294.07425689697266 269.5369338989258 261.6095275878906 269.5369338989258
261.2832946777344 167.14794921875 294.0693893432617 167.14794921875 294.0693893432617 270.0855712890625 261.2832946777344 270.0855712890625
261.80303955078125 166.166748046875 293.81990814208984 166.166748046875 293.81990814208984 267.97859954833984 261.80303955078125 267.97859954833984
263.5743713378906 165.7061767578125 295.47922134399414 165.7061767578125 295.47922134399414 266.90457916259766 263.5743713378906 266.90457916259766
262.9736328125 166.42550659179688 295.26245880126953 166.42550659179688 295.26245880126953 268.60033416748047 262.9736328125 268.60033416748047
265.7539978027344 168.4151153564453 297.04467391967773 168.4151153564453 297.04467391967773 272.0466613769531 265.7539978027344 272.0466613769531
265.6195373535156 167.51986694335938 296.96240615844727 167.51986694335938 296.96240615844727 271.3296356201172 265.6195373535156 271.3296356201172
266.78765869140625 167.75750732421875 297.96741676330566 167.75750732421875 297.96741676330566 273.6588134765625 266.78765869140625 273.6588134765625
266.0538024902344 168.77871704101562 297.2299556732178 168.77871704101562 297.2299556732178 272.96873474121094 266.0538024902344 272.96873474121094
268.84185791015625 171.08636474609375 299.6822757720947 171.08636474609375 299.6822757720947 279.42613220214844 268.84185791015625 279.42613220214844
268.4750061035156 171.29818725585938 299.4285087585449 171.29818725585938 299.4285087585449 278.74546813964844 268.4750061035156 278.74546813964844
269.231201171875 169.10458374023438 300.71875 169.10458374023438 300.71875 276.6349334716797 269.231201171875 276.6349334716797
269.7002868652344 168.58880615234375 301.21506690979004 168.58880615234375 301.21506690979004 276.1304168701172 269.7002868652344 276.1304168701172
269.5105895996094 170.4095458984375 300.6451778411865 170.4095458984375 300.6451778411865 276.4209747314453 269.5105895996094 276.4209747314453
270.426513671875 170.16419982910156 301.70949935913086 170.16419982910156 301.70949935913086 275.3400192260742 270.426513671875 275.3400192260742
270.04949951171875 171.19618225097656 301.03593826293945 171.19618225097656 301.03593826293945 275.73260498046875 270.04949951171875 275.73260498046875
270.4573669433594 169.33689880371094 301.8475399017334 169.33689880371094 301.8475399017334 275.3738708496094 270.4573669433594 275.3738708496094
270.93218994140625 167.08226013183594 303.15544509887695 167.08226013183594 303.15544509887695 275.78636169433594 270.93218994140625 275.78636169433594
271.09747314453125 166.7556915283203 303.3002281188965 166.7556915283203 303.3002281188965 275.052001953125 271.09747314453125 275.052001953125
271.22052001953125 168.58047485351562 303.7750549316406 168.58047485351562 303.7750549316406 278.45140838623047 271.22052001953125 278.45140838623047
271.3978576660156 168.62411499023438 303.8001937866211 168.62411499023438 303.8001937866211 278.2126007080078 271.3978576660156 278.2126007080078
271.54730224609375 167.4407958984375 304.1091117858887 167.4407958984375 304.1091117858887 278.01002502441406 271.54730224609375 278.01002502441406
270.3619079589844 168.98793029785156 302.7079887390137 168.98793029785156 302.7079887390137 276.7152099609375 270.3619079589844 276.7152099609375
270.5116882324219 169.4192657470703 303.2479934692383 169.4192657470703 303.2479934692383 278.6199493408203 270.5116882324219 278.6199493408203
270.22857666015625 168.8465576171875 304.28550720214844 168.8465576171875 304.28550720214844 279.30171966552734 270.22857666015625 279.30171966552734
269.7586669921875 169.89703369140625 303.7414855957031 169.89703369140625 303.7414855957031 279.37774658203125 269.7586669921875 279.37774658203125
269.13372802734375 167.97659301757812 303.9541435241699 167.97659301757812 303.9541435241699 279.2045135498047 269.13372802734375 279.2045135498047
268.205810546875 170.12562561035156 302.48657608032227 170.12562561035156 302.48657608032227 279.0325927734375 268.205810546875 279.0325927734375
269.3254089355469 169.29664611816406 303.93151473999023 169.29664611816406 303.93151473999023 279.8314743041992 269.3254089355469 279.8314743041992
267.5690612792969 167.53416442871094 302.8127098083496 167.53416442871094 302.8127098083496 277.9364929199219 267.5690612792969 277.9364929199219
267.31439208984375 168.78753662109375 301.9600524902344 168.78753662109375 301.9600524902344 277.7430648803711 267.31439208984375 277.7430648803711
265.67681884765625 168.7624053955078 299.67218017578125 168.7624053955078 299.67218017578125 277.4592590332031 265.67681884765625 277.4592590332031
265.9981689453125 167.10726928710938 300.1176338195801 167.10726928710938 300.1176338195801 276.6701965332031 265.9981689453125 276.6701965332031
265.3305358886719 168.18716430664062 299.78176498413086 168.18716430664062 299.78176498413086 280.18981170654297 265.3305358886719 280.18981170654297
266.41937255859375 168.9384307861328 300.56878662109375 168.9384307861328 300.56878662109375 280.2285461425781 266.41937255859375 280.2285461425781
266.0684814453125 169.06674194335938 300.22175216674805 169.06674194335938 300.22175216674805 281.3256530761719 266.0684814453125 281.3256530761719
267.5877990722656 171.4201202392578 301.4530563354492 171.4201202392578 301.4530563354492 282.52725982666016 267.5877990722656 282.52725982666016
267.08746337890625 168.39959716796875 301.52156829833984 168.39959716796875 301.52156829833984 281.93143463134766 267.08746337890625 281.93143463134766
268.6439208984375 167.0479736328125 304.16292572021484 167.0479736328125 304.16292572021484 280.84903717041016 268.6439208984375 280.84903717041016
268.72686767578125 166.8631134033203 304.03350830078125 166.8631134033203 304.03350830078125 280.301513671875 268.72686767578125 280.301513671875
270.80523681640625 165.94056701660156 306.5339584350586 165.94056701660156 306.5339584350586 282.1238327026367 270.80523681640625 282.1238327026367
271.68157958984375 164.02545166015625 307.5696792602539 164.02545166015625 307.5696792602539 281.3534698486328 271.68157958984375 281.3534698486328
271.0546569824219 165.4844970703125 306.4041557312012 165.4844970703125 306.4041557312012 281.63999938964844 271.0546569824219 281.63999938964844
275.09600830078125 166.31988525390625 310.50499725341797 166.31988525390625 310.50499725341797 280.7869644165039 275.09600830078125 280.7869644165039
275.60943603515625 165.26528930664062 311.3662223815918 165.26528930664062 311.3662223815918 279.87095642089844 275.60943603515625 279.87095642089844
280.29168701171875 166.23838806152344 314.661376953125 166.23838806152344 314.661376953125 275.96490478515625 280.29168701171875 275.96490478515625
279.7640686035156 168.22938537597656 314.39470291137695 168.22938537597656 314.39470291137695 278.092529296875 279.7640686035156 278.092529296875
278.84271240234375 169.47317504882812 313.03946685791016 169.47317504882812 313.03946685791016 278.5439910888672 278.84271240234375 278.5439910888672
282.3194885253906 166.07083129882812 317.53382110595703 166.07083129882812 317.53382110595703 274.88755798339844 282.3194885253906 274.88755798339844
281.7627868652344 165.5842742919922 316.74288177490234 165.5842742919922 316.74288177490234 274.53582763671875 281.7627868652344 274.53582763671875
283.23931884765625 166.37582397460938 318.86763763427734 166.37582397460938 318.86763763427734 276.82542419433594 283.23931884765625 276.82542419433594
282.4410705566406 166.42857360839844 318.3747673034668 166.42857360839844 318.3747673034668 276.78365325927734 282.4410705566406 276.78365325927734
286.63885498046875 168.9624786376953 321.43199157714844 168.9624786376953 321.43199157714844 279.8248596191406 286.63885498046875 279.8248596191406
287.12066650390625 170.1268768310547 321.6532897949219 170.1268768310547 321.6532897949219 280.0570297241211 287.12066650390625 280.0570297241211
292.8225402832031 167.12437438964844 326.7119941711426 167.12437438964844 326.7119941711426 278.2717971801758 292.8225402832031 278.2717971801758
292.638671875 167.77328491210938 326.3423728942871 167.77328491210938 326.3423728942871 278.4973831176758 292.638671875 278.4973831176758
292.708251953125 166.38421630859375 326.4930419921875 166.38421630859375 326.4930419921875 277.13822174072266 292.708251953125 277.13822174072266
299.1572570800781 164.76382446289062 334.35823822021484 164.76382446289062 334.35823822021484 278.49095916748047 299.1572570800781 278.49095916748047
299.0635070800781 166.14309692382812 333.98622131347656 166.14309692382812 333.98622131347656 279.0192108154297 299.0635070800781 279.0192108154297
302.09918212890625 164.9825439453125 336.5879020690918 164.9825439453125 336.5879020690918 277.84046936035156 302.09918212890625 277.84046936035156
301.58795166015625 166.3746795654297 335.29362869262695 166.3746795654297 335.29362869262695 278.2244338989258 301.58795166015625 278.2244338989258
302.6086730957031 167.39425659179688 335.41568756103516 167.39425659179688 335.41568756103516 274.8618850708008 302.6086730957031 274.8618850708008
303.8587951660156 166.45277404785156 337.37639236450195 166.45277404785156 337.37639236450195 275.2831115722656 303.8587951660156 275.2831115722656
303.6877746582031 167.02096557617188 337.0940246582031 167.02096557617188 337.0940246582031 276.4579162597656 303.6877746582031 276.4579162597656
304.6231689453125 165.44082641601562 338.77216720581055 165.44082641601562 338.77216720581055 274.3330841064453 304.6231689453125 274.3330841064453
304.5325927734375 164.6710662841797 338.5798988342285 164.6710662841797 338.5798988342285 274.1931457519531 304.5325927734375 274.1931457519531
306.4511413574219 167.09866333007812 340.29732513427734 167.09866333007812 340.29732513427734 276.0978088378906 306.4511413574219 276.0978088378906
306.9706726074219 165.51083374023438 340.9149513244629 165.51083374023438 340.9149513244629 274.68505096435547 306.9706726074219 274.68505096435547
307.18719482421875 167.30447387695312 341.23326873779297 167.30447387695312 341.23326873779297 278.83689880371094 307.18719482421875 278.83689880371094
311.49957275390625 168.78744506835938 345.4165840148926 168.78744506835938 345.4165840148926 283.2869110107422 311.49957275390625 283.2869110107422
312.0835876464844 168.41250610351562 346.3412094116211 168.41250610351562 346.3412094116211 284.7356643676758 312.0835876464844 284.7356643676758
314.33349609375 169.3703155517578 347.797550201416 169.3703155517578 347.797550201416 285.2026901245117 314.33349609375 285.2026901245117
314.3751220703125 170.41415405273438 347.6404609680176 170.41415405273438 347.6404609680176 285.3319549560547 314.3751220703125 285.3319549560547
317.4913635253906 168.00306701660156 351.47534561157227 168.00306701660156 351.47534561157227 281.0730895996094 317.4913635253906 281.0730895996094
317.8345642089844 168.1405029296875 352.2481498718262 168.1405029296875 352.2481498718262 282.1717300415039 317.8345642089844 282.1717300415039
317.8379821777344 168.73512268066406 352.6355743408203 168.73512268066406 352.6355743408203 280.31900787353516 317.8379821777344 280.31900787353516
316.48797607421875 169.4788818359375 351.0556411743164 169.4788818359375 351.0556411743164 281.26390075683594 316.48797607421875 281.26390075683594
317.2451171875 169.29360961914062 352.27820587158203 169.29360961914062 352.27820587158203 281.9353485107422 317.2451171875 281.9353485107422
320.82489013671875 170.11634826660156 357.2255630493164 170.11634826660156 357.2255630493164 282.5621871948242 320.82489013671875 282.5621871948242
320.74755859375 171.04811096191406 356.6405448913574 171.04811096191406 356.6405448913574 282.79271697998047 320.74755859375 282.79271697998047
323.2442932128906 171.172607421875 359.2118492126465 171.172607421875 359.2118492126465 281.6376724243164 323.2442932128906 281.6376724243164
322.5846252441406 169.7042236328125 358.3742904663086 169.7042236328125 358.3742904663086 280.0412368774414 322.5846252441406 280.0412368774414
322.9971618652344 170.31785583496094 358.6735305786133 170.31785583496094 358.6735305786133 280.36243438720703 322.9971618652344 280.36243438720703
323.08392333984375 171.70774841308594 358.90079498291016 171.70774841308594 358.90079498291016 281.08099365234375 323.08392333984375 281.08099365234375
322.81268310546875 171.55914306640625 358.60193634033203 171.55914306640625 358.60193634033203 281.69087982177734 322.81268310546875 281.69087982177734
325.69219970703125 174.25672912597656 361.75141525268555 174.25672912597656 361.75141525268555 282.3574523925781 325.69219970703125 282.3574523925781
325.9599304199219 174.02906799316406 361.78709411621094 174.02906799316406 361.78709411621094 281.70885467529297 325.9599304199219 281.70885467529297
328.78485107421875 171.94357299804688 364.3545722961426 171.94357299804688 364.3545722961426 282.5652618408203 328.78485107421875 282.5652618408203
328.70562744140625 174.9379425048828 363.63401794433594 174.9379425048828 363.63401794433594 285.11322021484375 328.70562744140625 285.11322021484375
330.8645935058594 172.81094360351562 367.0863037109375 172.81094360351562 367.0863037109375 284.5176239013672 330.8645935058594 284.5176239013672
331.2789611816406 172.2312469482422 367.2964401245117 172.2312469482422 367.2964401245117 283.5665283203125 331.2789611816406 283.5665283203125
335.23992919921875 171.61923217773438 371.10903549194336 171.61923217773438 371.10903549194336 282.4894332885742 335.23992919921875 282.4894332885742
334.37481689453125 172.45547485351562 370.48791122436523 172.45547485351562 370.48791122436523 283.09009552001953 334.37481689453125 283.09009552001953
338.40777587890625 169.63619995117188 376.1968002319336 169.63619995117188 376.1968002319336 280.8312454223633 338.40777587890625 280.8312454223633
339.32171630859375 170.35739135742188 377.0876121520996 170.35739135742188 377.0876121520996 280.3860626220703 339.32171630859375 280.3860626220703
338.7245788574219 169.20367431640625 376.23437881469727 169.20367431640625 376.23437881469727 280.41229248046875 338.7245788574219 280.41229248046875
344.42303466796875 172.68490600585938 383.43408203125 172.68490600585938 383.43408203125 281.27137756347656 344.42303466796875 281.27137756347656
344.1321105957031 171.83909606933594 382.94726181030273 171.83909606933594 382.94726181030273 280.31622314453125 344.1321105957031 280.31622314453125
343.795654296875 172.1964569091797 382.93256759643555 172.1964569091797 382.93256759643555 281.23084259033203 343.795654296875 281.23084259033203
350.4044189453125 172.614501953125 389.2643394470215 172.614501953125 389.2643394470215 281.4999237060547 350.4044189453125 281.4999237060547
350.81341552734375 171.78433227539062 389.48201751708984 171.78433227539062 389.48201751708984 281.08970642089844 350.81341552734375 281.08970642089844
355.5584411621094 170.77566528320312 393.32629776000977 170.77566528320312 393.32629776000977 284.3343811035156 355.5584411621094 284.3343811035156
356.3751220703125 170.49278259277344 394.13634490966797 170.49278259277344 394.13634490966797 283.86360931396484 356.3751220703125 283.86360931396484
