26.0 7.0 48.0 7.0 48.0 22.0 26.0 22.0
26.319721221923828 6.935086727142334 48.42945098876953 6.935086727142334 48.42945098876953 22.32854413986206 26.319721221923828 22.32854413986206
26.842172622680664 7.238273620605469 49.22849082946777 7.238273620605469 49.22849082946777 23.465450286865234 26.842172622680664 23.465450286865234
27.378734588623047 7.650212287902832 49.15313720703125 7.650212287902832 49.15313720703125 23.950026512145996 27.378734588623047 23.950026512145996
27.639745712280273 7.678672790527344 49.90481185913086 7.678672790527344 49.90481185913086 24.30088233947754 27.639745712280273 24.30088233947754
28.164470672607422 8.056886672973633 50.68748092651367 8.056886672973633 50.68748092651367 25.351177215576172 28.164470672607422 25.351177215576172
28.626663208007812 8.596796989440918 52.11178970336914 8.596796989440918 52.11178970336914 26.194499015808105 28.626663208007812 26.194499015808105
29.227184295654297 9.096570014953613 52.77900695800781 9.096570014953613 52.77900695800781 26.555005073547363 29.227184295654297 26.555005073547363
29.807552337646484 9.643217086791992 53.527875900268555 9.643217086791992 53.527875900268555 27.44017791748047 29.807552337646484 27.44017791748047
30.651714324951172 9.940679550170898 54.59008979797363 9.940679550170898 54.59008979797363 27.96750831604004 30.651714324951172 27.96750831604004
30.906818389892578 10.268439292907715 54.885650634765625 10.268439292907715 54.885650634765625 28.257498741149902 30.906818389892578 28.257498741149902
31.964181900024414 11.253809928894043 56.48206901550293 11.253809928894043 56.48206901550293 29.159201622009277 31.964181900024414 29.159201622009277
32.47494888305664 12.551782608032227 57.29798698425293 12.551782608032227 57.29798698425293 29.869327545166016 32.47494888305664 29.869327545166016
33.36769485473633 12.245506286621094 57.70539855957031 12.245506286621094 57.70539855957031 30.323286056518555 33.36769485473633 30.323286056518555
34.4760856628418 13.656628608703613 58.419490814208984 13.656628608703613 58.419490814208984 31.28401279449463 34.4760856628418 31.28401279449463
35.18545150756836 14.28113079071045 60.31278991699219 14.28113079071045 60.31278991699219 32.073073387145996 35.18545150756836 32.073073387145996
35.901512145996094 15.459551811218262 59.74187088012695 15.459551811218262 59.74187088012695 32.34974956512451 35.901512145996094 32.34974956512451
36.246559143066406 15.990798950195312 60.47577095031738 15.990798950195312 60.47577095031738 33.0250358581543 36.246559143066406 33.0250358581543
36.9590950012207 16.995853424072266 61.70344352722168 16.995853424072266 61.70344352722168 34.25010681152344 36.9590950012207 34.25010681152344
37.66649627685547 17.319713592529297 62.01531982421875 17.319713592529297 62.01531982421875 34.843095779418945 37.66649627685547 34.843095779418945
38.7603645324707 18.803634643554688 63.14092826843262 18.803634643554688 63.14092826843262 35.86758041381836 38.7603645324707 35.86758041381836
39.3610954284668 20.099590301513672 63.66368293762207 20.099590301513672 63.66368293762207 36.92333221435547 39.3610954284668 36.92333221435547
40.11967849731445 20.47393798828125 63.85493469238281 20.47393798828125 63.85493469238281 37.50443077087402 40.11967849731445 37.50443077087402
41.36211395263672 21.945117950439453 65.78554344177246 21.945117950439453 65.78554344177246 38.746843338012695 41.36211395263672 38.746843338012695
42.017784118652344 22.828306198120117 66.78244209289551 22.828306198120117 66.78244209289551 39.6236457824707 42.017784118652344 39.6236457824707
42.059669494628906 22.819549560546875 67.10046577453613 22.819549560546875 67.10046577453613 40.197410583496094 42.059669494628906 40.197410583496094
43.704612731933594 24.11233901977539 68.37022399902344 24.11233901977539 68.37022399902344 41.37606620788574 43.704612731933594 41.37606620788574
44.44983673095703 24.874958038330078 69.1680850982666 24.874958038330078 69.1680850982666 42.11385154724121 44.44983673095703 42.11385154724121
45.06687545776367 25.493457794189453 69.4868278503418 25.493457794189453 69.4868278503418 42.5875244140625 45.06687545776367 42.5875244140625
46.14515686035156 27.35066795349121 70.51150703430176 27.35066795349121 70.51150703430176 43.74070930480957 46.14515686035156 43.74070930480957
46.488136291503906 27.84922218322754 72.23087882995605 27.84922218322754 72.23087882995605 45.09421348571777 46.488136291503906 45.09421348571777
47.140079498291016 27.90763282775879 69.59260940551758 27.90763282775879 69.59260940551758 45.32250785827637 47.140079498291016 45.32250785827637
48.679649353027344 29.553064346313477 74.30362701416016 29.553064346313477 74.30362701416016 46.876882553100586 48.679649353027344 46.876882553100586
49.64056396484375 30.494007110595703 75.73079872131348 30.494007110595703 75.73079872131348 47.80426788330078 49.64056396484375 47.80426788330078
50.241790771484375 31.395427703857422 76.19545555114746 31.395427703857422 76.19545555114746 48.709672927856445 50.241790771484375 48.709672927856445
52.391624450683594 32.75945281982422 78.46788787841797 32.75945281982422 78.46788787841797 50.124298095703125 52.391624450683594 50.124298095703125
53.06702423095703 34.04747772216797 79.4485912322998 34.04747772216797 79.4485912322998 50.76946258544922 53.06702423095703 50.76946258544922
53.67619705200195 34.84960174560547 79.74823379516602 34.84960174560547 79.74823379516602 51.842851638793945 53.67619705200195 51.842851638793945
55.06909942626953 36.277099609375 82.13687324523926 36.277099609375 82.13687324523926 53.791160583496094 55.06909942626953 53.791160583496094
55.39494705200195 36.734107971191406 83.10413932800293 36.734107971191406 83.10413932800293 54.804603576660156 55.39494705200195 54.804603576660156
56.76569747924805 37.923240661621094 83.63661766052246 37.923240661621094 83.63661766052246 55.624900817871094 56.76569747924805 55.624900817871094
57.99333572387695 39.91675567626953 84.35370635986328 39.91675567626953 84.35370635986328 57.06878852844238 57.99333572387695 57.06878852844238
59.392173767089844 41.401100158691406 84.60080337524414 41.401100158691406 84.60080337524414 58.040658950805664 59.392173767089844 58.040658950805664
60.393218994140625 41.72653579711914 86.16217422485352 41.72653579711914 86.16217422485352 59.27061462402344 60.393218994140625 59.27061462402344
62.22137451171875 44.305137634277344 87.75032424926758 44.305137634277344 87.75032424926758 61.01866340637207 62.22137451171875 61.01866340637207
62.25264358520508 44.072486877441406 89.01734352111816 44.072486877441406 89.01734352111816 61.79335403442383 62.25264358520508 61.79335403442383
65.0413589477539 46.88166427612305 91.0165843963623 46.88166427612305 91.0165843963623 63.921770095825195 65.0413589477539 63.921770095825195
64.81034088134766 48.14775466918945 91.17779159545898 48.14775466918945 91.17779159545898 64.9394760131836 64.81034088134766 64.9394760131836
66.78716278076172 48.88884353637695 92.73076057434082 48.88884353637695 92.73076057434082 65.86347389221191 66.78716278076172 65.86347389221191
67.84307861328125 49.72460174560547 94.19294738769531 49.72460174560547 94.19294738769531 67.25162124633789 67.84307861328125 67.25162124633789
70.50807189941406 52.36756134033203 96.10955810546875 52.36756134033203 96.10955810546875 69.43109893798828 70.50807189941406 69.43109893798828
71.51651000976562 53.35467529296875 97.52727317810059 53.35467529296875 97.52727317810059 70.28596115112305 71.51651000976562 70.28596115112305
72.68314361572266 54.69336700439453 99.04360771179199 54.69336700439453 99.04360771179199 72.03057479858398 72.68314361572266 72.03057479858398
76.0516128540039 56.997169494628906 101.90542984008789 56.997169494628906 101.90542984008789 74.07004356384277 76.0516128540039 74.07004356384277
76.2994384765625 57.444801330566406 102.86921119689941 57.444801330566406 102.86921119689941 75.48337364196777 76.2994384765625 75.48337364196777
78.44139099121094 60.40645217895508 104.99004173278809 60.40645217895508 104.99004173278809 76.86478805541992 78.44139099121094 76.86478805541992
80.34789276123047 61.58086013793945 107.46037483215332 61.58086013793945 107.46037483215332 79.09341430664062 80.34789276123047 79.09341430664062
81.81381225585938 63.308204650878906 108.29493713378906 63.308204650878906 108.29493713378906 80.51983642578125 81.81381225585938 80.51983642578125
84.80309295654297 66.38426208496094 110.90450668334961 66.38426208496094 110.90450668334961 83.28083419799805 84.80309295654297 83.28083419799805
85.86677551269531 67.64886474609375 112.4398193359375 67.64886474609375 112.4398193359375 84.9004020690918 85.86677551269531 84.9004020690918
87.87324523925781 69.17274475097656 114.83988380432129 69.17274475097656 114.83988380432129 86.43235397338867 87.87324523925781 86.43235397338867
89.54362487792969 69.71403503417969 117.13935279846191 69.71403503417969 117.13935279846191 88.10632133483887 89.54362487792969 88.10632133483887
91.63031005859375 72.03257751464844 119.9124641418457 72.03257751464844 119.9124641418457 90.82290267944336 91.63031005859375 90.82290267944336
92.39435577392578 74.61181640625 121.14387321472168 74.61181640625 121.14387321472168 92.70831871032715 92.39435577392578 92.70831871032715
95.6495361328125 75.39315032958984 123.56441307067871 75.39315032958984 123.56441307067871 94.01179885864258 95.6495361328125 94.01179885864258
97.90986633300781 77.60939025878906 127.33102798461914 77.60939025878906 127.33102798461914 97.63677597045898 97.90986633300781 97.63677597045898
99.0988998413086 78.84717559814453 129.09526252746582 78.84717559814453 129.09526252746582 98.72401237487793 99.0988998413086 98.72401237487793
102.47755432128906 83.01921844482422 132.9893093109131 83.01921844482422 132.9893093109131 102.48477745056152 102.47755432128906 102.48477745056152
104.36299896240234 84.48405456542969 134.49437141418457 84.48405456542969 134.49437141418457 104.29484176635742 104.36299896240234 104.29484176635742
106.97319030761719 85.44892883300781 137.6759490966797 85.44892883300781 137.6759490966797 105.8453540802002 106.97319030761719 105.8453540802002
110.4939193725586 88.7008285522461 140.40057563781738 88.7008285522461 140.40057563781738 108.38688087463379 110.4939193725586 108.38688087463379
111.354248046875 91.2781753540039 142.29865646362305 91.2781753540039 142.29865646362305 111.08685111999512 111.354248046875 111.08685111999512
112.12784576416016 93.48448181152344 143.15878677368164 93.48448181152344 143.15878677368164 113.21146774291992 112.12784576416016 113.21146774291992
117.9427261352539 97.18212890625 150.03431701660156 97.18212890625 150.03431701660156 118.01665496826172 117.9427261352539 118.01665496826172
117.8709945678711 99.67050170898438 148.41379928588867 99.67050170898438 148.41379928588867 118.86662483215332 117.8709945678711 118.86662483215332
120.53739929199219 100.20191955566406 151.8409423828125 100.20191955566406 151.8409423828125 121.10602378845215 120.53739929199219 121.10602378845215
123.35201263427734 105.06065368652344 153.77874946594238 105.06065368652344 153.77874946594238 123.7999153137207 123.35201263427734 123.7999153137207
129.12564086914062 109.56608581542969 159.00063133239746 109.56608581542969 159.00063133239746 128.7146759033203 129.12564086914062 128.7146759033203
130.41387939453125 111.2982406616211 161.54693031311035 111.2982406616211 161.54693031311035 131.41834259033203 130.41387939453125 131.41834259033203
131.6776580810547 112.47663879394531 162.91455078125 112.47663879394531 162.91455078125 132.70660209655762 131.6776580810547 132.70660209655762
134.49942016601562 116.9403305053711 165.4427375793457 116.9403305053711 165.4427375793457 135.9640235900879 134.49942016601562 135.9640235900879
140.5535125732422 120.3702621459961 171.4186954498291 120.3702621459961 171.4186954498291 140.2836513519287 140.5535125732422 140.2836513519287
141.64620971679688 121.8012466430664 172.5474338531494 121.8012466430664 172.5474338531494 142.02576637268066 141.64620971679688 142.02576637268066
148.4360809326172 127.557373046875 179.75275039672852 127.557373046875 179.75275039672852 147.92788696289062 148.4360809326172 147.92788696289062
153.36512756347656 129.64248657226562 183.08890342712402 129.64248657226562 183.08890342712402 150.09282684326172 153.36512756347656 150.09282684326172
155.10073852539062 132.2176513671875 186.60716819763184 132.2176513671875 186.60716819763184 153.09463500976562 155.10073852539062 153.09463500976562
163.09849548339844 136.84664916992188 194.23695945739746 136.84664916992188 194.23695945739746 158.0927562713623 163.09849548339844 158.0927562713623
165.08255004882812 138.90927124023438 196.09097862243652 138.90927124023438 196.09097862243652 161.09514808654785 165.08255004882812 161.09514808654785
169.32077026367188 142.3582305908203 199.98165893554688 142.3582305908203 199.98165893554688 164.54034042358398 169.32077026367188 164.54034042358398
169.09518432617188 148.56607055664062 203.73149871826172 148.56607055664062 203.73149871826172 172.18176078796387 169.09518432617188 172.18176078796387
171.23611450195312 152.02334594726562 205.5568504333496 152.02334594726562 205.5568504333496 176.27477645874023 171.23611450195312 176.27477645874023
173.05946350097656 154.52499389648438 207.13215255737305 154.52499389648438 207.13215255737305 178.012300491333 173.05946350097656 178.012300491333
185.42617797851562 160.8749237060547 219.20014190673828 160.8749237060547 219.20014190673828 185.7618751525879 185.42617797851562 185.7618751525879
182.4235076904297 163.88026428222656 218.7913932800293 163.88026428222656 218.7913932800293 188.5446376800537 182.4235076904297 188.5446376800537
185.88922119140625 169.68399047851562 220.61729049682617 169.68399047851562 220.61729049682617 193.36224365234375 185.88922119140625 193.36224365234375
189.96945190429688 169.64418029785156 227.80907821655273 169.64418029785156 227.80907821655273 196.08106422424316 189.96945190429688 196.08106422424316
204.5154266357422 176.7056121826172 239.92268753051758 176.7056121826172 239.92268753051758 202.61490440368652 204.5154266357422 202.61490440368652
215.8409423828125 181.322509765625 246.958740234375 181.322509765625 246.958740234375 205.82465744018555 215.8409423828125 205.82465744018555
219.3598175048828 185.154541015625 250.67006874084473 185.154541015625 250.67006874084473 211.6115608215332 219.3598175048828 211.6115608215332
219.2134246826172 194.13003540039062 254.62145233154297 194.13003540039062 254.62145233154297 219.03355598449707 219.2134246826172 219.03355598449707
228.9793243408203 198.2314453125 262.02144622802734 198.2314453125 262.02144622802734 222.9896354675293 228.9793243408203 222.9896354675293
235.7273712158203 206.3450927734375 272.0236358642578 206.3450927734375 272.0236358642578 231.82703971862793 235.7273712158203 231.82703971862793
242.87387084960938 211.3408660888672 278.3342056274414 211.3408660888672 278.3342056274414 236.42723846435547 242.87387084960938 236.42723846435547
246.350341796875 214.975341796875 283.2224311828613 214.975341796875 283.2224311828613 240.8708553314209 246.350341796875 240.8708553314209
249.1475067138672 225.99276733398438 283.3960494995117 225.99276733398438 283.3960494995117 249.94627380371094 249.1475067138672 249.94627380371094
254.97549438476562 228.28457641601562 294.74980545043945 228.28457641601562 294.74980545043945 254.04736709594727 254.97549438476562 254.04736709594727
259.56787109375 234.4892120361328 296.3848648071289 234.4892120361328 296.3848648071289 259.9943161010742 259.56787109375 259.9943161010742
277.2982177734375 246.47628784179688 313.2450180053711 246.47628784179688 313.2450180053711 270.81263160705566 277.2982177734375 270.81263160705566
281.5155334472656 250.1959991455078 319.49315643310547 250.1959991455078 319.49315643310547 276.02271461486816 281.5155334472656 276.02271461486816
290.6546630859375 257.92340087890625 324.8508110046387 257.92340087890625 324.8508110046387 282.85368728637695 290.6546630859375 282.85368728637695
294.97760009765625 262.94683837890625 331.84215545654297 262.94683837890625 331.84215545654297 288.0833396911621 294.97760009765625 288.0833396911621
299.88702392578125 268.1017761230469 337.0795364379883 268.1017761230469 337.0795364379883 293.4603328704834 299.88702392578125 293.4603328704834
302.8018493652344 264.2792053222656 339.9440002441406 264.2792053222656 339.9440002441406 289.60342025756836 302.8018493652344 289.60342025756836
312.228759765625 268.82574462890625 349.1932601928711 268.82574462890625 349.1932601928711 294.0288333892822 312.228759765625 294.0288333892822
