170.0 179.0 207.0 179.0 207.0 234.0 170.0 234.0
175.1259765625 178.4347686767578 211.4083480834961 178.4347686767578 211.4083480834961 231.64092254638672 175.1259765625 231.64092254638672
186.97671508789062 176.28677368164062 221.77447509765625 176.28677368164062 221.77447509765625 230.66764068603516 186.97671508789062 230.66764068603516
191.796875 175.84500122070312 225.39337539672852 175.84500122070312 225.39337539672852 229.35623168945312 191.796875 229.35623168945312
196.18585205078125 174.8187713623047 229.33974075317383 174.8187713623047 229.33974075317383 230.20919036865234 196.18585205078125 230.20919036865234
199.7252655029297 174.41964721679688 232.02164459228516 174.41964721679688 232.02164459228516 229.47848510742188 199.7252655029297 229.47848510742188
203.2330322265625 173.80615234375 235.51481246948242 173.80615234375 235.51481246948242 226.85247802734375 203.2330322265625 226.85247802734375
205.72512817382812 173.35906982421875 237.81711196899414 173.35906982421875 237.81711196899414 227.86753463745117 205.72512817382812 227.86753463745117
208.25927734375 172.6986846923828 240.25790786743164 172.6986846923828 240.25790786743164 228.05867767333984 208.25927734375 228.05867767333984
211.8041229248047 173.8836669921875 243.00319480895996 173.8836669921875 243.00319480895996 226.44759368896484 211.8041229248047 226.44759368896484
213.35287475585938 174.00796508789062 245.2032814025879 174.00796508789062 245.2032814025879 226.15382766723633 213.35287475585938 226.15382766723633
214.92965698242188 173.3004913330078 247.20417022705078 173.3004913330078 247.20417022705078 225.6497344970703 214.92965698242188 225.6497344970703
216.3860626220703 172.3171844482422 248.99642181396484 172.3171844482422 248.99642181396484 224.56670761108398 216.3860626220703 224.56670761108398
218.3865203857422 173.4560546875 249.94427108764648 173.4560546875 249.94427108764648 224.44359588623047 218.3865203857422 224.44359588623047
219.52029418945312 173.85601806640625 251.88854598999023 173.85601806640625 251.88854598999023 225.31461334228516 219.52029418945312 225.31461334228516
219.4100341796875 174.7846221923828 251.40105056762695 174.7846221923828 251.40105056762695 224.8782730102539 219.4100341796875 224.8782730102539
219.4566650390625 173.9185791015625 251.40836143493652 173.9185791015625 251.40836143493652 224.4795036315918 219.4566650390625 224.4795036315918
221.13235473632812 173.6380157470703 252.46951293945312 173.6380157470703 252.46951293945312 224.31155395507812 221.13235473632812 224.31155395507812
222.708984375 175.22628784179688 254.1695156097412 175.22628784179688 254.1695156097412 222.77429962158203 222.708984375 222.77429962158203
222.44613647460938 172.7246856689453 254.5512466430664 172.7246856689453 254.5512466430664 223.8522720336914 222.44613647460938 223.8522720336914
222.58145141601562 174.6632537841797 253.9382266998291 174.6632537841797 253.9382266998291 223.17939376831055 222.58145141601562 223.17939376831055
222.47598266601562 174.77938842773438 253.3710422515869 174.77938842773438 253.3710422515869 222.4775390625 222.47598266601562 222.4775390625
222.2042236328125 173.84100341796875 253.58287048339844 173.84100341796875 253.58287048339844 222.8661346435547 222.2042236328125 222.8661346435547
223.7117156982422 175.24771118164062 254.44653701782227 175.24771118164062 254.44653701782227 223.21516799926758 223.7117156982422 223.21516799926758
223.81906127929688 175.34231567382812 253.0672492980957 175.34231567382812 253.0672492980957 221.50369262695312 223.81906127929688 221.50369262695312
222.29885864257812 174.58401489257812 252.00368309020996 174.58401489257812 252.00368309020996 221.9823455810547 222.29885864257812 221.9823455810547
222.33706665039062 174.6381072998047 251.85847854614258 174.6381072998047 251.85847854614258 222.18204498291016 222.33706665039062 222.18204498291016
222.7760009765625 176.58657836914062 251.6675624847412 176.58657836914062 251.6675624847412 221.3399887084961 222.7760009765625 221.3399887084961
221.751220703125 175.15940856933594 252.02012634277344 175.15940856933594 252.02012634277344 222.6359519958496 221.751220703125 222.6359519958496
220.4612274169922 175.30792236328125 250.48521041870117 175.30792236328125 250.48521041870117 221.7642593383789 220.4612274169922 221.7642593383789
220.48324584960938 175.29129028320312 250.25760459899902 175.29129028320312 250.25760459899902 220.86044311523438 220.48324584960938 220.86044311523438
220.5166473388672 175.41409301757812 250.1967010498047 175.41409301757812 250.1967010498047 222.2906837463379 220.5166473388672 222.2906837463379
219.46041870117188 175.1395721435547 248.9900722503662 175.1395721435547 248.9900722503662 220.5692481994629 219.46041870117188 220.5692481994629
218.1613311767578 174.22640991210938 247.74116897583008 174.22640991210938 247.74116897583008 220.0107421875 218.1613311767578 220.0107421875
217.7234344482422 174.05377197265625 247.29331970214844 174.05377197265625 247.29331970214844 220.71638107299805 217.7234344482422 220.71638107299805
216.26309204101562 173.09300231933594 246.23044967651367 173.09300231933594 246.23044967651367 220.8847541809082 216.26309204101562 220.8847541809082
214.1752166748047 172.56808471679688 244.71839332580566 172.56808471679688 244.71839332580566 220.97200775146484 214.1752166748047 220.97200775146484
214.0440216064453 173.08554077148438 243.8108310699463 173.08554077148438 243.8108310699463 220.52313995361328 214.0440216064453 220.52313995361328
213.6143341064453 172.84857177734375 243.21710205078125 172.84857177734375 243.21710205078125 220.2181167602539 213.6143341064453 220.2181167602539
212.07559204101562 172.06106567382812 242.21879959106445 172.06106567382812 242.21879959106445 221.57126998901367 212.07559204101562 221.57126998901367
211.08120727539062 172.5635223388672 241.18922805786133 172.5635223388672 241.18922805786133 219.94386672973633 211.08120727539062 219.94386672973633
210.941162109375 172.19189453125 240.97279930114746 172.19189453125 240.97279930114746 219.60462188720703 210.941162109375 219.60462188720703
209.2536163330078 171.35618591308594 240.53492164611816 171.35618591308594 240.53492164611816 219.6506118774414 209.2536163330078 219.6506118774414
208.6879119873047 172.24649047851562 239.21938133239746 172.24649047851562 239.21938133239746 219.49596405029297 208.6879119873047 219.49596405029297
207.691162109375 170.51239013671875 239.07818031311035 170.51239013671875 239.07818031311035 219.99205780029297 207.691162109375 219.99205780029297
207.2452392578125 170.56399536132812 238.74080276489258 170.56399536132812 238.74080276489258 219.50811386108398 207.2452392578125 219.50811386108398
206.93997192382812 172.3973388671875 237.30995750427246 172.3973388671875 237.30995750427246 218.8137969970703 206.93997192382812 218.8137969970703
205.8735809326172 168.9855194091797 239.95626831054688 168.9855194091797 239.95626831054688 219.64896392822266 205.8735809326172 219.64896392822266
204.97225952148438 171.4904327392578 236.16245079040527 171.4904327392578 236.16245079040527 218.59992218017578 204.97225952148438 218.59992218017578
206.3633270263672 171.19320678710938 236.8106288909912 171.19320678710938 236.8106288909912 218.0656394958496 206.3633270263672 218.0656394958496
204.4721221923828 169.3787841796875 236.07967567443848 169.3787841796875 236.07967567443848 218.49872589111328 204.4721221923828 218.49872589111328
204.8846435546875 170.69142150878906 236.24954223632812 170.69142150878906 236.24954223632812 218.23934173583984 204.8846435546875 218.23934173583984
205.1461944580078 171.29122924804688 235.2933807373047 171.29122924804688 235.2933807373047 217.44236755371094 205.1461944580078 217.44236755371094
204.49932861328125 170.3712615966797 235.97858047485352 170.3712615966797 235.97858047485352 218.37135314941406 204.49932861328125 218.37135314941406
205.1859130859375 169.0283660888672 236.64313125610352 169.0283660888672 236.64313125610352 217.43917083740234 205.1859130859375 217.43917083740234
205.7710418701172 168.40005493164062 236.5110378265381 168.40005493164062 236.5110378265381 216.0025634765625 205.7710418701172 216.0025634765625
205.1517333984375 168.1749725341797 235.6813144683838 168.1749725341797 235.6813144683838 216.2627410888672 205.1517333984375 216.2627410888672
204.91952514648438 169.0447998046875 235.15544509887695 169.0447998046875 235.15544509887695 216.44248962402344 204.91952514648438 216.44248962402344
205.27291870117188 168.73487854003906 236.16896438598633 168.73487854003906 236.16896438598633 215.0934829711914 205.27291870117188 215.0934829711914
206.2452850341797 166.29226684570312 237.46300888061523 166.29226684570312 237.46300888061523 215.52697372436523 206.2452850341797 215.52697372436523
206.2747802734375 168.6004180908203 236.86391830444336 168.6004180908203 236.86391830444336 216.5563735961914 206.2747802734375 216.5563735961914
206.630859375 167.37319946289062 237.22731399536133 167.37319946289062 237.22731399536133 215.37483978271484 206.630859375 215.37483978271484
206.2771759033203 167.82106018066406 237.3234348297119 167.82106018066406 237.3234348297119 217.19034957885742 206.2771759033203 217.19034957885742
207.45327758789062 166.8616180419922 237.9663028717041 166.8616180419922 237.9663028717041 215.6826515197754 207.45327758789062 215.6826515197754
208.99630737304688 170.85671997070312 237.7645969390869 170.85671997070312 237.7645969390869 215.81679916381836 208.99630737304688 215.81679916381836
208.5465545654297 167.80746459960938 238.36853408813477 167.80746459960938 238.36853408813477 215.0753059387207 208.5465545654297 215.0753059387207
207.9890594482422 166.5399627685547 239.46709060668945 166.5399627685547 239.46709060668945 215.28982543945312 207.9890594482422 215.28982543945312
209.2936248779297 167.44041442871094 240.16512489318848 167.44041442871094 240.16512489318848 214.40155410766602 209.2936248779297 214.40155410766602
209.168212890625 167.1994171142578 240.70025634765625 167.1994171142578 240.70025634765625 214.79250717163086 209.168212890625 214.79250717163086
209.4466094970703 165.6862030029297 241.84269332885742 165.6862030029297 241.84269332885742 214.45462799072266 209.4466094970703 214.45462799072266
211.4563446044922 167.12582397460938 241.4733009338379 167.12582397460938 241.4733009338379 214.10660934448242 211.4563446044922 214.10660934448242
211.87490844726562 168.73721313476562 242.04439163208008 168.73721313476562 242.04439163208008 215.30950164794922 211.87490844726562 215.30950164794922
211.91226196289062 167.84158325195312 242.30405807495117 167.84158325195312 242.30405807495117 215.28723907470703 211.91226196289062 215.28723907470703
212.80026245117188 170.17330932617188 243.12277221679688 170.17330932617188 243.12277221679688 215.30266189575195 212.80026245117188 215.30266189575195
212.76162719726562 166.89169311523438 244.16766357421875 166.89169311523438 244.16766357421875 214.9249496459961 212.76162719726562 214.9249496459961
213.85781860351562 167.50772094726562 244.8462257385254 167.50772094726562 244.8462257385254 214.95294952392578 213.85781860351562 214.95294952392578
215.2509307861328 169.3457489013672 245.73788833618164 169.3457489013672 245.73788833618164 214.82094955444336 215.2509307861328 214.82094955444336
214.88522338867188 167.7349853515625 245.57123374938965 167.7349853515625 245.57123374938965 214.07805252075195 214.88522338867188 214.07805252075195
215.2021942138672 167.05081176757812 246.11345863342285 167.05081176757812 246.11345863342285 213.01638412475586 215.2021942138672 213.01638412475586
216.7729034423828 170.3975830078125 246.06760215759277 170.3975830078125 246.06760215759277 214.29308700561523 216.7729034423828 214.29308700561523
217.072998046875 169.82131958007812 246.52898597717285 169.82131958007812 246.52898597717285 213.4603271484375 217.072998046875 213.4603271484375
215.9296112060547 168.37631225585938 245.8633918762207 168.37631225585938 245.8633918762207 214.2861099243164 215.9296112060547 214.2861099243164
216.12344360351562 168.65737915039062 246.56463241577148 168.65737915039062 246.56463241577148 213.80980682373047 216.12344360351562 213.80980682373047
215.1544189453125 167.10939025878906 246.24041175842285 167.10939025878906 246.24041175842285 214.26163482666016 215.1544189453125 214.26163482666016
216.43283081054688 168.05636596679688 246.7909698486328 168.05636596679688 246.7909698486328 213.0502166748047 216.43283081054688 213.0502166748047
216.4042510986328 167.17794799804688 246.83611679077148 167.17794799804688 246.83611679077148 213.16259002685547 216.4042510986328 213.16259002685547
215.5701904296875 165.27978515625 246.58733558654785 165.27978515625 246.58733558654785 213.18467712402344 215.5701904296875 213.18467712402344
219.06143188476562 169.0803985595703 248.15993881225586 169.0803985595703 248.15993881225586 214.0544319152832 219.06143188476562 214.0544319152832
219.43789672851562 168.58262634277344 248.74777603149414 168.58262634277344 248.74777603149414 213.86880111694336 219.43789672851562 213.86880111694336
218.05313110351562 165.14651489257812 248.92835998535156 165.14651489257812 248.92835998535156 212.27825546264648 218.05313110351562 212.27825546264648
218.3734130859375 167.2995147705078 248.74178504943848 167.2995147705078 248.74178504943848 213.04064559936523 218.3734130859375 213.04064559936523
218.62832641601562 165.63607788085938 250.47037887573242 165.63607788085938 250.47037887573242 213.6163215637207 218.62832641601562 213.6163215637207
219.333251953125 164.36837768554688 250.39609909057617 164.36837768554688 250.39609909057617 211.64810943603516 219.333251953125 211.64810943603516
220.32223510742188 166.40235900878906 251.06170082092285 166.40235900878906 251.06170082092285 212.31978607177734 220.32223510742188 212.31978607177734
221.7821807861328 165.79806518554688 252.44413375854492 165.79806518554688 252.44413375854492 212.21010971069336 221.7821807861328 212.21010971069336
221.29324340820312 165.18824768066406 252.27044105529785 165.18824768066406 252.27044105529785 212.57232284545898 221.29324340820312 212.57232284545898
222.33047485351562 167.2323760986328 252.22815895080566 167.2323760986328 252.22815895080566 212.30082321166992 222.33047485351562 212.30082321166992
223.18136596679688 167.85475158691406 252.55495643615723 167.85475158691406 252.55495643615723 213.36388397216797 223.18136596679688 213.36388397216797
222.7607879638672 165.83212280273438 253.59861373901367 165.83212280273438 253.59861373901367 212.2331314086914 222.7607879638672 212.2331314086914
224.1331329345703 166.86293029785156 254.16959190368652 166.86293029785156 254.16959190368652 212.0119857788086 224.1331329345703 212.0119857788086
224.0423583984375 168.0908966064453 254.11881065368652 168.0908966064453 254.11881065368652 213.69928741455078 224.0423583984375 213.69928741455078
223.3860626220703 166.9604034423828 255.39990234375 166.9604034423828 255.39990234375 214.2611083984375 223.3860626220703 214.2611083984375
225.66983032226562 166.51055908203125 255.90372848510742 166.51055908203125 255.90372848510742 212.1117401123047 225.66983032226562 212.1117401123047
225.0792694091797 164.3759765625 257.1587448120117 164.3759765625 257.1587448120117 212.69873809814453 225.0792694091797 212.69873809814453
226.48828125 163.97622680664062 257.8859920501709 163.97622680664062 257.8859920501709 211.0169906616211 226.48828125 211.0169906616211
226.4712371826172 164.25985717773438 258.3416347503662 164.25985717773438 258.3416347503662 212.26878356933594 226.4712371826172 212.26878356933594
226.8148956298828 164.76058959960938 258.30986404418945 164.76058959960938 258.30986404418945 211.62493133544922 226.8148956298828 211.62493133544922
227.9241485595703 165.8482666015625 259.3247184753418 165.8482666015625 259.3247184753418 211.89880752563477 227.9241485595703 211.89880752563477
228.42550659179688 166.9541473388672 259.2574882507324 166.9541473388672 259.2574882507324 212.64966201782227 228.42550659179688 212.64966201782227
227.6894989013672 163.7366180419922 259.4405879974365 163.7366180419922 259.4405879974365 211.5612564086914 227.6894989013672 211.5612564086914
230.05026245117188 163.96383666992188 260.5759582519531 163.96383666992188 260.5759582519531 210.68317031860352 230.05026245117188 210.68317031860352
230.15625 163.19969177246094 262.18207931518555 163.19969177246094 262.18207931518555 210.2250747680664 230.15625 210.2250747680664
230.3241729736328 164.60385131835938 261.04115867614746 164.60385131835938 261.04115867614746 210.81398010253906 230.3241729736328 210.81398010253906
231.671630859375 164.38546752929688 262.04103660583496 164.38546752929688 262.04103660583496 209.87442779541016 231.671630859375 209.87442779541016
231.070068359375 164.75497436523438 261.86753273010254 164.75497436523438 261.86753273010254 211.54368591308594 231.070068359375 211.54368591308594
230.72354125976562 164.7138671875 261.4128932952881 164.7138671875 261.4128932952881 211.5927963256836 230.72354125976562 211.5927963256836
231.0902557373047 163.65853881835938 261.8765468597412 163.65853881835938 261.8765468597412 210.6039695739746 231.0902557373047 210.6039695739746
230.04745483398438 161.72506713867188 262.1068115234375 161.72506713867188 262.1068115234375 209.98532485961914 230.04745483398438 209.98532485961914
232.6525421142578 165.1883544921875 262.8786315917969 165.1883544921875 262.8786315917969 211.9552993774414 232.6525421142578 211.9552993774414
232.0721435546875 163.2711181640625 262.9748783111572 163.2711181640625 262.9748783111572 211.06383895874023 232.0721435546875 211.06383895874023
232.7178955078125 162.90032958984375 264.2950553894043 162.90032958984375 264.2950553894043 209.97373580932617 232.7178955078125 209.97373580932617
234.2528839111328 164.04025268554688 264.97140884399414 164.04025268554688 264.97140884399414 210.63796997070312 234.2528839111328 210.63796997070312
233.4351806640625 162.22735595703125 264.3229007720947 162.22735595703125 264.3229007720947 210.0185089111328 233.4351806640625 210.0185089111328
234.3798828125 163.4940185546875 265.8299961090088 163.4940185546875 265.8299961090088 210.8144073486328 234.3798828125 210.8144073486328
235.0110321044922 163.2001495361328 266.34292221069336 163.2001495361328 266.34292221069336 210.1488380432129 235.0110321044922 210.1488380432129
235.29541015625 165.66293334960938 265.9845733642578 165.66293334960938 265.9845733642578 211.27570343017578 235.29541015625 211.27570343017578
235.99942016601562 166.90139770507812 266.48859214782715 166.90139770507812 266.48859214782715 211.87068939208984 235.99942016601562 211.87068939208984
236.483154296875 163.9696807861328 267.0190544128418 163.9696807861328 267.0190544128418 210.30162811279297 236.483154296875 210.30162811279297
234.9987335205078 162.96194458007812 266.23333168029785 162.96194458007812 266.23333168029785 210.3129768371582 234.9987335205078 210.3129768371582
236.8957061767578 163.77442932128906 267.837100982666 163.77442932128906 267.837100982666 210.50774383544922 236.8957061767578 210.50774383544922
