186.0 71.0 197.0 71.0 197.0 95.0 186.0 95.0
186.4401397705078 69.32933044433594 197.3562936782837 69.32933044433594 197.3562936782837 93.6176643371582 186.4401397705078 93.6176643371582
186.54498291015625 69.08763122558594 197.50581455230713 69.08763122558594 197.50581455230713 93.32002639770508 186.54498291015625 93.32002639770508
186.59320068359375 67.4764175415039 197.8552885055542 67.4764175415039 197.8552885055542 92.33943367004395 186.59320068359375 92.33943367004395
186.62001037597656 67.60537719726562 197.86202239990234 67.60537719726562 197.86202239990234 92.50212669372559 186.62001037597656 92.50212669372559
187.24456787109375 66.70211791992188 198.30441856384277 66.70211791992188 198.30441856384277 91.08712768554688 187.24456787109375 91.08712768554688
186.95883178710938 66.2453384399414 198.16176509857178 66.2453384399414 198.16176509857178 91.06340408325195 186.95883178710938 91.06340408325195
187.7356719970703 65.43988037109375 198.90975284576416 65.43988037109375 198.90975284576416 89.23415184020996 187.7356719970703 89.23415184020996
187.721923828125 64.07828521728516 198.967134475708 64.07828521728516 198.967134475708 87.997802734375 187.721923828125 87.997802734375
188.05209350585938 63.70050048828125 199.15621376037598 63.70050048828125 199.15621376037598 88.54690742492676 188.05209350585938 88.54690742492676
188.14097595214844 62.5054931640625 199.4981517791748 62.5054931640625 199.4981517791748 86.07026863098145 188.14097595214844 86.07026863098145
188.22032165527344 61.4640007019043 199.26455402374268 61.4640007019043 199.26455402374268 85.6304702758789 188.22032165527344 85.6304702758789
188.40884399414062 60.33892822265625 199.3462038040161 60.33892822265625 199.3462038040161 84.53507995605469 188.40884399414062 84.53507995605469
188.48611450195312 59.746368408203125 199.49241161346436 59.746368408203125 199.49241161346436 84.06089401245117 188.48611450195312 84.06089401245117
188.4086151123047 59.560264587402344 199.25644397735596 59.560264587402344 199.25644397735596 82.77093887329102 188.4086151123047 82.77093887329102
188.13250732421875 58.63849639892578 198.9742612838745 58.63849639892578 198.9742612838745 81.93572998046875 188.13250732421875 81.93572998046875
188.10499572753906 58.6326904296875 198.90939903259277 58.6326904296875 198.90939903259277 81.99259948730469 188.10499572753906 81.99259948730469
188.06272888183594 57.35407638549805 199.0349063873291 57.35407638549805 199.0349063873291 81.16853904724121 188.06272888183594 81.16853904724121
187.4486846923828 56.74125289916992 198.53112316131592 56.74125289916992 198.53112316131592 80.33495712280273 187.4486846923828 80.33495712280273
186.99073791503906 55.596778869628906 198.21696758270264 55.596778869628906 198.21696758270264 78.9661693572998 186.99073791503906 78.9661693572998
186.3645477294922 54.24531173706055 197.50277996063232 54.24531173706055 197.50277996063232 77.52913284301758 186.3645477294922 77.52913284301758
185.87960815429688 53.322715759277344 197.32553958892822 53.322715759277344 197.32553958892822 76.40224838256836 185.87960815429688 76.40224838256836
185.1041259765625 52.378997802734375 196.2454252243042 52.378997802734375 196.2454252243042 75.87883377075195 185.1041259765625 75.87883377075195
185.10638427734375 52.19574737548828 196.1806468963623 52.19574737548828 196.1806468963623 75.66608047485352 185.10638427734375 75.66608047485352
183.93455505371094 50.905906677246094 195.24619483947754 50.905906677246094 195.24619483947754 74.87549781799316 183.93455505371094 74.87549781799316
182.8229217529297 50.11034393310547 194.31746196746826 50.11034393310547 194.31746196746826 73.3946647644043 182.8229217529297 73.3946647644043
181.98458862304688 49.57963562011719 192.9787244796753 49.57963562011719 192.9787244796753 73.91706848144531 181.98458862304688 73.91706848144531
182.01296997070312 49.51754379272461 193.03051471710205 49.51754379272461 193.03051471710205 73.78630638122559 182.01296997070312 73.78630638122559
182.0640106201172 49.79575729370117 193.1700029373169 49.79575729370117 193.1700029373169 73.95535278320312 182.0640106201172 73.95535278320312
178.86083984375 47.28335952758789 190.8787784576416 47.28335952758789 190.8787784576416 71.62763404846191 178.86083984375 71.62763404846191
178.02183532714844 46.40852355957031 189.45521926879883 46.40852355957031 189.45521926879883 70.50680732727051 178.02183532714844 70.50680732727051
177.2744140625 45.91815948486328 188.5691442489624 45.91815948486328 188.5691442489624 69.5511360168457 177.2744140625 69.5511360168457
177.3335418701172 45.76230239868164 188.7105255126953 45.76230239868164 188.7105255126953 69.52927207946777 177.3335418701172 69.52927207946777
176.51150512695312 46.007850646972656 187.46648597717285 46.007850646972656 187.46648597717285 68.67271995544434 176.51150512695312 68.67271995544434
173.61050415039062 43.86543655395508 184.85811138153076 43.86543655395508 184.85811138153076 67.05057525634766 173.61050415039062 67.05057525634766
173.6086883544922 44.07187271118164 184.7380723953247 44.07187271118164 184.7380723953247 67.2515754699707 173.6086883544922 67.2515754699707
172.73397827148438 42.60417556762695 184.16406440734863 42.60417556762695 184.16406440734863 65.75961494445801 172.73397827148438 65.75961494445801
171.48016357421875 41.780128479003906 183.2201328277588 41.780128479003906 183.2201328277588 64.45624160766602 171.48016357421875 64.45624160766602
170.20651245117188 42.727333068847656 181.75994873046875 42.727333068847656 181.75994873046875 64.55684661865234 170.20651245117188 64.55684661865234
169.23057556152344 42.20969009399414 180.87587547302246 42.20969009399414 180.87587547302246 63.57505989074707 169.23057556152344 63.57505989074707
167.4784393310547 41.88993835449219 179.31964874267578 41.88993835449219 179.31964874267578 62.861345291137695 167.4784393310547 62.861345291137695
166.6176300048828 41.211524963378906 178.5116481781006 41.211524963378906 178.5116481781006 62.19955635070801 166.6176300048828 62.19955635070801
165.4613494873047 40.01283645629883 177.49367237091064 40.01283645629883 177.49367237091064 61.345232009887695 165.4613494873047 61.345232009887695
164.4757080078125 38.825782775878906 176.6456241607666 38.825782775878906 176.6456241607666 60.632802963256836 164.4757080078125 60.632802963256836
163.16419982910156 38.69272994995117 175.43867683410645 38.69272994995117 175.43867683410645 60.126230239868164 163.16419982910156 60.126230239868164
163.26327514648438 38.397789001464844 175.66129302978516 38.397789001464844 175.66129302978516 59.84340476989746 163.26327514648438 59.84340476989746
162.2023162841797 36.264739990234375 174.94345664978027 36.264739990234375 174.94345664978027 57.57802200317383 162.2023162841797 57.57802200317383
161.4890899658203 35.37071228027344 174.30635261535645 35.37071228027344 174.30635261535645 57.176029205322266 161.4890899658203 57.176029205322266
160.50653076171875 34.43429183959961 172.75935173034668 34.43429183959961 172.75935173034668 56.10017395019531 160.50653076171875 56.10017395019531
159.8621063232422 33.60835647583008 171.77027320861816 33.60835647583008 171.77027320861816 55.42725372314453 159.8621063232422 55.42725372314453
159.24093627929688 33.246864318847656 170.9441204071045 33.246864318847656 170.9441204071045 53.72250175476074 159.24093627929688 53.72250175476074
158.2907257080078 32.5447883605957 169.69489574432373 32.5447883605957 169.69489574432373 53.26961135864258 158.2907257080078 53.26961135864258
157.68212890625 31.827489852905273 168.91123962402344 31.827489852905273 168.91123962402344 53.5291805267334 157.68212890625 53.5291805267334
157.33084106445312 31.51726722717285 168.38281917572021 31.51726722717285 168.38281917572021 53.383596420288086 157.33084106445312 53.383596420288086
156.82763671875 31.1219482421875 167.2174196243286 31.1219482421875 167.2174196243286 52.180240631103516 156.82763671875 52.180240631103516
155.74119567871094 30.313003540039062 165.84752750396729 30.313003540039062 165.84752750396729 52.027706146240234 155.74119567871094 52.027706146240234
155.527587890625 29.381298065185547 165.74210739135742 29.381298065185547 165.74210739135742 50.8829402923584 155.527587890625 50.8829402923584
154.60145568847656 28.98746681213379 165.00994110107422 28.98746681213379 165.00994110107422 50.4874382019043 154.60145568847656 50.4874382019043
153.96755981445312 28.006195068359375 164.14555549621582 28.006195068359375 164.14555549621582 49.26766586303711 153.96755981445312 49.26766586303711
153.93649291992188 28.676143646240234 163.98843669891357 28.676143646240234 163.98843669891357 49.541893005371094 153.93649291992188 49.541893005371094
153.03433227539062 27.092254638671875 163.43174266815186 27.092254638671875 163.43174266815186 48.38993263244629 153.03433227539062 48.38993263244629
152.627197265625 26.906696319580078 162.92054748535156 26.906696319580078 162.92054748535156 47.75572204589844 152.627197265625 47.75572204589844
151.99061584472656 26.297073364257812 161.8887996673584 26.297073364257812 161.8887996673584 47.16591835021973 151.99061584472656 47.16591835021973
151.3624267578125 24.44070053100586 161.51406478881836 24.44070053100586 161.51406478881836 46.41106414794922 151.3624267578125 46.41106414794922
150.8040313720703 24.584819793701172 160.8568058013916 24.584819793701172 160.8568058013916 45.55323600769043 150.8040313720703 45.55323600769043
149.88095092773438 23.73208236694336 160.20289421081543 23.73208236694336 160.20289421081543 44.57295036315918 149.88095092773438 44.57295036315918
149.22264099121094 22.95903968811035 159.5867099761963 22.95903968811035 159.5867099761963 43.78798484802246 149.22264099121094 43.78798484802246
148.80328369140625 22.58144760131836 158.92458629608154 22.58144760131836 158.92458629608154 43.3718204498291 148.80328369140625 43.3718204498291
147.97311401367188 20.958181381225586 158.24120712280273 20.958181381225586 158.24120712280273 42.813425064086914 147.97311401367188 42.813425064086914
147.97300720214844 21.06931495666504 158.2445774078369 21.06931495666504 158.2445774078369 42.838104248046875 147.97300720214844 42.838104248046875
147.11764526367188 20.395851135253906 157.41074180603027 20.395851135253906 157.41074180603027 42.187808990478516 147.11764526367188 42.187808990478516
146.41580200195312 20.402002334594727 156.9516201019287 20.402002334594727 156.9516201019287 41.45096397399902 146.41580200195312 41.45096397399902
145.59054565429688 19.15338897705078 155.98106861114502 19.15338897705078 155.98106861114502 40.72559928894043 145.59054565429688 40.72559928894043
144.98208618164062 18.555837631225586 155.41724395751953 18.555837631225586 155.41724395751953 39.90820121765137 144.98208618164062 39.90820121765137
144.4048309326172 18.282733917236328 154.74783325195312 18.282733917236328 154.74783325195312 39.61811828613281 144.4048309326172 39.61811828613281
143.58152770996094 17.945266723632812 153.6835765838623 17.945266723632812 153.6835765838623 38.98397636413574 143.58152770996094 38.98397636413574
142.5604248046875 17.32024574279785 152.84738159179688 17.32024574279785 152.84738159179688 38.41641044616699 142.5604248046875 38.41641044616699
141.9319610595703 16.227291107177734 152.20656394958496 16.227291107177734 152.20656394958496 38.30880355834961 141.9319610595703 38.30880355834961
141.26107788085938 15.342672348022461 151.4825029373169 15.342672348022461 151.4825029373169 37.57686996459961 141.26107788085938 37.57686996459961
141.2927703857422 15.110956192016602 151.625018119812 15.110956192016602 151.625018119812 37.49457931518555 141.2927703857422 37.49457931518555
140.2271270751953 14.862417221069336 150.57589435577393 14.862417221069336 150.57589435577393 36.822635650634766 140.2271270751953 36.822635650634766
139.4280242919922 14.266079902648926 149.58195209503174 14.266079902648926 149.58195209503174 36.28663349151611 139.4280242919922 36.28663349151611
138.78286743164062 13.973238945007324 148.86801147460938 13.973238945007324 148.86801147460938 35.366148948669434 138.78286743164062 35.366148948669434
137.9771270751953 13.825067520141602 148.22786140441895 13.825067520141602 148.22786140441895 34.77116394042969 137.9771270751953 34.77116394042969
137.06895446777344 13.114412307739258 147.00584983825684 13.114412307739258 147.00584983825684 34.223928451538086 137.06895446777344 34.223928451538086
135.78750610351562 12.350309371948242 145.73056411743164 12.350309371948242 145.73056411743164 33.50767135620117 135.78750610351562 33.50767135620117
135.1870574951172 11.897085189819336 145.53039360046387 11.897085189819336 145.53039360046387 33.01910400390625 135.1870574951172 33.01910400390625
134.43557739257812 10.819297790527344 144.74593925476074 10.819297790527344 144.74593925476074 32.2086296081543 134.43557739257812 32.2086296081543
133.60006713867188 11.507654190063477 143.334490776062 11.507654190063477 143.334490776062 32.252105712890625 133.60006713867188 32.252105712890625
132.5772705078125 9.471590995788574 142.55613899230957 9.471590995788574 142.55613899230957 30.490500450134277 132.5772705078125 30.490500450134277
132.53587341308594 9.242151260375977 142.54235935211182 9.242151260375977 142.54235935211182 30.438989639282227 132.53587341308594 30.438989639282227
131.892333984375 8.6128568649292 142.04966163635254 8.6128568649292 142.04966163635254 30.457985877990723 131.892333984375 30.457985877990723
131.00271606445312 9.755430221557617 140.93878746032715 9.755430221557617 140.93878746032715 29.885377883911133 131.00271606445312 29.885377883911133
130.11874389648438 8.855636596679688 139.90875434875488 8.855636596679688 139.90875434875488 29.05413818359375 130.11874389648438 29.05413818359375
129.53805541992188 8.147136688232422 139.46993923187256 8.147136688232422 139.46993923187256 28.64084243774414 129.53805541992188 28.64084243774414
128.6226043701172 7.792405128479004 138.68324947357178 7.792405128479004 138.68324947357178 28.01700496673584 128.6226043701172 28.01700496673584
127.44270324707031 6.742959022521973 137.39995002746582 6.742959022521973 137.39995002746582 27.13394260406494 127.44270324707031 27.13394260406494
126.34669494628906 5.249106407165527 136.59017372131348 5.249106407165527 136.59017372131348 26.276164054870605 126.34669494628906 26.276164054870605
125.7718734741211 5.437716484069824 135.58052825927734 5.437716484069824 135.58052825927734 26.16812801361084 125.7718734741211 26.16812801361084
125.69746398925781 5.694386959075928 135.4182071685791 5.694386959075928 135.4182071685791 26.36323308944702 125.69746398925781 26.36323308944702
124.62489318847656 4.372109413146973 134.8941707611084 4.372109413146973 134.8941707611084 26.091748237609863 124.62489318847656 26.091748237609863
123.24211120605469 3.81689453125 133.56321907043457 3.81689453125 133.56321907043457 25.200855255126953 123.24211120605469 25.200855255126953
122.08079528808594 3.3454749584198 132.58775901794434 3.3454749584198 132.58775901794434 25.145569562911987 122.08079528808594 25.145569562911987
121.4539566040039 3.171609878540039 131.63211059570312 3.171609878540039 131.63211059570312 25.074460983276367 121.4539566040039 25.074460983276367
120.45548248291016 1.8310353755950928 130.80792427062988 1.8310353755950928 130.80792427062988 24.028987646102905 120.45548248291016 24.028987646102905
119.58540344238281 2.3504326343536377 130.05780601501465 2.3504326343536377 130.05780601501465 24.37435269355774 119.58540344238281 24.37435269355774
117.92057037353516 1.181709885597229 128.35725593566895 1.181709885597229 128.35725593566895 24.28741705417633 117.92057037353516 24.28741705417633
116.6812973022461 0.03332328796386719 127.20901679992676 0.03332328796386719 127.20901679992676 24.405637741088867 116.6812973022461 24.405637741088867
115.81668853759766 0.08596782386302948 126.3306188583374 0.08596782386302948 126.3306188583374 24.61553744971752 115.81668853759766 24.61553744971752
115.9613265991211 0.1942731887102127 126.363525390625 0.1942731887102127 126.363525390625 24.46872539818287 115.9613265991211 24.46872539818287
115.0337905883789 0.0 125.49334144592285 0.0 125.49334144592285 23.912424087524414 115.0337905883789 23.912424087524414
113.65644836425781 0.0 124.02381610870361 0.0 124.02381610870361 24.25156021118164 113.65644836425781 24.25156021118164
112.64591217041016 0.0 123.30098533630371 0.0 123.30098533630371 24.144718170166016 112.64591217041016 24.144718170166016
111.06977844238281 0.0 122.00719451904297 0.0 122.00719451904297 24.531005859375 111.06977844238281 24.531005859375
110.24729919433594 0.0 120.83233451843262 0.0 120.83233451843262 23.278079986572266 110.24729919433594 23.278079986572266
