117.0 72.0 143.0 72.0 143.0 96.0 117.0 96.0
117.0366439819336 72.0246810913086 143.05114936828613 72.0246810913086 143.05114936828613 96.02411842346191 117.0366439819336 96.02411842346191
117.02778625488281 71.98094177246094 143.00778198242188 71.98094177246094 143.00778198242188 96.0684871673584 117.02778625488281 96.0684871673584
118.40299987792969 73.7515640258789 144.75412368774414 73.7515640258789 144.75412368774414 97.26289176940918 118.40299987792969 97.26289176940918
118.359130859375 73.78071594238281 144.7996425628662 73.78071594238281 144.7996425628662 97.33501815795898 118.359130859375 97.33501815795898
119.59126281738281 75.26554107666016 146.36666870117188 75.26554107666016 146.36666870117188 98.73420906066895 119.59126281738281 98.73420906066895
119.6330795288086 75.27505493164062 146.33255767822266 75.27505493164062 146.33255767822266 98.77704620361328 119.6330795288086 98.77704620361328
121.0183334350586 76.47816467285156 147.36926460266113 76.47816467285156 147.36926460266113 99.99924087524414 121.0183334350586 99.99924087524414
120.97314453125 76.56614685058594 147.3680820465088 76.56614685058594 147.3680820465088 100.02377319335938 120.97314453125 100.02377319335938
122.19688415527344 77.62296295166016 148.38059425354004 77.62296295166016 148.38059425354004 101.47631454467773 122.19688415527344 101.47631454467773
122.25486755371094 77.58830261230469 148.3550624847412 77.58830261230469 148.3550624847412 101.54950523376465 122.25486755371094 101.54950523376465
123.08028411865234 78.6522216796875 149.85967826843262 78.6522216796875 149.85967826843262 102.71147727966309 123.08028411865234 102.71147727966309
123.07377624511719 78.45777893066406 149.86957359313965 78.45777893066406 149.86957359313965 102.85810279846191 123.07377624511719 102.85810279846191
124.47068786621094 80.12454986572266 150.74418258666992 80.12454986572266 150.74418258666992 103.83083724975586 124.47068786621094 103.83083724975586
124.4049072265625 80.1510009765625 150.6169548034668 80.1510009765625 150.6169548034668 103.80829238891602 124.4049072265625 103.80829238891602
125.88680267333984 81.20381164550781 151.0915470123291 81.20381164550781 151.0915470123291 104.66386604309082 125.88680267333984 104.66386604309082
125.73026275634766 81.12092590332031 151.1886386871338 81.12092590332031 151.1886386871338 104.78152656555176 125.73026275634766 104.78152656555176
127.50013732910156 81.89450073242188 152.40321350097656 81.89450073242188 152.40321350097656 106.14267349243164 127.50013732910156 106.14267349243164
127.49909973144531 81.89479064941406 152.60584259033203 81.89479064941406 152.60584259033203 106.22436141967773 127.49909973144531 106.22436141967773
129.54428100585938 83.75240325927734 155.10585021972656 83.75240325927734 155.10585021972656 108.03451156616211 129.54428100585938 108.03451156616211
129.5621337890625 83.69035339355469 155.1543483734131 83.69035339355469 155.1543483734131 107.99056625366211 129.5621337890625 107.99056625366211
130.87188720703125 84.84175109863281 156.54965782165527 84.84175109863281 156.54965782165527 109.85089492797852 130.87188720703125 109.85089492797852
130.9595489501953 84.896728515625 156.5080108642578 84.896728515625 156.5080108642578 109.88528823852539 130.9595489501953 109.88528823852539
132.31884765625 86.11080169677734 157.65633964538574 86.11080169677734 157.65633964538574 111.72393608093262 132.31884765625 111.72393608093262
132.080078125 86.26493835449219 157.53833389282227 86.26493835449219 157.53833389282227 111.80511093139648 132.080078125 111.80511093139648
134.0046844482422 88.26167297363281 159.20758056640625 88.26167297363281 159.20758056640625 112.89613723754883 134.0046844482422 112.89613723754883
134.0205535888672 88.18058776855469 159.45424461364746 88.18058776855469 159.45424461364746 112.89416122436523 134.0205535888672 112.89416122436523
135.8060760498047 89.69107055664062 162.49928283691406 89.69107055664062 162.49928283691406 115.09789848327637 135.8060760498047 115.09789848327637
136.03524780273438 89.69125366210938 162.24388122558594 89.69125366210938 162.24388122558594 115.05533599853516 136.03524780273438 115.05533599853516
137.00485229492188 91.10052490234375 164.09304809570312 91.10052490234375 164.09304809570312 116.74347305297852 137.00485229492188 116.74347305297852
136.76144409179688 91.1187515258789 163.99480628967285 91.1187515258789 163.99480628967285 116.83903884887695 136.76144409179688 116.83903884887695
138.08326721191406 93.06719970703125 166.0556297302246 93.06719970703125 166.0556297302246 118.94397926330566 138.08326721191406 118.94397926330566
138.0998077392578 93.05232238769531 165.90069961547852 93.05232238769531 165.90069961547852 119.0257511138916 138.0998077392578 119.0257511138916
139.05593872070312 94.12455749511719 167.4221649169922 94.12455749511719 167.4221649169922 121.02917861938477 139.05593872070312 121.02917861938477
139.0703125 94.00273895263672 167.37555313110352 94.00273895263672 167.37555313110352 121.09769058227539 139.0703125 121.09769058227539
139.77297973632812 96.3424072265625 169.71436500549316 96.3424072265625 169.71436500549316 122.97651672363281 139.77297973632812 122.97651672363281
139.83885192871094 96.3901138305664 169.4621067047119 96.3901138305664 169.4621067047119 122.98410224914551 139.83885192871094 122.98410224914551
141.0800018310547 97.80027770996094 170.70920944213867 97.80027770996094 170.70920944213867 124.70400619506836 141.0800018310547 124.70400619506836
141.02719116210938 97.19606018066406 170.69240760803223 97.19606018066406 170.69240760803223 124.79514122009277 141.02719116210938 124.79514122009277
141.05337524414062 97.51921081542969 170.61443519592285 97.51921081542969 170.61443519592285 124.82325172424316 141.05337524414062 124.82325172424316
142.5600128173828 99.76927185058594 172.86766624450684 99.76927185058594 172.86766624450684 126.37301063537598 142.5600128173828 126.37301063537598
142.71914672851562 99.79047393798828 172.57505226135254 99.79047393798828 172.57505226135254 126.38040542602539 142.71914672851562 126.38040542602539
143.83456420898438 100.87734985351562 174.71489334106445 100.87734985351562 174.71489334106445 128.04360580444336 143.83456420898438 128.04360580444336
146.5380859375 103.38575744628906 176.77913284301758 103.38575744628906 176.77913284301758 130.29550743103027 146.5380859375 130.29550743103027
146.593505859375 103.68033599853516 176.67765426635742 103.68033599853516 176.67765426635742 130.39531707763672 146.593505859375 130.39531707763672
148.04644775390625 105.38665771484375 178.2915916442871 105.38665771484375 178.2915916442871 132.60056114196777 148.04644775390625 132.60056114196777
148.40611267089844 105.4531478881836 178.30601501464844 105.4531478881836 178.30601501464844 132.63537216186523 148.40611267089844 132.63537216186523
150.2855682373047 107.47021484375 179.81691932678223 107.47021484375 179.81691932678223 134.65724563598633 150.2855682373047 134.65724563598633
150.08518981933594 107.06436920166016 179.83395385742188 107.06436920166016 179.83395385742188 134.76688957214355 150.08518981933594 134.76688957214355
152.12820434570312 108.89707946777344 181.9904384613037 108.89707946777344 181.9904384613037 137.09854698181152 152.12820434570312 137.09854698181152
152.0815887451172 108.95660400390625 182.0852813720703 108.95660400390625 182.0852813720703 137.03206253051758 152.0815887451172 137.03206253051758
152.1878204345703 108.93375396728516 182.12590980529785 108.93375396728516 182.12590980529785 137.05370712280273 152.1878204345703 137.05370712280273
153.6180877685547 110.37434387207031 183.96421813964844 110.37434387207031 183.96421813964844 138.2034568786621 153.6180877685547 138.2034568786621
153.42178344726562 110.2470703125 183.85350036621094 110.2470703125 183.85350036621094 138.52541542053223 153.42178344726562 138.52541542053223
155.59310913085938 111.80583190917969 186.5314998626709 111.80583190917969 186.5314998626709 141.1354923248291 155.59310913085938 141.1354923248291
158.47940063476562 113.79595947265625 189.62367630004883 113.79595947265625 189.62367630004883 144.8261203765869 158.47940063476562 144.8261203765869
158.00576782226562 113.37516784667969 189.24727821350098 113.37516784667969 189.24727821350098 144.42460250854492 158.00576782226562 144.42460250854492
158.10791015625 113.49137878417969 189.1990623474121 113.49137878417969 189.1990623474121 144.65610313415527 158.10791015625 144.65610313415527
159.45880126953125 115.88340759277344 191.41660690307617 115.88340759277344 191.41660690307617 146.59421348571777 159.45880126953125 146.59421348571777
159.4967041015625 115.94386291503906 191.50730514526367 115.94386291503906 191.50730514526367 146.26568222045898 159.4967041015625 146.26568222045898
163.31668090820312 118.743408203125 194.06157302856445 118.743408203125 194.06157302856445 148.29296875 163.31668090820312 148.29296875
162.0506134033203 118.14604187011719 193.6982307434082 118.14604187011719 193.6982307434082 148.32215309143066 162.0506134033203 148.32215309143066
165.1931915283203 119.6749267578125 196.0406150817871 119.6749267578125 196.0406150817871 150.88193130493164 165.1931915283203 150.88193130493164
164.94053649902344 119.48710632324219 196.02774047851562 119.48710632324219 196.02774047851562 150.9289665222168 164.94053649902344 150.9289665222168
167.31466674804688 121.4668960571289 199.35921096801758 121.4668960571289 199.35921096801758 153.11471939086914 167.31466674804688 153.11471939086914
167.29208374023438 121.57014465332031 199.5683822631836 121.57014465332031 199.5683822631836 153.64311981201172 167.29208374023438 153.64311981201172
169.98695373535156 123.87117767333984 202.04039001464844 123.87117767333984 202.04039001464844 155.3796215057373 169.98695373535156 155.3796215057373
170.6033477783203 124.82305908203125 203.17356491088867 124.82305908203125 203.17356491088867 157.02120971679688 170.6033477783203 157.02120971679688
171.2763214111328 126.31807708740234 204.4108123779297 126.31807708740234 204.4108123779297 158.48187637329102 171.2763214111328 158.48187637329102
170.8444366455078 125.98516845703125 204.3723030090332 125.98516845703125 204.3723030090332 158.38238143920898 170.8444366455078 158.38238143920898
172.4983673095703 128.09344482421875 205.9079246520996 128.09344482421875 205.9079246520996 158.79802322387695 172.4983673095703 158.79802322387695
172.52316284179688 128.30775451660156 205.9239387512207 128.30775451660156 205.9239387512207 159.25949478149414 172.52316284179688 159.25949478149414
174.62876892089844 128.85183715820312 207.31545639038086 128.85183715820312 207.31545639038086 161.0331916809082 174.62876892089844 161.0331916809082
174.67689514160156 128.7783203125 207.18822479248047 128.7783203125 207.18822479248047 160.23048782348633 174.67689514160156 160.23048782348633
176.0961456298828 129.3313446044922 208.4076271057129 129.3313446044922 208.4076271057129 162.8221549987793 176.0961456298828 162.8221549987793
175.68994140625 128.9791717529297 208.43866348266602 128.9791717529297 208.43866348266602 162.06698989868164 175.68994140625 162.06698989868164
175.99227905273438 130.6654510498047 209.53331756591797 130.6654510498047 209.53331756591797 164.62858963012695 175.99227905273438 164.62858963012695
177.24575805664062 130.73495483398438 209.70907974243164 130.73495483398438 209.70907974243164 164.0055274963379 177.24575805664062 164.0055274963379
179.9941864013672 133.35433959960938 211.6582431793213 133.35433959960938 211.6582431793213 167.65453338623047 179.9941864013672 167.65453338623047
179.8089599609375 133.41769409179688 212.06147384643555 133.41769409179688 212.06147384643555 168.71689224243164 179.8089599609375 168.71689224243164
180.86227416992188 134.7290802001953 211.90054893493652 134.7290802001953 211.90054893493652 169.83098602294922 180.86227416992188 169.83098602294922
182.1680908203125 134.6956787109375 212.11038780212402 134.6956787109375 212.11038780212402 167.54180908203125 182.1680908203125 167.54180908203125
181.88961791992188 136.55953979492188 212.86833572387695 136.55953979492188 212.86833572387695 170.54212188720703 181.88961791992188 170.54212188720703
181.54483032226562 136.47268676757812 212.7407989501953 136.47268676757812 212.7407989501953 171.0133399963379 181.54483032226562 171.0133399963379
179.84243774414062 134.6550750732422 214.1154899597168 134.6550750732422 214.1154899597168 166.2917594909668 179.84243774414062 166.2917594909668
183.4954833984375 135.59954833984375 213.6349334716797 135.59954833984375 213.6349334716797 168.56978607177734 183.4954833984375 168.56978607177734
182.72244262695312 135.72792053222656 217.07505416870117 135.72792053222656 217.07505416870117 167.43804550170898 182.72244262695312 167.43804550170898
182.40475463867188 136.26559448242188 216.42332458496094 136.26559448242188 216.42332458496094 167.66737365722656 182.40475463867188 167.66737365722656
184.48989868164062 137.4098358154297 218.6207618713379 137.4098358154297 218.6207618713379 168.91526794433594 184.48989868164062 168.91526794433594
180.4790802001953 137.86904907226562 215.0651512145996 137.86904907226562 215.0651512145996 169.79467391967773 180.4790802001953 169.79467391967773
185.16995239257812 141.3535919189453 219.8477020263672 141.3535919189453 219.8477020263672 173.36384201049805 185.16995239257812 173.36384201049805
189.90084838867188 145.48318481445312 224.52807998657227 145.48318481445312 224.52807998657227 177.44680213928223 189.90084838867188 177.44680213928223
197.30911254882812 148.50772094726562 231.4085578918457 148.50772094726562 231.4085578918457 179.98414993286133 197.30911254882812 179.98414993286133
194.02841186523438 147.40963745117188 228.18926239013672 147.40963745117188 228.18926239013672 178.94275283813477 194.02841186523438 178.94275283813477
197.07606506347656 149.58070373535156 231.77490997314453 149.58070373535156 231.77490997314453 181.6104278564453 197.07606506347656 181.6104278564453
197.86557006835938 148.69485473632812 232.86759567260742 148.69485473632812 232.86759567260742 181.00443649291992 197.86557006835938 181.00443649291992
204.07171630859375 153.5772705078125 238.94940948486328 153.5772705078125 238.94940948486328 185.77207946777344 204.07171630859375 185.77207946777344
211.6820526123047 157.737548828125 246.27927017211914 157.737548828125 246.27927017211914 189.6734619140625 211.6820526123047 189.6734619140625
209.15463256835938 157.5078582763672 243.31592559814453 157.5078582763672 243.31592559814453 189.04137802124023 209.15463256835938 189.04137802124023
217.90310668945312 164.51260375976562 250.57587432861328 164.51260375976562 250.57587432861328 200.5392837524414 217.90310668945312 200.5392837524414
218.4728240966797 164.2984161376953 250.7233428955078 164.2984161376953 250.7233428955078 200.12097930908203 218.4728240966797 200.12097930908203
219.48001098632812 165.72906494140625 251.6066665649414 165.72906494140625 251.6066665649414 201.90313339233398 219.48001098632812 201.90313339233398
223.64974975585938 171.022216796875 255.38770484924316 171.022216796875 255.38770484924316 207.96147537231445 223.64974975585938 207.96147537231445
224.1790008544922 170.9788055419922 255.5135955810547 170.9788055419922 255.5135955810547 207.54381561279297 224.1790008544922 207.54381561279297
225.6661834716797 173.7336883544922 258.45123291015625 173.7336883544922 258.45123291015625 211.36766815185547 225.6661834716797 211.36766815185547
224.89501953125 173.49752807617188 258.5259475708008 173.49752807617188 258.5259475708008 212.28026580810547 224.89501953125 212.28026580810547
230.06787109375 179.21600341796875 263.07904052734375 179.21600341796875 263.07904052734375 216.8786392211914 230.06787109375 216.8786392211914
229.9342803955078 179.44644165039062 262.85074615478516 179.44644165039062 262.85074615478516 216.67912673950195 229.9342803955078 216.67912673950195
229.58560180664062 178.77902221679688 262.7757225036621 178.77902221679688 262.7757225036621 216.64542388916016 229.58560180664062 216.64542388916016
233.0618438720703 182.87417602539062 267.6467971801758 182.87417602539062 267.6467971801758 220.66658401489258 233.0618438720703 220.66658401489258
232.3422393798828 181.1727752685547 267.29705810546875 181.1727752685547 267.29705810546875 220.13616943359375 232.3422393798828 220.13616943359375
236.4173126220703 186.97201538085938 271.4559555053711 186.97201538085938 271.4559555053711 223.66571426391602 236.4173126220703 223.66571426391602
240.1504669189453 192.59442138671875 275.16333770751953 192.59442138671875 275.16333770751953 227.68136978149414 240.1504669189453 227.68136978149414
239.6874542236328 191.53524780273438 275.0474281311035 191.53524780273438 275.0474281311035 227.42455291748047 239.6874542236328 227.42455291748047
238.53683471679688 190.59512329101562 275.1941032409668 190.59512329101562 275.1941032409668 227.90945053100586 238.53683471679688 227.90945053100586
239.76278686523438 192.23448181152344 278.7558898925781 192.23448181152344 278.7558898925781 229.7353286743164 239.76278686523438 229.7353286743164
239.691162109375 192.3885498046875 278.84545135498047 192.3885498046875 278.84545135498047 230.07732391357422 239.691162109375 230.07732391357422
243.8425750732422 199.83206176757812 282.2101860046387 199.83206176757812 282.2101860046387 233.61466598510742 243.8425750732422 233.61466598510742
243.78170776367188 199.45657348632812 282.208251953125 199.45657348632812 282.208251953125 233.57479858398438 243.78170776367188 233.57479858398438
247.9713897705078 202.05117797851562 286.9969711303711 202.05117797851562 286.9969711303711 237.4800567626953 247.9713897705078 237.4800567626953
248.04476928710938 202.4572296142578 286.9891586303711 202.4572296142578 286.9891586303711 237.81066131591797 248.04476928710938 237.81066131591797
251.63980102539062 205.7711639404297 291.91180419921875 205.7711639404297 291.91180419921875 242.54338836669922 251.63980102539062 242.54338836669922
251.7094268798828 205.68508911132812 291.8902473449707 205.68508911132812 291.8902473449707 242.6800765991211 251.7094268798828 242.6800765991211
256.15765380859375 210.3443603515625 295.99758529663086 210.3443603515625 295.99758529663086 247.22583770751953 256.15765380859375 247.22583770751953
259.32183837890625 213.90237426757812 300.95109939575195 213.90237426757812 300.95109939575195 251.39353561401367 259.32183837890625 251.39353561401367
259.07501220703125 213.79672241210938 300.9618606567383 213.79672241210938 300.9618606567383 251.5183219909668 259.07501220703125 251.5183219909668
259.02337646484375 213.64453125 300.7991485595703 213.64453125 300.7991485595703 251.51991653442383 259.02337646484375 251.51991653442383
263.7870788574219 217.2432098388672 305.4874267578125 217.2432098388672 305.4874267578125 256.6695251464844 263.7870788574219 256.6695251464844
263.3348083496094 216.42141723632812 305.4729537963867 216.42141723632812 305.4729537963867 256.6516342163086 263.3348083496094 256.6516342163086
267.39874267578125 220.8896026611328 310.64517974853516 220.8896026611328 310.64517974853516 261.11950302124023 267.39874267578125 261.11950302124023
267.4707946777344 221.2601776123047 310.56673431396484 221.2601776123047 310.56673431396484 261.0212287902832 267.4707946777344 261.0212287902832
271.76300048828125 224.52981567382812 315.7549018859863 224.52981567382812 315.7549018859863 265.984432220459 271.76300048828125 265.984432220459
272.06365966796875 224.66152954101562 315.63207244873047 224.66152954101562 315.63207244873047 265.8128547668457 272.06365966796875 265.8128547668457
277.2090148925781 229.6983184814453 320.91489028930664 229.6983184814453 320.91489028930664 270.99514389038086 277.2090148925781 270.99514389038086
277.4832763671875 229.7593994140625 320.76627349853516 229.7593994140625 320.76627349853516 271.02342224121094 277.4832763671875 271.02342224121094
282.45245361328125 234.5519256591797 327.61254119873047 234.5519256591797 327.61254119873047 276.77175521850586 282.45245361328125 276.77175521850586
282.3642578125 233.8451385498047 327.2186698913574 233.8451385498047 327.2186698913574 276.42441177368164 282.3642578125 276.42441177368164
287.39422607421875 239.3707275390625 332.4467124938965 239.3707275390625 332.4467124938965 281.93833923339844 287.39422607421875 281.93833923339844
287.05010986328125 238.76034545898438 332.4741554260254 238.76034545898438 332.4741554260254 281.4332275390625 287.05010986328125 281.4332275390625
290.87506103515625 241.77847290039062 338.0981216430664 241.77847290039062 338.0981216430664 286.42115783691406 290.87506103515625 286.42115783691406
291.24169921875 243.30953979492188 338.10122299194336 243.30953979492188 338.10122299194336 287.4464797973633 291.24169921875 287.4464797973633
297.23883056640625 247.6008758544922 344.2098503112793 247.6008758544922 344.2098503112793 292.6159324645996 297.23883056640625 292.6159324645996
297.21484375 247.77236938476562 344.62812423706055 247.77236938476562 344.62812423706055 293.22257232666016 297.21484375 293.22257232666016
297.39495849609375 248.0896759033203 344.9236145019531 248.0896759033203 344.9236145019531 293.2174873352051 297.39495849609375 293.2174873352051
301.8145446777344 252.5800018310547 351.1529235839844 252.5800018310547 351.1529235839844 298.0893440246582 301.8145446777344 298.0893440246582
