283.0 117.0 296.0 117.0 296.0 142.0 283.0 142.0
282.61859130859375 117.26497650146484 295.6962003707886 117.26497650146484 295.6962003707886 141.82907104492188 282.61859130859375 141.82907104492188
281.75537109375 117.5055923461914 295.51727771759033 117.5055923461914 295.51727771759033 141.80266952514648 281.75537109375 141.80266952514648
281.33184814453125 117.85096740722656 295.0600185394287 117.85096740722656 295.0600185394287 141.86481857299805 281.33184814453125 141.86481857299805
280.7038269042969 118.10982513427734 294.3891429901123 118.10982513427734 294.3891429901123 142.1332664489746 280.7038269042969 142.1332664489746
280.4436950683594 117.97019958496094 294.05716705322266 117.97019958496094 294.05716705322266 142.58092308044434 280.4436950683594 142.58092308044434
279.44769287109375 118.3862533569336 293.305082321167 118.3862533569336 293.305082321167 142.8799228668213 279.44769287109375 142.8799228668213
278.9700622558594 117.89974212646484 292.2528944015503 117.89974212646484 292.2528944015503 143.14760208129883 278.9700622558594 143.14760208129883
278.06982421875 118.73714447021484 291.5515537261963 118.73714447021484 291.5515537261963 142.9783058166504 278.06982421875 142.9783058166504
277.34912109375 117.69111633300781 290.3689880371094 117.69111633300781 290.3689880371094 142.9481143951416 277.34912109375 142.9481143951416
276.3849182128906 117.24278259277344 289.83131980895996 117.24278259277344 289.83131980895996 141.6730194091797 276.3849182128906 141.6730194091797
275.90716552734375 117.06321716308594 289.6690397262573 117.06321716308594 289.6690397262573 141.3539047241211 275.90716552734375 141.3539047241211
275.2830505371094 117.540771484375 289.0739641189575 117.540771484375 289.0739641189575 142.7832202911377 275.2830505371094 142.7832202911377
275.13104248046875 117.5943374633789 288.49958992004395 117.5943374633789 288.49958992004395 142.92378425598145 275.13104248046875 142.92378425598145
274.67340087890625 117.58833312988281 288.47807025909424 117.58833312988281 288.47807025909424 142.72056198120117 274.67340087890625 142.72056198120117
274.01959228515625 117.86553955078125 288.08464336395264 117.86553955078125 288.08464336395264 141.83777236938477 274.01959228515625 141.83777236938477
273.7046203613281 118.20622253417969 287.7911424636841 118.20622253417969 287.7911424636841 142.08059692382812 273.7046203613281 142.08059692382812
273.1138610839844 118.07234954833984 286.8358402252197 118.07234954833984 286.8358402252197 142.13206672668457 273.1138610839844 142.13206672668457
272.39044189453125 118.05379486083984 286.803466796875 118.05379486083984 286.803466796875 142.18681144714355 272.39044189453125 142.18681144714355
271.5138244628906 117.9747543334961 285.56006050109863 117.9747543334961 285.56006050109863 142.7102813720703 271.5138244628906 142.7102813720703
270.7896423339844 118.19952392578125 285.3441333770752 118.19952392578125 285.3441333770752 142.8101921081543 270.7896423339844 142.8101921081543
269.76556396484375 117.7056884765625 283.752592086792 117.7056884765625 283.752592086792 143.0216884613037 269.76556396484375 143.0216884613037
269.3416442871094 117.52684020996094 283.34092712402344 117.52684020996094 283.34092712402344 142.51276016235352 269.3416442871094 142.51276016235352
268.44964599609375 117.33685302734375 282.36201763153076 117.33685302734375 282.36201763153076 142.55722999572754 268.44964599609375 142.55722999572754
268.0284729003906 117.26546478271484 281.3744411468506 117.26546478271484 281.3744411468506 142.75686264038086 268.0284729003906 142.75686264038086
267.38665771484375 116.64454650878906 280.7737102508545 116.64454650878906 280.7737102508545 143.09886741638184 267.38665771484375 143.09886741638184
267.17303466796875 116.60728454589844 280.246675491333 116.60728454589844 280.246675491333 143.97052001953125 267.17303466796875 143.97052001953125
266.8918762207031 116.0952377319336 279.72064781188965 116.0952377319336 279.72064781188965 144.0102252960205 266.8918762207031 144.0102252960205
266.38946533203125 116.40464782714844 279.44507122039795 116.40464782714844 279.44507122039795 143.48340797424316 266.38946533203125 143.48340797424316
265.614501953125 116.49018859863281 279.36139392852783 116.49018859863281 279.36139392852783 143.12619400024414 265.614501953125 143.12619400024414
264.71954345703125 116.50776672363281 278.7916259765625 116.50776672363281 278.7916259765625 143.12168312072754 264.71954345703125 143.12168312072754
264.02349853515625 116.42448425292969 278.26830101013184 116.42448425292969 278.26830101013184 142.9897518157959 264.02349853515625 142.9897518157959
263.16754150390625 116.9787368774414 277.5198268890381 116.9787368774414 277.5198268890381 142.9745101928711 263.16754150390625 142.9745101928711
262.37432861328125 116.88446044921875 276.7208938598633 116.88446044921875 276.7208938598633 143.2463436126709 262.37432861328125 143.2463436126709
261.42449951171875 117.14628601074219 275.9458646774292 117.14628601074219 275.9458646774292 143.62421035766602 261.42449951171875 143.62421035766602
260.7552795410156 116.7007827758789 275.36882495880127 116.7007827758789 275.36882495880127 143.88180923461914 260.7552795410156 143.88180923461914
260.2666320800781 117.10847473144531 274.4867811203003 117.10847473144531 274.4867811203003 144.34304428100586 260.2666320800781 144.34304428100586
259.6761779785156 117.17572021484375 273.13982105255127 117.17572021484375 273.13982105255127 144.26202774047852 259.6761779785156 144.26202774047852
259.05975341796875 117.1493911743164 272.16343116760254 117.1493911743164 272.16343116760254 143.4044017791748 259.05975341796875 143.4044017791748
258.4482421875 116.46482849121094 271.57427978515625 116.46482849121094 271.57427978515625 142.42505264282227 258.4482421875 142.42505264282227
257.5530700683594 117.1665267944336 271.2546052932739 117.1665267944336 271.2546052932739 144.07742500305176 257.5530700683594 144.07742500305176
257.3111267089844 116.64190673828125 270.97557067871094 116.64190673828125 270.97557067871094 144.18899154663086 257.3111267089844 144.18899154663086
257.048095703125 116.7148208618164 270.1219940185547 116.7148208618164 270.1219940185547 144.2043228149414 257.048095703125 144.2043228149414
256.8729553222656 117.01493835449219 269.8964328765869 117.01493835449219 269.8964328765869 143.74914169311523 256.8729553222656 143.74914169311523
255.9757843017578 117.1773681640625 269.56318950653076 117.1773681640625 269.56318950653076 143.28026962280273 255.9757843017578 143.28026962280273
255.72689819335938 118.3691177368164 268.8103837966919 118.3691177368164 268.8103837966919 143.54809379577637 255.72689819335938 143.54809379577637
255.04385375976562 118.5180892944336 268.13112449645996 118.5180892944336 268.13112449645996 143.32393074035645 255.04385375976562 143.32393074035645
254.4193115234375 118.94937896728516 267.2120637893677 118.94937896728516 267.2120637893677 143.38075828552246 254.4193115234375 143.38075828552246
253.5975341796875 118.70765686035156 266.4118547439575 118.70765686035156 266.4118547439575 143.46975135803223 253.5975341796875 143.46975135803223
252.7224578857422 118.72010803222656 265.6240186691284 118.72010803222656 265.6240186691284 143.75300216674805 252.7224578857422 143.75300216674805
251.92691040039062 118.9486083984375 264.43835163116455 118.9486083984375 264.43835163116455 143.97507286071777 251.92691040039062 143.97507286071777
250.87332153320312 118.55546569824219 262.99365425109863 118.55546569824219 262.99365425109863 144.6493682861328 250.87332153320312 144.6493682861328
249.77987670898438 119.24574279785156 262.0587568283081 119.24574279785156 262.0587568283081 144.78738021850586 249.77987670898438 144.78738021850586
249.3504638671875 119.43891906738281 261.115026473999 119.43891906738281 261.115026473999 144.2840919494629 249.3504638671875 144.2840919494629
248.42587280273438 118.55887603759766 260.97090911865234 118.55887603759766 260.97090911865234 145.56145095825195 248.42587280273438 145.56145095825195
248.10952758789062 117.51942443847656 260.41660499572754 117.51942443847656 260.41660499572754 145.45857620239258 248.10952758789062 145.45857620239258
247.568603515625 117.83487701416016 260.1194257736206 117.83487701416016 260.1194257736206 145.4736671447754 247.568603515625 145.4736671447754
247.2421875 117.67464447021484 259.92651748657227 117.67464447021484 259.92651748657227 144.33001518249512 247.2421875 144.33001518249512
246.5535888671875 118.55938720703125 259.38409996032715 118.55938720703125 259.38409996032715 143.72231674194336 246.5535888671875 143.72231674194336
246.1536102294922 119.96412658691406 258.7925138473511 119.96412658691406 258.7925138473511 143.90275764465332 246.1536102294922 143.90275764465332
245.57510375976562 120.13919830322266 258.33475494384766 120.13919830322266 258.33475494384766 143.66455459594727 245.57510375976562 143.66455459594727
244.62796020507812 119.61924743652344 257.4545040130615 119.61924743652344 257.4545040130615 143.15306282043457 244.62796020507812 143.15306282043457
243.6942901611328 119.09769439697266 256.5378293991089 119.09769439697266 256.5378293991089 143.9585304260254 243.6942901611328 143.9585304260254
242.8369903564453 119.36491394042969 255.61683559417725 119.36491394042969 255.61683559417725 144.7846565246582 242.8369903564453 144.7846565246582
241.76156616210938 119.20731353759766 255.1928129196167 119.20731353759766 255.1928129196167 145.28621292114258 241.76156616210938 145.28621292114258
240.71090698242188 119.41451263427734 254.11049365997314 119.41451263427734 254.11049365997314 145.70306777954102 240.71090698242188 145.70306777954102
240.1254119873047 118.5750503540039 253.11063194274902 118.5750503540039 253.11063194274902 145.15620803833008 240.1254119873047 145.15620803833008
239.4186248779297 118.62788391113281 252.5113925933838 118.62788391113281 252.5113925933838 144.5935935974121 239.4186248779297 144.5935935974121
238.7860107421875 117.8431167602539 251.93799304962158 117.8431167602539 251.93799304962158 145.20306015014648 238.7860107421875 145.20306015014648
237.9607696533203 119.281982421875 251.68353080749512 119.281982421875 251.68353080749512 146.28925704956055 237.9607696533203 146.28925704956055
237.83883666992188 118.47761535644531 251.29118824005127 118.47761535644531 251.29118824005127 146.35049057006836 237.83883666992188 146.35049057006836
237.3207550048828 118.58415222167969 250.7633991241455 118.58415222167969 250.7633991241455 146.1387424468994 237.3207550048828 146.1387424468994
237.0274200439453 119.08958435058594 250.4119472503662 119.08958435058594 250.4119472503662 145.71352195739746 237.0274200439453 145.71352195739746
236.55917358398438 118.7405776977539 250.25881481170654 118.7405776977539 250.25881481170654 145.58833503723145 236.55917358398438 145.58833503723145
236.0297393798828 118.73954010009766 249.46840476989746 118.73954010009766 249.46840476989746 145.46726608276367 236.0297393798828 145.46726608276367
235.3641815185547 118.94004821777344 248.84295177459717 118.94004821777344 248.84295177459717 145.2236328125 235.3641815185547 145.2236328125
234.63162231445312 120.41429138183594 248.077130317688 120.41429138183594 248.077130317688 145.30915641784668 234.63162231445312 145.30915641784668
233.565673828125 119.93861389160156 247.63432121276855 119.93861389160156 247.63432121276855 145.30356979370117 233.565673828125 145.30356979370117
232.91659545898438 119.93376159667969 246.6617612838745 119.93376159667969 246.6617612838745 145.58738136291504 232.91659545898438 145.58738136291504
231.73995971679688 120.4277114868164 245.11802864074707 120.4277114868164 245.11802864074707 146.39541244506836 231.73995971679688 146.39541244506836
230.89224243164062 119.6838150024414 243.8966293334961 119.6838150024414 243.8966293334961 146.74347114562988 230.89224243164062 146.74347114562988
230.09512329101562 119.56449127197266 243.41089057922363 119.56449127197266 243.41089057922363 146.43412971496582 230.09512329101562 146.43412971496582
229.6246795654297 119.21348571777344 242.70200634002686 119.21348571777344 242.70200634002686 146.63462448120117 229.6246795654297 146.63462448120117
229.2270965576172 118.78132629394531 242.3694248199463 118.78132629394531 242.3694248199463 147.0416202545166 229.2270965576172 147.0416202545166
228.8914794921875 118.11970520019531 242.2209014892578 118.11970520019531 242.2209014892578 147.52442932128906 228.8914794921875 147.52442932128906
228.2427520751953 118.83477783203125 241.74474048614502 118.83477783203125 241.74474048614502 147.2858123779297 228.2427520751953 147.2858123779297
227.64132690429688 118.66847229003906 241.3137969970703 118.66847229003906 241.3137969970703 146.68242263793945 227.64132690429688 146.68242263793945
226.9050750732422 119.18138122558594 240.74700736999512 119.18138122558594 240.74700736999512 146.1606388092041 226.9050750732422 146.1606388092041
226.29690551757812 119.14653015136719 240.20985221862793 119.14653015136719 240.20985221862793 145.9947624206543 226.29690551757812 145.9947624206543
225.7921905517578 119.04191589355469 239.97973823547363 119.04191589355469 239.97973823547363 145.81444931030273 225.7921905517578 145.81444931030273
224.47409057617188 118.24403381347656 238.73798656463623 118.24403381347656 238.73798656463623 146.0750331878662 224.47409057617188 146.0750331878662
223.50411987304688 119.8610610961914 237.80988025665283 119.8610610961914 237.80988025665283 146.57200813293457 223.50411987304688 146.57200813293457
222.6676788330078 119.15379333496094 236.98309326171875 119.15379333496094 236.98309326171875 146.68459129333496 222.6676788330078 146.68459129333496
221.4873809814453 119.41963958740234 235.81831073760986 119.41963958740234 235.81831073760986 146.6958293914795 221.4873809814453 146.6958293914795
221.1881561279297 120.13224792480469 234.6011838912964 120.13224792480469 234.6011838912964 147.48208045959473 221.1881561279297 147.48208045959473
220.6800994873047 120.03487396240234 233.7044448852539 120.03487396240234 233.7044448852539 146.57358169555664 220.6800994873047 146.57358169555664
220.15625 118.83061218261719 232.94715023040771 118.83061218261719 232.94715023040771 145.75733375549316 220.15625 145.75733375549316
219.07666015625 119.62564849853516 232.82585430145264 119.62564849853516 232.82585430145264 146.9247875213623 219.07666015625 146.9247875213623
218.5472869873047 119.89408111572266 232.27915000915527 119.89408111572266 232.27915000915527 147.384126663208 218.5472869873047 147.384126663208
218.58029174804688 121.2586669921875 231.58400917053223 121.2586669921875 231.58400917053223 147.67830276489258 218.58029174804688 147.67830276489258
217.880615234375 120.4021987915039 231.26873779296875 120.4021987915039 231.26873779296875 146.65421867370605 217.880615234375 146.65421867370605
217.2931671142578 120.24940490722656 231.06130981445312 120.24940490722656 231.06130981445312 146.6739444732666 217.2931671142578 146.6739444732666
216.55581665039062 120.17543029785156 230.76470184326172 120.17543029785156 230.76470184326172 146.6817626953125 216.55581665039062 146.6817626953125
216.0347900390625 120.4137191772461 229.95254802703857 120.4137191772461 229.95254802703857 146.60266876220703 216.0347900390625 146.60266876220703
215.19418334960938 120.90531921386719 229.44902992248535 120.90531921386719 229.44902992248535 147.02735900878906 215.19418334960938 147.02735900878906
214.3909454345703 120.64453125 228.40220165252686 120.64453125 228.40220165252686 147.1130256652832 214.3909454345703 147.1130256652832
213.3788299560547 120.1240005493164 227.66371154785156 120.1240005493164 227.66371154785156 147.66780471801758 213.3788299560547 147.66780471801758
212.2706756591797 119.98701477050781 226.68733978271484 119.98701477050781 226.68733978271484 148.48156356811523 212.2706756591797 148.48156356811523
211.7918243408203 119.5290298461914 225.16779899597168 119.5290298461914 225.16779899597168 148.215669631958 211.7918243408203 148.215669631958
211.2002410888672 118.1415786743164 224.53581714630127 118.1415786743164 224.53581714630127 147.51202201843262 211.2002410888672 147.51202201843262
210.3356475830078 119.03459167480469 223.95172691345215 119.03459167480469 223.95172691345215 148.29775047302246 210.3356475830078 148.29775047302246
209.52554321289062 119.50382232666016 223.8899965286255 119.50382232666016 223.8899965286255 148.9574851989746 209.52554321289062 148.9574851989746
209.1509246826172 119.11018371582031 222.83927726745605 119.11018371582031 222.83927726745605 149.10024452209473 209.1509246826172 149.10024452209473
208.5083465576172 118.21418762207031 222.2252960205078 118.21418762207031 222.2252960205078 147.91534996032715 208.5083465576172 147.91534996032715
208.0578155517578 119.2454605102539 222.10562133789062 119.2454605102539 222.10562133789062 148.07130241394043 208.0578155517578 148.07130241394043
207.4377899169922 119.97843170166016 221.3528823852539 119.97843170166016 221.3528823852539 147.67487335205078 207.4377899169922 147.67487335205078
206.8136749267578 119.2338638305664 220.7468719482422 119.2338638305664 220.7468719482422 147.18938827514648 206.8136749267578 147.18938827514648
205.65432739257812 119.46270751953125 220.14551067352295 119.46270751953125 220.14551067352295 147.68587112426758 205.65432739257812 147.68587112426758
204.93905639648438 120.0052490234375 219.5736541748047 120.0052490234375 219.5736541748047 148.0541229248047 204.93905639648438 148.0541229248047
204.3110809326172 119.25396728515625 218.76144981384277 119.25396728515625 218.76144981384277 148.13913536071777 204.3110809326172 148.13913536071777
203.68212890625 118.85246276855469 217.73272705078125 118.85246276855469 217.73272705078125 148.0159568786621 203.68212890625 148.0159568786621
202.19949340820312 119.26722717285156 217.0151596069336 119.26722717285156 217.0151596069336 148.7474365234375 202.19949340820312 148.7474365234375
201.82138061523438 119.62467193603516 215.9681806564331 119.62467193603516 215.9681806564331 148.83028030395508 201.82138061523438 148.83028030395508
201.46444702148438 119.21923828125 214.77431678771973 119.21923828125 214.77431678771973 148.44239234924316 201.46444702148438 148.44239234924316
200.71328735351562 118.8581771850586 214.239520072937 118.8581771850586 214.239520072937 148.5357837677002 200.71328735351562 148.5357837677002
199.95144653320312 118.9860610961914 213.86805725097656 118.9860610961914 213.86805725097656 148.85131072998047 199.95144653320312 148.85131072998047
199.31317138671875 118.36323547363281 213.59308910369873 118.36323547363281 213.59308910369873 148.99610328674316 199.31317138671875 148.99610328674316
199.05068969726562 119.319580078125 212.82171630859375 119.319580078125 212.82171630859375 150.11252212524414 199.05068969726562 150.11252212524414
198.41603088378906 119.7860107421875 212.5420379638672 119.7860107421875 212.5420379638672 149.53701782226562 198.41603088378906 149.53701782226562
197.7472686767578 120.03831481933594 212.08728790283203 120.03831481933594 212.08728790283203 149.0957546234131 197.7472686767578 149.0957546234131
196.91513061523438 119.60581970214844 211.5382947921753 119.60581970214844 211.5382947921753 148.7222023010254 196.91513061523438 148.7222023010254
196.38873291015625 119.2232894897461 210.979154586792 119.2232894897461 210.979154586792 148.38335990905762 196.38873291015625 148.38335990905762
195.63336181640625 120.53791809082031 210.51598072052002 120.53791809082031 210.51598072052002 148.92577171325684 195.63336181640625 148.92577171325684
194.58937072753906 121.08842468261719 209.5376262664795 121.08842468261719 209.5376262664795 149.4971981048584 194.58937072753906 149.4971981048584
193.9640655517578 119.63652038574219 208.0910930633545 119.63652038574219 208.0910930633545 148.94341659545898 193.9640655517578 148.94341659545898
193.16781616210938 119.92994689941406 207.30041027069092 119.92994689941406 207.30041027069092 149.81728744506836 193.16781616210938 149.81728744506836
192.31005859375 119.9704360961914 206.05947589874268 119.9704360961914 206.05947589874268 150.7067756652832 192.31005859375 150.7067756652832
192.17735290527344 119.73978424072266 205.2119951248169 119.73978424072266 205.2119951248169 149.83163833618164 192.17735290527344 149.83163833618164
191.15164184570312 120.8829116821289 204.2705135345459 120.8829116821289 204.2705135345459 150.44305801391602 191.15164184570312 150.44305801391602
190.44070434570312 120.05778503417969 204.07502460479736 120.05778503417969 204.07502460479736 150.846923828125 190.44070434570312 150.846923828125
189.659912109375 119.65705871582031 203.74652290344238 119.65705871582031 203.74652290344238 151.75013732910156 189.659912109375 151.75013732910156
189.04678344726562 119.3546142578125 203.34110736846924 119.3546142578125 203.34110736846924 151.20216751098633 189.04678344726562 151.20216751098633
188.69667053222656 120.36199951171875 203.00811576843262 120.36199951171875 203.00811576843262 150.87459182739258 188.69667053222656 150.87459182739258
187.9537353515625 121.27082824707031 202.1917552947998 121.27082824707031 202.1917552947998 150.5249481201172 187.9537353515625 150.5249481201172
187.00942993164062 121.39149475097656 201.57598304748535 121.39149475097656 201.57598304748535 150.15831565856934 187.00942993164062 150.15831565856934
186.30093383789062 120.79964447021484 200.72725200653076 120.79964447021484 200.72725200653076 149.74468803405762 186.30093383789062 149.74468803405762
185.68954467773438 121.22930908203125 199.89804077148438 121.22930908203125 199.89804077148438 150.0491828918457 185.68954467773438 150.0491828918457
184.42092895507812 121.33056640625 198.78178882598877 121.33056640625 198.78178882598877 150.96112632751465 184.42092895507812 150.96112632751465
183.8177032470703 121.1288070678711 197.87100219726562 121.1288070678711 197.87100219726562 150.99505424499512 183.8177032470703 150.99505424499512
182.910400390625 120.80281829833984 196.7424144744873 120.80281829833984 196.7424144744873 150.60588264465332 182.910400390625 150.60588264465332
182.48382568359375 121.19514465332031 195.75409698486328 121.19514465332031 195.75409698486328 151.52349472045898 182.48382568359375 151.52349472045898
181.93199157714844 120.624755859375 194.61711502075195 120.624755859375 194.61711502075195 150.2430934906006 181.93199157714844 150.2430934906006
181.01132202148438 120.52540588378906 194.0624361038208 120.52540588378906 194.0624361038208 150.35710525512695 181.01132202148438 150.35710525512695
180.24667358398438 120.95637512207031 193.64044380187988 120.95637512207031 193.64044380187988 151.26068687438965 180.24667358398438 151.26068687438965
179.52938842773438 121.46236419677734 192.80627155303955 121.46236419677734 192.80627155303955 151.69596481323242 179.52938842773438 151.69596481323242
179.3753662109375 121.40541076660156 192.64548301696777 121.40541076660156 192.64548301696777 152.64007186889648 179.3753662109375 152.64007186889648
178.72491455078125 121.14585876464844 192.46869945526123 121.14585876464844 192.46869945526123 151.98685836791992 178.72491455078125 151.98685836791992
177.6349639892578 121.9677505493164 191.9700756072998 121.9677505493164 191.9700756072998 151.40615463256836 177.6349639892578 151.40615463256836
176.90353393554688 122.93428039550781 191.68948078155518 122.93428039550781 191.68948078155518 151.67616844177246 176.90353393554688 151.67616844177246
176.27227783203125 122.94483947753906 190.96235179901123 122.94483947753906 190.96235179901123 151.6742458343506 176.27227783203125 151.6742458343506
175.4215087890625 123.11490631103516 190.3809633255005 123.11490631103516 190.3809633255005 152.08313179016113 175.4215087890625 152.08313179016113
174.2586212158203 122.9526596069336 189.2963743209839 122.9526596069336 189.2963743209839 152.15090560913086 174.2586212158203 152.15090560913086
173.3823699951172 122.85294342041016 188.25920295715332 122.85294342041016 188.25920295715332 152.08813667297363 173.3823699951172 152.08813667297363
172.8321990966797 122.41688537597656 186.81657695770264 122.41688537597656 186.81657695770264 152.25308799743652 172.8321990966797 152.25308799743652
172.5086669921875 123.03399658203125 185.661395072937 123.03399658203125 185.661395072937 152.59966659545898 172.5086669921875 152.59966659545898
171.82192993164062 122.72407531738281 184.6019687652588 122.72407531738281 184.6019687652588 152.5505428314209 171.82192993164062 152.5505428314209
170.9971923828125 122.83226013183594 183.99211311340332 122.83226013183594 183.99211311340332 152.29797744750977 170.9971923828125 152.29797744750977
169.7814178466797 122.66712951660156 183.750581741333 122.66712951660156 183.750581741333 153.37129592895508 169.7814178466797 153.37129592895508
169.23138427734375 122.47760009765625 183.08580589294434 122.47760009765625 183.08580589294434 153.6628761291504 169.23138427734375 153.6628761291504
168.79385375976562 122.49504089355469 182.51455402374268 122.49504089355469 182.51455402374268 152.9369773864746 168.79385375976562 152.9369773864746
168.38124084472656 123.07164001464844 182.13531684875488 123.07164001464844 182.13531684875488 152.16737747192383 168.38124084472656 152.16737747192383
167.66500854492188 123.52274322509766 181.5978946685791 123.52274322509766 181.5978946685791 151.88453483581543 167.66500854492188 151.88453483581543
166.69500732421875 123.51192474365234 180.84908771514893 123.51192474365234 180.84908771514893 151.4170093536377 166.69500732421875 151.4170093536377
165.82492065429688 123.78826904296875 180.36163520812988 123.78826904296875 180.36163520812988 151.8174705505371 165.82492065429688 151.8174705505371
164.74551391601562 123.33367919921875 179.0728359222412 123.33367919921875 179.0728359222412 151.88707542419434 164.74551391601562 151.88707542419434
163.89083862304688 123.4911117553711 178.2301836013794 123.4911117553711 178.2301836013794 152.443510055542 163.89083862304688 152.443510055542
162.7543487548828 123.57232666015625 177.23819160461426 123.57232666015625 177.23819160461426 153.3441619873047 162.7543487548828 153.3441619873047
162.1807403564453 123.617431640625 176.14706230163574 123.617431640625 176.14706230163574 152.83149337768555 162.1807403564453 152.83149337768555
161.76913452148438 123.43836975097656 175.39098834991455 123.43836975097656 175.39098834991455 153.34235000610352 161.76913452148438 153.34235000610352
161.0057373046875 123.59954833984375 174.2070255279541 123.59954833984375 174.2070255279541 152.57719039916992 161.0057373046875 152.57719039916992
160.4697265625 122.41768646240234 173.5003023147583 122.41768646240234 173.5003023147583 152.5066146850586 160.4697265625 152.5066146850586
159.78146362304688 122.39310455322266 173.1106367111206 122.39310455322266 173.1106367111206 153.76434516906738 159.78146362304688 153.76434516906738
159.01974487304688 122.88607025146484 172.56454181671143 122.88607025146484 172.56454181671143 153.74560356140137 159.01974487304688 153.74560356140137
158.62464904785156 122.90987396240234 172.2807445526123 122.90987396240234 172.2807445526123 154.25842094421387 158.62464904785156 154.25842094421387
158.06019592285156 123.69278717041016 172.01020526885986 123.69278717041016 172.01020526885986 153.96150970458984 158.06019592285156 153.96150970458984
157.3082275390625 123.68431091308594 171.8166790008545 123.68431091308594 171.8166790008545 153.43934631347656 157.3082275390625 153.43934631347656
156.5471649169922 124.15437316894531 171.14566326141357 124.15437316894531 171.14566326141357 153.01660537719727 156.5471649169922 153.01660537719727
155.7833251953125 124.4755630493164 170.67728233337402 124.4755630493164 170.67728233337402 153.6103172302246 155.7833251953125 153.6103172302246
154.76992797851562 124.58499908447266 169.57943725585938 124.58499908447266 169.57943725585938 153.59953117370605 154.76992797851562 153.59953117370605
153.92820739746094 123.9609146118164 168.75824451446533 123.9609146118164 168.75824451446533 153.77003288269043 153.92820739746094 153.77003288269043
153.00965881347656 124.42659759521484 167.8285093307495 124.42659759521484 167.8285093307495 154.80997848510742 153.00965881347656 154.80997848510742
152.29837036132812 124.49269104003906 166.6853733062744 124.49269104003906 166.6853733062744 155.18194198608398 152.29837036132812 155.18194198608398
151.86593627929688 124.1545181274414 165.91590118408203 124.1545181274414 165.91590118408203 155.46445083618164 151.86593627929688 155.46445083618164
151.51217651367188 123.87638854980469 164.44165325164795 123.87638854980469 164.44165325164795 154.97231483459473 151.51217651367188 154.97231483459473
150.5596923828125 123.24812316894531 163.60254859924316 123.24812316894531 163.60254859924316 154.42627906799316 150.5596923828125 154.42627906799316
149.58438110351562 123.87629699707031 163.34209442138672 123.87629699707031 163.34209442138672 155.3867073059082 149.58438110351562 155.3867073059082
148.95758056640625 123.92878723144531 162.87961101531982 123.92878723144531 162.87961101531982 155.85821914672852 148.95758056640625 155.85821914672852
148.58493041992188 123.69964599609375 162.2349395751953 123.69964599609375 162.2349395751953 155.14803504943848 148.58493041992188 155.14803504943848
148.1646728515625 123.92037200927734 161.88339042663574 123.92037200927734 161.88339042663574 154.31316947937012 148.1646728515625 154.31316947937012
147.5224151611328 124.60552978515625 161.16419410705566 124.60552978515625 161.16419410705566 153.80324935913086 147.5224151611328 153.80324935913086
146.58920288085938 125.2870864868164 160.31893730163574 125.2870864868164 160.31893730163574 153.77266693115234 146.58920288085938 153.77266693115234
145.6683349609375 125.4155502319336 159.9443817138672 125.4155502319336 159.9443817138672 153.67957305908203 145.6683349609375 153.67957305908203
144.99801635742188 125.44584655761719 159.1841859817505 125.44584655761719 159.1841859817505 153.39669227600098 144.99801635742188 153.39669227600098
143.79183959960938 125.82479095458984 157.89672565460205 125.82479095458984 157.89672565460205 153.64968490600586 143.79183959960938 153.64968490600586
143.13787841796875 125.73524475097656 157.0484800338745 125.73524475097656 157.0484800338745 154.23610877990723 143.13787841796875 154.23610877990723
142.40231323242188 125.17564392089844 156.03610801696777 125.17564392089844 156.03610801696777 154.5313205718994 142.40231323242188 154.5313205718994
141.34774780273438 125.65010833740234 155.13757801055908 125.65010833740234 155.13757801055908 154.65277481079102 141.34774780273438 154.65277481079102
140.64840698242188 124.93497467041016 154.08413887023926 124.93497467041016 154.08413887023926 153.67673873901367 140.64840698242188 153.67673873901367
139.66029357910156 125.08145904541016 153.14983940124512 125.08145904541016 153.14983940124512 153.83848190307617 139.66029357910156 153.83848190307617
138.74038696289062 124.59913635253906 152.82255744934082 124.59913635253906 152.82255744934082 154.08246421813965 138.74038696289062 154.08246421813965
138.1759490966797 125.00313568115234 152.45821380615234 125.00313568115234 152.45821380615234 154.63738822937012 138.1759490966797 154.63738822937012
137.84681701660156 124.66688537597656 151.82962799072266 124.66688537597656 151.82962799072266 155.8912754058838 137.84681701660156 155.8912754058838
137.3045654296875 124.16646575927734 151.39378356933594 124.16646575927734 151.39378356933594 155.16632270812988 137.3045654296875 155.16632270812988
136.84693908691406 125.37528991699219 151.13985443115234 125.37528991699219 151.13985443115234 154.95048904418945 136.84693908691406 154.95048904418945
135.97857666015625 125.4677963256836 150.92479133605957 125.4677963256836 150.92479133605957 154.98186111450195 135.97857666015625 154.98186111450195
135.0116424560547 125.55964660644531 150.6476240158081 125.55964660644531 150.6476240158081 155.19736862182617 135.0116424560547 155.19736862182617
134.4341583251953 125.0329360961914 149.72614288330078 125.0329360961914 149.72614288330078 154.86056900024414 134.4341583251953 154.86056900024414
134.13079833984375 124.84782409667969 149.3182954788208 124.84782409667969 149.3182954788208 155.02894592285156 134.13079833984375 155.02894592285156
133.2207794189453 124.92045593261719 148.57559776306152 124.92045593261719 148.57559776306152 155.673828125 133.2207794189453 155.673828125
132.20571899414062 125.3669204711914 147.33959007263184 125.3669204711914 147.33959007263184 155.4536247253418 132.20571899414062 155.4536247253418
131.73196411132812 125.124267578125 147.17200660705566 125.124267578125 147.17200660705566 155.72142028808594 131.73196411132812 155.72142028808594
131.05081176757812 125.0444564819336 146.44383811950684 125.0444564819336 146.44383811950684 155.292573928833 131.05081176757812 155.292573928833
130.35934448242188 125.26103210449219 145.60196685791016 125.26103210449219 145.60196685791016 156.00773239135742 130.35934448242188 156.00773239135742
129.57423400878906 125.45497131347656 144.83179473876953 125.45497131347656 144.83179473876953 155.5477809906006 129.57423400878906 155.5477809906006
128.4300079345703 125.99794006347656 144.3697738647461 125.99794006347656 144.3697738647461 156.62932968139648 128.4300079345703 156.62932968139648
128.1515655517578 124.9872055053711 144.00762462615967 124.9872055053711 144.00762462615967 156.53999519348145 128.1515655517578 156.53999519348145
127.69215393066406 124.95372009277344 142.99755382537842 124.95372009277344 142.99755382537842 156.40545272827148 127.69215393066406 156.40545272827148
127.18476867675781 125.483642578125 142.64396381378174 125.483642578125 142.64396381378174 155.76286697387695 127.18476867675781 155.76286697387695
126.50679016113281 125.75105285644531 141.97810554504395 125.75105285644531 141.97810554504395 155.61010360717773 126.50679016113281 155.61010360717773
125.6962661743164 127.14356994628906 141.06193351745605 127.14356994628906 141.06193351745605 155.79861068725586 125.6962661743164 155.79861068725586
125.01506042480469 127.3672866821289 140.18856239318848 127.3672866821289 140.18856239318848 155.5887794494629 125.01506042480469 155.5887794494629
124.15534973144531 127.72503662109375 139.28078937530518 127.72503662109375 139.28078937530518 155.64452743530273 124.15534973144531 155.64452743530273
121.0447769165039 127.7840576171875 135.94078254699707 127.7840576171875 135.94078254699707 156.75868797302246 121.0447769165039 156.75868797302246
119.5944595336914 128.16104125976562 134.01398944854736 128.16104125976562 134.01398944854736 156.45109176635742 119.5944595336914 156.45109176635742
117.09488677978516 127.68387603759766 131.60786628723145 127.68387603759766 131.60786628723145 157.7869758605957 117.09488677978516 157.7869758605957
115.62153625488281 128.1048126220703 130.6155185699463 128.1048126220703 130.6155185699463 156.24483680725098 115.62153625488281 156.24483680725098
111.28889465332031 128.94692993164062 127.84815216064453 128.94692993164062 127.84815216064453 157.53297805786133 111.28889465332031 157.53297805786133
109.18965148925781 129.1730194091797 124.57119941711426 129.1730194091797 124.57119941711426 157.8593807220459 109.18965148925781 157.8593807220459
108.52244567871094 129.84915161132812 123.75864219665527 129.84915161132812 123.75864219665527 157.87860107421875 108.52244567871094 157.87860107421875
107.4261703491211 129.49923706054688 123.29670524597168 129.49923706054688 123.29670524597168 158.38983535766602 107.4261703491211 158.38983535766602
106.89936828613281 127.94258880615234 123.15798568725586 127.94258880615234 123.15798568725586 158.81650924682617 106.89936828613281 158.81650924682617
106.7829360961914 128.0554962158203 122.20407390594482 128.0554962158203 122.20407390594482 158.5954990386963 106.7829360961914 158.5954990386963
106.3316421508789 128.94287109375 121.88069725036621 128.94287109375 121.88069725036621 158.30681800842285 106.3316421508789 158.30681800842285
105.82389831542969 128.82423400878906 122.0450496673584 128.82423400878906 122.0450496673584 158.0963077545166 105.82389831542969 158.0963077545166
105.17874908447266 130.28439331054688 121.33585929870605 130.28439331054688 121.33585929870605 158.03302383422852 105.17874908447266 158.03302383422852
104.3717041015625 130.12745666503906 121.02521896362305 130.12745666503906 121.02521896362305 158.17370986938477 104.3717041015625 158.17370986938477
103.39669036865234 129.4159393310547 120.22319793701172 129.4159393310547 120.22319793701172 158.1055850982666 103.39669036865234 158.1055850982666
102.45137786865234 128.9412841796875 119.08761978149414 128.9412841796875 119.08761978149414 158.58009910583496 102.45137786865234 158.58009910583496
101.36823272705078 129.71884155273438 117.7619743347168 129.71884155273438 117.7619743347168 159.29609298706055 101.36823272705078 159.29609298706055
100.32543182373047 129.54502868652344 116.86692428588867 129.54502868652344 116.86692428588867 159.2070198059082 100.32543182373047 159.2070198059082
99.6800537109375 129.4898223876953 116.50304222106934 129.4898223876953 116.50304222106934 159.4761199951172 99.6800537109375 159.4761199951172
98.89222717285156 129.49429321289062 115.22080612182617 129.49429321289062 115.22080612182617 159.36606979370117 98.89222717285156 159.36606979370117
98.23746490478516 130.67828369140625 113.94186210632324 130.67828369140625 113.94186210632324 158.97964477539062 98.23746490478516 158.97964477539062
97.48284912109375 130.20465087890625 113.33734130859375 130.20465087890625 113.33734130859375 159.15188217163086 97.48284912109375 159.15188217163086
96.7524185180664 129.43994140625 112.70429039001465 129.43994140625 112.70429039001465 159.80664443969727 96.7524185180664 159.80664443969727
97.06553649902344 129.6888427734375 112.06082153320312 129.6888427734375 112.06082153320312 160.16971969604492 97.06553649902344 160.16971969604492
96.83939361572266 129.52670288085938 111.49714851379395 129.52670288085938 111.49714851379395 159.86105728149414 96.83939361572266 159.86105728149414
96.3169937133789 129.5088653564453 111.08330821990967 129.5088653564453 111.08330821990967 159.40419006347656 96.3169937133789 159.40419006347656
95.89775085449219 130.17617797851562 111.07946300506592 130.17617797851562 111.07946300506592 159.18661499023438 95.89775085449219 159.18661499023438
95.04852294921875 130.25320434570312 110.52507972717285 130.25320434570312 110.52507972717285 159.42620468139648 95.04852294921875 159.42620468139648
94.16810607910156 130.33938598632812 110.00271034240723 130.33938598632812 110.00271034240723 159.60177612304688 94.16810607910156 159.60177612304688
93.1790771484375 131.12168884277344 109.4720516204834 131.12168884277344 109.4720516204834 159.67333984375 93.1790771484375 159.67333984375
92.21448516845703 131.2832489013672 107.87108421325684 131.2832489013672 107.87108421325684 160.1674404144287 92.21448516845703 160.1674404144287
91.06200408935547 130.91299438476562 106.3931474685669 130.91299438476562 106.3931474685669 160.7645721435547 91.06200408935547 160.7645721435547
90.3343276977539 131.7347412109375 105.90019798278809 131.7347412109375 105.90019798278809 160.95155715942383 90.3343276977539 160.95155715942383
89.7553482055664 131.92974853515625 104.8795518875122 131.92974853515625 104.8795518875122 160.90386581420898 89.7553482055664 160.90386581420898
88.5306625366211 131.0015106201172 103.73000526428223 131.0015106201172 103.73000526428223 159.86667251586914 88.5306625366211 159.86667251586914
87.558349609375 131.93649291992188 102.91239643096924 131.93649291992188 102.91239643096924 159.93526649475098 87.558349609375 159.93526649475098
86.69235229492188 132.0067138671875 102.73498153686523 132.0067138671875 102.73498153686523 160.71211624145508 86.69235229492188 160.71211624145508
86.43550109863281 130.8386993408203 102.02923011779785 130.8386993408203 102.02923011779785 160.8529109954834 86.43550109863281 160.8529109954834
86.53083801269531 130.75228881835938 101.54508399963379 130.75228881835938 101.54508399963379 160.79435348510742 86.53083801269531 160.79435348510742
86.11852264404297 131.05679321289062 101.3541612625122 131.05679321289062 101.3541612625122 160.40685081481934 86.11852264404297 160.40685081481934
85.2436294555664 130.42625427246094 100.84238243103027 130.42625427246094 100.84238243103027 160.3881072998047 85.2436294555664 160.3881072998047
84.86103820800781 132.28475952148438 100.41074180603027 132.28475952148438 100.41074180603027 160.77193069458008 84.86103820800781 160.77193069458008
84.00494384765625 132.26950073242188 99.68806457519531 132.26950073242188 99.68806457519531 160.77942848205566 84.00494384765625 160.77942848205566
83.23186492919922 132.17105102539062 99.21222114562988 132.17105102539062 99.21222114562988 160.69980430603027 83.23186492919922 160.69980430603027
81.89118194580078 132.0118408203125 98.07820510864258 132.0118408203125 98.07820510864258 161.21897888183594 81.89118194580078 161.21897888183594
81.05404663085938 131.05003356933594 97.76629257202148 131.05003356933594 97.76629257202148 161.78958702087402 81.05404663085938 161.78958702087402
79.75301361083984 130.0780029296875 96.90835189819336 130.0780029296875 96.90835189819336 161.59941482543945 79.75301361083984 161.59941482543945
79.27867889404297 131.02578735351562 95.81144714355469 131.02578735351562 95.81144714355469 161.58314514160156 79.27867889404297 161.58314514160156
78.4991226196289 131.67529296875 94.62062454223633 131.67529296875 94.62062454223633 161.1138858795166 78.4991226196289 161.1138858795166
77.52336120605469 131.52224731445312 93.42289161682129 131.52224731445312 93.42289161682129 160.47270584106445 77.52336120605469 160.47270584106445
77.1195297241211 131.36471557617188 92.86687660217285 131.36471557617188 92.86687660217285 161.10792541503906 77.1195297241211 161.10792541503906
77.06040954589844 131.656494140625 92.0823917388916 131.656494140625 92.0823917388916 161.7779998779297 77.06040954589844 161.7779998779297
77.01994323730469 132.5915069580078 90.79237079620361 132.5915069580078 90.79237079620361 161.5856590270996 77.01994323730469 161.5856590270996
76.96585845947266 132.71975708007812 91.1704912185669 132.71975708007812 91.1704912185669 161.32777976989746 76.96585845947266 161.32777976989746
76.1574478149414 132.6491241455078 90.89689636230469 132.6491241455078 90.89689636230469 161.1285800933838 76.1574478149414 161.1285800933838
75.22493743896484 132.77719116210938 90.57615947723389 132.77719116210938 90.57615947723389 161.27449417114258 75.22493743896484 161.27449417114258
74.17250061035156 132.6649169921875 89.76109027862549 132.6649169921875 89.76109027862549 161.7860107421875 74.17250061035156 161.7860107421875
73.04174041748047 133.04502868652344 89.16597366333008 133.04502868652344 89.16597366333008 161.94532775878906 73.04174041748047 161.94532775878906
71.95478820800781 133.37733459472656 88.0920581817627 133.37733459472656 88.0920581817627 162.0484962463379 71.95478820800781 162.0484962463379
70.75943756103516 133.7870635986328 86.52740669250488 133.7870635986328 86.52740669250488 162.6606788635254 70.75943756103516 162.6606788635254
70.33863067626953 134.26585388183594 85.96703815460205 134.26585388183594 85.96703815460205 162.67052841186523 70.33863067626953 162.67052841186523
68.81133270263672 133.97549438476562 84.65262413024902 133.97549438476562 84.65262413024902 163.0329132080078 68.81133270263672 163.0329132080078
68.1948471069336 133.15225219726562 83.92749500274658 133.15225219726562 83.92749500274658 162.61693382263184 68.1948471069336 162.61693382263184
67.14930725097656 132.89059448242188 83.13803386688232 132.89059448242188 83.13803386688232 161.9222812652588 67.14930725097656 161.9222812652588
66.3727035522461 133.90225219726562 82.39486122131348 133.90225219726562 82.39486122131348 162.83288955688477 66.3727035522461 162.83288955688477
65.77886962890625 132.9221649169922 82.10052490234375 132.9221649169922 82.10052490234375 163.5391082763672 65.77886962890625 163.5391082763672
65.95913696289062 132.44668579101562 81.4172773361206 132.44668579101562 81.4172773361206 163.1398162841797 65.95913696289062 163.1398162841797
65.52815246582031 132.29617309570312 80.90683937072754 132.29617309570312 80.90683937072754 162.66868019104004 65.52815246582031 162.66868019104004
64.96058654785156 132.52743530273438 81.28366088867188 132.52743530273438 81.28366088867188 162.82858848571777 64.96058654785156 162.82858848571777
64.19941711425781 132.76727294921875 79.83294486999512 132.76727294921875 79.83294486999512 162.74402809143066 64.19941711425781 162.74402809143066
63.45100784301758 132.47396850585938 79.06036567687988 132.47396850585938 79.06036567687988 162.84950637817383 63.45100784301758 162.84950637817383
62.594154357910156 132.90200805664062 78.52404308319092 132.90200805664062 78.52404308319092 163.01889610290527 62.594154357910156 163.01889610290527
61.2215461730957 132.7078857421875 76.78066349029541 132.7078857421875 76.78066349029541 163.35207176208496 61.2215461730957 163.35207176208496
60.35893630981445 132.20864868164062 76.3330249786377 132.20864868164062 76.3330249786377 163.11763381958008 60.35893630981445 163.11763381958008
59.5032844543457 132.59397888183594 75.62067413330078 132.59397888183594 75.62067413330078 163.32220840454102 59.5032844543457 163.32220840454102
59.252723693847656 132.1575164794922 74.53755950927734 132.1575164794922 74.53755950927734 162.65383911132812 59.252723693847656 162.65383911132812
58.02436065673828 133.58975219726562 73.14951038360596 133.58975219726562 73.14951038360596 162.60159301757812 58.02436065673828 162.60159301757812
57.40000534057617 133.487060546875 72.59944343566895 133.487060546875 72.59944343566895 163.0196533203125 57.40000534057617 163.0196533203125
57.09428787231445 132.52670288085938 71.75100040435791 132.52670288085938 71.75100040435791 163.41130447387695 57.09428787231445 163.41130447387695
56.611351013183594 131.87130737304688 71.34172534942627 131.87130737304688 71.34172534942627 164.07516479492188 56.611351013183594 164.07516479492188
56.383033752441406 131.861572265625 71.0381441116333 131.861572265625 71.0381441116333 164.19889068603516 56.383033752441406 164.19889068603516
55.926734924316406 132.3943328857422 70.75058555603027 132.3943328857422 70.75058555603027 163.70571899414062 55.926734924316406 163.70571899414062
55.199058532714844 133.4783477783203 70.01261711120605 133.4783477783203 70.01261711120605 163.6288604736328 55.199058532714844 163.6288604736328
54.22307205200195 133.65975952148438 69.63790702819824 133.65975952148438 69.63790702819824 163.80403518676758 54.22307205200195 163.80403518676758
53.64690017700195 134.6345977783203 69.26492881774902 134.6345977783203 69.26492881774902 163.26681900024414 53.64690017700195 163.26681900024414
52.38325119018555 134.22940063476562 67.99739742279053 134.22940063476562 67.99739742279053 163.65436363220215 52.38325119018555 163.65436363220215
51.65913009643555 134.1875 67.26298713684082 134.1875 67.26298713684082 163.81753540039062 51.65913009643555 163.81753540039062
50.70440673828125 134.4761962890625 66.62529563903809 134.4761962890625 66.62529563903809 164.29287338256836 50.70440673828125 164.29287338256836
49.74567413330078 133.53250122070312 64.88483238220215 133.53250122070312 64.88483238220215 163.89576721191406 49.74567413330078 163.89576721191406
49.023468017578125 134.15206909179688 64.0128231048584 134.15206909179688 64.0128231048584 163.88077354431152 49.023468017578125 163.88077354431152
47.87506866455078 134.02188110351562 63.39295959472656 134.02188110351562 63.39295959472656 163.66485214233398 47.87506866455078 163.66485214233398
47.058143615722656 134.6607666015625 62.58360481262207 134.6607666015625 62.58360481262207 163.48236083984375 47.058143615722656 163.48236083984375
46.40541458129883 133.83445739746094 62.42840003967285 133.83445739746094 62.42840003967285 164.2050838470459 46.40541458129883 164.2050838470459
46.13618087768555 133.96261596679688 61.496585845947266 133.96261596679688 61.496585845947266 164.7130584716797 46.13618087768555 164.7130584716797
46.21543502807617 133.26214599609375 61.39375972747803 133.26214599609375 61.39375972747803 164.68832397460938 46.21543502807617 164.68832397460938
45.97307586669922 133.74929809570312 61.14792346954346 133.74929809570312 61.14792346954346 164.30787658691406 45.97307586669922 164.30787658691406
45.27073287963867 134.32901000976562 60.74008274078369 134.32901000976562 60.74008274078369 164.0350341796875 45.27073287963867 164.0350341796875
44.26837921142578 134.10447692871094 60.32571029663086 134.10447692871094 60.32571029663086 164.19598007202148 44.26837921142578 164.19598007202148
43.40192794799805 133.7689666748047 59.672441482543945 133.7689666748047 59.672441482543945 164.2152919769287 43.40192794799805 164.2152919769287
42.32659912109375 133.676513671875 59.00929260253906 133.676513671875 59.00929260253906 164.51951217651367 42.32659912109375 164.51951217651367
41.46931838989258 133.15139770507812 58.66032409667969 133.15139770507812 58.66032409667969 164.41371154785156 41.46931838989258 164.41371154785156
40.51353073120117 134.16429138183594 56.8679141998291 134.16429138183594 56.8679141998291 164.67420387268066 40.51353073120117 164.67420387268066
39.70035934448242 133.83346557617188 56.03308296203613 133.83346557617188 56.03308296203613 164.56464767456055 39.70035934448242 164.56464767456055
39.110267639160156 133.85153198242188 54.94766712188721 133.85153198242188 54.94766712188721 164.4775333404541 39.110267639160156 164.4775333404541
38.07813262939453 134.1045379638672 54.3625431060791 134.1045379638672 54.3625431060791 164.1829776763916 38.07813262939453 164.1829776763916
37.3995475769043 134.2183837890625 53.51784706115723 134.2183837890625 53.51784706115723 164.5723762512207 37.3995475769043 164.5723762512207
37.3845100402832 133.27069091796875 52.96112632751465 133.27069091796875 52.96112632751465 164.78460121154785 37.3845100402832 164.78460121154785
36.78483200073242 133.31195068359375 52.23883628845215 133.31195068359375 52.23883628845215 164.55058670043945 36.78483200073242 164.55058670043945
36.65202713012695 133.24134826660156 52.106035232543945 133.24134826660156 52.106035232543945 164.7369785308838 36.65202713012695 164.7369785308838
35.880882263183594 133.9912872314453 51.61871814727783 133.9912872314453 51.61871814727783 164.5333766937256 35.880882263183594 164.5333766937256
35.50196075439453 133.63702392578125 51.017781257629395 133.63702392578125 51.017781257629395 164.0169677734375 35.50196075439453 164.0169677734375
34.47105026245117 134.6903076171875 50.62031936645508 134.6903076171875 50.62031936645508 164.0782928466797 34.47105026245117 164.0782928466797
33.9630241394043 134.1867218017578 49.83568000793457 134.1867218017578 49.83568000793457 163.85041427612305 33.9630241394043 163.85041427612305
32.76001739501953 135.809814453125 49.187461853027344 135.809814453125 49.187461853027344 164.06366348266602 32.76001739501953 164.06366348266602
31.86423110961914 134.8909912109375 48.03688430786133 134.8909912109375 48.03688430786133 163.99543380737305 31.86423110961914 163.99543380737305
30.688922882080078 134.41378784179688 47.133453369140625 134.41378784179688 47.133453369140625 164.43450355529785 30.688922882080078 164.43450355529785
29.634113311767578 133.37057495117188 45.932125091552734 133.37057495117188 45.932125091552734 164.26522827148438 29.634113311767578 164.26522827148438
28.53106689453125 134.24038696289062 44.75930213928223 134.24038696289062 44.75930213928223 164.89178466796875 28.53106689453125 164.89178466796875
28.259777069091797 134.35598754882812 43.93161678314209 134.35598754882812 43.93161678314209 164.74959182739258 28.259777069091797 164.74959182739258
