199.0 108.0 216.0 108.0 216.0 153.0 199.0 153.0
199.17575073242188 106.9311752319336 214.86620807647705 106.9311752319336 214.86620807647705 156.12026977539062 199.17575073242188 156.12026977539062
197.26129150390625 110.95259094238281 211.86355781555176 110.95259094238281 211.86355781555176 160.80318069458008 197.26129150390625 160.80318069458008
195.04620361328125 114.2080307006836 210.95904541015625 114.2080307006836 210.95904541015625 162.81236267089844 195.04620361328125 162.81236267089844
194.15573120117188 116.40818786621094 209.89140605926514 116.40818786621094 209.89140605926514 164.3670310974121 194.15573120117188 164.3670310974121
193.3484344482422 121.20536041259766 208.39389038085938 121.20536041259766 208.39389038085938 167.8603858947754 193.3484344482422 167.8603858947754
189.05479431152344 123.4658432006836 205.69948196411133 123.4658432006836 205.69948196411133 170.86343383789062 189.05479431152344 170.86343383789062
188.17355346679688 124.05743408203125 204.3394432067871 124.05743408203125 204.3394432067871 173.71363830566406 188.17355346679688 173.71363830566406
183.44068908691406 126.32237243652344 199.66669464111328 126.32237243652344 199.66669464111328 176.57806396484375 183.44068908691406 176.57806396484375
180.54135131835938 129.24960327148438 196.71077346801758 129.24960327148438 196.71077346801758 176.06455993652344 180.54135131835938 176.06455993652344
178.75018310546875 131.08328247070312 194.51815605163574 131.08328247070312 194.51815605163574 177.56685638427734 178.75018310546875 177.56685638427734
176.14100646972656 133.9763641357422 191.70118141174316 133.9763641357422 191.70118141174316 179.32421112060547 176.14100646972656 179.32421112060547
172.17820739746094 135.569091796875 187.32783031463623 135.569091796875 187.32783031463623 182.62954711914062 172.17820739746094 182.62954711914062
169.4029541015625 136.74896240234375 185.50055694580078 136.74896240234375 185.50055694580078 183.03108978271484 169.4029541015625 183.03108978271484
164.5044403076172 136.583984375 181.79244232177734 136.583984375 181.79244232177734 187.58538818359375 164.5044403076172 187.58538818359375
158.95692443847656 137.68569946289062 175.93151092529297 137.68569946289062 175.93151092529297 189.60459518432617 158.95692443847656 189.60459518432617
157.7288360595703 138.56948852539062 173.57982444763184 138.56948852539062 173.57982444763184 189.83576202392578 157.7288360595703 189.83576202392578
153.54092407226562 140.6245574951172 169.8021697998047 140.6245574951172 169.8021697998047 193.02111053466797 153.54092407226562 193.02111053466797
148.8388214111328 142.33334350585938 165.6716022491455 142.33334350585938 165.6716022491455 196.51395797729492 148.8388214111328 196.51395797729492
145.58229064941406 144.38734436035156 162.59237098693848 144.38734436035156 162.59237098693848 193.88829803466797 145.58229064941406 193.88829803466797
142.77297973632812 144.53634643554688 159.74358749389648 144.53634643554688 159.74358749389648 194.8998794555664 142.77297973632812 194.8998794555664
137.3775177001953 144.28903198242188 155.92876434326172 144.28903198242188 155.92876434326172 196.28643035888672 137.3775177001953 196.28643035888672
135.06307983398438 144.06814575195312 153.7332420349121 144.06814575195312 153.7332420349121 196.28450393676758 135.06307983398438 196.28450393676758
133.4059295654297 140.187255859375 152.52470016479492 140.187255859375 152.52470016479492 196.94941329956055 133.4059295654297 196.94941329956055
132.3936309814453 141.05679321289062 150.9201488494873 141.05679321289062 150.9201488494873 198.2173843383789 132.3936309814453 198.2173843383789
132.92269897460938 141.97911071777344 151.69774436950684 141.97911071777344 151.69774436950684 197.78934478759766 132.92269897460938 197.78934478759766
133.50491333007812 143.11842346191406 153.00541305541992 143.11842346191406 153.00541305541992 197.3859519958496 133.50491333007812 197.3859519958496
135.55836486816406 144.41586303710938 155.4617977142334 144.41586303710938 155.4617977142334 196.48491287231445 135.55836486816406 196.48491287231445
142.8450164794922 146.5837860107422 161.09352111816406 146.5837860107422 161.09352111816406 196.5809097290039 142.8450164794922 196.5809097290039
144.9423065185547 145.9494171142578 163.18677139282227 145.9494171142578 163.18677139282227 195.6737823486328 144.9423065185547 195.6737823486328
148.88148498535156 143.37783813476562 166.40790939331055 143.37783813476562 166.40790939331055 195.15267944335938 148.88148498535156 195.15267944335938
154.89349365234375 143.9371795654297 173.73193168640137 143.9371795654297 173.73193168640137 194.03778457641602 154.89349365234375 194.03778457641602
161.15895080566406 143.4983367919922 179.8522071838379 143.4983367919922 179.8522071838379 193.0087890625 161.15895080566406 193.0087890625
165.39663696289062 142.25999450683594 181.34642028808594 142.25999450683594 181.34642028808594 192.34447479248047 165.39663696289062 192.34447479248047
171.976318359375 140.88104248046875 189.19766426086426 140.88104248046875 189.19766426086426 190.4724349975586 171.976318359375 190.4724349975586
179.14515686035156 141.80419921875 197.1448211669922 141.80419921875 197.1448211669922 190.42669296264648 179.14515686035156 190.42669296264648
181.54794311523438 139.9910125732422 198.61464500427246 139.9910125732422 198.61464500427246 188.0588150024414 181.54794311523438 188.0588150024414
183.353515625 136.51565551757812 200.81019592285156 136.51565551757812 200.81019592285156 186.7699966430664 183.353515625 186.7699966430664
189.7958221435547 132.3993682861328 207.6754608154297 132.3993682861328 207.6754608154297 184.54064178466797 189.7958221435547 184.54064178466797
195.09683227539062 131.12905883789062 211.87775802612305 131.12905883789062 211.87775802612305 179.92890167236328 195.09683227539062 179.92890167236328
197.0174560546875 128.99484252929688 214.10780143737793 128.99484252929688 214.10780143737793 177.64081954956055 197.0174560546875 177.64081954956055
200.39039611816406 125.52215576171875 217.97229957580566 125.52215576171875 217.97229957580566 175.84064483642578 200.39039611816406 175.84064483642578
204.00306701660156 121.10264587402344 221.05580139160156 121.10264587402344 221.05580139160156 172.1898651123047 204.00306701660156 172.1898651123047
203.30145263671875 118.2223892211914 221.89475059509277 118.2223892211914 221.89475059509277 170.48704528808594 203.30145263671875 170.48704528808594
205.7323455810547 115.55754089355469 223.63206481933594 115.55754089355469 223.63206481933594 167.06530380249023 205.7323455810547 167.06530380249023
206.6471710205078 113.5407485961914 224.4233512878418 113.5407485961914 224.4233512878418 164.42974090576172 206.6471710205078 164.42974090576172
206.88528442382812 109.24237060546875 225.0228977203369 109.24237060546875 225.0228977203369 160.8878059387207 206.88528442382812 160.8878059387207
206.6572723388672 107.1926498413086 225.2042064666748 107.1926498413086 225.2042064666748 161.0156707763672 206.6572723388672 161.0156707763672
206.75064086914062 104.71034240722656 225.3110008239746 104.71034240722656 225.3110008239746 157.1464080810547 206.75064086914062 157.1464080810547
205.53543090820312 101.21189880371094 223.68417739868164 101.21189880371094 223.68417739868164 156.16395568847656 205.53543090820312 156.16395568847656
203.72779846191406 101.10212707519531 222.4344825744629 101.10212707519531 222.4344825744629 154.8495635986328 203.72779846191406 154.8495635986328
199.2961883544922 99.40983581542969 217.99037742614746 99.40983581542969 217.99037742614746 153.0212860107422 199.2961883544922 153.0212860107422
198.0924530029297 98.23382568359375 215.66013145446777 98.23382568359375 215.66013145446777 151.69426345825195 198.0924530029297 151.69426345825195
196.041259765625 96.65577697753906 212.78381538391113 96.65577697753906 212.78381538391113 148.29015350341797 196.041259765625 148.29015350341797
191.77096557617188 93.61135864257812 209.62228202819824 93.61135864257812 209.62228202819824 147.21372604370117 191.77096557617188 147.21372604370117
188.71957397460938 87.25348663330078 206.4400691986084 87.25348663330078 206.4400691986084 145.01406860351562 188.71957397460938 145.01406860351562
186.93484497070312 86.53177642822266 204.87603378295898 86.53177642822266 204.87603378295898 143.874755859375 186.93484497070312 143.874755859375
184.58590698242188 86.03892517089844 202.7945957183838 86.03892517089844 202.7945957183838 140.7742691040039 184.58590698242188 140.7742691040039
181.35153198242188 82.89088439941406 199.70498657226562 82.89088439941406 199.70498657226562 137.63141250610352 181.35153198242188 137.63141250610352
180.22129821777344 81.36888885498047 198.18801307678223 81.36888885498047 198.18801307678223 135.40607833862305 180.22129821777344 135.40607833862305
177.78579711914062 78.13541412353516 196.85777282714844 78.13541412353516 196.85777282714844 132.96160888671875 177.78579711914062 132.96160888671875
176.07470703125 73.91592407226562 195.42865562438965 73.91592407226562 195.42865562438965 130.3103141784668 176.07470703125 130.3103141784668
175.5066375732422 72.84192657470703 194.20065689086914 72.84192657470703 194.20065689086914 128.27322387695312 175.5066375732422 128.27322387695312
174.68209838867188 70.6349868774414 194.0745086669922 70.6349868774414 194.0745086669922 128.01165390014648 174.68209838867188 128.01165390014648
172.56295776367188 68.76580810546875 192.20407676696777 68.76580810546875 192.20407676696777 122.89310836791992 172.56295776367188 122.89310836791992
170.4613037109375 63.975364685058594 190.38268661499023 63.975364685058594 190.38268661499023 121.29761123657227 170.4613037109375 121.29761123657227
167.4630889892578 62.58354949951172 188.52272033691406 62.58354949951172 188.52272033691406 119.50259399414062 167.4630889892578 119.50259399414062
166.918701171875 60.4309196472168 187.4192123413086 60.4309196472168 187.4192123413086 116.35993576049805 166.918701171875 116.35993576049805
165.0331268310547 59.030914306640625 185.31889533996582 59.030914306640625 185.31889533996582 117.12572479248047 165.0331268310547 117.12572479248047
161.3025665283203 56.98462677001953 182.6637840270996 56.98462677001953 182.6637840270996 114.03018188476562 161.3025665283203 114.03018188476562
158.75669860839844 56.46644973754883 180.1361026763916 56.46644973754883 180.1361026763916 113.88833618164062 158.75669860839844 113.88833618164062
155.6080322265625 55.277687072753906 175.05330657958984 55.277687072753906 175.05330657958984 116.01249694824219 155.6080322265625 116.01249694824219
152.89686584472656 53.8756103515625 173.2728614807129 53.8756103515625 173.2728614807129 114.80502319335938 152.89686584472656 114.80502319335938
150.24285888671875 50.95607376098633 171.01422691345215 50.95607376098633 171.01422691345215 109.34395217895508 150.24285888671875 109.34395217895508
147.20944213867188 46.79507064819336 167.76288223266602 46.79507064819336 167.76288223266602 106.64502334594727 147.20944213867188 106.64502334594727
144.57275390625 46.70886993408203 165.0637264251709 46.70886993408203 165.0637264251709 104.62724685668945 144.57275390625 104.62724685668945
142.223876953125 44.80497741699219 163.11101913452148 44.80497741699219 163.11101913452148 102.98758697509766 142.223876953125 102.98758697509766
138.26376342773438 41.55793380737305 159.17191696166992 41.55793380737305 159.17191696166992 101.82836151123047 138.26376342773438 101.82836151123047
135.96177673339844 38.97806167602539 156.2860221862793 38.97806167602539 156.2860221862793 98.67364883422852 135.96177673339844 98.67364883422852
134.09596252441406 38.23518753051758 154.58651733398438 38.23518753051758 154.58651733398438 98.97105026245117 134.09596252441406 98.97105026245117
130.44363403320312 34.611106872558594 151.66623306274414 34.611106872558594 151.66623306274414 96.53305053710938 130.44363403320312 96.53305053710938
129.23475646972656 33.028526306152344 150.19522666931152 33.028526306152344 150.19522666931152 95.27630996704102 129.23475646972656 95.27630996704102
127.7957992553711 33.10903549194336 148.45027923583984 33.10903549194336 148.45027923583984 91.77309036254883 127.7957992553711 91.77309036254883
126.90620422363281 30.1160831451416 147.7025966644287 30.1160831451416 147.7025966644287 90.48089027404785 126.90620422363281 90.48089027404785
125.4228515625 28.557287216186523 146.73729515075684 28.557287216186523 146.73729515075684 88.79752922058105 125.4228515625 88.79752922058105
124.2402572631836 27.270217895507812 146.78667449951172 27.270217895507812 146.78667449951172 87.27440643310547 124.2402572631836 87.27440643310547
124.8530502319336 24.99527359008789 146.99175643920898 24.99527359008789 146.99175643920898 86.50347137451172 124.8530502319336 86.50347137451172
126.07267761230469 22.94783592224121 146.6941146850586 22.94783592224121 146.6941146850586 84.57402610778809 126.07267761230469 84.57402610778809
127.049072265625 21.865234375 147.66095542907715 21.865234375 147.66095542907715 82.947265625 127.049072265625 82.947265625
128.3837890625 24.307754516601562 148.50632667541504 24.307754516601562 148.50632667541504 83.8161392211914 128.3837890625 83.8161392211914
129.91574096679688 24.750192642211914 150.18505477905273 24.750192642211914 150.18505477905273 83.26894187927246 129.91574096679688 83.26894187927246
131.75064086914062 20.924606323242188 151.3250560760498 20.924606323242188 151.3250560760498 81.42786026000977 131.75064086914062 81.42786026000977
132.12423706054688 21.318342208862305 151.54519653320312 21.318342208862305 151.54519653320312 82.06164741516113 132.12423706054688 82.06164741516113
134.47569274902344 22.16413116455078 154.1336841583252 22.16413116455078 154.1336841583252 81.26348495483398 134.47569274902344 81.26348495483398
135.6521759033203 22.272502899169922 155.4515724182129 22.272502899169922 155.4515724182129 81.29815673828125 135.6521759033203 81.29815673828125
137.0406951904297 23.355688095092773 156.7887420654297 23.355688095092773 156.7887420654297 81.86107063293457 137.0406951904297 81.86107063293457
137.67874145507812 21.98206329345703 157.60085487365723 21.98206329345703 157.60085487365723 81.25272369384766 137.67874145507812 81.25272369384766
139.1078338623047 20.655445098876953 159.1068000793457 20.655445098876953 159.1068000793457 79.34508895874023 139.1078338623047 79.34508895874023
138.94680786132812 23.243494033813477 159.27042388916016 23.243494033813477 159.27042388916016 80.98248863220215 138.94680786132812 80.98248863220215
139.53567504882812 24.416522979736328 160.13724899291992 24.416522979736328 160.13724899291992 81.82478713989258 139.53567504882812 81.82478713989258
140.7954864501953 27.330005645751953 161.57762145996094 27.330005645751953 161.57762145996094 83.5224380493164 140.7954864501953 83.5224380493164
140.9910125732422 30.297292709350586 162.3852596282959 30.297292709350586 162.3852596282959 86.5196361541748 140.9910125732422 86.5196361541748
141.1578826904297 30.39214515686035 163.49485206604004 30.39214515686035 163.49485206604004 87.08682823181152 141.1578826904297 87.08682823181152
146.08596801757812 31.60403823852539 166.746976852417 31.60403823852539 166.746976852417 88.16376876831055 146.08596801757812 88.16376876831055
151.8748321533203 37.21668243408203 172.26812553405762 37.21668243408203 172.26812553405762 93.0169448852539 151.8748321533203 93.0169448852539
154.2445831298828 38.64753341674805 174.24289894104004 38.64753341674805 174.24289894104004 94.98787307739258 154.2445831298828 94.98787307739258
157.42526245117188 44.81116485595703 178.48589324951172 44.81116485595703 178.48589324951172 99.69049835205078 157.42526245117188 99.69049835205078
164.04640197753906 50.167755126953125 183.00957870483398 50.167755126953125 183.00957870483398 103.72795867919922 164.04640197753906 103.72795867919922
166.97494506835938 54.308753967285156 186.06797409057617 54.308753967285156 186.06797409057617 107.72597885131836 166.97494506835938 107.72597885131836
170.92739868164062 58.038551330566406 192.00874710083008 58.038551330566406 192.00874710083008 110.33306884765625 170.92739868164062 110.33306884765625
177.59353637695312 66.02816009521484 197.5688533782959 66.02816009521484 197.5688533782959 118.97949600219727 177.59353637695312 118.97949600219727
183.6900634765625 70.71101379394531 201.16821670532227 70.71101379394531 201.16821670532227 121.41278457641602 183.6900634765625 121.41278457641602
188.49484252929688 78.09413146972656 205.1567497253418 78.09413146972656 205.1567497253418 127.37665176391602 188.49484252929688 127.37665176391602
192.7732696533203 81.54676818847656 209.61771392822266 81.54676818847656 209.61771392822266 132.76151275634766 192.7732696533203 132.76151275634766
197.71742248535156 91.13813781738281 215.42749214172363 91.13813781738281 215.42749214172363 139.47231674194336 197.71742248535156 139.47231674194336
199.85977172851562 94.2461929321289 216.96540451049805 94.2461929321289 216.96540451049805 142.07426834106445 199.85977172851562 142.07426834106445
204.4352264404297 101.06079864501953 220.08937072753906 101.06079864501953 220.08937072753906 149.14137649536133 204.4352264404297 149.14137649536133
208.6580810546875 109.65187072753906 224.88566207885742 109.65187072753906 224.88566207885742 157.4133415222168 208.6580810546875 157.4133415222168
210.5090789794922 114.1009750366211 228.26435661315918 114.1009750366211 228.26435661315918 161.66514205932617 210.5090789794922 161.66514205932617
212.70211791992188 121.51588439941406 229.57363319396973 121.51588439941406 229.57363319396973 167.63970947265625 212.70211791992188 167.63970947265625
215.9818115234375 129.77200317382812 231.54443359375 129.77200317382812 231.54443359375 174.757080078125 215.9818115234375 174.757080078125
218.8166046142578 140.00933837890625 234.48342609405518 140.00933837890625 234.48342609405518 185.24111938476562 218.8166046142578 185.24111938476562
219.44119262695312 143.5045928955078 236.18470191955566 143.5045928955078 236.18470191955566 189.91826629638672 219.44119262695312 189.91826629638672
220.68115234375 148.8459930419922 237.07410049438477 148.8459930419922 237.07410049438477 196.09879302978516 220.68115234375 196.09879302978516
219.80679321289062 158.34524536132812 237.7236385345459 158.34524536132812 237.7236385345459 206.27185821533203 219.80679321289062 206.27185821533203
219.59848022460938 161.49378967285156 236.7211971282959 161.49378967285156 236.7211971282959 209.6843605041504 219.59848022460938 209.6843605041504
217.0547637939453 169.25967407226562 235.98859977722168 169.25967407226562 235.98859977722168 219.4896697998047 217.0547637939453 219.4896697998047
213.96231079101562 176.34483337402344 231.42799377441406 176.34483337402344 231.42799377441406 223.45679092407227 213.96231079101562 223.45679092407227
207.9331512451172 181.4933624267578 226.16433334350586 181.4933624267578 226.16433334350586 231.52536392211914 207.9331512451172 231.52536392211914
204.59963989257812 184.4212646484375 223.5503635406494 184.4212646484375 223.5503635406494 236.28862380981445 204.59963989257812 236.28862380981445
196.0989532470703 187.6187286376953 215.9333152770996 187.6187286376953 215.9333152770996 241.5464744567871 196.0989532470703 241.5464744567871
189.47731018066406 193.95834350585938 207.72041702270508 193.95834350585938 207.72041702270508 246.164794921875 189.47731018066406 246.164794921875
184.1365966796875 193.76806640625 203.3632049560547 193.76806640625 203.3632049560547 247.40642166137695 184.1365966796875 247.40642166137695
172.8629608154297 196.4437713623047 192.09063720703125 196.4437713623047 192.09063720703125 249.15058135986328 172.8629608154297 249.15058135986328
165.23048400878906 195.33909606933594 183.7752799987793 195.33909606933594 183.7752799987793 247.91637802124023 165.23048400878906 247.91637802124023
161.87335205078125 194.66534423828125 180.77236938476562 194.66534423828125 180.77236938476562 246.87487030029297 161.87335205078125 246.87487030029297
152.05526733398438 194.20755004882812 170.63584518432617 194.20755004882812 170.63584518432617 248.7646369934082 152.05526733398438 248.7646369934082
145.86903381347656 191.51734924316406 164.6201572418213 191.51734924316406 164.6201572418213 244.83782196044922 145.86903381347656 244.83782196044922
143.9066925048828 190.5245819091797 163.34247589111328 190.5245819091797 163.34247589111328 243.27899551391602 143.9066925048828 243.27899551391602
135.36192321777344 186.82362365722656 154.5148048400879 186.82362365722656 154.5148048400879 240.9623794555664 135.36192321777344 240.9623794555664
131.22409057617188 184.65213012695312 149.0166530609131 184.65213012695312 149.0166530609131 237.09941864013672 131.22409057617188 237.09941864013672
128.496826171875 179.55972290039062 146.52735900878906 179.55972290039062 146.52735900878906 233.6310920715332 128.496826171875 233.6310920715332
126.50633239746094 177.2122039794922 145.3079891204834 177.2122039794922 145.3079891204834 231.0296173095703 126.50633239746094 231.0296173095703
123.3838119506836 170.60079956054688 142.87018966674805 170.60079956054688 142.87018966674805 226.57222747802734 123.3838119506836 226.57222747802734
122.43336486816406 166.267578125 141.39047050476074 166.267578125 141.39047050476074 222.25008392333984 122.43336486816406 222.25008392333984
122.20133972167969 164.6697540283203 141.18033981323242 164.6697540283203 141.18033981323242 220.55150985717773 122.20133972167969 220.55150985717773
120.76252746582031 159.4398193359375 139.7182559967041 159.4398193359375 139.7182559967041 214.6711311340332 120.76252746582031 214.6711311340332
121.209228515625 157.3503875732422 139.3898525238037 157.3503875732422 139.3898525238037 209.03783798217773 121.209228515625 209.03783798217773
121.1471939086914 150.89122009277344 140.05456161499023 150.89122009277344 140.05456161499023 205.08652114868164 121.1471939086914 205.08652114868164
121.07049560546875 147.46286010742188 140.44308853149414 147.46286010742188 140.44308853149414 201.90168380737305 121.07049560546875 201.90168380737305
121.26109313964844 144.22299194335938 140.13425064086914 144.22299194335938 140.13425064086914 198.24480438232422 121.26109313964844 198.24480438232422
121.4885025024414 141.02552795410156 140.2940502166748 141.02552795410156 140.2940502166748 194.21128845214844 121.4885025024414 194.21128845214844
120.87554931640625 138.8634796142578 139.97794342041016 138.8634796142578 139.97794342041016 192.01757049560547 120.87554931640625 192.01757049560547
121.09175872802734 134.98812866210938 138.51514434814453 134.98812866210938 138.51514434814453 187.27272415161133 121.09175872802734 187.27272415161133
119.52217864990234 130.14584350585938 137.34711074829102 130.14584350585938 137.34711074829102 183.7376594543457 119.52217864990234 183.7376594543457
118.9800796508789 128.46096801757812 137.25497436523438 128.46096801757812 137.25497436523438 181.0070571899414 118.9800796508789 181.0070571899414
118.74674224853516 122.6189956665039 137.08733749389648 122.6189956665039 137.08733749389648 175.86703491210938 118.74674224853516 175.86703491210938
117.67061614990234 118.77348327636719 136.50541496276855 118.77348327636719 136.50541496276855 172.8826560974121 117.67061614990234 172.8826560974121
117.1666488647461 117.21049499511719 136.0227279663086 117.21049499511719 136.0227279663086 170.78387069702148 117.1666488647461 170.78387069702148
116.58143615722656 113.9046401977539 134.81449508666992 113.9046401977539 134.81449508666992 167.24462509155273 116.58143615722656 167.24462509155273
116.03153991699219 110.2733154296875 134.16272926330566 110.2733154296875 134.16272926330566 164.76005935668945 116.03153991699219 164.76005935668945
116.3340835571289 107.27242279052734 134.77013778686523 107.27242279052734 134.77013778686523 160.37350845336914 116.3340835571289 160.37350845336914
115.30860900878906 102.29033660888672 134.5224151611328 102.29033660888672 134.5224151611328 158.18826293945312 115.30860900878906 158.18826293945312
115.33451843261719 100.26594543457031 134.99321365356445 100.26594543457031 134.99321365356445 156.07217025756836 115.33451843261719 156.07217025756836
115.8470458984375 96.8956527709961 135.89536666870117 96.8956527709961 135.89536666870117 152.58909606933594 115.8470458984375 152.58909606933594
116.35099792480469 95.18537902832031 136.43136024475098 95.18537902832031 136.43136024475098 150.47755432128906 116.35099792480469 150.47755432128906
117.26432800292969 93.39590454101562 136.0605640411377 93.39590454101562 136.0605640411377 150.48258590698242 117.26432800292969 150.48258590698242
118.8197021484375 89.76881408691406 137.95331192016602 89.76881408691406 137.95331192016602 146.1769790649414 118.8197021484375 146.1769790649414
120.01301574707031 88.47195434570312 139.8578586578369 88.47195434570312 139.8578586578369 145.146484375 120.01301574707031 145.146484375
121.76016998291016 83.96224212646484 140.7003002166748 83.96224212646484 140.7003002166748 142.62367248535156 121.76016998291016 142.62367248535156
123.5531997680664 82.27113342285156 142.06599044799805 82.27113342285156 142.06599044799805 139.02082061767578 123.5531997680664 139.02082061767578
123.45375061035156 78.96833038330078 142.22692680358887 78.96833038330078 142.22692680358887 140.45487213134766 123.45375061035156 140.45487213134766
124.79469299316406 78.464111328125 143.57782363891602 78.464111328125 143.57782363891602 136.4081039428711 124.79469299316406 136.4081039428711
124.41102600097656 75.68396759033203 143.65100479125977 75.68396759033203 143.65100479125977 134.8365135192871 124.41102600097656 134.8365135192871
124.68934631347656 78.6182861328125 144.9785499572754 78.6182861328125 144.9785499572754 134.52069854736328 124.68934631347656 134.52069854736328
125.66607666015625 77.58855438232422 145.39412117004395 77.58855438232422 145.39412117004395 131.92339324951172 125.66607666015625 131.92339324951172
125.9901351928711 76.23087310791016 145.06685256958008 76.23087310791016 145.06685256958008 132.14370346069336 125.9901351928711 132.14370346069336
128.07693481445312 73.01332092285156 146.48440170288086 73.01332092285156 146.48440170288086 132.88282012939453 128.07693481445312 132.88282012939453
129.66221618652344 76.69926452636719 147.8129425048828 76.69926452636719 147.8129425048828 132.60897064208984 129.66221618652344 132.60897064208984
130.0190887451172 76.27852630615234 149.73520278930664 76.27852630615234 149.73520278930664 133.1338119506836 130.0190887451172 133.1338119506836
131.03628540039062 76.02021789550781 151.00502395629883 76.02021789550781 151.00502395629883 129.40264129638672 131.03628540039062 129.40264129638672
131.27322387695312 76.23538970947266 150.62611961364746 76.23538970947266 150.62611961364746 127.84455108642578 131.27322387695312 127.84455108642578
131.0076141357422 73.79545593261719 151.29549980163574 73.79545593261719 151.29549980163574 121.56099319458008 131.0076141357422 121.56099319458008
131.08694458007812 70.09507751464844 150.98614120483398 70.09507751464844 150.98614120483398 122.76939392089844 131.08694458007812 122.76939392089844
128.32540893554688 73.68843841552734 150.69664192199707 73.68843841552734 150.69664192199707 124.53172302246094 128.32540893554688 124.53172302246094
129.31951904296875 79.23506927490234 150.29889297485352 79.23506927490234 150.29889297485352 130.3143768310547 129.31951904296875 130.3143768310547
130.8767547607422 90.26197814941406 148.37530899047852 90.26197814941406 148.37530899047852 138.50118255615234 130.8767547607422 138.50118255615234
130.59442138671875 89.6600341796875 148.29204940795898 89.6600341796875 148.29204940795898 141.65316009521484 130.59442138671875 141.65316009521484
131.38865661621094 91.65713500976562 148.43028831481934 91.65713500976562 148.43028831481934 142.60954666137695 131.38865661621094 142.60954666137695
133.3189239501953 92.83927917480469 150.8460178375244 92.83927917480469 150.8460178375244 143.83464813232422 133.3189239501953 143.83464813232422
134.8508758544922 92.7330093383789 153.14800453186035 92.7330093383789 153.14800453186035 144.5100860595703 134.8508758544922 144.5100860595703
136.9474639892578 94.73602294921875 153.15585327148438 94.73602294921875 153.15585327148438 146.28109741210938 136.9474639892578 146.28109741210938
136.40481567382812 95.83235168457031 153.76639556884766 95.83235168457031 153.76639556884766 145.83019638061523 136.40481567382812 145.83019638061523
137.04234313964844 95.01286315917969 154.53867149353027 95.01286315917969 154.53867149353027 146.4131851196289 137.04234313964844 146.4131851196289
137.01905822753906 96.94295501708984 153.50832557678223 96.94295501708984 153.50832557678223 145.6881332397461 137.01905822753906 145.6881332397461
137.10556030273438 98.39231872558594 153.793607711792 98.39231872558594 153.793607711792 146.00580215454102 137.10556030273438 146.00580215454102
137.9337921142578 101.79036712646484 154.1830596923828 101.79036712646484 154.1830596923828 148.93991470336914 137.9337921142578 148.93991470336914
135.228271484375 100.91241455078125 153.82595825195312 100.91241455078125 153.82595825195312 148.67327499389648 135.228271484375 148.67327499389648
134.35012817382812 100.4590835571289 152.9815673828125 100.4590835571289 152.9815673828125 150.03643417358398 134.35012817382812 150.03643417358398
130.89776611328125 101.53022766113281 148.93475723266602 101.53022766113281 148.93475723266602 150.85461807250977 130.89776611328125 150.85461807250977
126.0759506225586 105.92979431152344 145.6208667755127 105.92979431152344 145.6208667755127 153.37652206420898 126.0759506225586 153.37652206420898
124.20957946777344 100.87911224365234 142.5507755279541 100.87911224365234 142.5507755279541 154.18988037109375 124.20957946777344 154.18988037109375
121.16204833984375 102.51353454589844 140.39775466918945 102.51353454589844 140.39775466918945 155.64654159545898 121.16204833984375 155.64654159545898
118.17219543457031 96.8117904663086 136.88732528686523 96.8117904663086 136.88732528686523 154.02818298339844 118.17219543457031 154.02818298339844
117.31187438964844 95.9850845336914 136.22858810424805 95.9850845336914 136.22858810424805 151.3284797668457 117.31187438964844 151.3284797668457
114.16316986083984 96.06149291992188 134.21500968933105 96.06149291992188 134.21500968933105 151.71236038208008 114.16316986083984 151.71236038208008
112.37727355957031 95.22306060791016 131.8677463531494 95.22306060791016 131.8677463531494 152.47390747070312 112.37727355957031 152.47390747070312
112.99261474609375 93.74639892578125 132.17142486572266 93.74639892578125 132.17142486572266 150.95980072021484 112.99261474609375 150.95980072021484
111.31135559082031 93.79337310791016 131.7830467224121 93.79337310791016 131.7830467224121 153.04175567626953 111.31135559082031 153.04175567626953
109.48051452636719 93.79017639160156 129.88730239868164 93.79017639160156 129.88730239868164 152.55974578857422 109.48051452636719 152.55974578857422
109.39654541015625 93.301513671875 128.1653938293457 93.301513671875 128.1653938293457 151.58832550048828 109.39654541015625 151.58832550048828
109.46427917480469 91.74165344238281 127.65022850036621 91.74165344238281 127.65022850036621 152.74845123291016 109.46427917480469 152.74845123291016
108.92401123046875 91.04420471191406 126.54325485229492 91.04420471191406 126.54325485229492 150.2062110900879 108.92401123046875 150.2062110900879
108.05921936035156 89.1923828125 127.20451354980469 89.1923828125 127.20451354980469 147.67609786987305 108.05921936035156 147.67609786987305
108.43611145019531 85.74068450927734 128.1622657775879 85.74068450927734 128.1622657775879 145.60679626464844 108.43611145019531 145.60679626464844
107.9659423828125 80.89360046386719 127.92401123046875 80.89360046386719 127.92401123046875 141.4028778076172 107.9659423828125 141.4028778076172
108.33805847167969 80.87977600097656 128.25262832641602 80.87977600097656 128.25262832641602 138.18988418579102 108.33805847167969 138.18988418579102
108.3426513671875 80.11485290527344 129.4332733154297 80.11485290527344 129.4332733154297 136.69650650024414 108.3426513671875 136.69650650024414
109.4926528930664 74.49642181396484 128.6216220855713 74.49642181396484 128.6216220855713 135.2441520690918 109.4926528930664 135.2441520690918
