371.0 251.0 387.0 251.0 387.0 282.0 371.0 282.0
367.0751037597656 248.29409790039062 383.03835582733154 248.29409790039062 383.03835582733154 278.35516929626465 367.0751037597656 278.35516929626465
359.2672424316406 240.0663604736328 374.3712844848633 240.0663604736328 374.3712844848633 272.2096405029297 359.2672424316406 272.2096405029297
356.0892333984375 238.2554473876953 370.5673294067383 238.2554473876953 370.5673294067383 268.9886531829834 356.0892333984375 268.9886531829834
352.83026123046875 235.44277954101562 366.9461212158203 235.44277954101562 366.9461212158203 266.1861152648926 352.83026123046875 266.1861152648926
345.50787353515625 228.9203643798828 360.9374589920044 228.9203643798828 360.9374589920044 259.7200813293457 345.50787353515625 259.7200813293457
342.34722900390625 226.4201202392578 357.4977979660034 226.4201202392578 357.4977979660034 257.3333396911621 342.34722900390625 257.3333396911621
339.7681884765625 224.29129028320312 354.9041414260864 224.29129028320312 354.9041414260864 254.30116271972656 339.7681884765625 254.30116271972656
336.69232177734375 221.79953002929688 351.4302520751953 221.79953002929688 351.4302520751953 252.05395126342773 336.69232177734375 252.05395126342773
330.5328674316406 216.5767364501953 345.25431537628174 216.5767364501953 345.25431537628174 246.0597381591797 330.5328674316406 246.0597381591797
327.8255920410156 213.94345092773438 343.0313243865967 213.94345092773438 343.0313243865967 244.3521842956543 327.8255920410156 244.3521842956543
325.3930969238281 211.59140014648438 340.18132305145264 211.59140014648438 340.18132305145264 241.37333297729492 325.3930969238281 241.37333297729492
319.00762939453125 207.19375610351562 333.95962047576904 207.19375610351562 333.95962047576904 235.8037567138672 319.00762939453125 235.8037567138672
316.6195068359375 204.948486328125 331.53850746154785 204.948486328125 331.53850746154785 233.47026443481445 316.6195068359375 233.47026443481445
314.380615234375 203.02484130859375 329.3083772659302 203.02484130859375 329.3083772659302 231.78281593322754 314.380615234375 231.78281593322754
308.4644470214844 197.88314819335938 323.2382478713989 197.88314819335938 323.2382478713989 227.31529808044434 308.4644470214844 227.31529808044434
306.9775085449219 196.53660583496094 320.62950134277344 196.53660583496094 320.62950134277344 226.29721450805664 306.9775085449219 226.29721450805664
303.00286865234375 192.8890838623047 318.11569023132324 192.8890838623047 318.11569023132324 222.75616836547852 303.00286865234375 222.75616836547852
298.85498046875 189.54046630859375 313.06525897979736 189.54046630859375 313.06525897979736 219.6664981842041 298.85498046875 219.6664981842041
297.08148193359375 188.9623565673828 310.9633083343506 188.9623565673828 310.9633083343506 217.77448654174805 297.08148193359375 217.77448654174805
293.4280700683594 185.79437255859375 308.2410936355591 185.79437255859375 308.2410936355591 215.8429775238037 293.4280700683594 215.8429775238037
289.1800842285156 182.15184020996094 303.7723083496094 182.15184020996094 303.7723083496094 212.5452766418457 289.1800842285156 212.5452766418457
288.03839111328125 180.7737579345703 302.0768156051636 180.7737579345703 302.0768156051636 209.82258987426758 288.03839111328125 209.82258987426758
284.37744140625 178.14041137695312 298.23469829559326 178.14041137695312 298.23469829559326 207.72822189331055 284.37744140625 207.72822189331055
280.33782958984375 174.86959838867188 294.22869873046875 174.86959838867188 294.22869873046875 204.01575088500977 280.33782958984375 204.01575088500977
277.03424072265625 172.93515014648438 291.6411304473877 172.93515014648438 291.6411304473877 202.70314025878906 277.03424072265625 202.70314025878906
274.69500732421875 170.79586791992188 288.68513202667236 170.79586791992188 288.68513202667236 200.55287170410156 274.69500732421875 200.55287170410156
270.25506591796875 167.72821044921875 284.1493196487427 167.72821044921875 284.1493196487427 197.44948959350586 270.25506591796875 197.44948959350586
266.95391845703125 166.31517028808594 280.9523010253906 166.31517028808594 280.9523010253906 195.98837280273438 266.95391845703125 195.98837280273438
264.777099609375 164.37100219726562 278.78033447265625 164.37100219726562 278.78033447265625 193.50477027893066 264.777099609375 193.50477027893066
260.64031982421875 161.216796875 274.49824047088623 161.216796875 274.49824047088623 191.54823684692383 260.64031982421875 191.54823684692383
257.128662109375 159.8008575439453 270.8168430328369 159.8008575439453 270.8168430328369 188.82768630981445 257.128662109375 188.82768630981445
255.34518432617188 158.41673278808594 268.77512550354004 158.41673278808594 268.77512550354004 187.60695266723633 255.34518432617188 187.60695266723633
250.92080688476562 154.8251953125 265.221173286438 154.8251953125 265.221173286438 186.09427452087402 250.92080688476562 186.09427452087402
248.3549346923828 152.30323791503906 261.82768726348877 152.30323791503906 261.82768726348877 182.88413047790527 248.3549346923828 182.88413047790527
246.34921264648438 151.605224609375 260.0045499801636 151.605224609375 260.0045499801636 181.5452823638916 246.34921264648438 181.5452823638916
243.01870727539062 149.82179260253906 257.1496639251709 149.82179260253906 257.1496639251709 179.06621932983398 243.01870727539062 179.06621932983398
239.71023559570312 148.1306915283203 253.65672874450684 148.1306915283203 253.65672874450684 177.56450843811035 239.71023559570312 177.56450843811035
237.96725463867188 146.59054565429688 252.2945098876953 146.59054565429688 252.2945098876953 175.6937313079834 237.96725463867188 175.6937313079834
234.0933074951172 145.5667724609375 248.47739601135254 145.5667724609375 248.47739601135254 173.28740310668945 234.0933074951172 173.28740310668945
231.8991241455078 143.17860412597656 245.74261474609375 143.17860412597656 245.74261474609375 172.08272743225098 231.8991241455078 172.08272743225098
230.3305206298828 142.16258239746094 244.08333778381348 142.16258239746094 244.08333778381348 170.4239845275879 230.3305206298828 170.4239845275879
226.3187255859375 140.3096466064453 240.23659992218018 140.3096466064453 240.23659992218018 168.0773105621338 226.3187255859375 168.0773105621338
225.3677215576172 138.10662841796875 239.3545970916748 138.10662841796875 239.3545970916748 167.00165939331055 225.3677215576172 167.00165939331055
222.72293090820312 137.45443725585938 237.03092765808105 137.45443725585938 237.03092765808105 165.68685913085938 222.72293090820312 165.68685913085938
220.1414031982422 133.94207763671875 234.41077995300293 133.94207763671875 234.41077995300293 163.9575595855713 220.1414031982422 163.9575595855713
218.247802734375 134.4578399658203 232.8910617828369 134.4578399658203 232.8910617828369 163.7880458831787 218.247802734375 163.7880458831787
216.48458862304688 133.24960327148438 231.12450885772705 133.24960327148438 231.12450885772705 162.12103652954102 216.48458862304688 162.12103652954102
213.53305053710938 130.83314514160156 227.9940004348755 130.83314514160156 227.9940004348755 158.8219509124756 213.53305053710938 158.8219509124756
212.01651000976562 130.1707305908203 226.41877269744873 130.1707305908203 226.41877269744873 157.69200134277344 212.01651000976562 157.69200134277344
211.33419799804688 129.02267456054688 225.67006969451904 129.02267456054688 225.67006969451904 156.6315517425537 211.33419799804688 156.6315517425537
207.6299591064453 125.7015151977539 221.94173622131348 125.7015151977539 221.94173622131348 154.36892890930176 207.6299591064453 154.36892890930176
206.5912322998047 125.13771057128906 220.63958263397217 125.13771057128906 220.63958263397217 153.60330200195312 206.5912322998047 153.60330200195312
205.44772338867188 124.480712890625 219.46377754211426 124.480712890625 219.46377754211426 153.01685523986816 205.44772338867188 153.01685523986816
203.16165161132812 122.7800064086914 217.44298362731934 122.7800064086914 217.44298362731934 150.8750286102295 203.16165161132812 150.8750286102295
201.63796997070312 121.8162612915039 215.56760692596436 121.8162612915039 215.56760692596436 150.04298210144043 201.63796997070312 150.04298210144043
199.0752716064453 119.46160888671875 213.7983341217041 119.46160888671875 213.7983341217041 149.30120468139648 199.0752716064453 149.30120468139648
198.09304809570312 118.3863296508789 212.55224609375 118.3863296508789 212.55224609375 147.74084663391113 198.09304809570312 147.74084663391113
196.35267639160156 117.63053131103516 211.40138816833496 117.63053131103516 211.40138816833496 147.0280990600586 196.35267639160156 147.0280990600586
195.1609344482422 116.56903076171875 209.99757385253906 116.56903076171875 209.99757385253906 145.93410682678223 195.1609344482422 145.93410682678223
193.08755493164062 115.5813217163086 207.46979331970215 115.5813217163086 207.46979331970215 144.82085037231445 193.08755493164062 144.82085037231445
191.46255493164062 114.05073547363281 206.11220359802246 114.05073547363281 206.11220359802246 143.788818359375 191.46255493164062 143.788818359375
189.6744842529297 111.8907699584961 203.9592342376709 111.8907699584961 203.9592342376709 141.74296760559082 189.6744842529297 141.74296760559082
188.15298461914062 110.55683898925781 202.22016429901123 110.55683898925781 202.22016429901123 140.17014694213867 188.15298461914062 140.17014694213867
187.40121459960938 109.89070129394531 202.61027812957764 109.89070129394531 202.61027812957764 139.61725997924805 187.40121459960938 139.61725997924805
185.69842529296875 108.54878997802734 200.53254508972168 108.54878997802734 200.53254508972168 138.34272384643555 185.69842529296875 138.34272384643555
183.74517822265625 106.79085540771484 198.32027626037598 106.79085540771484 198.32027626037598 137.2955493927002 183.74517822265625 137.2955493927002
182.6333465576172 106.13082122802734 197.62817668914795 106.13082122802734 197.62817668914795 135.99207305908203 182.6333465576172 135.99207305908203
180.93832397460938 104.81111145019531 196.0936222076416 104.81111145019531 196.0936222076416 135.0961036682129 180.93832397460938 135.0961036682129
179.34051513671875 102.41744232177734 194.75427055358887 102.41744232177734 194.75427055358887 133.14892959594727 179.34051513671875 133.14892959594727
178.53199768066406 102.271728515625 193.80212593078613 102.271728515625 193.80212593078613 132.86849403381348 178.53199768066406 132.86849403381348
176.33645629882812 101.82673645019531 191.83910083770752 101.82673645019531 191.83910083770752 131.75374794006348 176.33645629882812 131.75374794006348
175.5644073486328 98.01316833496094 191.7990436553955 98.01316833496094 191.7990436553955 129.46778297424316 175.5644073486328 129.46778297424316
173.92335510253906 98.16960144042969 189.41081047058105 98.16960144042969 189.41081047058105 129.17284774780273 173.92335510253906 129.17284774780273
171.99761962890625 97.68266296386719 187.79518699645996 97.68266296386719 187.79518699645996 129.0394992828369 171.99761962890625 129.0394992828369
170.6092529296875 95.6592788696289 186.66676330566406 95.6592788696289 186.66676330566406 127.31528091430664 170.6092529296875 127.31528091430664
168.9550323486328 95.2491226196289 185.0273380279541 95.2491226196289 185.0273380279541 126.64249992370605 168.9550323486328 126.64249992370605
167.02215576171875 94.53524017333984 182.89910888671875 94.53524017333984 182.89910888671875 125.24128341674805 167.02215576171875 125.24128341674805
165.3636016845703 92.98249816894531 180.68793964385986 92.98249816894531 180.68793964385986 123.55681800842285 165.3636016845703 123.55681800842285
165.39898681640625 92.17261505126953 181.14834880828857 92.17261505126953 181.14834880828857 123.61011505126953 165.39898681640625 123.61011505126953
164.04049682617188 91.42317962646484 179.39378547668457 91.42317962646484 179.39378547668457 122.65521621704102 164.04049682617188 122.65521621704102
161.6326904296875 90.00369262695312 177.10135078430176 90.00369262695312 177.10135078430176 121.16663551330566 161.6326904296875 121.16663551330566
160.2375030517578 89.42268371582031 175.5593433380127 89.42268371582031 175.5593433380127 120.7036018371582 160.2375030517578 120.7036018371582
159.07949829101562 88.06437683105469 174.67392253875732 88.06437683105469 174.67392253875732 120.12932586669922 159.07949829101562 120.12932586669922
158.6950225830078 87.98692321777344 173.8014497756958 87.98692321777344 173.8014497756958 119.30305480957031 158.6950225830078 119.30305480957031
156.16455078125 85.88285064697266 171.37769508361816 85.88285064697266 171.37769508361816 117.73722076416016 156.16455078125 117.73722076416016
154.00323486328125 84.66278076171875 169.09804725646973 84.66278076171875 169.09804725646973 115.92433166503906 154.00323486328125 115.92433166503906
153.23300170898438 83.81999206542969 168.35962963104248 83.81999206542969 168.35962963104248 115.66231155395508 153.23300170898438 115.66231155395508
151.9858856201172 81.87638854980469 167.37834930419922 81.87638854980469 167.37834930419922 114.49308395385742 151.9858856201172 114.49308395385742
149.710205078125 82.73396301269531 165.15407848358154 82.73396301269531 165.15407848358154 113.3657283782959 149.710205078125 113.3657283782959
148.71177673339844 82.015380859375 164.13334369659424 82.015380859375 164.13334369659424 112.91653823852539 148.71177673339844 112.91653823852539
147.63316345214844 81.21479797363281 163.08295917510986 81.21479797363281 163.08295917510986 112.35192489624023 147.63316345214844 112.35192489624023
146.92454528808594 80.27021789550781 162.37708854675293 80.27021789550781 162.37708854675293 111.99728012084961 146.92454528808594 111.99728012084961
144.4875030517578 78.65093994140625 160.42090797424316 78.65093994140625 160.42090797424316 110.03773880004883 144.4875030517578 110.03773880004883
144.0923309326172 78.86270904541016 159.5239658355713 78.86270904541016 159.5239658355713 109.70291328430176 144.0923309326172 109.70291328430176
142.61123657226562 77.852783203125 157.6048984527588 77.852783203125 157.6048984527588 108.07478332519531 142.61123657226562 108.07478332519531
141.318603515625 75.59073638916016 157.01708221435547 75.59073638916016 157.01708221435547 106.88303756713867 141.318603515625 106.88303756713867
140.69056701660156 75.4358901977539 156.1545057296753 75.4358901977539 156.1545057296753 105.52298736572266 140.69056701660156 105.52298736572266
139.2028350830078 75.3240966796875 153.66054725646973 75.3240966796875 153.66054725646973 104.53953552246094 139.2028350830078 104.53953552246094
138.38311767578125 73.99589538574219 153.154803276062 73.99589538574219 153.154803276062 104.47902297973633 138.38311767578125 104.47902297973633
