119.0 101.0 128.0 101.0 128.0 120.0 119.0 120.0
118.9407958984375 100.38905334472656 128.0878448486328 100.38905334472656 128.0878448486328 120.90555381774902 118.9407958984375 120.90555381774902
120.06719970703125 101.10081481933594 129.1052703857422 101.10081481933594 129.1052703857422 121.72365188598633 120.06719970703125 121.72365188598633
120.61077880859375 101.6346435546875 129.5252161026001 101.6346435546875 129.5252161026001 120.63717269897461 120.61077880859375 120.63717269897461
121.55731201171875 101.95792388916016 130.9121799468994 101.95792388916016 130.9121799468994 120.35786056518555 121.55731201171875 120.35786056518555
122.77388000488281 101.8358383178711 132.20606803894043 101.8358383178711 132.20606803894043 120.11893844604492 122.77388000488281 120.11893844604492
123.91422271728516 103.33033752441406 133.1105899810791 103.33033752441406 133.1105899810791 121.026611328125 123.91422271728516 121.026611328125
124.8775634765625 102.49974060058594 133.99509620666504 102.49974060058594 133.99509620666504 120.60894393920898 124.8775634765625 120.60894393920898
126.2528305053711 101.9024429321289 135.4583034515381 101.9024429321289 135.4583034515381 120.34044075012207 126.2528305053711 120.34044075012207
127.24012756347656 102.38658142089844 136.38300895690918 102.38658142089844 136.38300895690918 120.07010269165039 127.24012756347656 120.07010269165039
127.29205322265625 102.07341003417969 136.12118530273438 102.07341003417969 136.12118530273438 119.7531509399414 127.29205322265625 119.7531509399414
128.25296020507812 102.69085693359375 137.25591850280762 102.69085693359375 137.25591850280762 121.03815650939941 128.25296020507812 121.03815650939941
129.26092529296875 102.59657287597656 138.25651741027832 102.59657287597656 138.25651741027832 120.80168151855469 129.26092529296875 120.80168151855469
129.19168090820312 102.6571044921875 138.20495128631592 102.6571044921875 138.20495128631592 120.73548316955566 129.19168090820312 120.73548316955566
130.97808837890625 101.25454711914062 139.92770195007324 101.25454711914062 139.92770195007324 119.73331832885742 130.97808837890625 119.73331832885742
132.00527954101562 101.47264099121094 140.98993587493896 101.47264099121094 140.98993587493896 121.33297538757324 132.00527954101562 121.33297538757324
132.8082275390625 101.23612976074219 142.41497421264648 101.23612976074219 142.41497421264648 120.53704452514648 132.8082275390625 120.53704452514648
133.0161895751953 101.0948486328125 142.28994941711426 101.0948486328125 142.28994941711426 120.27664947509766 133.0161895751953 120.27664947509766
134.75831604003906 101.96769714355469 143.8755693435669 101.96769714355469 143.8755693435669 120.84940910339355 134.75831604003906 120.84940910339355
134.83837890625 101.68770599365234 144.00831604003906 101.68770599365234 144.00831604003906 120.21493148803711 134.83837890625 120.21493148803711
136.4396209716797 101.88270568847656 145.48155212402344 101.88270568847656 145.48155212402344 120.31515693664551 136.4396209716797 120.31515693664551
137.60598754882812 101.33885955810547 146.85086917877197 101.33885955810547 146.85086917877197 120.1451187133789 137.60598754882812 120.1451187133789
137.50119018554688 101.44355010986328 146.91487789154053 101.44355010986328 146.91487789154053 119.54712295532227 137.50119018554688 119.54712295532227
138.71775817871094 102.14048767089844 147.98005199432373 102.14048767089844 147.98005199432373 120.98543167114258 138.71775817871094 120.98543167114258
138.65684509277344 102.129150390625 147.8572359085083 102.129150390625 147.8572359085083 121.06828689575195 138.65684509277344 121.06828689575195
138.81988525390625 102.21965789794922 147.9370813369751 102.21965789794922 147.9370813369751 120.95975685119629 138.81988525390625 120.95975685119629
141.26939392089844 102.55357360839844 150.75817489624023 102.55357360839844 150.75817489624023 120.44945907592773 141.26939392089844 120.44945907592773
141.16952514648438 102.7059097290039 150.6340618133545 102.7059097290039 150.6340618133545 120.30691909790039 141.16952514648438 120.30691909790039
143.3977813720703 101.47483825683594 153.39908027648926 101.47483825683594 153.39908027648926 120.66277694702148 143.3977813720703 120.66277694702148
143.45779418945312 101.37130737304688 153.17720890045166 101.37130737304688 153.17720890045166 120.29680252075195 143.45779418945312 120.29680252075195
143.3614044189453 101.04585266113281 153.2802791595459 101.04585266113281 153.2802791595459 120.92404747009277 143.3614044189453 120.92404747009277
145.0244903564453 102.10546112060547 155.21495532989502 102.10546112060547 155.21495532989502 121.3504867553711 145.0244903564453 121.3504867553711
144.80532836914062 101.82185363769531 155.1701545715332 101.82185363769531 155.1701545715332 121.15704727172852 144.80532836914062 121.15704727172852
144.98802185058594 102.07877349853516 155.27251720428467 102.07877349853516 155.27251720428467 121.53442764282227 144.98802185058594 121.53442764282227
147.24139404296875 102.03179931640625 157.52060794830322 102.03179931640625 157.52060794830322 119.99531364440918 147.24139404296875 119.99531364440918
148.50241088867188 102.59490966796875 158.31807231903076 102.59490966796875 158.31807231903076 120.91783714294434 148.50241088867188 120.91783714294434
149.29534912109375 102.35176849365234 159.47188091278076 102.35176849365234 159.47188091278076 120.85587692260742 149.29534912109375 120.85587692260742
150.32138061523438 102.8149185180664 160.70800399780273 102.8149185180664 160.70800399780273 121.47197341918945 150.32138061523438 121.47197341918945
150.50045776367188 102.57623291015625 160.66383934020996 102.57623291015625 160.66383934020996 120.96568870544434 150.50045776367188 120.96568870544434
151.47689819335938 102.8089828491211 162.02797508239746 102.8089828491211 162.02797508239746 120.65735244750977 151.47689819335938 120.65735244750977
152.79598999023438 102.4661636352539 163.16084575653076 102.4661636352539 163.16084575653076 120.66858673095703 152.79598999023438 120.66858673095703
152.71426391601562 103.07899475097656 162.9844799041748 103.07899475097656 162.9844799041748 121.37086868286133 152.71426391601562 121.37086868286133
154.2211151123047 102.24439239501953 164.1888256072998 102.24439239501953 164.1888256072998 121.32919120788574 154.2211151123047 121.32919120788574
154.61941528320312 102.27204895019531 164.89162826538086 102.27204895019531 164.89162826538086 121.7795295715332 154.61941528320312 121.7795295715332
154.72048950195312 102.37260437011719 164.90228843688965 102.37260437011719 164.90228843688965 120.93505668640137 154.72048950195312 120.93505668640137
156.338134765625 102.681640625 166.38909339904785 102.681640625 166.38909339904785 120.97640419006348 156.338134765625 120.97640419006348
157.05613708496094 103.04283142089844 167.2002992630005 103.04283142089844 167.2002992630005 121.47992515563965 157.05613708496094 121.47992515563965
158.66775512695312 102.8477783203125 168.65729999542236 102.8477783203125 168.65729999542236 121.24903869628906 158.66775512695312 121.24903869628906
159.3966522216797 102.92070007324219 169.9767246246338 102.92070007324219 169.9767246246338 121.44792938232422 159.3966522216797 121.44792938232422
160.35755920410156 102.6628189086914 170.58408737182617 102.6628189086914 170.58408737182617 120.54278373718262 160.35755920410156 120.54278373718262
161.67428588867188 102.85420989990234 171.61074829101562 102.85420989990234 171.61074829101562 120.5850944519043 161.67428588867188 120.5850944519043
161.61036682128906 102.90235900878906 171.44686317443848 102.90235900878906 171.44686317443848 121.25076675415039 161.61036682128906 121.25076675415039
162.35946655273438 103.27815246582031 172.54404735565186 103.27815246582031 172.54404735565186 120.61215591430664 162.35946655273438 120.61215591430664
162.66366577148438 102.9762954711914 172.71551132202148 102.9762954711914 172.71551132202148 120.52769470214844 162.66366577148438 120.52769470214844
164.43601989746094 102.94889068603516 174.59167194366455 102.94889068603516 174.59167194366455 120.24540328979492 164.43601989746094 120.24540328979492
165.1459197998047 102.34352111816406 175.58013916015625 102.34352111816406 175.58013916015625 120.09564018249512 165.1459197998047 120.09564018249512
165.6367645263672 102.82292175292969 176.0960874557495 102.82292175292969 176.0960874557495 120.3723030090332 165.6367645263672 120.3723030090332
166.4040985107422 102.81070709228516 177.1181993484497 102.81070709228516 177.1181993484497 120.94014549255371 166.4040985107422 120.94014549255371
166.64527893066406 102.45024108886719 177.36907482147217 102.45024108886719 177.36907482147217 120.86862564086914 166.64527893066406 120.86862564086914
167.181640625 102.38249206542969 177.96513080596924 102.38249206542969 177.96513080596924 120.69266700744629 167.181640625 120.69266700744629
168.47850036621094 103.16845703125 178.712908744812 103.16845703125 178.712908744812 121.59551620483398 168.47850036621094 121.59551620483398
169.7525177001953 102.65389251708984 180.2139186859131 102.65389251708984 180.2139186859131 120.45288848876953 169.7525177001953 120.45288848876953
170.353759765625 102.60330963134766 180.9573621749878 102.60330963134766 180.9573621749878 120.22694396972656 170.353759765625 120.22694396972656
171.28993225097656 102.5339126586914 181.70584106445312 102.5339126586914 181.70584106445312 120.97269439697266 171.28993225097656 120.97269439697266
171.8686981201172 102.7408676147461 182.53004932403564 102.7408676147461 182.53004932403564 121.26159858703613 171.8686981201172 121.26159858703613
172.28836059570312 102.3548583984375 183.24412441253662 102.3548583984375 183.24412441253662 120.21854019165039 172.28836059570312 120.21854019165039
172.3553466796875 102.48591613769531 183.37745094299316 102.48591613769531 183.37745094299316 120.86962699890137 172.3553466796875 120.86962699890137
173.55824279785156 102.05938720703125 184.42733478546143 102.05938720703125 184.42733478546143 120.96179962158203 173.55824279785156 120.96179962158203
173.845703125 102.11271667480469 184.66044998168945 102.11271667480469 184.66044998168945 121.1722412109375 173.845703125 121.1722412109375
175.38523864746094 102.20191955566406 186.07261180877686 102.20191955566406 186.07261180877686 120.51576232910156 175.38523864746094 120.51576232910156
175.3605499267578 101.59082794189453 186.5285940170288 101.59082794189453 186.5285940170288 120.81274604797363 175.3605499267578 120.81274604797363
175.9563446044922 102.3547134399414 187.03384971618652 102.3547134399414 187.03384971618652 121.38067054748535 175.9563446044922 121.38067054748535
176.88995361328125 102.11430358886719 187.57652950286865 102.11430358886719 187.57652950286865 121.8931941986084 176.88995361328125 121.8931941986084
177.8984832763672 102.90641021728516 188.5920820236206 102.90641021728516 188.5920820236206 121.84843635559082 177.8984832763672 121.84843635559082
178.62432861328125 102.81687927246094 189.5237627029419 102.81687927246094 189.5237627029419 121.75662231445312 178.62432861328125 121.75662231445312
178.50030517578125 102.4238510131836 189.5024824142456 102.4238510131836 189.5024824142456 122.10157012939453 178.50030517578125 122.10157012939453
180.1728973388672 102.08720397949219 191.1939754486084 102.08720397949219 191.1939754486084 121.19378852844238 180.1728973388672 121.19378852844238
180.2440643310547 102.07002258300781 191.77875328063965 102.07002258300781 191.77875328063965 121.45137786865234 180.2440643310547 121.45137786865234
180.5350341796875 102.29484558105469 191.6307897567749 102.29484558105469 191.6307897567749 122.1321907043457 180.5350341796875 122.1321907043457
181.79769897460938 101.93460083007812 193.12304878234863 101.93460083007812 193.12304878234863 120.85358428955078 181.79769897460938 120.85358428955078
182.5343780517578 102.11808776855469 193.87018013000488 102.11808776855469 193.87018013000488 122.11881828308105 182.5343780517578 122.11881828308105
183.1745147705078 101.69110107421875 194.39311122894287 101.69110107421875 194.39311122894287 121.16647338867188 183.1745147705078 121.16647338867188
183.80050659179688 100.91929626464844 195.12476253509521 100.91929626464844 195.12476253509521 121.0815544128418 183.80050659179688 121.0815544128418
184.42428588867188 101.20599365234375 195.8235216140747 101.20599365234375 195.8235216140747 120.09133338928223 184.42428588867188 120.09133338928223
185.11489868164062 100.64771270751953 196.46089935302734 100.64771270751953 196.46089935302734 120.59385299682617 185.11489868164062 120.59385299682617
184.98143005371094 100.8583755493164 196.26102256774902 100.8583755493164 196.26102256774902 121.35638046264648 184.98143005371094 121.35638046264648
185.7263946533203 100.64675903320312 197.0757541656494 100.64675903320312 197.0757541656494 120.94012069702148 185.7263946533203 120.94012069702148
186.27093505859375 101.10121154785156 197.25232410430908 101.10121154785156 197.25232410430908 120.46112060546875 186.27093505859375 120.46112060546875
187.26852416992188 100.95072174072266 198.26030158996582 100.95072174072266 198.26030158996582 121.30447769165039 187.26852416992188 121.30447769165039
187.55218505859375 100.97541809082031 198.84080982208252 100.97541809082031 198.84080982208252 121.00636100769043 187.55218505859375 121.00636100769043
188.25076293945312 100.89691162109375 199.13000869750977 100.89691162109375 199.13000869750977 120.74550247192383 188.25076293945312 120.74550247192383
188.8536376953125 101.01255798339844 199.6834011077881 101.01255798339844 199.6834011077881 121.20733070373535 188.8536376953125 121.20733070373535
189.74200439453125 100.76731872558594 200.7086820602417 100.76731872558594 200.7086820602417 121.46768569946289 189.74200439453125 121.46768569946289
189.47891235351562 100.90519714355469 200.5174856185913 100.90519714355469 200.5174856185913 121.04652404785156 189.47891235351562 121.04652404785156
189.44454956054688 100.8275375366211 200.35166549682617 100.8275375366211 200.35166549682617 122.40615272521973 189.44454956054688 122.40615272521973
190.28469848632812 100.56581115722656 201.32103729248047 100.56581115722656 201.32103729248047 120.96277618408203 190.28469848632812 120.96277618408203
190.2466278076172 100.75028228759766 201.24409580230713 100.75028228759766 201.24409580230713 120.86520195007324 190.2466278076172 120.86520195007324
190.70460510253906 100.95195770263672 201.51606845855713 100.95195770263672 201.51606845855713 120.56914901733398 190.70460510253906 120.56914901733398
190.92616271972656 100.31874084472656 201.78394031524658 100.31874084472656 201.78394031524658 119.53796768188477 190.92616271972656 119.53796768188477
191.4767608642578 100.47218322753906 202.22052669525146 100.47218322753906 202.22052669525146 120.00715065002441 191.4767608642578 120.00715065002441
191.3497772216797 100.9420166015625 202.04611206054688 100.9420166015625 202.04611206054688 119.97169876098633 191.3497772216797 119.97169876098633
191.75576782226562 100.42269134521484 202.4879379272461 100.42269134521484 202.4879379272461 119.20633888244629 191.75576782226562 119.20633888244629
192.10675048828125 100.30062103271484 202.57501983642578 100.30062103271484 202.57501983642578 118.48856544494629 192.10675048828125 118.48856544494629
192.14590454101562 100.56330871582031 202.59822750091553 100.56330871582031 202.59822750091553 118.96219825744629 192.14590454101562 118.96219825744629
192.3699188232422 100.3411865234375 202.5860996246338 100.3411865234375 202.5860996246338 118.84195518493652 192.3699188232422 118.84195518493652
