309.0 189.0 323.0 189.0 323.0 237.0 309.0 237.0
306.06646728515625 188.1334228515625 320.4847459793091 188.1334228515625 320.4847459793091 237.18314743041992 306.06646728515625 237.18314743041992
306.29669189453125 187.87490844726562 320.6041564941406 187.87490844726562 320.6041564941406 237.28992462158203 306.29669189453125 237.28992462158203
300.29327392578125 187.36106872558594 314.2667360305786 187.36106872558594 314.2667360305786 235.27008438110352 300.29327392578125 235.27008438110352
302.40093994140625 188.11904907226562 316.45149421691895 188.11904907226562 316.45149421691895 233.82564163208008 302.40093994140625 233.82564163208008
302.4092102050781 188.3647918701172 316.4164094924927 188.3647918701172 316.4164094924927 234.63932418823242 302.4092102050781 234.63932418823242
298.4003601074219 188.2613983154297 312.93787574768066 188.2613983154297 312.93787574768066 236.52099990844727 298.4003601074219 236.52099990844727
298.4118347167969 187.9327392578125 313.066143989563 187.9327392578125 313.066143989563 236.61067962646484 298.4118347167969 236.61067962646484
293.85748291015625 188.30722045898438 308.7285671234131 188.30722045898438 308.7285671234131 238.91720581054688 293.85748291015625 238.91720581054688
293.8190002441406 187.97906494140625 309.2001190185547 187.97906494140625 309.2001190185547 239.14132690429688 293.8190002441406 239.14132690429688
290.73065185546875 187.7139892578125 305.0313320159912 187.7139892578125 305.0313320159912 237.54784393310547 290.73065185546875 237.54784393310547
290.6481018066406 187.1342010498047 304.9162425994873 187.1342010498047 304.9162425994873 238.02780532836914 290.6481018066406 238.02780532836914
287.30340576171875 188.91110229492188 301.6880216598511 188.91110229492188 301.6880216598511 238.75862884521484 287.30340576171875 238.75862884521484
287.08721923828125 188.92486572265625 301.55009269714355 188.92486572265625 301.55009269714355 239.03103256225586 287.08721923828125 239.03103256225586
284.365478515625 188.86788940429688 298.7137451171875 188.86788940429688 298.7137451171875 236.82179641723633 284.365478515625 236.82179641723633
284.6421813964844 187.7745361328125 298.9756259918213 187.7745361328125 298.9756259918213 235.87741088867188 284.6421813964844 235.87741088867188
284.7157287597656 187.8275604248047 299.07796001434326 187.8275604248047 299.07796001434326 236.57583618164062 284.7157287597656 236.57583618164062
281.08984375 188.02859497070312 295.70034313201904 188.02859497070312 295.70034313201904 239.23052215576172 281.08984375 239.23052215576172
281.3826599121094 187.5177459716797 295.84863567352295 187.5177459716797 295.84863567352295 238.6508445739746 281.3826599121094 238.6508445739746
275.90771484375 187.31210327148438 291.27440071105957 187.31210327148438 291.27440071105957 236.93631744384766 275.90771484375 236.93631744384766
275.85955810546875 187.12716674804688 291.2947483062744 187.12716674804688 291.2947483062744 236.70399475097656 275.85955810546875 236.70399475097656
272.4793701171875 188.71075439453125 287.7644901275635 188.71075439453125 287.7644901275635 239.41385650634766 272.4793701171875 239.41385650634766
272.6102294921875 188.95303344726562 287.76271057128906 188.95303344726562 287.76271057128906 239.42902374267578 272.6102294921875 239.42902374267578
270.5391540527344 186.58660888671875 285.69838523864746 186.58660888671875 285.69838523864746 238.06621170043945 270.5391540527344 238.06621170043945
270.08203125 186.66665649414062 285.5102128982544 186.66665649414062 285.5102128982544 238.6288833618164 270.08203125 238.6288833618164
270.08319091796875 187.25711059570312 285.59539318084717 187.25711059570312 285.59539318084717 239.58365631103516 270.08319091796875 239.58365631103516
268.44384765625 187.7997283935547 283.3416442871094 187.7997283935547 283.3416442871094 238.507080078125 268.44384765625 238.507080078125
268.25482177734375 187.41375732421875 283.2332124710083 187.41375732421875 283.2332124710083 239.00943756103516 268.25482177734375 239.00943756103516
263.59881591796875 186.4799346923828 279.72983741760254 186.4799346923828 279.72983741760254 240.3765525817871 263.59881591796875 240.3765525817871
263.2851867675781 185.33224487304688 279.68621826171875 185.33224487304688 279.68621826171875 240.22013473510742 263.2851867675781 240.22013473510742
262.90191650390625 185.8486785888672 279.3033256530762 185.8486785888672 279.3033256530762 240.2489356994629 262.90191650390625 240.2489356994629
258.5787658691406 186.56227111816406 274.7585792541504 186.56227111816406 274.7585792541504 239.87683868408203 258.5787658691406 239.87683868408203
258.40753173828125 186.86679077148438 274.71671867370605 186.86679077148438 274.71671867370605 240.96206665039062 258.40753173828125 240.96206665039062
255.53286743164062 186.5049591064453 271.9729404449463 186.5049591064453 271.9729404449463 239.72850036621094 255.53286743164062 239.72850036621094
255.50820922851562 185.51869201660156 271.9438133239746 185.51869201660156 271.9438133239746 238.0790138244629 255.50820922851562 238.0790138244629
252.553955078125 187.1601104736328 268.11450481414795 187.1601104736328 268.11450481414795 238.7338523864746 252.553955078125 238.7338523864746
252.3072509765625 187.599365234375 267.5781831741333 187.599365234375 267.5781831741333 238.96830368041992 252.3072509765625 238.96830368041992
250.1968231201172 185.67257690429688 264.9299192428589 185.67257690429688 264.9299192428589 236.8526382446289 250.1968231201172 236.8526382446289
250.18521118164062 186.5165557861328 264.69761180877686 186.5165557861328 264.69761180877686 237.10305786132812 250.18521118164062 237.10305786132812
246.90487670898438 187.1139373779297 261.39030170440674 187.1139373779297 261.39030170440674 236.1306915283203 246.90487670898438 236.1306915283203
246.8412628173828 187.46456909179688 261.41214179992676 187.46456909179688 261.41214179992676 236.58213806152344 246.8412628173828 236.58213806152344
246.85205078125 187.56008911132812 261.36224842071533 187.56008911132812 261.36224842071533 236.96322631835938 246.85205078125 236.96322631835938
243.44039916992188 189.48629760742188 257.9163055419922 189.48629760742188 257.9163055419922 236.07381057739258 243.44039916992188 236.07381057739258
243.2940216064453 189.55136108398438 257.84419536590576 189.55136108398438 257.84419536590576 236.3607177734375 243.2940216064453 236.3607177734375
239.4378204345703 188.38076782226562 254.8358793258667 188.38076782226562 254.8358793258667 235.18285369873047 239.4378204345703 235.18285369873047
239.17919921875 189.05958557128906 254.463360786438 189.05958557128906 254.463360786438 235.8749771118164 239.17919921875 235.8749771118164
236.58816528320312 188.05410766601562 251.95623970031738 188.05410766601562 251.95623970031738 235.12044525146484 236.58816528320312 235.12044525146484
236.73049926757812 188.6127166748047 252.24466705322266 188.6127166748047 252.24466705322266 235.85045623779297 236.73049926757812 235.85045623779297
236.27407836914062 188.74403381347656 251.7246551513672 188.74403381347656 251.7246551513672 235.24283599853516 236.27407836914062 235.24283599853516
233.9242706298828 187.70118713378906 249.33823585510254 187.70118713378906 249.33823585510254 234.85405349731445 233.9242706298828 234.85405349731445
233.83236694335938 186.79307556152344 249.19066429138184 186.79307556152344 249.19066429138184 233.9798355102539 233.83236694335938 233.9798355102539
228.42724609375 187.60487365722656 244.51788520812988 187.60487365722656 244.51788520812988 233.4757194519043 228.42724609375 233.4757194519043
228.2943878173828 187.79232788085938 244.25452136993408 187.79232788085938 244.25452136993408 234.22541046142578 228.2943878173828 234.22541046142578
225.9924774169922 188.20889282226562 241.08961486816406 188.20889282226562 241.08961486816406 234.47071075439453 225.9924774169922 234.47071075439453
225.8813934326172 188.4120635986328 240.7260570526123 188.4120635986328 240.7260570526123 234.58969116210938 225.8813934326172 234.58969116210938
226.07901000976562 186.86380004882812 241.1186113357544 186.86380004882812 241.1186113357544 233.51308822631836 226.07901000976562 233.51308822631836
222.9781036376953 189.26589965820312 237.4016170501709 189.26589965820312 237.4016170501709 235.61290740966797 222.9781036376953 235.61290740966797
222.9787139892578 187.76052856445312 237.5560245513916 187.76052856445312 237.5560245513916 235.2301254272461 222.9787139892578 235.2301254272461
219.9241943359375 188.1815948486328 234.7434253692627 188.1815948486328 234.7434253692627 232.72221755981445 219.9241943359375 232.72221755981445
219.7698516845703 187.04058837890625 234.59482097625732 187.04058837890625 234.59482097625732 232.88947296142578 219.7698516845703 232.88947296142578
215.80239868164062 187.16122436523438 230.52767372131348 187.16122436523438 230.52767372131348 234.29689407348633 215.80239868164062 234.29689407348633
215.78622436523438 186.2830810546875 230.35585594177246 186.2830810546875 230.35585594177246 234.12810134887695 215.78622436523438 234.12810134887695
213.08578491210938 187.81190490722656 227.4272918701172 187.81190490722656 227.4272918701172 234.85486221313477 213.08578491210938 234.85486221313477
213.13119506835938 186.65484619140625 227.44186973571777 186.65484619140625 227.44186973571777 235.0234718322754 213.13119506835938 235.0234718322754
213.0516357421875 186.42935180664062 227.39093017578125 186.42935180664062 227.39093017578125 234.71399307250977 213.0516357421875 234.71399307250977
208.9439239501953 189.6554412841797 223.56105041503906 189.6554412841797 223.56105041503906 234.61885833740234 208.9439239501953 234.61885833740234
209.1435089111328 189.03387451171875 223.53766059875488 189.03387451171875 223.53766059875488 234.21189880371094 209.1435089111328 234.21189880371094
204.4136962890625 189.47079467773438 219.29314422607422 189.47079467773438 219.29314422607422 235.68321990966797 204.4136962890625 235.68321990966797
204.62030029296875 189.40811157226562 219.3840560913086 189.40811157226562 219.3840560913086 235.15045928955078 204.62030029296875 235.15045928955078
201.82571411132812 188.8925018310547 216.6989803314209 188.8925018310547 216.6989803314209 235.27266693115234 201.82571411132812 235.27266693115234
201.73680114746094 188.92327880859375 216.64150714874268 188.92327880859375 216.64150714874268 235.60919952392578 201.73680114746094 235.60919952392578
198.15878295898438 188.58731079101562 213.48203086853027 188.58731079101562 213.48203086853027 235.60076904296875 198.15878295898438 235.60076904296875
197.86859130859375 187.66064453125 213.06210136413574 187.66064453125 213.06210136413574 234.6838264465332 197.86859130859375 234.6838264465332
197.9891815185547 188.17144775390625 213.26867389678955 188.17144775390625 213.26867389678955 235.6020622253418 197.9891815185547 235.6020622253418
193.84222412109375 189.8946990966797 209.35971069335938 189.8946990966797 209.35971069335938 239.56518936157227 193.84222412109375 239.56518936157227
193.94271850585938 188.432373046875 209.46174812316895 188.432373046875 209.46174812316895 239.1031265258789 193.94271850585938 239.1031265258789
189.4332275390625 189.34860229492188 205.15731525421143 189.34860229492188 205.15731525421143 240.06974411010742 189.4332275390625 240.06974411010742
189.6215057373047 187.63656616210938 205.55258750915527 187.63656616210938 205.55258750915527 239.43732452392578 189.6215057373047 239.43732452392578
186.40560913085938 191.79214477539062 200.89311027526855 191.79214477539062 200.89311027526855 239.58008193969727 186.40560913085938 239.58008193969727
186.42288208007812 190.5946502685547 200.7689027786255 190.5946502685547 200.7689027786255 238.84998321533203 186.42288208007812 238.84998321533203
182.7501678466797 191.43565368652344 197.2472734451294 191.43565368652344 197.2472734451294 239.64806365966797 182.7501678466797 239.64806365966797
182.96749877929688 191.11141967773438 197.29156303405762 191.11141967773438 197.29156303405762 239.3677864074707 182.96749877929688 239.3677864074707
183.19911193847656 190.99203491210938 197.47660064697266 190.99203491210938 197.47660064697266 239.4586639404297 183.19911193847656 239.4586639404297
178.41986083984375 190.81796264648438 192.40789985656738 190.81796264648438 192.40789985656738 238.93323516845703 178.41986083984375 238.93323516845703
178.85397338867188 190.42041015625 193.01300048828125 190.42041015625 193.01300048828125 239.77720642089844 178.85397338867188 239.77720642089844
173.8473663330078 191.66860961914062 188.25726318359375 191.66860961914062 188.25726318359375 237.27259063720703 173.8473663330078 237.27259063720703
173.258056640625 192.24969482421875 188.0682954788208 192.24969482421875 188.0682954788208 238.8395881652832 173.258056640625 238.8395881652832
174.0944061279297 191.592041015625 188.59688568115234 191.592041015625 188.59688568115234 237.82175064086914 174.0944061279297 237.82175064086914
169.35488891601562 190.96923828125 184.72576904296875 190.96923828125 184.72576904296875 238.84910583496094 169.35488891601562 238.84910583496094
169.11935424804688 191.59912109375 184.6266269683838 191.59912109375 184.6266269683838 240.20519256591797 169.11935424804688 240.20519256591797
167.02120971679688 189.718017578125 181.7268524169922 189.718017578125 181.7268524169922 238.5121841430664 167.02120971679688 238.5121841430664
166.89334106445312 189.6611328125 181.58928680419922 189.6611328125 181.58928680419922 238.48014068603516 166.89334106445312 238.48014068603516
161.5102081298828 189.9909210205078 176.9366579055786 189.9909210205078 176.9366579055786 239.36133575439453 161.5102081298828 239.36133575439453
161.69760131835938 189.20077514648438 176.94614696502686 189.20077514648438 176.94614696502686 238.72472763061523 161.69760131835938 238.72472763061523
158.59120178222656 188.32522583007812 173.799898147583 188.32522583007812 173.799898147583 236.51543807983398 158.59120178222656 236.51543807983398
158.4989776611328 188.49850463867188 173.71557140350342 188.49850463867188 173.71557140350342 237.6214828491211 158.4989776611328 237.6214828491211
158.4882049560547 188.3336181640625 173.762957572937 188.3336181640625 173.762957572937 237.5959587097168 158.4882049560547 237.5959587097168
153.5991973876953 190.16598510742188 168.7408094406128 190.16598510742188 168.7408094406128 238.22975158691406 153.5991973876953 238.22975158691406
153.5128631591797 188.93614196777344 168.40039348602295 188.93614196777344 168.40039348602295 237.3713607788086 153.5128631591797 237.3713607788086
149.52627563476562 190.77676391601562 164.65095233917236 190.77676391601562 164.65095233917236 238.09828567504883 149.52627563476562 238.09828567504883
149.82754516601562 190.1175537109375 164.8630723953247 190.1175537109375 164.8630723953247 238.66200637817383 149.82754516601562 238.66200637817383
143.8772430419922 192.95567321777344 159.8485050201416 192.95567321777344 159.8485050201416 242.6001968383789 143.8772430419922 242.6001968383789
144.20338439941406 190.9268798828125 159.93537712097168 190.9268798828125 159.93537712097168 240.69942474365234 144.20338439941406 240.69942474365234
144.05484008789062 191.90994262695312 159.94484424591064 191.90994262695312 159.94484424591064 241.7075653076172 144.05484008789062 241.7075653076172
141.45213317871094 191.0807342529297 156.8224048614502 191.0807342529297 156.8224048614502 241.15141677856445 141.45213317871094 241.15141677856445
141.4907989501953 190.26742553710938 156.65874004364014 190.26742553710938 156.65874004364014 239.97721099853516 141.4907989501953 239.97721099853516
137.873779296875 190.850830078125 153.57247734069824 190.850830078125 153.57247734069824 239.6825942993164 137.873779296875 239.6825942993164
132.33303833007812 190.23985290527344 149.23782348632812 190.23985290527344 149.23782348632812 241.34182357788086 132.33303833007812 241.34182357788086
133.1890106201172 188.75985717773438 149.63315773010254 188.75985717773438 149.63315773010254 238.16202545166016 133.1890106201172 238.16202545166016
132.7207489013672 189.44827270507812 149.3041000366211 189.44827270507812 149.3041000366211 239.90801239013672 132.7207489013672 239.90801239013672
128.59483337402344 189.34213256835938 144.17789459228516 189.34213256835938 144.17789459228516 238.76358795166016 128.59483337402344 238.76358795166016
128.59207153320312 189.66360473632812 144.01181602478027 189.66360473632812 144.01181602478027 238.74791717529297 128.59207153320312 238.74791717529297
129.30471801757812 189.3505401611328 144.41798400878906 189.3505401611328 144.41798400878906 237.48770904541016 129.30471801757812 237.48770904541016
125.48478698730469 187.74952697753906 141.45658111572266 187.74952697753906 141.45658111572266 238.6663589477539 125.48478698730469 238.6663589477539
125.375732421875 186.2919158935547 141.49794960021973 186.2919158935547 141.49794960021973 238.48228454589844 125.375732421875 238.48228454589844
121.38008117675781 188.91250610351562 138.32001876831055 188.91250610351562 138.32001876831055 240.92539596557617 121.38008117675781 240.92539596557617
121.2871322631836 187.9822540283203 138.0442771911621 187.9822540283203 138.0442771911621 239.93943786621094 121.2871322631836 239.93943786621094
116.5979995727539 186.99783325195312 132.46575927734375 186.99783325195312 132.46575927734375 239.43618774414062 116.5979995727539 239.43618774414062
116.3378677368164 187.2220458984375 132.2347764968872 187.2220458984375 132.2347764968872 240.23137283325195 116.3378677368164 240.23137283325195
112.2508316040039 189.47549438476562 129.0318717956543 189.47549438476562 129.0318717956543 242.32017135620117 112.2508316040039 242.32017135620117
111.9686050415039 188.0798797607422 128.50116348266602 188.0798797607422 128.50116348266602 240.89997100830078 111.9686050415039 240.89997100830078
108.25667572021484 187.7127227783203 125.2651481628418 187.7127227783203 125.2651481628418 241.1370086669922 108.25667572021484 241.1370086669922
108.41641998291016 187.60861206054688 125.28766059875488 187.60861206054688 125.28766059875488 241.7575569152832 108.41641998291016 241.7575569152832
108.01341247558594 188.05978393554688 125.28654861450195 188.05978393554688 125.28654861450195 243.04936981201172 108.01341247558594 243.04936981201172
103.9622802734375 187.57345581054688 121.11271667480469 187.57345581054688 121.11271667480469 242.53882598876953 103.9622802734375 242.53882598876953
103.96269226074219 187.2388458251953 121.5302906036377 187.2388458251953 121.5302906036377 242.38372421264648 103.96269226074219 242.38372421264648
99.49737548828125 187.10426330566406 115.75919532775879 187.10426330566406 115.75919532775879 242.2970199584961 99.49737548828125 242.2970199584961
99.16239929199219 186.4622039794922 115.52129745483398 186.4622039794922 115.52129745483398 241.84741973876953 99.16239929199219 241.84741973876953
94.41920471191406 185.8889923095703 111.61269569396973 185.8889923095703 111.61269569396973 244.61749649047852 94.41920471191406 244.61749649047852
94.70161437988281 185.7022705078125 111.72146797180176 185.7022705078125 111.72146797180176 244.53980255126953 94.70161437988281 244.53980255126953
91.17642974853516 186.7997283935547 108.55953598022461 186.7997283935547 108.55953598022461 243.36730194091797 91.17642974853516 243.36730194091797
91.84492492675781 186.6553192138672 109.46041297912598 186.6553192138672 109.46041297912598 243.90041732788086 91.84492492675781 243.90041732788086
91.36526489257812 186.64349365234375 108.88591384887695 186.64349365234375 108.88591384887695 244.44135284423828 91.36526489257812 244.44135284423828
87.61687469482422 188.9208526611328 104.5993881225586 188.9208526611328 104.5993881225586 244.01092147827148 87.61687469482422 244.01092147827148
87.19371795654297 188.08145141601562 104.3492488861084 188.08145141601562 104.3492488861084 243.26746368408203 87.19371795654297 243.26746368408203
82.16419982910156 188.07785034179688 99.57365608215332 188.07785034179688 99.57365608215332 245.14092254638672 82.16419982910156 245.14092254638672
82.23921966552734 187.54525756835938 99.49922561645508 187.54525756835938 99.49922561645508 245.17144012451172 82.23921966552734 245.17144012451172
77.9928970336914 185.55752563476562 95.62433624267578 185.55752563476562 95.62433624267578 242.01726150512695 77.9928970336914 242.01726150512695
78.145751953125 185.38143920898438 95.91220092773438 185.38143920898438 95.91220092773438 242.56250762939453 78.145751953125 242.56250762939453
74.41423034667969 183.1565399169922 92.35833930969238 183.1565399169922 92.35833930969238 244.8837013244629 74.41423034667969 244.8837013244629
74.46001434326172 182.53488159179688 92.90016746520996 182.53488159179688 92.90016746520996 244.84537887573242 74.46001434326172 244.84537887573242
73.9044418334961 183.85366821289062 92.30305671691895 183.85366821289062 92.30305671691895 247.11742401123047 73.9044418334961 247.11742401123047
70.10330200195312 181.5663604736328 87.52219009399414 181.5663604736328 87.52219009399414 242.08594131469727 70.10330200195312 242.08594131469727
70.13969421386719 181.10287475585938 87.75215530395508 181.10287475585938 87.75215530395508 242.7341537475586 70.13969421386719 242.7341537475586
65.98800659179688 182.12344360351562 84.08134269714355 182.12344360351562 84.08134269714355 241.66059112548828 65.98800659179688 241.66059112548828
66.0759506225586 179.7983856201172 84.56938743591309 179.7983856201172 84.56938743591309 241.35237884521484 66.0759506225586 241.35237884521484
61.919715881347656 184.18125915527344 79.23161506652832 184.18125915527344 79.23161506652832 244.8103256225586 61.919715881347656 244.8103256225586
61.82573318481445 184.32962036132812 79.05682373046875 184.32962036132812 79.05682373046875 244.8358039855957 61.82573318481445 244.8358039855957
60.94078826904297 184.89910888671875 78.56609725952148 184.89910888671875 78.56609725952148 246.90360641479492 60.94078826904297 246.90360641479492
56.64778518676758 187.3317413330078 74.19014739990234 187.3317413330078 74.19014739990234 245.88238906860352 56.64778518676758 245.88238906860352
56.14886474609375 186.05593872070312 74.02359580993652 186.05593872070312 74.02359580993652 245.88853073120117 56.14886474609375 245.88853073120117
52.2434196472168 184.71429443359375 71.45333671569824 184.71429443359375 71.45333671569824 245.10963821411133 52.2434196472168 245.10963821411133
52.57780838012695 184.791015625 71.94143676757812 184.791015625 71.94143676757812 246.03685760498047 52.57780838012695 246.03685760498047
47.36252975463867 186.40130615234375 65.33053588867188 186.40130615234375 65.33053588867188 245.42720794677734 47.36252975463867 245.42720794677734
47.095359802246094 185.72035217285156 65.11003875732422 185.72035217285156 65.11003875732422 245.48699188232422 47.095359802246094 245.48699188232422
47.481529235839844 186.24258422851562 65.63239288330078 186.24258422851562 65.63239288330078 246.05974197387695 47.481529235839844 246.05974197387695
43.12021255493164 186.36422729492188 61.85933494567871 186.36422729492188 61.85933494567871 246.78032684326172 43.12021255493164 246.78032684326172
43.23820114135742 186.6778564453125 61.92834663391113 186.6778564453125 61.92834663391113 247.05952835083008 43.23820114135742 247.05952835083008
40.23587417602539 186.44570922851562 59.74945068359375 186.44570922851562 59.74945068359375 245.1805305480957 40.23587417602539 245.1805305480957
39.81989288330078 186.67236328125 58.86187934875488 186.67236328125 58.86187934875488 245.5001335144043 39.81989288330078 245.5001335144043
34.9654655456543 185.128173828125 53.5692138671875 185.128173828125 53.5692138671875 244.12020111083984 34.9654655456543 244.12020111083984
35.05342102050781 184.8086395263672 54.103790283203125 184.8086395263672 54.103790283203125 244.7146987915039 35.05342102050781 244.7146987915039
31.005126953125 186.3517608642578 49.4117374420166 186.3517608642578 49.4117374420166 248.2217674255371 31.005126953125 248.2217674255371
31.081439971923828 185.32461547851562 49.749528884887695 185.32461547851562 49.749528884887695 247.6734390258789 31.081439971923828 247.6734390258789
27.500812530517578 185.50209045410156 45.60527420043945 185.50209045410156 45.60527420043945 245.3885841369629 27.500812530517578 245.3885841369629
27.428607940673828 186.48526000976562 45.40814018249512 186.48526000976562 45.40814018249512 245.98102569580078 27.428607940673828 245.98102569580078
27.459503173828125 186.44894409179688 45.423025131225586 186.44894409179688 45.423025131225586 246.00393676757812 27.459503173828125 246.00393676757812
23.173446655273438 189.7666015625 41.81968307495117 189.7666015625 41.81968307495117 248.86114501953125 23.173446655273438 248.86114501953125
22.877017974853516 188.1393280029297 41.83294486999512 188.1393280029297 41.83294486999512 247.9634780883789 22.877017974853516 247.9634780883789
18.70839500427246 186.88528442382812 37.70786476135254 186.88528442382812 37.70786476135254 246.53619384765625 18.70839500427246 246.53619384765625
17.89300537109375 186.58506774902344 36.85052490234375 186.58506774902344 36.85052490234375 246.87475204467773 17.89300537109375 246.87475204467773
16.006103515625 186.25762939453125 33.46237754821777 186.25762939453125 33.46237754821777 246.88597869873047 16.006103515625 246.88597869873047
16.11530876159668 185.6136474609375 33.634416580200195 185.6136474609375 33.634416580200195 246.81422805786133 16.11530876159668 246.81422805786133
11.754612922668457 184.6387176513672 29.267617225646973 184.6387176513672 29.267617225646973 245.76198959350586 11.754612922668457 245.76198959350586
11.647848129272461 183.99156188964844 29.32996368408203 183.99156188964844 29.32996368408203 246.03318786621094 11.647848129272461 246.03318786621094
11.7714204788208 183.96099853515625 29.321446418762207 183.96099853515625 29.321446418762207 245.30219268798828 11.7714204788208 245.30219268798828
6.824273586273193 184.61895751953125 25.655681133270264 184.61895751953125 25.655681133270264 246.78791427612305 6.824273586273193 246.78791427612305
6.592722415924072 184.1029815673828 25.400312900543213 184.1029815673828 25.400312900543213 246.3765525817871 6.592722415924072 246.3765525817871
1.6250345706939697 185.4932403564453 20.47949242591858 185.4932403564453 20.47949242591858 246.00478744506836 1.6250345706939697 246.00478744506836
1.4819657802581787 185.77447509765625 20.406230688095093 185.77447509765625 20.406230688095093 246.39827728271484 1.4819657802581787 246.39827728271484
