353.0 165.0 367.0 165.0 367.0 194.0 353.0 194.0
351.85009765625 164.8016815185547 365.33226776123047 164.8016815185547 365.33226776123047 193.610107421875 351.85009765625 193.610107421875
350.50299072265625 164.0961456298828 363.88539123535156 164.0961456298828 363.88539123535156 193.28482055664062 350.50299072265625 193.28482055664062
350.21551513671875 162.54824829101562 363.36132049560547 162.54824829101562 363.36132049560547 192.39362144470215 350.21551513671875 192.39362144470215
349.0121765136719 161.5794677734375 362.4353303909302 161.5794677734375 362.4353303909302 192.11371421813965 349.0121765136719 192.11371421813965
347.4126892089844 160.2599639892578 361.5493907928467 160.2599639892578 361.5493907928467 191.50741958618164 347.4126892089844 191.50741958618164
345.86053466796875 158.74319458007812 359.96916007995605 158.74319458007812 359.96916007995605 189.5974941253662 345.86053466796875 189.5974941253662
345.32501220703125 158.3162078857422 358.4552593231201 158.3162078857422 358.4552593231201 188.0145606994629 345.32501220703125 188.0145606994629
344.48175048828125 157.64871215820312 358.13743114471436 157.64871215820312 358.13743114471436 187.73380661010742 344.48175048828125 187.73380661010742
343.9622802734375 156.43154907226562 357.5776309967041 156.43154907226562 357.5776309967041 187.1055793762207 343.9622802734375 187.1055793762207
342.662109375 155.0857696533203 356.5786533355713 155.0857696533203 356.5786533355713 186.6795196533203 342.662109375 186.6795196533203
341.3012390136719 154.371337890625 355.2651081085205 154.371337890625 355.2651081085205 185.8711338043213 341.3012390136719 185.8711338043213
339.58740234375 152.2156219482422 354.07226276397705 152.2156219482422 354.07226276397705 183.61194801330566 339.58740234375 183.61194801330566
339.00018310546875 152.50221252441406 353.27262115478516 152.50221252441406 353.27262115478516 182.63279151916504 339.00018310546875 182.63279151916504
337.9725646972656 151.94406127929688 351.9959945678711 151.94406127929688 351.9959945678711 182.5573272705078 337.9725646972656 182.5573272705078
336.94287109375 151.68624877929688 350.84632396698 151.68624877929688 350.84632396698 181.8618049621582 336.94287109375 181.8618049621582
336.2164001464844 150.10101318359375 349.9951124191284 150.10101318359375 349.9951124191284 179.98862838745117 336.2164001464844 179.98862838745117
334.78887939453125 148.87869262695312 348.3956632614136 148.87869262695312 348.3956632614136 179.66384315490723 334.78887939453125 179.66384315490723
332.929443359375 148.301025390625 346.8016405105591 148.301025390625 346.8016405105591 178.6171169281006 332.929443359375 178.6171169281006
332.2855224609375 147.6695098876953 346.21788024902344 147.6695098876953 346.21788024902344 178.17340660095215 332.2855224609375 178.17340660095215
331.12945556640625 147.7160186767578 344.64063453674316 147.7160186767578 344.64063453674316 177.51005172729492 331.12945556640625 177.51005172729492
329.9569396972656 146.71983337402344 343.43193340301514 146.71983337402344 343.43193340301514 176.9721336364746 329.9569396972656 176.9721336364746
328.5799865722656 145.16876220703125 342.6703357696533 145.16876220703125 342.6703357696533 175.36659812927246 328.5799865722656 175.36659812927246
327.03680419921875 144.48574829101562 341.212025642395 144.48574829101562 341.212025642395 175.42254066467285 327.03680419921875 175.42254066467285
325.30218505859375 142.9134063720703 339.20107555389404 142.9134063720703 339.20107555389404 173.1995143890381 325.30218505859375 173.1995143890381
324.82061767578125 142.4860382080078 338.31517219543457 142.4860382080078 338.31517219543457 171.98265075683594 324.82061767578125 171.98265075683594
323.1629943847656 142.56228637695312 336.92441749572754 142.56228637695312 336.92441749572754 172.91424179077148 323.1629943847656 172.91424179077148
322.0560607910156 141.89244079589844 335.74308490753174 141.89244079589844 335.74308490753174 171.26718139648438 322.0560607910156 171.26718139648438
320.88104248046875 140.32240295410156 334.6922607421875 140.32240295410156 334.6922607421875 169.8951473236084 320.88104248046875 169.8951473236084
320.4620361328125 139.15615844726562 333.90434741973877 139.15615844726562 333.90434741973877 169.94118118286133 320.4620361328125 169.94118118286133
319.088134765625 139.7255096435547 332.71348571777344 139.7255096435547 332.71348571777344 170.00004196166992 319.088134765625 170.00004196166992
317.43817138671875 138.02496337890625 331.0351963043213 138.02496337890625 331.0351963043213 167.50042724609375 317.43817138671875 167.50042724609375
315.8789367675781 137.1475372314453 329.68666648864746 137.1475372314453 329.68666648864746 166.32481384277344 315.8789367675781 166.32481384277344
314.94805908203125 137.3933868408203 327.9571838378906 137.3933868408203 327.9571838378906 166.6707305908203 314.94805908203125 166.6707305908203
314.1268005371094 137.42398071289062 327.3191452026367 137.42398071289062 327.3191452026367 165.63876342773438 314.1268005371094 165.63876342773438
312.9185485839844 135.9561767578125 326.09746074676514 135.9561767578125 326.09746074676514 165.39361190795898 312.9185485839844 165.39361190795898
311.10662841796875 136.1503143310547 324.5049867630005 136.1503143310547 324.5049867630005 164.87789916992188 311.10662841796875 164.87789916992188
309.23541259765625 133.6148681640625 322.792028427124 133.6148681640625 322.792028427124 163.07919692993164 309.23541259765625 163.07919692993164
307.8875427246094 132.9879913330078 321.270001411438 132.9879913330078 321.270001411438 162.8136329650879 307.8875427246094 162.8136329650879
307.076416015625 132.47817993164062 320.3165864944458 132.47817993164062 320.3165864944458 162.9913444519043 307.076416015625 162.9913444519043
306.0455627441406 132.24551391601562 318.8470792770386 132.24551391601562 318.8470792770386 160.9681510925293 306.0455627441406 160.9681510925293
304.22991943359375 130.29562377929688 317.94304180145264 130.29562377929688 317.94304180145264 160.63089561462402 304.22991943359375 160.63089561462402
302.9203796386719 129.88575744628906 316.1840343475342 129.88575744628906 316.1840343475342 158.71164894104004 302.9203796386719 158.71164894104004
301.29644775390625 128.0802459716797 314.3048677444458 128.0802459716797 314.3048677444458 156.92255020141602 301.29644775390625 156.92255020141602
300.5194091796875 128.20822143554688 313.61848735809326 128.20822143554688 313.61848735809326 156.7617702484131 300.5194091796875 156.7617702484131
299.54937744140625 128.71426391601562 311.8127679824829 128.71426391601562 311.8127679824829 157.85937118530273 299.54937744140625 157.85937118530273
298.12493896484375 128.145263671875 310.5846633911133 128.145263671875 310.5846633911133 156.17820358276367 298.12493896484375 156.17820358276367
296.9252014160156 126.33553314208984 309.36749362945557 126.33553314208984 309.36749362945557 155.08176040649414 296.9252014160156 155.08176040649414
296.0738220214844 126.73836517333984 308.62920570373535 126.73836517333984 308.62920570373535 154.97943496704102 296.0738220214844 154.97943496704102
294.12738037109375 126.11466979980469 306.5041437149048 126.11466979980469 306.5041437149048 153.03740882873535 294.12738037109375 153.03740882873535
292.7926940917969 124.41334533691406 305.1749448776245 124.41334533691406 305.1749448776245 152.343017578125 292.7926940917969 152.343017578125
291.3516540527344 124.6109848022461 303.9371528625488 124.6109848022461 303.9371528625488 153.31647872924805 291.3516540527344 153.31647872924805
290.2355651855469 124.32356262207031 302.52151584625244 124.32356262207031 302.52151584625244 151.32586097717285 290.2355651855469 151.32586097717285
289.6561584472656 123.078369140625 302.26134395599365 123.078369140625 302.26134395599365 150.29920387268066 289.6561584472656 150.29920387268066
288.38787841796875 122.19657897949219 300.874605178833 122.19657897949219 300.874605178833 150.69906616210938 288.38787841796875 150.69906616210938
286.69744873046875 121.77706146240234 298.81559562683105 121.77706146240234 298.81559562683105 148.71321868896484 286.69744873046875 148.71321868896484
285.38824462890625 120.13810729980469 297.9260530471802 120.13810729980469 297.9260530471802 148.30985069274902 285.38824462890625 148.30985069274902
284.66925048828125 120.35533142089844 297.33203983306885 120.35533142089844 297.33203983306885 148.18825149536133 284.66925048828125 148.18825149536133
283.8266906738281 120.8636703491211 295.81435203552246 120.8636703491211 295.81435203552246 148.01811027526855 283.8266906738281 148.01811027526855
282.9371337890625 119.4746322631836 295.53161239624023 119.4746322631836 295.53161239624023 146.18216133117676 282.9371337890625 146.18216133117676
281.67315673828125 119.00467681884766 294.4724578857422 119.00467681884766 294.4724578857422 145.658353805542 281.67315673828125 145.658353805542
281.07415771484375 118.88211822509766 293.59852504730225 118.88211822509766 293.59852504730225 145.0671672821045 281.07415771484375 145.0671672821045
279.600341796875 116.79542541503906 292.26593112945557 116.79542541503906 292.26593112945557 144.4684238433838 279.600341796875 144.4684238433838
278.6125793457031 117.12113952636719 290.9353275299072 117.12113952636719 290.9353275299072 143.75698471069336 278.6125793457031 143.75698471069336
277.5019836425781 115.92132568359375 289.6811218261719 115.92132568359375 289.6811218261719 143.8912410736084 277.5019836425781 143.8912410736084
277.01824951171875 115.2347412109375 288.9103946685791 115.2347412109375 288.9103946685791 142.37773513793945 277.01824951171875 142.37773513793945
275.6002197265625 114.1740951538086 287.80017852783203 114.1740951538086 287.80017852783203 141.36559867858887 275.6002197265625 141.36559867858887
275.0044250488281 114.27046203613281 287.30300426483154 114.27046203613281 287.30300426483154 141.43202209472656 275.0044250488281 141.43202209472656
273.57635498046875 112.70289611816406 285.98084259033203 112.70289611816406 285.98084259033203 140.30214881896973 273.57635498046875 140.30214881896973
273.18377685546875 112.00505065917969 285.19284439086914 112.00505065917969 285.19284439086914 140.38812828063965 273.18377685546875 140.38812828063965
271.8094177246094 112.402587890625 284.42186164855957 112.402587890625 284.42186164855957 139.5520782470703 271.8094177246094 139.5520782470703
271.252197265625 111.51419830322266 283.8067150115967 111.51419830322266 283.8067150115967 137.8962516784668 271.252197265625 137.8962516784668
270.14642333984375 111.00846862792969 283.0054349899292 111.00846862792969 283.0054349899292 137.3266658782959 270.14642333984375 137.3266658782959
269.41387939453125 110.71810150146484 281.8586902618408 110.71810150146484 281.8586902618408 137.09857940673828 269.41387939453125 137.09857940673828
268.0976867675781 109.62886810302734 280.66911029815674 109.62886810302734 280.66911029815674 136.1850299835205 268.0976867675781 136.1850299835205
266.89691162109375 109.26628112792969 279.13877296447754 109.26628112792969 279.13877296447754 135.66233825683594 266.89691162109375 135.66233825683594
265.9048767089844 108.72705078125 278.014684677124 108.72705078125 278.014684677124 134.479248046875 265.9048767089844 134.479248046875
265.5858154296875 108.5834732055664 277.4685764312744 108.5834732055664 277.4685764312744 134.7801856994629 265.5858154296875 134.7801856994629
264.5068359375 106.11824035644531 276.6045923233032 106.11824035644531 276.6045923233032 133.25341415405273 264.5068359375 133.25341415405273
263.3076477050781 106.0466079711914 275.51619052886963 106.0466079711914 275.51619052886963 133.19734954833984 263.3076477050781 133.19734954833984
261.9469909667969 105.4212875366211 274.3944139480591 105.4212875366211 274.3944139480591 132.04480743408203 261.9469909667969 132.04480743408203
260.8994445800781 104.91029357910156 272.82251167297363 104.91029357910156 272.82251167297363 131.46899795532227 260.8994445800781 131.46899795532227
259.9934387207031 106.44866943359375 272.12899017333984 106.44866943359375 272.12899017333984 131.72295761108398 259.9934387207031 131.72295761108398
259.81622314453125 104.2201156616211 271.59768295288086 104.2201156616211 271.59768295288086 130.74328994750977 259.81622314453125 130.74328994750977
258.7852783203125 102.86183166503906 270.89126777648926 102.86183166503906 270.89126777648926 128.8323211669922 258.7852783203125 128.8323211669922
257.6036376953125 103.36634826660156 269.7253179550171 103.36634826660156 269.7253179550171 129.29718589782715 257.6036376953125 129.29718589782715
256.3326416015625 101.8302993774414 268.60146045684814 101.8302993774414 268.60146045684814 128.2288703918457 256.3326416015625 128.2288703918457
255.29660034179688 101.34219360351562 267.21344566345215 101.34219360351562 267.21344566345215 127.67657852172852 255.29660034179688 127.67657852172852
254.63613891601562 101.58551788330078 266.35346603393555 101.58551788330078 266.35346603393555 127.82307052612305 254.63613891601562 127.82307052612305
254.1290283203125 100.96188354492188 265.4067096710205 100.96188354492188 265.4067096710205 126.82560729980469 254.1290283203125 126.82560729980469
253.27981567382812 99.65235900878906 264.72225761413574 99.65235900878906 264.72225761413574 125.75933456420898 253.27981567382812 125.75933456420898
251.94595336914062 100.45279693603516 263.6351070404053 100.45279693603516 263.6351070404053 125.01903533935547 251.94595336914062 125.01903533935547
251.2672119140625 100.06825256347656 262.47782039642334 100.06825256347656 262.47782039642334 125.0350399017334 251.2672119140625 125.0350399017334
249.726318359375 98.39717864990234 260.84399127960205 98.39717864990234 260.84399127960205 123.02722358703613 249.726318359375 123.02722358703613
249.399658203125 98.67506408691406 260.3795976638794 98.67506408691406 260.3795976638794 123.77532577514648 249.399658203125 123.77532577514648
248.5933837890625 98.6347885131836 259.74159812927246 98.6347885131836 259.74159812927246 123.02188301086426 248.5933837890625 123.02188301086426
247.5540008544922 97.50228118896484 258.7874126434326 97.50228118896484 258.7874126434326 122.15061569213867 247.5540008544922 122.15061569213867
246.4326934814453 96.50267028808594 257.4015522003174 96.50267028808594 257.4015522003174 122.0654182434082 246.4326934814453 122.0654182434082
246.04959106445312 96.6084976196289 257.3366947174072 96.6084976196289 257.3366947174072 121.75619888305664 246.04959106445312 121.75619888305664
244.72103881835938 95.52196502685547 255.65655994415283 95.52196502685547 255.65655994415283 121.01874923706055 244.72103881835938 121.01874923706055
243.6537322998047 95.20375061035156 254.946307182312 95.20375061035156 254.946307182312 120.11203956604004 243.6537322998047 120.11203956604004
243.08139038085938 95.19853210449219 254.06779956817627 95.19853210449219 254.06779956817627 119.74727249145508 243.08139038085938 119.74727249145508
242.562744140625 93.53273010253906 253.49920463562012 93.53273010253906 253.49920463562012 119.43641662597656 242.562744140625 119.43641662597656
241.97622680664062 93.47367858886719 253.05706310272217 93.47367858886719 253.05706310272217 118.44373321533203 241.97622680664062 118.44373321533203
241.12899780273438 94.39743041992188 252.20223808288574 94.39743041992188 252.20223808288574 119.41414833068848 241.12899780273438 119.41414833068848
239.9414520263672 92.10091400146484 250.8034439086914 92.10091400146484 250.8034439086914 117.06668090820312 239.9414520263672 117.06668090820312
238.9883270263672 91.89306640625 250.17007637023926 91.89306640625 250.17007637023926 117.36516952514648 238.9883270263672 117.36516952514648
238.4507293701172 92.48703002929688 249.66228675842285 92.48703002929688 249.66228675842285 117.37178421020508 238.4507293701172 117.37178421020508
238.0760955810547 91.37870025634766 249.0090503692627 91.37870025634766 249.0090503692627 116.38635635375977 238.0760955810547 116.38635635375977
237.2969970703125 89.89039611816406 248.3816499710083 89.89039611816406 248.3816499710083 115.39320373535156 237.2969970703125 115.39320373535156
236.23147583007812 91.09001922607422 247.3174648284912 91.09001922607422 247.3174648284912 115.52570533752441 236.23147583007812 115.52570533752441
234.8617401123047 89.36842346191406 246.0639820098877 89.36842346191406 246.0639820098877 114.74123001098633 234.8617401123047 114.74123001098633
234.505126953125 88.29820251464844 245.30929565429688 88.29820251464844 245.30929565429688 112.49111557006836 234.505126953125 112.49111557006836
234.15573120117188 88.72177124023438 244.79030799865723 88.72177124023438 244.79030799865723 113.36924171447754 234.15573120117188 113.36924171447754
233.5157928466797 88.74221801757812 244.16721534729004 88.74221801757812 244.16721534729004 112.84539413452148 233.5157928466797 112.84539413452148
232.5844268798828 86.91328430175781 243.66259574890137 86.91328430175781 243.66259574890137 111.58625411987305 232.5844268798828 111.58625411987305
231.23611450195312 88.28202819824219 242.58864974975586 88.28202819824219 242.58864974975586 112.5504264831543 231.23611450195312 112.5504264831543
231.01065063476562 87.25501251220703 242.33221530914307 87.25501251220703 242.33221530914307 111.74982643127441 231.01065063476562 111.74982643127441
230.36691284179688 85.21854400634766 241.62112617492676 85.21854400634766 241.62112617492676 109.30636024475098 230.36691284179688 109.30636024475098
229.44580078125 86.1205825805664 240.69221210479736 86.1205825805664 240.69221210479736 110.79112815856934 229.44580078125 110.79112815856934
229.06674194335938 85.1145248413086 240.08406829833984 85.1145248413086 240.08406829833984 109.70599365234375 229.06674194335938 109.70599365234375
227.84463500976562 84.53070831298828 239.2298822402954 84.53070831298828 239.2298822402954 109.98214530944824 227.84463500976562 109.98214530944824
227.6609344482422 84.31295776367188 238.53230094909668 84.31295776367188 238.53230094909668 108.80728721618652 227.6609344482422 108.80728721618652
226.5459442138672 83.7306900024414 237.56672763824463 83.7306900024414 237.56672763824463 108.86352729797363 226.5459442138672 108.86352729797363
225.4727325439453 82.68041229248047 236.4595708847046 82.68041229248047 236.4595708847046 107.94906806945801 225.4727325439453 107.94906806945801
224.11947631835938 83.42887878417969 236.03360557556152 83.42887878417969 236.03360557556152 107.32554244995117 224.11947631835938 107.32554244995117
223.690673828125 83.94758605957031 235.5873508453369 83.94758605957031 235.5873508453369 107.00063705444336 223.690673828125 107.00063705444336
223.148193359375 82.24658203125 235.42419052124023 82.24658203125 235.42419052124023 106.35321617126465 223.148193359375 106.35321617126465
222.6831512451172 81.58879089355469 234.79633808135986 81.58879089355469 234.79633808135986 105.7212028503418 222.6831512451172 105.7212028503418
222.1179656982422 81.4767837524414 233.76430702209473 81.4767837524414 233.76430702209473 106.0189094543457 222.1179656982422 106.0189094543457
221.732177734375 80.14347076416016 233.21577644348145 80.14347076416016 233.21577644348145 105.10737419128418 221.732177734375 105.10737419128418
221.6396484375 80.47725677490234 232.99371147155762 80.47725677490234 232.99371147155762 105.0428237915039 221.6396484375 105.0428237915039
221.20407104492188 81.12525939941406 232.4267978668213 81.12525939941406 232.4267978668213 104.93301010131836 221.20407104492188 104.93301010131836
220.29843139648438 81.36666870117188 232.00840187072754 81.36666870117188 232.00840187072754 105.1956672668457 220.29843139648438 105.1956672668457
218.11428833007812 80.14263916015625 230.3608798980713 80.14263916015625 230.3608798980713 104.30815315246582 218.11428833007812 104.30815315246582
217.202880859375 79.99516296386719 229.61258506774902 79.99516296386719 229.61258506774902 102.86575889587402 217.202880859375 102.86575889587402
216.7272491455078 79.1941146850586 228.90195178985596 79.1941146850586 228.90195178985596 102.3227596282959 216.7272491455078 102.3227596282959
216.06674194335938 78.47652435302734 228.3527536392212 78.47652435302734 228.3527536392212 101.96945571899414 216.06674194335938 101.96945571899414
215.44140625 78.40472412109375 227.7615785598755 78.40472412109375 227.7615785598755 101.16529273986816 215.44140625 101.16529273986816
214.66775512695312 77.42720031738281 227.0297393798828 77.42720031738281 227.0297393798828 101.14361572265625 214.66775512695312 101.14361572265625
213.5940399169922 76.9129867553711 226.2878007888794 76.9129867553711 226.2878007888794 100.6399154663086 213.5940399169922 100.6399154663086
213.51467895507812 76.7564926147461 226.13093757629395 76.7564926147461 226.13093757629395 99.7306900024414 213.51467895507812 99.7306900024414
212.2086944580078 75.70909118652344 224.38488960266113 75.70909118652344 224.38488960266113 98.55118560791016 212.2086944580078 98.55118560791016
211.33462524414062 76.07453918457031 223.96242237091064 76.07453918457031 223.96242237091064 98.84925651550293 211.33462524414062 98.84925651550293
210.6437530517578 76.08936309814453 222.69031524658203 76.08936309814453 222.69031524658203 98.32993698120117 210.6437530517578 98.32993698120117
209.9756317138672 75.5615005493164 221.67720985412598 75.5615005493164 221.67720985412598 98.04957389831543 209.9756317138672 98.04957389831543
209.1089324951172 74.35060119628906 221.52781867980957 74.35060119628906 221.52781867980957 97.69256782531738 209.1089324951172 97.69256782531738
208.28591918945312 75.72953796386719 220.30038928985596 75.72953796386719 220.30038928985596 97.95235061645508 208.28591918945312 97.95235061645508
207.0761260986328 73.1621322631836 219.06266689300537 73.1621322631836 219.06266689300537 95.37345504760742 207.0761260986328 95.37345504760742
205.30856323242188 72.07144927978516 218.39024925231934 72.07144927978516 218.39024925231934 95.42339897155762 205.30856323242188 95.42339897155762
