81.0 79.0 107.0 79.0 107.0 98.0 81.0 98.0
83.77174377441406 80.92625427246094 109.14946937561035 80.92625427246094 109.14946937561035 100.12455558776855 83.77174377441406 100.12455558776855
86.4850082397461 82.89002990722656 112.02214431762695 82.89002990722656 112.02214431762695 102.2222843170166 86.4850082397461 102.2222843170166
87.17729949951172 83.64170837402344 114.0363883972168 83.64170837402344 114.0363883972168 103.08555221557617 87.17729949951172 103.08555221557617
91.54383850097656 87.12962341308594 118.26991653442383 87.12962341308594 118.26991653442383 106.6245002746582 91.54383850097656 106.6245002746582
94.80469512939453 89.1813735961914 122.2104377746582 89.1813735961914 122.2104377746582 108.69416046142578 94.80469512939453 108.69416046142578
98.80045318603516 91.80029296875 126.38546371459961 91.80029296875 126.38546371459961 111.3052864074707 98.80045318603516 111.3052864074707
102.27323913574219 94.27800750732422 129.81386947631836 94.27800750732422 129.81386947631836 113.70566940307617 102.27323913574219 113.70566940307617
105.7104721069336 96.55921936035156 134.12469863891602 96.55921936035156 134.12469863891602 116.25890922546387 105.7104721069336 116.25890922546387
109.99812316894531 98.73678588867188 138.53702354431152 98.73678588867188 138.53702354431152 119.4527530670166 109.99812316894531 119.4527530670166
112.3326187133789 100.30973815917969 140.7914161682129 100.30973815917969 140.7914161682129 120.81485366821289 112.3326187133789 120.81485366821289
116.09880065917969 102.4690170288086 145.7059211730957 102.4690170288086 145.7059211730957 123.79232025146484 116.09880065917969 123.79232025146484
121.5855484008789 106.60136413574219 151.9100456237793 106.60136413574219 151.9100456237793 127.73847007751465 121.5855484008789 127.73847007751465
127.23915100097656 109.6202163696289 157.02999305725098 109.6202163696289 157.02999305725098 130.13737106323242 127.23915100097656 130.13737106323242
133.48635864257812 113.7767562866211 163.74240112304688 113.7767562866211 163.74240112304688 133.70153427124023 133.48635864257812 133.70153427124023
137.489013671875 115.51020812988281 168.84505081176758 115.51020812988281 168.84505081176758 137.42368698120117 137.489013671875 137.42368698120117
143.5787353515625 117.927490234375 174.9027214050293 117.927490234375 174.9027214050293 141.3181972503662 143.5787353515625 141.3181972503662
150.00743103027344 122.71299743652344 180.81667709350586 122.71299743652344 180.81667709350586 145.98028182983398 150.00743103027344 145.98028182983398
155.44107055664062 125.56278991699219 185.58638381958008 125.56278991699219 185.58638381958008 148.86371231079102 155.44107055664062 148.86371231079102
161.2808380126953 128.45376586914062 191.61944198608398 128.45376586914062 191.61944198608398 152.24829483032227 161.2808380126953 152.24829483032227
168.38429260253906 133.68667602539062 199.14094924926758 133.68667602539062 199.14094924926758 156.62235641479492 168.38429260253906 156.62235641479492
175.799072265625 138.0930633544922 205.30126953125 138.0930633544922 205.30126953125 161.67236328125 175.799072265625 161.67236328125
183.51187133789062 142.8789825439453 214.90057945251465 142.8789825439453 214.90057945251465 167.25350952148438 183.51187133789062 167.25350952148438
191.3541259765625 148.3949737548828 222.4667625427246 148.3949737548828 222.4667625427246 172.39184951782227 191.3541259765625 172.39184951782227
197.68447875976562 152.85812377929688 228.73699378967285 152.85812377929688 228.73699378967285 176.3933620452881 197.68447875976562 176.3933620452881
202.98312377929688 155.20358276367188 233.57080459594727 155.20358276367188 233.57080459594727 178.81903076171875 202.98312377929688 178.81903076171875
215.0136260986328 163.45010375976562 244.8609962463379 163.45010375976562 244.8609962463379 187.81945419311523 215.0136260986328 187.81945419311523
220.8026580810547 167.1622314453125 251.34815979003906 167.1622314453125 251.34815979003906 190.7634792327881 220.8026580810547 190.7634792327881
229.33853149414062 172.14797973632812 260.012170791626 172.14797973632812 260.012170791626 196.6345443725586 229.33853149414062 196.6345443725586
237.7217254638672 178.8284149169922 267.5465888977051 178.8284149169922 267.5465888977051 203.82725143432617 237.7217254638672 203.82725143432617
246.73690795898438 185.99722290039062 276.95193099975586 185.99722290039062 276.95193099975586 210.7896499633789 246.73690795898438 210.7896499633789
259.3565368652344 193.60025024414062 293.07442474365234 193.60025024414062 293.07442474365234 218.00183868408203 259.3565368652344 218.00183868408203
267.28253173828125 200.38546752929688 300.7503890991211 200.38546752929688 300.7503890991211 226.14230346679688 267.28253173828125 226.14230346679688
276.6741638183594 210.5500030517578 309.5586853027344 210.5500030517578 309.5586853027344 236.41379356384277 276.6741638183594 236.41379356384277
286.157958984375 217.93081665039062 318.82749938964844 217.93081665039062 318.82749938964844 244.18984603881836 286.157958984375 244.18984603881836
295.9519958496094 227.5578155517578 328.6094551086426 227.5578155517578 328.6094551086426 254.07696914672852 295.9519958496094 254.07696914672852
305.74871826171875 237.6126708984375 337.6090908050537 237.6126708984375 337.6090908050537 263.3936061859131 305.74871826171875 263.3936061859131
312.1164245605469 245.1397247314453 345.9280471801758 245.1397247314453 345.9280471801758 270.888858795166 312.1164245605469 270.888858795166
325.50848388671875 257.32879638671875 360.0197563171387 257.32879638671875 360.0197563171387 282.60080909729004 325.50848388671875 282.60080909729004
336.25445556640625 265.73822021484375 372.34569549560547 265.73822021484375 372.34569549560547 290.5197525024414 336.25445556640625 290.5197525024414
