291.0 140.0 307.0 140.0 307.0 169.0 291.0 169.0
284.70849609375 136.32142639160156 300.917688369751 136.32142639160156 300.917688369751 166.08046340942383 284.70849609375 166.08046340942383
279.99163818359375 134.11949157714844 296.51484870910645 134.11949157714844 296.51484870910645 163.2459011077881 279.99163818359375 163.2459011077881
274.029296875 130.68209838867188 290.55394744873047 130.68209838867188 290.55394744873047 160.14047241210938 274.029296875 160.14047241210938
268.4393005371094 128.17764282226562 284.0778474807739 128.17764282226562 284.0778474807739 155.77676010131836 268.4393005371094 155.77676010131836
263.8810729980469 125.65852355957031 278.4620819091797 125.65852355957031 278.4620819091797 152.40577125549316 263.8810729980469 152.40577125549316
257.84869384765625 122.92244720458984 272.55078411102295 122.92244720458984 272.55078411102295 150.1570167541504 257.84869384765625 150.1570167541504
253.80307006835938 120.764892578125 268.15337562561035 120.764892578125 268.15337562561035 147.28159713745117 253.80307006835938 147.28159713745117
248.5282745361328 118.03080749511719 262.15346240997314 118.03080749511719 262.15346240997314 144.62571144104004 248.5282745361328 144.62571144104004
243.3059844970703 115.2417221069336 256.61462688446045 115.2417221069336 256.61462688446045 140.28180122375488 243.3059844970703 140.28180122375488
239.3840789794922 113.183837890625 253.174560546875 113.183837890625 253.174560546875 139.657470703125 239.3840789794922 139.657470703125
239.55728149414062 113.2598648071289 253.15907287597656 113.2598648071289 253.15907287597656 139.27326774597168 239.55728149414062 139.27326774597168
234.02133178710938 111.1609115600586 247.03583526611328 111.1609115600586 247.03583526611328 136.07484245300293 234.02133178710938 136.07484245300293
230.4871368408203 108.61463928222656 243.28606510162354 108.61463928222656 243.28606510162354 133.40885543823242 230.4871368408203 133.40885543823242
225.54653930664062 106.64076232910156 238.06067371368408 106.64076232910156 238.06067371368408 131.6530418395996 225.54653930664062 131.6530418395996
221.1217803955078 105.12559509277344 233.02249717712402 105.12559509277344 233.02249717712402 129.05282592773438 221.1217803955078 129.05282592773438
221.20620727539062 105.30342102050781 233.1175537109375 105.30342102050781 233.1175537109375 128.61753273010254 221.20620727539062 128.61753273010254
217.3128204345703 102.63697814941406 228.98212242126465 102.63697814941406 228.98212242126465 128.09399032592773 217.3128204345703 128.09399032592773
213.8111572265625 100.33722686767578 225.26507759094238 100.33722686767578 225.26507759094238 124.79449844360352 213.8111572265625 124.79449844360352
210.24740600585938 98.91625213623047 221.82833194732666 98.91625213623047 221.82833194732666 122.25020790100098 210.24740600585938 122.25020790100098
206.8284454345703 96.02961730957031 217.66341304779053 96.02961730957031 217.66341304779053 120.34630966186523 206.8284454345703 120.34630966186523
204.01002502441406 95.14876556396484 214.79920387268066 95.14876556396484 214.79920387268066 118.23886489868164 204.01002502441406 118.23886489868164
204.07382202148438 95.48494720458984 214.75286197662354 95.48494720458984 214.75286197662354 118.49128341674805 204.07382202148438 118.49128341674805
200.58888244628906 92.9350814819336 210.59756660461426 92.9350814819336 210.59756660461426 115.8593635559082 200.58888244628906 115.8593635559082
198.72500610351562 91.19496154785156 208.6759672164917 91.19496154785156 208.6759672164917 113.51811790466309 198.72500610351562 113.51811790466309
195.13290405273438 88.54806518554688 205.53372383117676 88.54806518554688 205.53372383117676 111.03482246398926 195.13290405273438 111.03482246398926
192.2211456298828 87.06312561035156 202.40698051452637 87.06312561035156 202.40698051452637 108.7345027923584 192.2211456298828 108.7345027923584
192.17361450195312 86.99200439453125 202.3937759399414 86.99200439453125 202.3937759399414 108.54397392272949 192.17361450195312 108.54397392272949
189.7017059326172 84.50263214111328 199.7512321472168 84.50263214111328 199.7512321472168 106.92579460144043 189.7017059326172 106.92579460144043
187.20948791503906 82.6590805053711 196.9421911239624 82.6590805053711 196.9421911239624 104.44778823852539 187.20948791503906 104.44778823852539
183.7218017578125 80.84259033203125 194.01606273651123 80.84259033203125 194.01606273651123 102.95721435546875 183.7218017578125 102.95721435546875
178.9513702392578 79.35661315917969 190.82671928405762 79.35661315917969 190.82671928405762 101.79001426696777 178.9513702392578 101.79001426696777
176.15087890625 75.58229064941406 190.2892026901245 75.58229064941406 190.2892026901245 101.20801162719727 176.15087890625 101.20801162719727
174.65135192871094 76.63763427734375 188.94223022460938 76.63763427734375 188.94223022460938 100.00845718383789 174.65135192871094 100.00845718383789
171.58773803710938 76.46315002441406 187.33900928497314 76.46315002441406 187.33900928497314 99.00254440307617 171.58773803710938 99.00254440307617
169.2919464111328 76.17301177978516 186.26917266845703 76.17301177978516 186.26917266845703 98.7799186706543 169.2919464111328 98.7799186706543
167.3162384033203 73.65495300292969 180.8711338043213 73.65495300292969 180.8711338043213 98.22320938110352 167.3162384033203 98.22320938110352
165.01034545898438 73.61918640136719 176.04940605163574 73.61918640136719 176.04940605163574 93.64840698242188 165.01034545898438 93.64840698242188
162.6373291015625 71.65682220458984 173.293701171875 71.65682220458984 173.293701171875 91.47160148620605 162.6373291015625 91.47160148620605
160.36068725585938 70.09400939941406 170.87730503082275 70.09400939941406 170.87730503082275 90.13740730285645 160.36068725585938 90.13740730285645
160.39599609375 70.56658172607422 171.00632190704346 70.56658172607422 171.00632190704346 90.52559661865234 160.39599609375 90.52559661865234
158.18206787109375 68.52738189697266 168.45701789855957 68.52738189697266 168.45701789855957 89.3357048034668 158.18206787109375 89.3357048034668
156.23280334472656 65.89242553710938 165.98495197296143 65.89242553710938 165.98495197296143 87.69446182250977 156.23280334472656 87.69446182250977
154.613525390625 63.6902961730957 164.10122299194336 63.6902961730957 164.10122299194336 86.25540161132812 154.613525390625 86.25540161132812
151.97103881835938 61.41206741333008 162.08983612060547 61.41206741333008 162.08983612060547 84.23306274414062 151.97103881835938 84.23306274414062
150.62344360351562 61.05504608154297 160.87895965576172 61.05504608154297 160.87895965576172 84.22439002990723 150.62344360351562 84.22439002990723
150.1407012939453 58.26726150512695 160.71685409545898 58.26726150512695 160.71685409545898 83.08804321289062 150.1407012939453 83.08804321289062
148.71295166015625 58.49591827392578 159.28467750549316 58.49591827392578 159.28467750549316 81.43498992919922 148.71295166015625 81.43498992919922
146.53109741210938 56.400794982910156 157.81820106506348 56.400794982910156 157.81820106506348 79.80598831176758 146.53109741210938 79.80598831176758
144.3284149169922 56.23424530029297 156.0921449661255 56.23424530029297 156.0921449661255 78.71025657653809 144.3284149169922 78.71025657653809
143.140625 55.637916564941406 154.630765914917 55.637916564941406 154.630765914917 77.46125411987305 143.140625 77.46125411987305
141.0310821533203 54.49599075317383 152.60215282440186 54.49599075317383 152.60215282440186 76.0167350769043 141.0310821533203 76.0167350769043
140.92788696289062 54.116119384765625 152.65282535552979 54.116119384765625 152.65282535552979 75.81630516052246 140.92788696289062 75.81630516052246
138.8756866455078 54.0904655456543 150.27614402770996 54.0904655456543 150.27614402770996 74.74788093566895 138.8756866455078 74.74788093566895
137.7994842529297 53.10186767578125 149.08776569366455 53.10186767578125 149.08776569366455 74.09575462341309 137.7994842529297 74.09575462341309
136.21096801757812 52.025733947753906 147.05444145202637 52.025733947753906 147.05444145202637 72.43204116821289 136.21096801757812 72.43204116821289
135.12008666992188 50.86773681640625 145.65588665008545 50.86773681640625 145.65588665008545 71.84664344787598 135.12008666992188 71.84664344787598
135.02566528320312 50.69789123535156 145.65768146514893 50.69789123535156 145.65768146514893 71.82217216491699 135.02566528320312 71.82217216491699
133.85736083984375 50.22003936767578 144.70551872253418 50.22003936767578 144.70551872253418 71.09460830688477 133.85736083984375 71.09460830688477
132.6074981689453 48.340667724609375 143.53153705596924 48.340667724609375 143.53153705596924 70.07057189941406 132.6074981689453 70.07057189941406
131.9055633544922 47.51070022583008 142.64647388458252 47.51070022583008 142.64647388458252 68.8162841796875 131.9055633544922 68.8162841796875
131.83389282226562 46.683441162109375 141.761869430542 46.683441162109375 141.761869430542 67.49434089660645 131.83389282226562 67.49434089660645
130.7573699951172 45.63579177856445 141.18945026397705 45.63579177856445 141.18945026397705 66.98930358886719 130.7573699951172 66.98930358886719
131.07659912109375 45.72838592529297 141.3589859008789 45.72838592529297 141.3589859008789 67.42486381530762 131.07659912109375 67.42486381530762
130.3874053955078 44.05339813232422 140.65804481506348 44.05339813232422 140.65804481506348 65.99967575073242 130.3874053955078 65.99967575073242
