307.0 222.0 362.0 222.0 362.0 260.0 307.0 260.0
307.0248718261719 221.99545288085938 362.1799430847168 221.99545288085938 362.1799430847168 259.92003631591797 307.0248718261719 259.92003631591797
302.21881103515625 217.4683074951172 354.4543571472168 217.4683074951172 354.4543571472168 254.5582733154297 302.21881103515625 254.5582733154297
302.2430725097656 217.5665740966797 354.41462326049805 217.5665740966797 354.41462326049805 254.3233757019043 302.2430725097656 254.3233757019043
301.9378662109375 217.60629272460938 354.3562698364258 217.60629272460938 354.3562698364258 254.36445999145508 301.9378662109375 254.36445999145508
294.7496032714844 212.60562133789062 348.24346923828125 212.60562133789062 348.24346923828125 247.47306060791016 294.7496032714844 247.47306060791016
294.28814697265625 212.9092254638672 348.0634460449219 212.9092254638672 348.0634460449219 247.47365951538086 294.28814697265625 247.47365951538086
289.05975341796875 208.1499481201172 340.91991424560547 208.1499481201172 340.91991424560547 242.3575325012207 289.05975341796875 242.3575325012207
288.7932434082031 208.22412109375 341.1906852722168 208.22412109375 341.1906852722168 242.29020309448242 288.7932434082031 242.29020309448242
283.6834411621094 204.02842712402344 336.1751594543457 204.02842712402344 336.1751594543457 237.95079803466797 283.6834411621094 237.95079803466797
283.87506103515625 204.03366088867188 336.5190734863281 204.03366088867188 336.5190734863281 238.0793228149414 283.87506103515625 238.0793228149414
278.0538024902344 199.83518981933594 330.1875534057617 199.83518981933594 330.1875534057617 232.92633438110352 278.0538024902344 232.92633438110352
278.2694396972656 199.7467041015625 330.45177459716797 199.7467041015625 330.45177459716797 233.1891212463379 278.2694396972656 233.1891212463379
271.66949462890625 194.55941772460938 323.35905838012695 194.55941772460938 323.35905838012695 227.19672012329102 271.66949462890625 227.19672012329102
271.91998291015625 194.8251953125 322.74832916259766 194.8251953125 322.74832916259766 227.04313278198242 271.91998291015625 227.04313278198242
272.17132568359375 194.93417358398438 323.1458053588867 194.93417358398438 323.1458053588867 227.19929122924805 272.17132568359375 227.19929122924805
265.70440673828125 189.87936401367188 317.55957794189453 189.87936401367188 317.55957794189453 222.57969665527344 265.70440673828125 222.57969665527344
265.50958251953125 189.79501342773438 317.3238334655762 189.79501342773438 317.3238334655762 222.52777862548828 265.50958251953125 222.52777862548828
261.0187683105469 185.47573852539062 312.6987724304199 185.47573852539062 312.6987724304199 218.12884140014648 261.0187683105469 218.12884140014648
261.3089904785156 185.7618865966797 312.67924880981445 185.7618865966797 312.67924880981445 218.33192443847656 261.3089904785156 218.33192443847656
255.77023315429688 182.26486206054688 307.6427688598633 182.26486206054688 307.6427688598633 213.84239196777344 255.77023315429688 213.84239196777344
255.73263549804688 182.1692657470703 307.04161834716797 182.1692657470703 307.04161834716797 213.5288429260254 255.73263549804688 213.5288429260254
255.7451171875 182.1936492919922 307.26888275146484 182.1936492919922 307.26888275146484 213.7469024658203 255.7451171875 213.7469024658203
249.7696075439453 177.03744506835938 300.60961151123047 177.03744506835938 300.60961151123047 207.68928146362305 249.7696075439453 207.68928146362305
249.8446502685547 177.1152801513672 301.35694885253906 177.1152801513672 301.35694885253906 208.0005588531494 249.8446502685547 208.0005588531494
244.63516235351562 173.41827392578125 295.6159439086914 173.41827392578125 295.6159439086914 204.24802017211914 244.63516235351562 204.24802017211914
244.5659942626953 173.45330810546875 294.83978271484375 173.45330810546875 294.83978271484375 204.20132446289062 244.5659942626953 204.20132446289062
240.7165985107422 169.73963928222656 290.55147552490234 169.73963928222656 290.55147552490234 200.6446075439453 240.7165985107422 200.6446075439453
240.66384887695312 170.01681518554688 290.49322509765625 170.01681518554688 290.49322509765625 200.65163040161133 240.66384887695312 200.65163040161133
237.466064453125 167.3279266357422 285.84842681884766 167.3279266357422 285.84842681884766 197.54619979858398 237.466064453125 197.54619979858398
237.26693725585938 167.2069549560547 285.18901443481445 167.2069549560547 285.18901443481445 197.45448875427246 237.26693725585938 197.45448875427246
231.81021118164062 163.25514221191406 281.29232025146484 163.25514221191406 281.29232025146484 193.5579948425293 231.81021118164062 193.5579948425293
231.59341430664062 163.4957733154297 281.34425354003906 163.4957733154297 281.34425354003906 193.7776584625244 231.59341430664062 193.7776584625244
231.5703582763672 163.47525024414062 280.49761962890625 163.47525024414062 280.49761962890625 193.77988052368164 231.5703582763672 193.77988052368164
227.112060546875 159.11419677734375 274.8436698913574 159.11419677734375 274.8436698913574 188.17484092712402 227.112060546875 188.17484092712402
226.69656372070312 159.11163330078125 273.9629936218262 159.11163330078125 273.9629936218262 188.47312927246094 226.69656372070312 188.47312927246094
223.05111694335938 155.39450073242188 269.88301849365234 155.39450073242188 269.88301849365234 184.9217414855957 223.05111694335938 184.9217414855957
223.34286499023438 155.4482421875 270.4387092590332 155.4482421875 270.4387092590332 185.13833045959473 223.34286499023438 185.13833045959473
219.4068145751953 152.62069702148438 265.03014373779297 152.62069702148438 265.03014373779297 181.86861610412598 219.4068145751953 181.86861610412598
219.36776733398438 152.48220825195312 265.33831787109375 152.48220825195312 265.33831787109375 182.04865646362305 219.36776733398438 182.04865646362305
215.67501831054688 149.70712280273438 260.9526176452637 149.70712280273438 260.9526176452637 178.6304817199707 215.67501831054688 178.6304817199707
215.4811553955078 149.63693237304688 260.0303535461426 149.63693237304688 260.0303535461426 178.2423610687256 215.4811553955078 178.2423610687256
215.81637573242188 149.81947326660156 260.51244354248047 149.81947326660156 260.51244354248047 178.2572364807129 215.81637573242188 178.2572364807129
211.83267211914062 145.30715942382812 254.57656478881836 145.30715942382812 254.57656478881836 174.10658264160156 211.83267211914062 174.10658264160156
211.6477508544922 145.39163208007812 254.71802139282227 145.39163208007812 254.71802139282227 174.49888229370117 211.6477508544922 174.49888229370117
207.61953735351562 142.22666931152344 250.61532974243164 142.22666931152344 250.61532974243164 171.07811546325684 207.61953735351562 171.07811546325684
207.5815887451172 142.18838500976562 251.20774459838867 142.18838500976562 251.20774459838867 171.12835693359375 207.5815887451172 171.12835693359375
207.68991088867188 142.31459045410156 250.60414505004883 142.31459045410156 250.60414505004883 170.97076988220215 207.68991088867188 170.97076988220215
203.47329711914062 139.0590362548828 245.0826301574707 139.0590362548828 245.0826301574707 166.78532791137695 203.47329711914062 166.78532791137695
203.2713165283203 138.952392578125 244.73218536376953 138.952392578125 244.73218536376953 166.71832656860352 203.2713165283203 166.71832656860352
200.37156677246094 136.191650390625 240.39696884155273 136.191650390625 240.39696884155273 163.56471824645996 200.37156677246094 163.56471824645996
200.46261596679688 136.19424438476562 240.83097457885742 136.19424438476562 240.83097457885742 163.4775390625 200.46261596679688 163.4775390625
200.0589141845703 135.9254608154297 240.2495346069336 135.9254608154297 240.2495346069336 163.6496696472168 200.0589141845703 163.6496696472168
196.95523071289062 132.78280639648438 235.67957305908203 132.78280639648438 235.67957305908203 160.9044132232666 196.95523071289062 160.9044132232666
197.1796417236328 132.82691955566406 235.91670608520508 132.82691955566406 235.91670608520508 160.6935520172119 197.1796417236328 160.6935520172119
193.77963256835938 130.1932373046875 233.19214248657227 130.1932373046875 233.19214248657227 157.6430320739746 193.77963256835938 157.6430320739746
189.9457244873047 128.38768005371094 228.60601806640625 128.38768005371094 228.60601806640625 155.65915489196777 189.9457244873047 155.65915489196777
189.8025665283203 128.18075561523438 228.77071380615234 128.18075561523438 228.77071380615234 155.48626136779785 189.8025665283203 155.48626136779785
189.78457641601562 128.1125946044922 228.70812225341797 128.1125946044922 228.70812225341797 155.4550666809082 189.78457641601562 155.4550666809082
185.05728149414062 124.69905090332031 222.48624420166016 124.69905090332031 222.48624420166016 151.5128936767578 185.05728149414062 151.5128936767578
185.14950561523438 124.67835998535156 222.6532211303711 124.67835998535156 222.6532211303711 151.4049777984619 185.14950561523438 151.4049777984619
182.1705322265625 122.31646728515625 218.83969116210938 122.31646728515625 218.83969116210938 148.3780975341797 182.1705322265625 148.3780975341797
182.4504852294922 122.33284759521484 219.20934295654297 122.33284759521484 219.20934295654297 148.26121139526367 182.4504852294922 148.26121139526367
178.6290283203125 119.5401382446289 215.17218017578125 119.5401382446289 215.17218017578125 145.71679306030273 178.6290283203125 145.71679306030273
178.961669921875 119.66975402832031 215.61391067504883 119.66975402832031 215.61391067504883 145.8444309234619 178.961669921875 145.8444309234619
178.5222625732422 119.58280181884766 215.07108306884766 119.58280181884766 215.07108306884766 145.67939376831055 178.5222625732422 145.67939376831055
175.91690063476562 117.61087799072266 212.32646942138672 117.61087799072266 212.32646942138672 143.54398345947266 175.91690063476562 143.54398345947266
175.91009521484375 117.60005187988281 212.3552131652832 117.60005187988281 212.3552131652832 143.53342628479004 175.91009521484375 143.53342628479004
172.5478057861328 114.7119369506836 208.4217987060547 114.7119369506836 208.4217987060547 140.1046257019043 172.5478057861328 140.1046257019043
171.77310180664062 114.5458984375 207.6412010192871 114.5458984375 207.6412010192871 140.15047645568848 171.77310180664062 140.15047645568848
169.27792358398438 111.41339111328125 205.08858489990234 111.41339111328125 205.08858489990234 137.6210594177246 169.27792358398438 137.6210594177246
168.93763732910156 110.74272155761719 204.56113052368164 110.74272155761719 204.56113052368164 137.36548233032227 168.93763732910156 137.36548233032227
166.09446716308594 108.4150619506836 203.44541931152344 108.4150619506836 203.44541931152344 135.1533374786377 166.09446716308594 135.1533374786377
166.17869567871094 108.38990783691406 203.4270782470703 108.38990783691406 203.4270782470703 135.10119247436523 166.17869567871094 135.10119247436523
162.27236938476562 105.67338562011719 200.81111907958984 105.67338562011719 200.81111907958984 132.35320472717285 162.27236938476562 132.35320472717285
162.5679931640625 106.0933837890625 200.5477752685547 106.0933837890625 200.5477752685547 132.4018669128418 162.5679931640625 132.4018669128418
163.1234588623047 106.29026794433594 200.71399307250977 106.29026794433594 200.71399307250977 132.30075073242188 163.1234588623047 132.30075073242188
161.4516143798828 103.9452133178711 198.00683975219727 103.9452133178711 198.00683975219727 129.7661418914795 161.4516143798828 129.7661418914795
161.47085571289062 104.47294616699219 197.9450912475586 104.47294616699219 197.9450912475586 129.97827339172363 161.47085571289062 129.97827339172363
159.6741943359375 102.3145523071289 195.58341217041016 102.3145523071289 195.58341217041016 126.18163871765137 159.6741943359375 126.18163871765137
158.961181640625 102.77461242675781 195.18392181396484 102.77461242675781 195.18392181396484 126.31316757202148 158.961181640625 126.31316757202148
158.82901000976562 103.2986831665039 194.9559783935547 103.2986831665039 194.9559783935547 126.29314422607422 158.82901000976562 126.29314422607422
156.9494171142578 101.97425079345703 192.67113494873047 101.97425079345703 192.67113494873047 124.20962715148926 156.9494171142578 124.20962715148926
156.31959533691406 102.09221649169922 192.03083038330078 102.09221649169922 192.03083038330078 124.33839225769043 156.31959533691406 124.33839225769043
154.27072143554688 100.255615234375 189.48287963867188 100.255615234375 189.48287963867188 122.05303192138672 154.27072143554688 122.05303192138672
154.13052368164062 100.35518646240234 189.63862228393555 100.35518646240234 189.63862228393555 122.19574737548828 154.13052368164062 122.19574737548828
149.0935516357422 97.06280517578125 184.5864028930664 97.06280517578125 184.5864028930664 119.60846328735352 149.0935516357422 119.60846328735352
149.0027618408203 97.09593200683594 184.5573272705078 97.09593200683594 184.5573272705078 119.8281078338623 149.0027618408203 119.8281078338623
146.24923706054688 95.00923156738281 181.28213500976562 95.00923156738281 181.28213500976562 118.12355041503906 146.24923706054688 118.12355041503906
145.17636108398438 94.71289825439453 180.51739120483398 94.71289825439453 180.51739120483398 118.25382804870605 145.17636108398438 118.25382804870605
142.32809448242188 92.80345153808594 177.2820587158203 92.80345153808594 177.2820587158203 116.61542701721191 142.32809448242188 116.61542701721191
142.78384399414062 92.79373168945312 177.5672836303711 92.79373168945312 177.5672836303711 116.54229354858398 142.78384399414062 116.54229354858398
142.7366943359375 92.93822479248047 177.1976547241211 92.93822479248047 177.1976547241211 116.36040306091309 142.7366943359375 116.36040306091309
140.7520751953125 91.71282958984375 175.39453887939453 91.71282958984375 175.39453887939453 115.48202133178711 140.7520751953125 115.48202133178711
141.5504913330078 91.75526428222656 176.37588500976562 91.75526428222656 176.37588500976562 115.56802177429199 141.5504913330078 115.56802177429199
138.17529296875 89.38372802734375 173.65010833740234 89.38372802734375 173.65010833740234 112.80705642700195 138.17529296875 112.80705642700195
137.85543823242188 89.35755157470703 172.84435272216797 89.35755157470703 172.84435272216797 112.75459098815918 137.85543823242188 112.75459098815918
138.22796630859375 89.3611831665039 173.25694274902344 89.3611831665039 173.25694274902344 112.65016746520996 138.22796630859375 112.65016746520996
136.6710968017578 86.88307189941406 172.06560516357422 86.88307189941406 172.06560516357422 111.1422176361084 136.6710968017578 111.1422176361084
136.9343719482422 86.93185424804688 172.17910385131836 86.93185424804688 172.17910385131836 111.0984058380127 136.9343719482422 111.0984058380127
134.13070678710938 85.71614837646484 170.01156616210938 85.71614837646484 170.01156616210938 109.24338722229004 134.13070678710938 109.24338722229004
133.68653869628906 85.50367736816406 169.8548240661621 85.50367736816406 169.8548240661621 109.34121704101562 133.68653869628906 109.34121704101562
131.89328002929688 83.2802505493164 167.50500869750977 83.2802505493164 167.50500869750977 106.54538345336914 131.89328002929688 106.54538345336914
132.5615234375 83.41081237792969 168.04402923583984 83.41081237792969 168.04402923583984 106.38736343383789 132.5615234375 106.38736343383789
130.24710083007812 81.36392974853516 165.11956024169922 81.36392974853516 165.11956024169922 104.34754180908203 130.24710083007812 104.34754180908203
129.79019165039062 81.34456634521484 164.8506736755371 81.34456634521484 164.8506736755371 104.55667114257812 129.79019165039062 104.55667114257812
128.1935577392578 80.05620574951172 162.99882125854492 80.05620574951172 162.99882125854492 102.61935043334961 128.1935577392578 102.61935043334961
127.68367004394531 80.13538360595703 162.46340560913086 80.13538360595703 162.46340560913086 102.62034225463867 127.68367004394531 102.62034225463867
127.81233215332031 80.3301010131836 162.56769180297852 80.3301010131836 162.56769180297852 102.63311958312988 127.81233215332031 102.63311958312988
125.64222717285156 78.08806610107422 160.44857025146484 78.08806610107422 160.44857025146484 101.08331108093262 125.64222717285156 101.08331108093262
125.98233795166016 77.91024017333984 161.40028762817383 77.91024017333984 161.40028762817383 101.09420204162598 125.98233795166016 101.09420204162598
123.7292251586914 76.04795837402344 157.64973831176758 76.04795837402344 157.64973831176758 98.14263725280762 123.7292251586914 98.14263725280762
123.74845123291016 75.87142181396484 157.8494873046875 75.87142181396484 157.8494873046875 98.24832916259766 123.74845123291016 98.24832916259766
121.8895492553711 74.1412353515625 155.86383056640625 74.1412353515625 155.86383056640625 96.94868278503418 121.8895492553711 96.94868278503418
121.91534423828125 74.06266021728516 156.5074691772461 74.06266021728516 156.5074691772461 96.84762954711914 121.91534423828125 96.84762954711914
119.4470443725586 73.03517150878906 153.87362670898438 73.03517150878906 153.87362670898438 95.71222686767578 119.4470443725586 95.71222686767578
118.7905044555664 72.71041870117188 153.0123748779297 72.71041870117188 153.0123748779297 95.66366958618164 118.7905044555664 95.66366958618164
119.69576263427734 73.03395080566406 154.4031524658203 73.03395080566406 154.4031524658203 95.69391822814941 119.69576263427734 95.69391822814941
117.15837097167969 71.15357971191406 152.02024841308594 71.15357971191406 152.02024841308594 93.7845344543457 117.15837097167969 93.7845344543457
117.00923919677734 71.0184326171875 151.44161224365234 71.0184326171875 151.44161224365234 93.88971519470215 117.00923919677734 93.88971519470215
115.63692474365234 70.54917907714844 150.39440536499023 70.54917907714844 150.39440536499023 92.51660346984863 115.63692474365234 92.51660346984863
115.3227767944336 70.04685974121094 149.9320068359375 70.04685974121094 149.9320068359375 92.66971969604492 115.3227767944336 92.66971969604492
113.00685119628906 68.14500427246094 147.2142562866211 68.14500427246094 147.2142562866211 90.32538414001465 113.00685119628906 90.32538414001465
112.99824523925781 67.93192291259766 147.54427337646484 67.93192291259766 147.54427337646484 90.36774253845215 112.99824523925781 90.36774253845215
110.99372863769531 66.8081283569336 144.77990341186523 66.8081283569336 144.77990341186523 89.29188537597656 110.99372863769531 89.29188537597656
110.72941589355469 67.04377746582031 144.08386993408203 67.04377746582031 144.08386993408203 89.22882461547852 110.72941589355469 89.22882461547852
110.8739013671875 66.96971893310547 144.22913360595703 66.96971893310547 144.22913360595703 89.26945686340332 110.8739013671875 89.26945686340332
109.37797546386719 65.29206848144531 142.65102767944336 65.29206848144531 142.65102767944336 87.5882625579834 109.37797546386719 87.5882625579834
109.58183288574219 65.0660629272461 143.35248565673828 65.0660629272461 143.35248565673828 87.71774101257324 109.58183288574219 87.71774101257324
106.5939712524414 63.698333740234375 140.1084327697754 63.698333740234375 140.1084327697754 85.9317798614502 106.5939712524414 85.9317798614502
106.46121978759766 63.67931365966797 139.91780471801758 63.67931365966797 139.91780471801758 85.95833587646484 106.46121978759766 85.95833587646484
104.31912994384766 62.675689697265625 138.3540153503418 62.675689697265625 138.3540153503418 84.64673614501953 104.31912994384766 84.64673614501953
103.8899154663086 62.29207229614258 138.38230514526367 62.29207229614258 138.38230514526367 84.8517017364502 103.8899154663086 84.8517017364502
102.63812255859375 60.7650260925293 137.00957489013672 60.7650260925293 137.00957489013672 83.5323371887207 102.63812255859375 83.5323371887207
102.3989028930664 60.32524490356445 137.53258514404297 60.32524490356445 137.53258514404297 83.70141410827637 102.3989028930664 83.70141410827637
102.84111022949219 60.934814453125 136.8179702758789 60.934814453125 136.8179702758789 83.40163230895996 102.84111022949219 83.40163230895996
100.5873794555664 59.330474853515625 134.8050079345703 59.330474853515625 134.8050079345703 82.07224464416504 100.5873794555664 82.07224464416504
100.5363998413086 59.23772430419922 134.86381149291992 59.23772430419922 134.86381149291992 82.10359764099121 100.5363998413086 82.10359764099121
98.72637939453125 58.59869384765625 133.25834274291992 58.59869384765625 133.25834274291992 80.86746597290039 98.72637939453125 80.86746597290039
98.83100891113281 58.04738235473633 133.7980728149414 58.04738235473633 133.7980728149414 81.10954284667969 98.83100891113281 81.10954284667969
97.08869934082031 56.95600509643555 131.75603103637695 56.95600509643555 131.75603103637695 79.31703758239746 97.08869934082031 79.31703758239746
97.1360855102539 56.871376037597656 131.67557907104492 56.871376037597656 131.67557907104492 79.32512283325195 97.1360855102539 79.32512283325195
98.22904968261719 57.24712371826172 132.55405044555664 57.24712371826172 132.55405044555664 79.25040054321289 98.22904968261719 79.25040054321289
96.00141906738281 55.574241638183594 129.6367645263672 55.574241638183594 129.6367645263672 77.93155288696289 96.00141906738281 77.93155288696289
96.64897918701172 55.802345275878906 129.714599609375 55.802345275878906 129.714599609375 77.79125213623047 96.64897918701172 77.79125213623047
95.17634582519531 53.948692321777344 128.98471069335938 53.948692321777344 128.98471069335938 76.37397575378418 95.17634582519531 76.37397575378418
94.65531158447266 53.996307373046875 127.89442825317383 53.996307373046875 127.89442825317383 76.16424751281738 94.65531158447266 76.16424751281738
92.86564636230469 53.32335662841797 125.73749160766602 53.32335662841797 125.73749160766602 74.92474937438965 92.86564636230469 74.92474937438965
92.69438171386719 53.775230407714844 125.11717987060547 53.775230407714844 125.11717987060547 74.64303779602051 92.69438171386719 74.64303779602051
91.34223937988281 52.301414489746094 123.99203109741211 52.301414489746094 123.99203109741211 73.37428855895996 91.34223937988281 73.37428855895996
91.19751739501953 52.06233596801758 123.58832168579102 52.06233596801758 123.58832168579102 73.46670532226562 91.19751739501953 73.46670532226562
91.20829010009766 52.013763427734375 123.8529167175293 52.013763427734375 123.8529167175293 73.52791213989258 91.20829010009766 73.52791213989258
89.61651611328125 51.004005432128906 122.05333709716797 51.004005432128906 122.05333709716797 72.30142784118652 89.61651611328125 72.30142784118652
90.335205078125 51.26994705200195 122.54117584228516 51.26994705200195 122.54117584228516 72.15345764160156 90.335205078125 72.15345764160156
88.21733093261719 49.62779235839844 120.49529266357422 49.62779235839844 120.49529266357422 71.00721168518066 88.21733093261719 71.00721168518066
88.37505340576172 49.37934494018555 120.97776794433594 49.37934494018555 120.97776794433594 71.08021545410156 88.37505340576172 71.08021545410156
86.19986724853516 47.95612716674805 119.18285751342773 47.95612716674805 119.18285751342773 69.5295467376709 86.19986724853516 69.5295467376709
86.49164581298828 48.35729217529297 119.11819076538086 48.35729217529297 119.11819076538086 69.45719528198242 86.49164581298828 69.45719528198242
84.47645568847656 47.251548767089844 116.79228210449219 47.251548767089844 116.79228210449219 67.95342063903809 84.47645568847656 67.95342063903809
84.77339172363281 47.04993438720703 117.53906631469727 47.04993438720703 117.53906631469727 68.08626747131348 84.77339172363281 68.08626747131348
