148.0 170.0 179.0 170.0 179.0 267.0 148.0 267.0
151.22894287109375 174.9816436767578 181.96768760681152 174.9816436767578 181.96768760681152 265.90089416503906 151.22894287109375 265.90089416503906
151.0805206298828 174.72125244140625 181.9930419921875 174.72125244140625 181.9930419921875 266.04844665527344 151.0805206298828 266.04844665527344
153.90615844726562 175.90771484375 185.58443641662598 175.90771484375 185.58443641662598 264.0554962158203 153.90615844726562 264.0554962158203
154.29312133789062 175.80795288085938 185.52329635620117 175.80795288085938 185.52329635620117 264.0037612915039 154.29312133789062 264.0037612915039
157.293701171875 175.46368408203125 188.27951622009277 175.46368408203125 188.27951622009277 267.03309631347656 157.293701171875 267.03309631347656
157.6562957763672 176.89266967773438 188.1472110748291 176.89266967773438 188.1472110748291 266.53733825683594 157.6562957763672 266.53733825683594
159.95211791992188 174.3312225341797 189.44910621643066 174.3312225341797 189.44910621643066 269.82845306396484 159.95211791992188 269.82845306396484
160.03805541992188 175.23477172851562 189.3056526184082 175.23477172851562 189.3056526184082 269.74256896972656 160.03805541992188 269.74256896972656
160.01487731933594 174.4281463623047 189.5724754333496 174.4281463623047 189.5724754333496 269.79290771484375 160.01487731933594 269.79290771484375
160.92660522460938 171.66043090820312 190.93335342407227 171.66043090820312 190.93335342407227 272.21632385253906 160.92660522460938 272.21632385253906
161.39285278320312 171.64987182617188 190.80730056762695 171.64987182617188 190.80730056762695 272.2857208251953 161.39285278320312 272.2857208251953
162.4148712158203 172.2700958251953 192.2000389099121 172.2700958251953 192.2000389099121 266.3435745239258 162.4148712158203 266.3435745239258
162.1603546142578 172.2628936767578 192.26410293579102 172.2628936767578 192.26410293579102 266.3188247680664 162.1603546142578 266.3188247680664
163.4226531982422 163.1934356689453 194.14371299743652 163.1934356689453 194.14371299743652 259.32061767578125 163.4226531982422 259.32061767578125
165.00746154785156 169.3617706298828 194.28204727172852 169.3617706298828 194.28204727172852 261.2279815673828 165.00746154785156 261.2279815673828
170.1750946044922 170.6024932861328 198.49322509765625 170.6024932861328 198.49322509765625 264.9805679321289 170.1750946044922 264.9805679321289
169.9661407470703 172.76278686523438 198.12228775024414 172.76278686523438 198.12228775024414 265.5467834472656 169.9661407470703 265.5467834472656
170.11068725585938 170.14114379882812 198.23049354553223 170.14114379882812 198.23049354553223 263.81207275390625 170.11068725585938 263.81207275390625
175.296630859375 168.35000610351562 204.27670669555664 168.35000610351562 204.27670669555664 269.6291275024414 175.296630859375 269.6291275024414
175.1999969482422 166.69190979003906 204.10930252075195 166.69190979003906 204.10930252075195 268.8250427246094 175.1999969482422 268.8250427246094
175.30673217773438 168.7473602294922 204.1025276184082 168.7473602294922 204.1025276184082 269.8055648803711 175.30673217773438 269.8055648803711
180.36135864257812 167.17654418945312 210.53946495056152 167.17654418945312 210.53946495056152 268.0528869628906 180.36135864257812 268.0528869628906
180.4928436279297 167.52694702148438 210.41969871520996 167.52694702148438 210.41969871520996 267.89244079589844 180.4928436279297 267.89244079589844
184.8616180419922 167.0162811279297 214.0896339416504 167.0162811279297 214.0896339416504 268.13092041015625 184.8616180419922 268.13092041015625
184.534423828125 168.2178955078125 213.88878440856934 168.2178955078125 213.88878440856934 268.33817291259766 184.534423828125 268.33817291259766
184.543212890625 168.90245056152344 213.77261352539062 168.90245056152344 213.77261352539062 268.6693420410156 184.543212890625 268.6693420410156
187.39710998535156 169.1151123046875 215.80345726013184 169.1151123046875 215.80345726013184 271.1217498779297 187.39710998535156 271.1217498779297
187.40078735351562 167.66822814941406 215.96685409545898 167.66822814941406 215.96685409545898 271.0721740722656 187.40078735351562 271.0721740722656
189.28370666503906 167.8643341064453 218.3324851989746 167.8643341064453 218.3324851989746 269.1636276245117 189.28370666503906 269.1636276245117
189.27890014648438 168.37335205078125 218.34450340270996 168.37335205078125 218.34450340270996 268.3513641357422 189.27890014648438 268.3513641357422
189.3494873046875 168.09292602539062 218.3395290374756 168.09292602539062 218.3395290374756 270.2146911621094 189.3494873046875 270.2146911621094
192.42698669433594 170.15354919433594 222.1437587738037 170.15354919433594 222.1437587738037 265.62396240234375 192.42698669433594 265.62396240234375
192.64244079589844 170.33499145507812 222.3097381591797 170.33499145507812 222.3097381591797 266.01451110839844 192.64244079589844 266.01451110839844
192.63494873046875 168.18899536132812 222.5884666442871 168.18899536132812 222.5884666442871 264.30177307128906 192.63494873046875 264.30177307128906
196.21424865722656 171.70193481445312 224.9200382232666 171.70193481445312 224.9200382232666 268.1544647216797 196.21424865722656 268.1544647216797
196.0129852294922 172.02664184570312 224.6647491455078 172.02664184570312 224.6647491455078 266.41976165771484 196.0129852294922 266.41976165771484
195.92042541503906 171.14376831054688 224.76866149902344 171.14376831054688 224.76866149902344 267.94815826416016 195.92042541503906 267.94815826416016
198.36351013183594 170.32418823242188 227.06843185424805 170.32418823242188 227.06843185424805 267.5812530517578 198.36351013183594 267.5812530517578
198.62448120117188 171.17071533203125 227.7335319519043 171.17071533203125 227.7335319519043 269.01222229003906 198.62448120117188 269.01222229003906
206.12338256835938 173.9293212890625 234.46730422973633 173.9293212890625 234.46730422973633 267.868408203125 206.12338256835938 267.868408203125
206.62490844726562 171.3606719970703 234.7807273864746 171.3606719970703 234.7807273864746 268.3521728515625 206.62490844726562 268.3521728515625
209.4488525390625 172.41244506835938 237.65430641174316 172.41244506835938 237.65430641174316 267.8901901245117 209.4488525390625 267.8901901245117
209.411865234375 172.98333740234375 237.4703311920166 172.98333740234375 237.4703311920166 268.29749298095703 209.411865234375 268.29749298095703
209.38278198242188 171.68472290039062 237.66982078552246 171.68472290039062 237.66982078552246 268.145263671875 209.38278198242188 268.145263671875
209.970947265625 174.3116455078125 238.9317970275879 174.3116455078125 238.9317970275879 268.16790771484375 209.970947265625 268.16790771484375
210.04910278320312 174.3583526611328 238.87802696228027 174.3583526611328 238.87802696228027 267.77630615234375 210.04910278320312 267.77630615234375
212.63037109375 170.53201293945312 241.3960781097412 170.53201293945312 241.3960781097412 272.54396057128906 212.63037109375 272.54396057128906
212.61007690429688 171.41793823242188 241.36567306518555 171.41793823242188 241.36567306518555 273.02561950683594 212.61007690429688 273.02561950683594
215.5530242919922 171.83067321777344 245.8179988861084 171.83067321777344 245.8179988861084 273.10494232177734 215.5530242919922 273.10494232177734
215.0355987548828 170.77255249023438 245.65139198303223 170.77255249023438 245.65139198303223 272.71949768066406 215.0355987548828 272.71949768066406
215.8219757080078 172.9833526611328 245.9525146484375 172.9833526611328 245.9525146484375 273.81605529785156 215.8219757080078 273.81605529785156
219.1781768798828 170.00955200195312 249.34807205200195 170.00955200195312 249.34807205200195 269.1205291748047 219.1781768798828 269.1205291748047
219.2026824951172 169.74160766601562 249.42868423461914 169.74160766601562 249.42868423461914 269.08729553222656 219.2026824951172 269.08729553222656
222.61669921875 170.4443359375 252.37657737731934 170.4443359375 252.37657737731934 266.7756881713867 222.61669921875 266.7756881713867
222.58090209960938 169.6927490234375 252.3689308166504 169.6927490234375 252.3689308166504 266.7325897216797 222.58090209960938 266.7325897216797
222.5892791748047 169.7127685546875 252.38590049743652 169.7127685546875 252.38590049743652 266.6877136230469 222.5892791748047 266.6877136230469
225.4664764404297 172.5465545654297 255.3819637298584 172.5465545654297 255.3819637298584 265.93274688720703 225.4664764404297 265.93274688720703
225.47232055664062 171.60357666015625 255.3684902191162 171.60357666015625 255.3684902191162 265.6429443359375 225.47232055664062 265.6429443359375
228.94656372070312 174.18133544921875 257.91517639160156 174.18133544921875 257.91517639160156 267.5965270996094 228.94656372070312 267.5965270996094
228.6950225830078 173.5127716064453 258.2068290710449 173.5127716064453 258.2068290710449 266.7691955566406 228.6950225830078 266.7691955566406
230.57949829101562 173.70492553710938 259.979248046875 173.70492553710938 259.979248046875 266.83113861083984 230.57949829101562 266.83113861083984
230.68212890625 174.1124725341797 259.9871883392334 174.1124725341797 259.9871883392334 266.3122863769531 230.68212890625 266.3122863769531
232.92788696289062 177.1768035888672 261.6095027923584 177.1768035888672 261.6095027923584 265.37715911865234 232.92788696289062 265.37715911865234
232.7574920654297 176.60606384277344 261.69947242736816 176.60606384277344 261.69947242736816 265.6877899169922 232.7574920654297 265.6877899169922
232.7736358642578 177.90646362304688 261.41229820251465 177.90646362304688 261.41229820251465 265.7423553466797 232.7736358642578 265.7423553466797
231.8794708251953 175.2366943359375 262.9142246246338 175.2366943359375 262.9142246246338 268.29019927978516 231.8794708251953 268.29019927978516
231.8477783203125 176.4844512939453 262.7672233581543 176.4844512939453 262.7672233581543 268.0136413574219 231.8477783203125 268.0136413574219
232.12850952148438 175.19020080566406 262.90086364746094 175.19020080566406 262.90086364746094 268.5534896850586 232.12850952148438 268.5534896850586
233.8967742919922 175.48031616210938 264.19336891174316 175.48031616210938 264.19336891174316 267.51834869384766 233.8967742919922 267.51834869384766
233.66610717773438 176.2784881591797 263.8077793121338 176.2784881591797 263.8077793121338 268.2266616821289 233.66610717773438 268.2266616821289
235.70883178710938 171.2279815673828 264.9952278137207 171.2279815673828 264.9952278137207 263.96509552001953 235.70883178710938 263.96509552001953
235.9453125 172.17539978027344 265.0958957672119 172.17539978027344 265.0958957672119 265.77435302734375 235.9453125 265.77435302734375
238.2286834716797 172.9539794921875 266.4311580657959 172.9539794921875 266.4311580657959 266.9646759033203 238.2286834716797 266.9646759033203
237.819580078125 172.49752807617188 266.3318843841553 172.49752807617188 266.3318843841553 267.9614028930664 237.819580078125 267.9614028930664
237.93606567382812 173.9734344482422 266.3026485443115 173.9734344482422 266.3026485443115 268.9884338378906 237.93606567382812 268.9884338378906
241.37240600585938 178.56484985351562 269.4018211364746 178.56484985351562 269.4018211364746 269.87181091308594 241.37240600585938 269.87181091308594
240.9341278076172 178.70315551757812 269.38044357299805 178.70315551757812 269.38044357299805 270.9969787597656 240.9341278076172 270.9969787597656
243.5382080078125 177.34890747070312 272.47552490234375 177.34890747070312 272.47552490234375 270.5552291870117 243.5382080078125 270.5552291870117
243.48703002929688 178.45919799804688 272.24404525756836 178.45919799804688 272.24404525756836 271.3884582519531 243.48703002929688 271.3884582519531
243.9308624267578 173.80361938476562 274.0214385986328 173.80361938476562 274.0214385986328 270.79395294189453 243.9308624267578 270.79395294189453
243.62234497070312 172.82260131835938 274.24627113342285 172.82260131835938 274.24627113342285 269.2125778198242 243.62234497070312 269.2125778198242
244.08511352539062 172.55206298828125 274.27033042907715 172.55206298828125 274.27033042907715 270.27313232421875 244.08511352539062 270.27313232421875
245.8558807373047 171.56552124023438 276.4508304595947 171.56552124023438 276.4508304595947 268.65367126464844 245.8558807373047 268.65367126464844
246.33291625976562 172.97573852539062 276.566219329834 172.97573852539062 276.566219329834 268.5267639160156 246.33291625976562 268.5267639160156
246.09402465820312 173.2834930419922 276.1780128479004 173.2834930419922 276.1780128479004 268.44344329833984 246.09402465820312 268.44344329833984
246.934326171875 172.45265197753906 277.5464744567871 172.45265197753906 277.5464744567871 268.92832946777344 246.934326171875 268.92832946777344
247.0760955810547 172.04046630859375 277.65915870666504 172.04046630859375 277.65915870666504 269.2099838256836 247.0760955810547 269.2099838256836
247.4665985107422 173.4633331298828 277.40692710876465 173.4633331298828 277.40692710876465 269.5390396118164 247.4665985107422 269.5390396118164
247.24746704101562 172.27511596679688 277.68745040893555 172.27511596679688 277.68745040893555 269.6305236816406 247.24746704101562 269.6305236816406
247.19482421875 172.8087921142578 276.8387699127197 172.8087921142578 276.8387699127197 269.83419036865234 247.19482421875 269.83419036865234
246.0886993408203 176.4564971923828 275.15992736816406 176.4564971923828 275.15992736816406 270.53736877441406 246.0886993408203 270.53736877441406
246.2977294921875 175.61573791503906 275.6144828796387 175.61573791503906 275.6144828796387 270.3537139892578 246.2977294921875 270.3537139892578
245.13906860351562 171.67654418945312 276.2554740905762 171.67654418945312 276.2554740905762 275.2235870361328 245.13906860351562 275.2235870361328
245.6583709716797 171.81192016601562 276.33351135253906 171.81192016601562 276.33351135253906 275.9714813232422 245.6583709716797 275.9714813232422
244.34423828125 175.79122924804688 275.7420597076416 175.79122924804688 275.7420597076416 276.62193298339844 244.34423828125 276.62193298339844
244.33740234375 174.96083068847656 275.7614326477051 174.96083068847656 275.7614326477051 275.653076171875 244.33740234375 275.653076171875
243.72476196289062 174.34384155273438 274.7648868560791 174.34384155273438 274.7648868560791 274.23133087158203 243.72476196289062 274.23133087158203
243.9340057373047 175.5389404296875 274.8148708343506 175.5389404296875 274.8148708343506 275.12284088134766 243.9340057373047 275.12284088134766
243.6837921142578 174.443115234375 274.8774719238281 174.443115234375 274.8774719238281 274.38004302978516 243.6837921142578 274.38004302978516
242.8856658935547 175.7212677001953 274.11891746520996 175.7212677001953 274.11891746520996 276.5658950805664 242.8856658935547 276.5658950805664
242.8513641357422 174.39356994628906 274.12766456604004 174.39356994628906 274.12766456604004 275.1063766479492 242.8513641357422 275.1063766479492
243.3189697265625 173.9635009765625 274.3150444030762 173.9635009765625 274.3150444030762 276.68736267089844 243.3189697265625 276.68736267089844
243.0754852294922 175.08416748046875 273.9933738708496 175.08416748046875 273.9933738708496 278.36976623535156 243.0754852294922 278.36976623535156
243.3380126953125 173.90248107910156 274.2489204406738 173.90248107910156 274.2489204406738 276.4283218383789 243.3380126953125 276.4283218383789
244.4960479736328 173.19781494140625 275.3442897796631 173.19781494140625 275.3442897796631 277.54097747802734 244.4960479736328 277.54097747802734
244.2952117919922 173.64022827148438 275.04894065856934 173.64022827148438 275.04894065856934 277.96324920654297 244.2952117919922 277.96324920654297
246.5816192626953 171.21505737304688 276.9697780609131 171.21505737304688 276.9697780609131 276.6630325317383 246.5816192626953 276.6630325317383
246.89584350585938 168.65328979492188 277.50146865844727 168.65328979492188 277.50146865844727 275.9242706298828 246.89584350585938 275.9242706298828
247.3911590576172 168.53753662109375 278.4175682067871 168.53753662109375 278.4175682067871 276.07735443115234 247.3911590576172 276.07735443115234
247.7155303955078 167.38998413085938 278.83465576171875 167.38998413085938 278.83465576171875 276.79454040527344 247.7155303955078 276.79454040527344
249.4650421142578 167.32102966308594 280.06837463378906 167.32102966308594 280.06837463378906 275.66878509521484 249.4650421142578 275.66878509521484
249.51333618164062 168.28280639648438 280.0718879699707 168.28280639648438 280.0718879699707 275.74694061279297 249.51333618164062 275.74694061279297
249.2703094482422 169.0427703857422 279.7983207702637 169.0427703857422 279.7983207702637 275.4470520019531 249.2703094482422 275.4470520019531
250.45248413085938 167.7177734375 281.2907466888428 167.7177734375 281.2907466888428 275.573974609375 250.45248413085938 275.573974609375
250.0452117919922 169.58731079101562 280.7903861999512 169.58731079101562 280.7903861999512 275.97459411621094 250.0452117919922 275.97459411621094
250.44100952148438 170.52688598632812 281.35065841674805 170.52688598632812 281.35065841674805 276.0550231933594 250.44100952148438 276.0550231933594
250.64224243164062 170.0997314453125 281.3450508117676 170.0997314453125 281.3450508117676 275.35543060302734 250.64224243164062 275.35543060302734
250.0020294189453 168.36056518554688 282.2013931274414 168.36056518554688 282.2013931274414 274.52809143066406 250.0020294189453 274.52809143066406
250.0107879638672 171.0685272216797 281.84033203125 171.0685272216797 281.84033203125 275.65904235839844 250.0107879638672 275.65904235839844
250.13113403320312 170.40994262695312 282.1788558959961 170.40994262695312 282.1788558959961 273.74412536621094 250.13113403320312 273.74412536621094
249.85043334960938 173.0690155029297 281.75737380981445 173.0690155029297 281.75737380981445 276.04205322265625 249.85043334960938 276.04205322265625
249.8937530517578 171.74464416503906 281.4918727874756 171.74464416503906 281.4918727874756 273.3307571411133 249.8937530517578 273.3307571411133
249.69290161132812 173.6068572998047 282.00337982177734 173.6068572998047 282.00337982177734 275.4848861694336 249.69290161132812 275.4848861694336
249.5740203857422 171.78836059570312 281.74193572998047 171.78836059570312 281.74193572998047 274.17872619628906 249.5740203857422 274.17872619628906
250.25692749023438 172.4507598876953 282.4094009399414 172.4507598876953 282.4094009399414 274.40771484375 250.25692749023438 274.40771484375
250.2677764892578 173.5740966796875 282.25351905822754 173.5740966796875 282.25351905822754 274.74151611328125 250.2677764892578 274.74151611328125
249.7548828125 170.97848510742188 281.6067409515381 170.97848510742188 281.6067409515381 273.89781951904297 249.7548828125 273.89781951904297
250.00552368164062 172.12484741210938 281.5199489593506 172.12484741210938 281.5199489593506 274.09840393066406 250.00552368164062 274.09840393066406
249.319091796875 170.3804168701172 281.2979679107666 170.3804168701172 281.2979679107666 276.3988494873047 249.319091796875 276.3988494873047
249.4880828857422 170.2236328125 281.27732276916504 170.2236328125 281.27732276916504 275.82305908203125 249.4880828857422 275.82305908203125
249.121826171875 168.0855255126953 281.0495910644531 168.0855255126953 281.0495910644531 274.16519927978516 249.121826171875 274.16519927978516
249.1780242919922 169.602294921875 281.0884132385254 169.602294921875 281.0884132385254 275.45035552978516 249.1780242919922 275.45035552978516
249.12112426757812 169.5849151611328 280.0984134674072 169.5849151611328 280.0984134674072 274.49925994873047 249.12112426757812 274.49925994873047
249.0139617919922 170.80950927734375 280.44940757751465 170.80950927734375 280.44940757751465 276.1985626220703 249.0139617919922 276.1985626220703
248.8031768798828 169.38070678710938 280.3315849304199 169.38070678710938 280.3315849304199 275.2272262573242 248.8031768798828 275.2272262573242
248.4695587158203 170.24620056152344 280.69559478759766 170.24620056152344 280.69559478759766 275.2990951538086 248.4695587158203 275.2990951538086
248.5386199951172 171.4458770751953 280.6036491394043 171.4458770751953 280.6036491394043 275.5170669555664 248.5386199951172 275.5170669555664
248.3601531982422 171.03558349609375 280.06395530700684 171.03558349609375 280.06395530700684 273.17604064941406 248.3601531982422 273.17604064941406
248.5016632080078 167.9640350341797 280.47522926330566 167.9640350341797 280.47522926330566 272.6296615600586 248.5016632080078 272.6296615600586
247.9105682373047 172.98062133789062 279.778133392334 172.98062133789062 279.778133392334 274.1454391479492 247.9105682373047 274.1454391479492
248.17111206054688 169.90321350097656 279.7136039733887 169.90321350097656 279.7136039733887 272.9636001586914 248.17111206054688 272.9636001586914
248.3612060546875 169.16802978515625 280.4151840209961 169.16802978515625 280.4151840209961 273.49415588378906 248.3612060546875 273.49415588378906
246.296630859375 168.50672912597656 279.07141876220703 168.50672912597656 279.07141876220703 271.19823455810547 246.296630859375 271.19823455810547
247.11904907226562 169.58639526367188 279.08774757385254 169.58639526367188 279.08774757385254 271.5016555786133 247.11904907226562 271.5016555786133
245.6707763671875 171.48255920410156 278.2668571472168 171.48255920410156 278.2668571472168 269.54215240478516 245.6707763671875 269.54215240478516
245.64163208007812 170.1466827392578 278.6209945678711 170.1466827392578 278.6209945678711 269.4623336791992 245.64163208007812 269.4623336791992
245.78976440429688 173.442626953125 278.00781631469727 173.442626953125 278.00781631469727 269.8074645996094 245.78976440429688 269.8074645996094
245.69790649414062 171.71249389648438 278.21601486206055 171.71249389648438 278.21601486206055 269.5835494995117 245.69790649414062 269.5835494995117
245.8466339111328 171.83682250976562 278.38572692871094 171.83682250976562 278.38572692871094 269.9839401245117 245.8466339111328 269.9839401245117
244.42672729492188 171.03135681152344 276.2051887512207 171.03135681152344 276.2051887512207 267.1841583251953 244.42672729492188 267.1841583251953
244.40444946289062 169.57366943359375 276.2699680328369 169.57366943359375 276.2699680328369 266.27652740478516 244.40444946289062 266.27652740478516
242.22549438476562 168.4151611328125 274.5355758666992 168.4151611328125 274.5355758666992 266.1653060913086 242.22549438476562 266.1653060913086
242.791015625 170.35183715820312 274.61613845825195 170.35183715820312 274.61613845825195 266.2687301635742 242.791015625 266.2687301635742
243.41775512695312 172.34463500976562 274.6883945465088 172.34463500976562 274.6883945465088 269.2616729736328 243.41775512695312 269.2616729736328
243.1337890625 169.5587615966797 273.26899337768555 169.5587615966797 273.26899337768555 266.83372497558594 243.1337890625 266.83372497558594
243.0280303955078 170.50802612304688 273.06885719299316 170.50802612304688 273.06885719299316 267.2069091796875 243.0280303955078 267.2069091796875
243.73208618164062 170.33486938476562 273.7547245025635 170.33486938476562 273.7547245025635 267.6363830566406 243.73208618164062 267.6363830566406
243.2765655517578 169.91848754882812 273.2423801422119 169.91848754882812 273.2423801422119 266.28367614746094 243.2765655517578 266.28367614746094
243.696044921875 171.4416046142578 273.36541748046875 171.4416046142578 273.36541748046875 267.034912109375 243.696044921875 267.034912109375
242.21951293945312 172.97506713867188 272.94115257263184 172.97506713867188 272.94115257263184 269.37952423095703 242.21951293945312 269.37952423095703
241.61538696289062 170.08340454101562 272.49089431762695 170.08340454101562 272.49089431762695 266.97874450683594 241.61538696289062 266.97874450683594
239.5703582763672 171.91366577148438 272.72703552246094 171.91366577148438 272.72703552246094 270.86279296875 239.5703582763672 270.86279296875
239.3697052001953 172.55422973632812 272.33413314819336 172.55422973632812 272.33413314819336 270.3805847167969 239.3697052001953 270.3805847167969
238.93600463867188 172.44711303710938 273.4909248352051 172.44711303710938 273.4909248352051 271.9773406982422 238.93600463867188 271.9773406982422
239.892333984375 172.59548950195312 273.9189758300781 172.59548950195312 273.9189758300781 272.20945739746094 239.892333984375 272.20945739746094
240.1477508544922 170.298583984375 274.44909286499023 170.298583984375 274.44909286499023 271.5816192626953 240.1477508544922 271.5816192626953
240.8450164794922 173.9174041748047 274.70287322998047 173.9174041748047 274.70287322998047 272.2799606323242 240.8450164794922 272.2799606323242
239.9940643310547 172.0760498046875 274.29040145874023 172.0760498046875 274.29040145874023 272.01023864746094 239.9940643310547 272.01023864746094
239.67465209960938 170.88291931152344 274.5093574523926 170.88291931152344 274.5093574523926 270.6612319946289 239.67465209960938 270.6612319946289
239.9802703857422 172.5582733154297 274.44456481933594 172.5582733154297 274.44456481933594 270.99268341064453 239.9802703857422 270.99268341064453
240.48486328125 172.74049377441406 274.91545486450195 172.74049377441406 274.91545486450195 271.761474609375 240.48486328125 271.761474609375
240.98806762695312 173.64816284179688 274.98838806152344 173.64816284179688 274.98838806152344 272.9947204589844 240.98806762695312 272.9947204589844
240.4766082763672 171.8102264404297 275.0545883178711 171.8102264404297 275.0545883178711 273.124267578125 240.4766082763672 273.124267578125
241.855224609375 171.6088104248047 275.80712890625 171.6088104248047 275.80712890625 273.2206039428711 241.855224609375 273.2206039428711
242.7604522705078 173.56124877929688 276.09156036376953 173.56124877929688 276.09156036376953 273.79471588134766 242.7604522705078 273.79471588134766
243.0150604248047 171.56985473632812 276.4776039123535 171.56985473632812 276.4776039123535 273.8731384277344 243.0150604248047 273.8731384277344
243.4564666748047 172.50009155273438 276.71928787231445 172.50009155273438 276.71928787231445 274.93480682373047 243.4564666748047 274.93480682373047
243.6664581298828 173.49020385742188 276.54040145874023 173.49020385742188 276.54040145874023 275.02396392822266 243.6664581298828 275.02396392822266
243.2368927001953 169.24481201171875 278.11071395874023 169.24481201171875 278.11071395874023 276.75323486328125 243.2368927001953 276.75323486328125
243.2532196044922 170.00845336914062 278.1049003601074 170.00845336914062 278.1049003601074 277.2757873535156 243.2532196044922 277.2757873535156
244.12564086914062 171.41671752929688 278.94795989990234 171.41671752929688 278.94795989990234 279.46192932128906 244.12564086914062 279.46192932128906
244.0057373046875 171.7970428466797 279.24390411376953 171.7970428466797 279.24390411376953 279.99031829833984 244.0057373046875 279.99031829833984
244.064208984375 170.2041778564453 280.3126525878906 170.2041778564453 280.3126525878906 281.78685760498047 244.064208984375 281.78685760498047
244.0323486328125 171.5403289794922 280.43110275268555 171.5403289794922 280.43110275268555 282.4420471191406 244.0323486328125 282.4420471191406
245.0569610595703 170.2632598876953 281.96081161499023 170.2632598876953 281.96081161499023 281.1546173095703 245.0569610595703 281.1546173095703
243.4909210205078 170.72335815429688 281.1686553955078 170.72335815429688 281.1686553955078 279.76145935058594 243.4909210205078 279.76145935058594
244.09561157226562 171.87881469726562 281.4829635620117 171.87881469726562 281.4829635620117 279.83876037597656 244.09561157226562 279.83876037597656
244.8195037841797 169.14688110351562 281.98155212402344 169.14688110351562 281.98155212402344 280.87181091308594 244.8195037841797 280.87181091308594
246.07028198242188 173.51629638671875 282.0258979797363 173.51629638671875 282.0258979797363 277.84649658203125 246.07028198242188 277.84649658203125
246.31021118164062 173.81314086914062 281.3443374633789 173.81314086914062 281.3443374633789 277.2460479736328 246.31021118164062 277.2460479736328
246.76065063476562 171.27569580078125 282.92044830322266 171.27569580078125 282.92044830322266 272.7677917480469 246.76065063476562 272.7677917480469
249.27490234375 172.04238891601562 284.18299102783203 172.04238891601562 284.18299102783203 272.87023162841797 249.27490234375 272.87023162841797
249.4822998046875 172.56204223632812 283.6903305053711 172.56204223632812 283.6903305053711 272.8070755004883 249.4822998046875 272.8070755004883
248.8233184814453 171.45303344726562 283.519718170166 171.45303344726562 283.519718170166 272.5726776123047 248.8233184814453 272.5726776123047
251.3837432861328 173.34056091308594 284.47438049316406 173.34056091308594 284.47438049316406 271.01927185058594 251.3837432861328 271.01927185058594
250.0165557861328 174.23182678222656 283.62854385375977 174.23182678222656 283.62854385375977 270.57556915283203 250.0165557861328 270.57556915283203
252.98629760742188 170.60989379882812 285.59019470214844 170.60989379882812 285.59019470214844 268.0559768676758 252.98629760742188 268.0559768676758
252.7660675048828 171.5282745361328 285.14964294433594 171.5282745361328 285.14964294433594 267.3850860595703 252.7660675048828 267.3850860595703
253.2997283935547 171.4862518310547 285.2589683532715 171.4862518310547 285.2589683532715 267.41966247558594 253.2997283935547 267.41966247558594
254.81893920898438 169.609130859375 286.3361568450928 169.609130859375 286.3361568450928 269.1389694213867 254.81893920898438 269.1389694213867
254.9606475830078 169.01351928710938 286.54880142211914 169.01351928710938 286.54880142211914 268.1337127685547 254.9606475830078 268.1337127685547
255.1314239501953 169.11756896972656 286.48719787597656 169.11756896972656 286.48719787597656 268.2190246582031 255.1314239501953 268.2190246582031
256.95965576171875 167.7967987060547 288.4158058166504 167.7967987060547 288.4158058166504 271.1446838378906 256.95965576171875 271.1446838378906
256.81488037109375 167.31753540039062 288.2399387359619 167.31753540039062 288.2399387359619 270.5567092895508 256.81488037109375 270.5567092895508
257.41339111328125 168.3995361328125 289.1237602233887 168.3995361328125 289.1237602233887 271.0355224609375 257.41339111328125 271.0355224609375
257.3547668457031 169.8862762451172 289.09995460510254 169.8862762451172 289.09995460510254 272.08858489990234 257.3547668457031 272.08858489990234
256.9287109375 170.06259155273438 289.1847610473633 170.06259155273438 289.1847610473633 273.5687561035156 256.9287109375 273.5687561035156
256.9165344238281 168.8368377685547 289.2889595031738 168.8368377685547 289.2889595031738 273.0639343261719 256.9165344238281 273.0639343261719
256.8707580566406 169.7602996826172 289.3463325500488 169.7602996826172 289.3463325500488 271.9696578979492 256.8707580566406 271.9696578979492
257.0220947265625 170.433837890625 289.1686897277832 170.433837890625 289.1686897277832 271.0269088745117 257.0220947265625 271.0269088745117
257.66485595703125 171.39895629882812 289.8108024597168 171.39895629882812 289.8108024597168 273.6324234008789 257.66485595703125 273.6324234008789
257.60247802734375 170.84213256835938 290.8525695800781 170.84213256835938 290.8525695800781 270.04737091064453 257.60247802734375 270.04737091064453
257.09967041015625 171.91000366210938 289.98403549194336 171.91000366210938 289.98403549194336 268.43087005615234 257.09967041015625 268.43087005615234
259.84893798828125 173.42933654785156 291.1383476257324 173.42933654785156 291.1383476257324 267.1721725463867 259.84893798828125 267.1721725463867
259.0382080078125 174.48025512695312 290.4749565124512 174.48025512695312 290.4749565124512 267.36289978027344 259.0382080078125 267.36289978027344
259.2518615722656 175.1545867919922 290.6986846923828 175.1545867919922 290.6986846923828 268.08289337158203 259.2518615722656 268.08289337158203
261.7362365722656 171.49391174316406 291.9344139099121 171.49391174316406 291.9344139099121 265.7391586303711 261.7362365722656 265.7391586303711
261.2623596191406 170.0442657470703 291.5840663909912 170.0442657470703 291.5840663909912 264.7913818359375 261.2623596191406 264.7913818359375
261.1094055175781 171.5220947265625 291.2818202972412 171.5220947265625 291.2818202972412 265.60203552246094 261.1094055175781 265.60203552246094
262.9186096191406 171.73446655273438 293.22314453125 171.73446655273438 293.22314453125 267.7181854248047 262.9186096191406 267.7181854248047
262.92596435546875 174.51815795898438 293.12880516052246 174.51815795898438 293.12880516052246 269.56177520751953 262.92596435546875 269.56177520751953
265.48480224609375 173.48886108398438 296.31678199768066 173.48886108398438 296.31678199768066 273.0065612792969 265.48480224609375 273.0065612792969
265.2045593261719 172.519287109375 295.8959102630615 172.519287109375 295.8959102630615 271.22747802734375 265.2045593261719 271.22747802734375
266.7286376953125 173.28298950195312 297.20216369628906 173.28298950195312 297.20216369628906 274.60301208496094 266.7286376953125 274.60301208496094
267.05908203125 174.11398315429688 297.39751625061035 174.11398315429688 297.39751625061035 275.57322692871094 267.05908203125 275.57322692871094
267.7096252441406 177.06707763671875 298.98403549194336 177.06707763671875 298.98403549194336 278.27677154541016 267.7096252441406 278.27677154541016
267.46197509765625 173.9483184814453 299.1149101257324 173.9483184814453 299.1149101257324 277.95765686035156 267.46197509765625 277.95765686035156
267.10955810546875 173.37448120117188 299.04906272888184 173.37448120117188 299.04906272888184 275.4149627685547 267.10955810546875 275.4149627685547
267.25592041015625 172.9280242919922 299.3204803466797 172.9280242919922 299.3204803466797 276.0917434692383 267.25592041015625 276.0917434692383
267.0543518066406 173.86183166503906 299.25395584106445 173.86183166503906 299.25395584106445 276.2502746582031 267.0543518066406 276.2502746582031
269.84649658203125 171.56692504882812 301.4640998840332 171.56692504882812 301.4640998840332 276.14280700683594 269.84649658203125 276.14280700683594
269.48052978515625 171.52947998046875 301.08733558654785 171.52947998046875 301.08733558654785 276.22637939453125 269.48052978515625 276.22637939453125
269.22076416015625 173.60948181152344 300.8606262207031 173.60948181152344 300.8606262207031 277.1317443847656 269.22076416015625 277.1317443847656
269.23150634765625 171.90579223632812 300.7085380554199 171.90579223632812 300.7085380554199 277.29126739501953 269.23150634765625 277.29126739501953
268.87811279296875 172.07388305664062 300.4344234466553 172.07388305664062 300.4344234466553 277.0051803588867 268.87811279296875 277.0051803588867
269.69677734375 171.71246337890625 301.2618808746338 171.71246337890625 301.2618808746338 279.0207061767578 269.69677734375 279.0207061767578
269.6737365722656 170.77650451660156 301.48939514160156 170.77650451660156 301.48939514160156 278.33233642578125 269.6737365722656 278.33233642578125
269.9848937988281 173.5511016845703 301.3580265045166 173.5511016845703 301.3580265045166 278.8694839477539 269.9848937988281 278.8694839477539
269.4959411621094 174.0398406982422 301.31867599487305 174.0398406982422 301.31867599487305 279.40228271484375 269.4959411621094 279.40228271484375
269.0164489746094 176.1588592529297 300.6168632507324 176.1588592529297 300.6168632507324 279.95751953125 269.0164489746094 279.95751953125
268.20465087890625 174.18370056152344 301.4962348937988 174.18370056152344 301.4962348937988 280.2147445678711 268.20465087890625 280.2147445678711
268.2508239746094 173.38165283203125 302.0098304748535 173.38165283203125 302.0098304748535 280.2645721435547 268.2508239746094 280.2645721435547
266.5938415527344 175.99624633789062 300.81812286376953 175.99624633789062 300.81812286376953 280.61595916748047 266.5938415527344 280.61595916748047
267.1806640625 176.13058471679688 301.7925109863281 176.13058471679688 301.7925109863281 281.61986541748047 267.1806640625 281.61986541748047
267.21734619140625 175.84725952148438 301.6244239807129 175.84725952148438 301.6244239807129 280.9297790527344 267.21734619140625 280.9297790527344
265.9092712402344 174.92984008789062 301.3795852661133 174.92984008789062 301.3795852661133 280.7886657714844 265.9092712402344 280.7886657714844
265.3214416503906 173.5863494873047 300.7829360961914 173.5863494873047 300.7829360961914 280.4720153808594 265.3214416503906 280.4720153808594
263.90850830078125 169.99575805664062 298.7510757446289 169.99575805664062 298.7510757446289 279.6769256591797 263.90850830078125 279.6769256591797
263.9549255371094 171.30227661132812 299.1612854003906 171.30227661132812 299.1612854003906 280.74999237060547 263.9549255371094 280.74999237060547
264.6747131347656 169.90818786621094 299.6356506347656 169.90818786621094 299.6356506347656 279.0545959472656 264.6747131347656 279.0545959472656
263.6354064941406 169.1796417236328 298.94902420043945 169.1796417236328 298.94902420043945 278.62623596191406 263.6354064941406 278.62623596191406
264.5896911621094 167.81591796875 299.5302314758301 167.81591796875 299.5302314758301 278.24365234375 264.5896911621094 278.24365234375
265.6292419433594 168.29441833496094 300.54029846191406 168.29441833496094 300.54029846191406 280.5329284667969 265.6292419433594 280.5329284667969
265.3433532714844 169.1201934814453 300.20410919189453 169.1201934814453 300.20410919189453 279.23406982421875 265.3433532714844 279.23406982421875
266.9452819824219 170.29534912109375 301.5951614379883 170.29534912109375 301.5951614379883 278.7871322631836 266.9452819824219 278.7871322631836
266.6993713378906 171.2235870361328 301.01634979248047 171.2235870361328 301.01634979248047 279.0162124633789 266.6993713378906 279.0162124633789
270.33258056640625 169.18899536132812 304.42444610595703 169.18899536132812 304.42444610595703 283.5933380126953 270.33258056640625 283.5933380126953
269.58074951171875 167.37979125976562 304.3982849121094 167.37979125976562 304.3982849121094 283.70240783691406 269.58074951171875 283.70240783691406
270.19561767578125 166.97618103027344 304.66179275512695 166.97618103027344 304.66179275512695 282.7387924194336 270.19561767578125 282.7387924194336
273.14874267578125 170.60610961914062 309.2018051147461 170.60610961914062 309.2018051147461 283.44773864746094 273.14874267578125 283.44773864746094
272.13934326171875 169.18051147460938 308.98572540283203 169.18051147460938 308.98572540283203 283.39964294433594 272.13934326171875 283.39964294433594
276.3099670410156 166.7977294921875 311.68100357055664 166.7977294921875 311.68100357055664 278.63216400146484 276.3099670410156 278.63216400146484
275.1648864746094 162.30624389648438 311.289608001709 162.30624389648438 311.289608001709 276.4067916870117 275.1648864746094 276.4067916870117
275.0495300292969 165.18443298339844 311.216796875 165.18443298339844 311.216796875 278.3299255371094 275.0495300292969 278.3299255371094
279.49151611328125 167.15737915039062 315.2004203796387 167.15737915039062 315.2004203796387 274.0699157714844 279.49151611328125 274.0699157714844
279.1986083984375 165.0046844482422 315.5438766479492 165.0046844482422 315.5438766479492 273.7079772949219 279.1986083984375 273.7079772949219
281.52484130859375 167.05821228027344 317.66707611083984 167.05821228027344 317.66707611083984 276.73169708251953 281.52484130859375 276.73169708251953
281.6958312988281 166.01121520996094 317.72651290893555 166.01121520996094 317.72651290893555 275.48702239990234 281.6958312988281 275.48702239990234
285.7373352050781 172.2450714111328 319.9037551879883 172.2450714111328 319.9037551879883 278.8291778564453 285.7373352050781 278.8291778564453
285.6098937988281 170.8596649169922 320.072078704834 170.8596649169922 320.072078704834 278.02657318115234 285.6098937988281 278.02657318115234
289.36602783203125 168.2832489013672 323.6112403869629 168.2832489013672 323.6112403869629 278.2481689453125 289.36602783203125 278.2481689453125
286.96575927734375 168.4789581298828 321.3363494873047 168.4789581298828 321.3363494873047 276.90929412841797 286.96575927734375 276.90929412841797
289.75079345703125 166.7105255126953 323.78157806396484 166.7105255126953 323.78157806396484 276.33951568603516 289.75079345703125 276.33951568603516
298.3305358886719 165.90426635742188 331.2909164428711 165.90426635742188 331.2909164428711 276.1902770996094 298.3305358886719 276.1902770996094
298.41461181640625 167.36276245117188 331.32448959350586 167.36276245117188 331.32448959350586 278.4671325683594 298.41461181640625 278.4671325683594
298.4844055175781 166.25772094726562 331.0510940551758 166.25772094726562 331.0510940551758 274.05030059814453 298.4844055175781 274.05030059814453
293.15045166015625 166.14846801757812 326.12578201293945 166.14846801757812 326.12578201293945 273.82810974121094 293.15045166015625 273.82810974121094
300.64324951171875 168.98382568359375 334.04904556274414 168.98382568359375 334.04904556274414 277.66383361816406 300.64324951171875 277.66383361816406
301.8545837402344 169.7056121826172 334.6535224914551 169.7056121826172 334.6535224914551 277.0540466308594 301.8545837402344 277.0540466308594
302.3234558105469 172.20297241210938 335.2703666687012 172.20297241210938 335.2703666687012 280.8119583129883 302.3234558105469 280.8119583129883
303.91302490234375 166.95068359375 337.4872703552246 166.95068359375 337.4872703552246 274.16204833984375 303.91302490234375 274.16204833984375
303.85394287109375 163.91966247558594 337.66837310791016 163.91966247558594 337.66837310791016 270.5345916748047 303.85394287109375 270.5345916748047
304.802978515625 167.0502471923828 337.9090576171875 167.0502471923828 337.9090576171875 271.8602600097656 304.802978515625 271.8602600097656
307.52508544921875 173.2160186767578 339.82003021240234 173.2160186767578 339.82003021240234 280.1345748901367 307.52508544921875 280.1345748901367
306.97442626953125 171.7550811767578 339.50075912475586 171.7550811767578 339.50075912475586 277.9924087524414 306.97442626953125 277.9924087524414
310.595703125 170.546875 343.3656120300293 170.546875 343.3656120300293 280.6456756591797 310.595703125 280.6456756591797
310.42864990234375 170.2705535888672 343.2988967895508 170.2705535888672 343.2988967895508 278.6338806152344 310.42864990234375 278.6338806152344
313.7314758300781 168.4720458984375 347.35107421875 168.4720458984375 347.35107421875 282.3971405029297 313.7314758300781 282.3971405029297
311.91302490234375 168.5614013671875 344.91349029541016 168.5614013671875 344.91349029541016 279.53465270996094 311.91302490234375 279.53465270996094
316.0158386230469 170.7480926513672 348.078914642334 170.7480926513672 348.078914642334 280.4610061645508 316.0158386230469 280.4610061645508
317.1523132324219 170.14634704589844 349.8544387817383 170.14634704589844 349.8544387817383 282.9411087036133 317.1523132324219 282.9411087036133
302.90625 161.16329956054688 339.1420783996582 161.16329956054688 339.1420783996582 274.5465545654297 302.90625 274.5465545654297
318.34002685546875 170.08546447753906 352.3769760131836 170.08546447753906 352.3769760131836 280.47618865966797 318.34002685546875 280.47618865966797
317.25482177734375 171.28671264648438 350.6927299499512 171.28671264648438 350.6927299499512 280.4425354003906 317.25482177734375 280.4425354003906
317.8052673339844 177.6243438720703 351.5732307434082 177.6243438720703 351.5732307434082 285.5736083984375 317.8052673339844 285.5736083984375
317.41229248046875 174.16342163085938 351.28614044189453 174.16342163085938 351.28614044189453 282.93859100341797 317.41229248046875 282.93859100341797
319.61322021484375 174.8521728515625 354.6706237792969 174.8521728515625 354.6706237792969 282.3220443725586 319.61322021484375 282.3220443725586
320.13214111328125 174.00595092773438 355.67382049560547 174.00595092773438 355.67382049560547 282.27954864501953 320.13214111328125 282.27954864501953
320.87750244140625 173.24156188964844 356.7208671569824 173.24156188964844 356.7208671569824 281.90418243408203 320.87750244140625 281.90418243408203
320.66864013671875 173.5167694091797 356.49488067626953 173.5167694091797 356.49488067626953 281.50904083251953 320.66864013671875 281.50904083251953
319.6974182128906 174.93899536132812 354.4815216064453 174.93899536132812 354.4815216064453 281.6191864013672 319.6974182128906 281.6191864013672
322.45220947265625 171.9571075439453 358.5002326965332 171.9571075439453 358.5002326965332 276.7955322265625 322.45220947265625 276.7955322265625
323.9033508300781 172.22518920898438 359.8416976928711 172.22518920898438 359.8416976928711 278.0157165527344 323.9033508300781 278.0157165527344
327.06622314453125 177.7424774169922 361.79003143310547 177.7424774169922 361.79003143310547 285.2626419067383 327.06622314453125 285.2626419067383
325.9540100097656 176.14105224609375 360.88675689697266 176.14105224609375 360.88675689697266 284.8126449584961 325.9540100097656 284.8126449584961
327.855224609375 168.66305541992188 364.046630859375 168.66305541992188 364.046630859375 279.21022033691406 327.855224609375 279.21022033691406
328.3226318359375 172.70639038085938 364.507869720459 172.70639038085938 364.507869720459 282.71971893310547 328.3226318359375 282.71971893310547
332.93035888671875 176.3255157470703 368.97547912597656 176.3255157470703 368.97547912597656 286.84730529785156 332.93035888671875 286.84730529785156
333.1524353027344 170.14149475097656 369.14225006103516 170.14149475097656 369.14225006103516 281.79637908935547 333.1524353027344 281.79637908935547
334.9709167480469 170.49122619628906 370.98298263549805 170.49122619628906 370.98298263549805 280.253173828125 334.9709167480469 280.253173828125
337.55401611328125 171.24354553222656 373.6409606933594 171.24354553222656 373.6409606933594 282.2489547729492 337.55401611328125 282.2489547729492
339.81158447265625 170.2100067138672 375.7689018249512 170.2100067138672 375.7689018249512 280.3857650756836 339.81158447265625 280.3857650756836
342.4960632324219 166.065185546875 380.12829971313477 166.065185546875 380.12829971313477 283.8178482055664 342.4960632324219 283.8178482055664
343.56378173828125 170.04708862304688 381.56481170654297 170.04708862304688 381.56481170654297 276.1018981933594 343.56378173828125 276.1018981933594
340.8092956542969 171.07167053222656 378.9114570617676 171.07167053222656 378.9114570617676 280.46961975097656 340.8092956542969 280.46961975097656
346.60552978515625 174.34170532226562 384.0067596435547 174.34170532226562 384.0067596435547 280.5546188354492 346.60552978515625 280.5546188354492
350.08929443359375 176.02090454101562 388.15134048461914 176.02090454101562 388.15134048461914 282.91905975341797 350.08929443359375 282.91905975341797
352.7838134765625 175.5984344482422 388.01522064208984 175.5984344482422 388.01522064208984 286.5505599975586 352.7838134765625 286.5505599975586
355.1752014160156 177.32687377929688 390.35175704956055 177.32687377929688 390.35175704956055 284.8767623901367 355.1752014160156 284.8767623901367
