263.0 175.0 282.0 175.0 282.0 237.0 263.0 237.0
260.1202697753906 175.0149688720703 278.6575584411621 175.0149688720703 278.6575584411621 240.28053283691406 260.1202697753906 240.28053283691406
258.5724182128906 173.63406372070312 277.6624641418457 173.63406372070312 277.6624641418457 240.79600524902344 258.5724182128906 240.79600524902344
257.61822509765625 175.17462158203125 276.84317207336426 175.17462158203125 276.84317207336426 238.05292892456055 257.61822509765625 238.05292892456055
256.9742431640625 175.19326782226562 276.7375831604004 175.19326782226562 276.7375831604004 237.1053352355957 256.9742431640625 237.1053352355957
255.916259765625 176.03860473632812 275.079553604126 176.03860473632812 275.079553604126 236.85746002197266 255.916259765625 236.85746002197266
254.3282928466797 175.3282012939453 273.4258003234863 175.3282012939453 273.4258003234863 236.2846450805664 254.3282928466797 236.2846450805664
253.370361328125 175.9048309326172 273.1748638153076 175.9048309326172 273.1748638153076 236.34759902954102 253.370361328125 236.34759902954102
251.736572265625 177.34056091308594 271.0545959472656 177.34056091308594 271.0545959472656 236.63342666625977 251.736572265625 236.63342666625977
249.3551788330078 176.97555541992188 269.6786117553711 176.97555541992188 269.6786117553711 235.57819366455078 249.3551788330078 235.57819366455078
248.61380004882812 177.29928588867188 268.58555603027344 177.29928588867188 268.58555603027344 238.37164306640625 248.61380004882812 238.37164306640625
247.6876983642578 176.14797973632812 266.4664306640625 176.14797973632812 266.4664306640625 240.50625610351562 247.6876983642578 240.50625610351562
247.55587768554688 175.90090942382812 266.35753440856934 175.90090942382812 266.35753440856934 240.48670196533203 247.55587768554688 240.48670196533203
245.71011352539062 175.91226196289062 263.49714279174805 175.91226196289062 263.49714279174805 241.19654846191406 245.71011352539062 241.19654846191406
243.2928009033203 177.29859924316406 260.3801860809326 177.29859924316406 260.3801860809326 240.59552383422852 243.2928009033203 240.59552383422852
242.44778442382812 177.0386962890625 259.5703315734863 177.0386962890625 259.5703315734863 239.95408248901367 242.44778442382812 239.95408248901367
241.8688507080078 176.1621856689453 259.85152435302734 176.1621856689453 259.85152435302734 239.8737335205078 241.8688507080078 239.8737335205078
241.2775421142578 175.81288146972656 259.25848388671875 175.81288146972656 259.25848388671875 240.34304809570312 241.2775421142578 240.34304809570312
240.3398895263672 176.1871337890625 261.6154155731201 176.1871337890625 261.6154155731201 239.40155029296875 240.3398895263672 239.40155029296875
240.2270965576172 175.35403442382812 261.65425872802734 175.35403442382812 261.65425872802734 239.34393310546875 240.2270965576172 239.34393310546875
240.0691680908203 176.3824462890625 261.88964080810547 176.3824462890625 261.88964080810547 239.19904327392578 240.0691680908203 239.19904327392578
239.6394500732422 176.72030639648438 261.4909210205078 176.72030639648438 261.4909210205078 238.39990997314453 239.6394500732422 238.39990997314453
239.60574340820312 176.49180603027344 261.1360054016113 176.49180603027344 261.1360054016113 238.4912452697754 239.60574340820312 238.4912452697754
239.60922241210938 176.39498901367188 261.72143745422363 176.39498901367188 261.72143745422363 238.18229293823242 239.60922241210938 238.18229293823242
239.2880859375 175.74606323242188 260.65248107910156 175.74606323242188 260.65248107910156 238.50515747070312 239.2880859375 238.50515747070312
239.4456329345703 176.33396911621094 260.27706718444824 176.33396911621094 260.27706718444824 238.31115341186523 239.4456329345703 238.31115341186523
239.5189971923828 176.69436645507812 260.50906562805176 176.69436645507812 260.50906562805176 238.07611083984375 239.5189971923828 238.07611083984375
239.44509887695312 177.28958129882812 260.5128364562988 177.28958129882812 260.5128364562988 238.62609100341797 239.44509887695312 238.62609100341797
239.3037109375 176.76821899414062 260.0867404937744 176.76821899414062 260.0867404937744 238.6574592590332 239.3037109375 238.6574592590332
239.32168579101562 177.7464141845703 260.3683280944824 177.7464141845703 260.3683280944824 238.13415908813477 239.32168579101562 238.13415908813477
238.89468383789062 177.01834106445312 259.5556755065918 177.01834106445312 259.5556755065918 238.3469352722168 238.89468383789062 238.3469352722168
238.6412811279297 177.2327117919922 260.32548332214355 177.2327117919922 260.32548332214355 238.46672821044922 238.6412811279297 238.46672821044922
238.87472534179688 176.49676513671875 260.44184494018555 176.49676513671875 260.44184494018555 238.0507583618164 238.87472534179688 238.0507583618164
238.5796356201172 178.07131958007812 259.953332901001 178.07131958007812 259.953332901001 238.15924072265625 238.5796356201172 238.15924072265625
238.53701782226562 177.78189086914062 259.73157501220703 177.78189086914062 259.73157501220703 238.03363800048828 238.53701782226562 238.03363800048828
238.4581756591797 177.77407836914062 259.96855545043945 177.77407836914062 259.96855545043945 237.35900115966797 238.4581756591797 237.35900115966797
238.0260467529297 176.6830291748047 259.7068061828613 176.6830291748047 259.7068061828613 237.39538192749023 238.0260467529297 237.39538192749023
237.5641326904297 176.14724731445312 259.1495952606201 176.14724731445312 259.1495952606201 237.58612823486328 237.5641326904297 237.58612823486328
237.67239379882812 176.39610290527344 257.9248275756836 176.39610290527344 257.9248275756836 237.14276885986328 237.67239379882812 237.14276885986328
237.17617797851562 177.8207244873047 256.3265438079834 177.8207244873047 256.3265438079834 237.6382064819336 237.17617797851562 237.6382064819336
236.7930145263672 177.7003936767578 255.60093688964844 177.7003936767578 255.60093688964844 237.28903579711914 236.7930145263672 237.28903579711914
236.4195098876953 178.81150817871094 255.39857864379883 178.81150817871094 255.39857864379883 237.43770599365234 236.4195098876953 237.43770599365234
236.245849609375 178.9045867919922 255.04286766052246 178.9045867919922 255.04286766052246 237.44517517089844 236.245849609375 237.44517517089844
235.5419158935547 178.24301147460938 255.56296730041504 178.24301147460938 255.56296730041504 236.53849411010742 235.5419158935547 236.53849411010742
234.97021484375 178.1494903564453 256.4008083343506 178.1494903564453 256.4008083343506 235.97369003295898 234.97021484375 235.97369003295898
235.0602569580078 177.18081665039062 256.5343589782715 177.18081665039062 256.5343589782715 235.63671112060547 235.0602569580078 235.63671112060547
234.8851318359375 176.9525909423828 256.91172218322754 176.9525909423828 256.91172218322754 235.9674949645996 234.8851318359375 235.9674949645996
234.4613037109375 178.25779724121094 255.97478866577148 178.25779724121094 255.97478866577148 234.6527557373047 234.4613037109375 234.6527557373047
234.32528686523438 178.5214385986328 255.5474681854248 178.5214385986328 255.5474681854248 235.44933319091797 234.32528686523438 235.44933319091797
233.8817596435547 177.54067993164062 255.01412963867188 177.54067993164062 255.01412963867188 235.22445678710938 233.8817596435547 235.22445678710938
233.58547973632812 177.30343627929688 254.01618576049805 177.30343627929688 254.01618576049805 234.85089111328125 233.58547973632812 234.85089111328125
233.68991088867188 177.49200439453125 254.26465034484863 177.49200439453125 254.26465034484863 235.30328369140625 233.68991088867188 235.30328369140625
233.0965576171875 177.9720458984375 252.98005294799805 177.9720458984375 252.98005294799805 236.38927459716797 233.0965576171875 236.38927459716797
232.44406127929688 178.89785766601562 251.8789882659912 178.89785766601562 251.8789882659912 236.0504264831543 232.44406127929688 236.0504264831543
231.6922149658203 179.07199096679688 250.23706817626953 179.07199096679688 250.23706817626953 235.70734405517578 231.6922149658203 235.70734405517578
230.6673583984375 179.77395629882812 250.0368537902832 179.77395629882812 250.0368537902832 235.68869018554688 230.6673583984375 235.68869018554688
229.8677520751953 178.01173400878906 250.20363426208496 178.01173400878906 250.20363426208496 234.7154998779297 229.8677520751953 234.7154998779297
229.9029083251953 179.0811767578125 250.60430335998535 179.0811767578125 250.60430335998535 234.4792366027832 229.9029083251953 234.4792366027832
229.8389434814453 179.0723876953125 250.36621475219727 179.0723876953125 250.36621475219727 233.3288459777832 229.8389434814453 233.3288459777832
229.62411499023438 180.5923614501953 249.82911491394043 180.5923614501953 249.82911491394043 233.31301498413086 229.62411499023438 233.31301498413086
229.00244140625 180.36465454101562 249.2764434814453 180.36465454101562 249.2764434814453 232.66509246826172 229.00244140625 232.66509246826172
228.97970581054688 179.6925506591797 249.05531692504883 179.6925506591797 249.05531692504883 232.7859230041504 228.97970581054688 232.7859230041504
228.3457489013672 179.5159454345703 248.65767288208008 179.5159454345703 248.65767288208008 233.0041046142578 228.3457489013672 233.0041046142578
228.3269500732422 178.50050354003906 248.43460845947266 178.50050354003906 248.43460845947266 232.77452087402344 228.3269500732422 232.77452087402344
227.7274932861328 178.81655883789062 247.77648735046387 178.81655883789062 247.77648735046387 233.85856246948242 227.7274932861328 233.85856246948242
227.51260375976562 179.25216674804688 247.04379081726074 179.25216674804688 247.04379081726074 234.6165771484375 227.51260375976562 234.6165771484375
226.97811889648438 179.72940063476562 245.8890552520752 179.72940063476562 245.8890552520752 234.91238403320312 226.97811889648438 234.91238403320312
226.5833740234375 180.187744140625 244.99065017700195 180.187744140625 244.99065017700195 234.1538314819336 226.5833740234375 234.1538314819336
225.9037628173828 180.14126586914062 245.09852981567383 180.14126586914062 245.09852981567383 233.24409866333008 225.9037628173828 233.24409866333008
225.7240447998047 179.98455810546875 244.3931427001953 179.98455810546875 244.3931427001953 234.06578826904297 225.7240447998047 234.06578826904297
225.49349975585938 179.20010375976562 245.95400047302246 179.20010375976562 245.95400047302246 233.00519561767578 225.49349975585938 233.00519561767578
225.25704956054688 180.42819213867188 245.22149658203125 180.42819213867188 245.22149658203125 233.09542846679688 225.25704956054688 233.09542846679688
225.340087890625 180.59121704101562 245.48696899414062 180.59121704101562 245.48696899414062 232.75677490234375 225.340087890625 232.75677490234375
224.9114990234375 179.7117919921875 244.81925773620605 179.7117919921875 244.81925773620605 232.93730926513672 224.9114990234375 232.93730926513672
224.9064483642578 180.56497192382812 244.7565975189209 180.56497192382812 244.7565975189209 233.08055877685547 224.9064483642578 233.08055877685547
224.9834442138672 179.1325225830078 244.93630409240723 179.1325225830078 244.93630409240723 232.40100479125977 224.9834442138672 232.40100479125977
225.4114990234375 178.5488739013672 245.30800437927246 178.5488739013672 245.30800437927246 232.0548553466797 225.4114990234375 232.0548553466797
225.8598175048828 178.82156372070312 245.33623695373535 178.82156372070312 245.33623695373535 232.523681640625 225.8598175048828 232.523681640625
226.0787353515625 179.83157348632812 245.0445556640625 179.83157348632812 245.0445556640625 232.42731475830078 226.0787353515625 232.42731475830078
226.18826293945312 181.60006713867188 245.79766273498535 181.60006713867188 245.79766273498535 232.35796356201172 226.18826293945312 232.35796356201172
226.2896728515625 181.80601501464844 246.28926467895508 181.80601501464844 246.28926467895508 232.6048583984375 226.2896728515625 232.6048583984375
226.24765014648438 181.50872802734375 245.61932563781738 181.50872802734375 245.61932563781738 232.8838005065918 226.24765014648438 232.8838005065918
226.1290740966797 178.90740966796875 245.66349601745605 178.90740966796875 245.66349601745605 232.94903564453125 226.1290740966797 232.94903564453125
225.96347045898438 178.573974609375 246.61379051208496 178.573974609375 246.61379051208496 232.6069107055664 225.96347045898438 232.6069107055664
226.53396606445312 179.0890350341797 247.18469619750977 179.0890350341797 247.18469619750977 232.78264999389648 226.53396606445312 232.78264999389648
226.4196319580078 179.9430389404297 247.51694107055664 179.9430389404297 247.51694107055664 233.03039169311523 226.4196319580078 233.03039169311523
227.03378295898438 179.6828155517578 247.89603233337402 179.6828155517578 247.89603233337402 232.83931732177734 227.03378295898438 232.83931732177734
227.6796875 179.15283203125 248.0186653137207 179.15283203125 248.0186653137207 232.5257339477539 227.6796875 232.5257339477539
227.96670532226562 178.26913452148438 248.70969200134277 178.26913452148438 248.70969200134277 232.1374397277832 227.96670532226562 232.1374397277832
227.9597930908203 178.24575805664062 248.71873664855957 178.24575805664062 248.71873664855957 232.04799270629883 227.9597930908203 232.04799270629883
228.7477264404297 177.50570678710938 248.57191848754883 177.50570678710938 248.57191848754883 231.88376998901367 228.7477264404297 231.88376998901367
228.9063262939453 178.24246215820312 249.08798599243164 178.24246215820312 249.08798599243164 232.1137466430664 228.9063262939453 232.1137466430664
229.58544921875 179.17129516601562 249.08879470825195 179.17129516601562 249.08879470825195 231.4694595336914 229.58544921875 231.4694595336914
229.5600128173828 180.08457946777344 249.29022598266602 180.08457946777344 249.29022598266602 231.6810073852539 229.5600128173828 231.6810073852539
229.84494018554688 178.70103454589844 249.97630500793457 178.70103454589844 249.97630500793457 231.61180877685547 229.84494018554688 231.61180877685547
229.8984375 178.29092407226562 250.3446502685547 178.29092407226562 250.3446502685547 231.73703002929688 229.8984375 231.73703002929688
230.79891967773438 177.98007202148438 250.4766025543213 177.98007202148438 250.4766025543213 232.07732391357422 230.79891967773438 232.07732391357422
231.1302490234375 178.87823486328125 250.64742469787598 178.87823486328125 250.64742469787598 232.8067855834961 231.1302490234375 232.8067855834961
231.61770629882812 178.92359924316406 250.7720127105713 178.92359924316406 250.7720127105713 233.11270904541016 231.61770629882812 233.11270904541016
232.0658721923828 179.3224334716797 251.08537673950195 179.3224334716797 251.08537673950195 232.80455017089844 232.0658721923828 232.80455017089844
232.283447265625 179.43344116210938 251.56357765197754 179.43344116210938 251.56357765197754 232.6698989868164 232.283447265625 232.6698989868164
232.7886199951172 178.17837524414062 252.3089199066162 178.17837524414062 252.3089199066162 232.37736892700195 232.7886199951172 232.37736892700195
233.6298065185547 177.2264404296875 253.6493263244629 177.2264404296875 253.6493263244629 231.90875244140625 233.6298065185547 231.90875244140625
233.95693969726562 177.04513549804688 253.49372482299805 177.04513549804688 253.49372482299805 231.68975830078125 233.95693969726562 231.68975830078125
234.3730010986328 178.09837341308594 253.59869575500488 178.09837341308594 253.59869575500488 231.1112823486328 234.3730010986328 231.1112823486328
234.91650390625 179.2264862060547 254.6629409790039 179.2264862060547 254.6629409790039 230.3434181213379 234.91650390625 230.3434181213379
235.1765594482422 179.2742919921875 254.73468399047852 179.2742919921875 254.73468399047852 230.41624450683594 235.1765594482422 230.41624450683594
235.43191528320312 177.4234161376953 255.12219047546387 177.4234161376953 255.12219047546387 230.4975929260254 235.43191528320312 230.4975929260254
235.42410278320312 178.72616577148438 255.82332801818848 178.72616577148438 255.82332801818848 230.74108123779297 235.42410278320312 230.74108123779297
235.4502410888672 178.01602172851562 255.67834663391113 178.01602172851562 255.67834663391113 230.89236450195312 235.4502410888672 230.89236450195312
235.84555053710938 177.21542358398438 255.8303508758545 177.21542358398438 255.8303508758545 231.02599334716797 235.84555053710938 231.02599334716797
236.18515014648438 178.6499786376953 256.7595024108887 178.6499786376953 256.7595024108887 231.4532928466797 236.18515014648438 231.4532928466797
237.072998046875 177.8673858642578 256.9673500061035 177.8673858642578 256.9673500061035 231.38389587402344 237.072998046875 231.38389587402344
236.96932983398438 178.805419921875 256.5108280181885 178.805419921875 256.5108280181885 231.5139274597168 236.96932983398438 231.5139274597168
238.1280059814453 178.01242065429688 257.2327117919922 178.01242065429688 257.2327117919922 230.7376594543457 238.1280059814453 230.7376594543457
238.6084747314453 177.63656616210938 257.81114959716797 177.63656616210938 257.81114959716797 230.78139114379883 238.6084747314453 230.78139114379883
238.8534698486328 177.75741577148438 257.2569236755371 177.75741577148438 257.2569236755371 230.8480110168457 238.8534698486328 230.8480110168457
239.46505737304688 179.14306640625 257.84991455078125 179.14306640625 257.84991455078125 230.01800155639648 239.46505737304688 230.01800155639648
239.4106903076172 179.275146484375 258.09482765197754 179.275146484375 258.09482765197754 230.0289192199707 239.4106903076172 230.0289192199707
239.7476806640625 179.63131713867188 258.2170066833496 179.63131713867188 258.2170066833496 229.69110870361328 239.7476806640625 229.69110870361328
240.004150390625 179.0077667236328 257.81865882873535 179.0077667236328 257.81865882873535 229.32533264160156 240.004150390625 229.32533264160156
240.0301055908203 179.4560089111328 258.84465408325195 179.4560089111328 258.84465408325195 230.17108154296875 240.0301055908203 230.17108154296875
239.95016479492188 177.4444122314453 259.3654365539551 177.4444122314453 259.3654365539551 229.64501571655273 239.95016479492188 229.64501571655273
240.013916015625 178.9914093017578 259.3353099822998 178.9914093017578 259.3353099822998 229.8209457397461 240.013916015625 229.8209457397461
240.8190460205078 179.8806915283203 261.0742473602295 179.8806915283203 261.0742473602295 230.11101150512695 240.8190460205078 230.11101150512695
241.0133056640625 179.40713500976562 259.8431987762451 179.40713500976562 259.8431987762451 230.05148315429688 241.0133056640625 230.05148315429688
