211.0 142.0 229.0 142.0 229.0 187.0 211.0 187.0
209.5087890625 141.44503784179688 227.2974090576172 141.44503784179688 227.2974090576172 188.71356964111328 209.5087890625 188.71356964111328
207.4890899658203 141.94015502929688 225.1649055480957 141.94015502929688 225.1649055480957 188.1132469177246 207.4890899658203 188.1132469177246
205.2056884765625 140.23703002929688 223.08585739135742 140.23703002929688 223.08585739135742 188.2065658569336 205.2056884765625 188.2065658569336
202.57958984375 138.9012451171875 221.23985862731934 138.9012451171875 221.23985862731934 187.57998275756836 202.57958984375 187.57998275756836
198.92160034179688 139.01620483398438 218.63257217407227 139.01620483398438 218.63257217407227 185.38312911987305 198.92160034179688 185.38312911987305
197.2466278076172 138.41546630859375 216.60997581481934 138.41546630859375 216.60997581481934 184.14967727661133 197.2466278076172 184.14967727661133
194.66256713867188 137.4079132080078 214.14344215393066 137.4079132080078 214.14344215393066 183.79265594482422 194.66256713867188 183.79265594482422
192.2434539794922 135.07131958007812 212.7457046508789 135.07131958007812 212.7457046508789 183.6796760559082 192.2434539794922 183.6796760559082
190.20755004882812 133.8958740234375 211.4942569732666 133.8958740234375 211.4942569732666 182.16196823120117 190.20755004882812 182.16196823120117
188.90269470214844 132.9989013671875 209.87290000915527 132.9989013671875 209.87290000915527 181.29138565063477 188.90269470214844 181.29138565063477
188.10317993164062 132.85720825195312 208.7915802001953 132.85720825195312 208.7915802001953 179.13492584228516 188.10317993164062 179.13492584228516
187.75888061523438 131.07278442382812 208.3475570678711 131.07278442382812 208.3475570678711 179.42894744873047 187.75888061523438 179.42894744873047
187.20944213867188 130.095703125 208.89780807495117 130.095703125 208.89780807495117 177.16243743896484 187.20944213867188 177.16243743896484
186.0135498046875 128.06875610351562 207.48024940490723 128.06875610351562 207.48024940490723 175.119140625 186.0135498046875 175.119140625
186.12918090820312 128.09774780273438 207.6149845123291 128.09774780273438 207.6149845123291 174.83975219726562 186.12918090820312 174.83975219726562
184.2374267578125 124.84516906738281 204.40378189086914 124.84516906738281 204.40378189086914 174.16345977783203 184.2374267578125 174.16345977783203
182.62234497070312 123.9946060180664 202.78521347045898 123.9946060180664 202.78521347045898 171.4417266845703 182.62234497070312 171.4417266845703
182.8203125 123.69737243652344 202.73204231262207 123.69737243652344 202.73204231262207 172.08163452148438 182.8203125 172.08163452148438
180.1024932861328 122.92683410644531 200.8946018218994 122.92683410644531 200.8946018218994 170.18292617797852 180.1024932861328 170.18292617797852
177.7445831298828 120.99671936035156 198.6151065826416 120.99671936035156 198.6151065826416 169.10099411010742 177.7445831298828 169.10099411010742
176.4288787841797 119.95732116699219 196.98408699035645 119.95732116699219 196.98408699035645 167.70597076416016 176.4288787841797 167.70597076416016
173.9202423095703 118.89573669433594 195.0496063232422 118.89573669433594 195.0496063232422 166.0103302001953 173.9202423095703 166.0103302001953
172.33041381835938 119.1211929321289 193.0467529296875 119.1211929321289 193.0467529296875 164.36968231201172 172.33041381835938 164.36968231201172
172.87094116210938 119.1653060913086 193.5451717376709 119.1653060913086 193.5451717376709 164.5590476989746 172.87094116210938 164.5590476989746
170.0186004638672 117.4894027709961 191.12162399291992 117.4894027709961 191.12162399291992 163.15382385253906 170.0186004638672 163.15382385253906
168.50967407226562 116.36293029785156 189.68300437927246 116.36293029785156 189.68300437927246 162.0273895263672 168.50967407226562 162.0273895263672
167.35150146484375 115.24739074707031 188.8995819091797 115.24739074707031 188.8995819091797 159.88544464111328 167.35150146484375 159.88544464111328
164.40890502929688 111.81710052490234 185.5068244934082 111.81710052490234 185.5068244934082 157.92992782592773 164.40890502929688 157.92992782592773
162.6747283935547 110.3895492553711 182.84863662719727 110.3895492553711 182.84863662719727 157.22089004516602 162.6747283935547 157.22089004516602
159.92013549804688 109.19847106933594 180.1155128479004 109.19847106933594 180.1155128479004 154.26897430419922 159.92013549804688 154.26897430419922
159.28839111328125 109.28556060791016 180.2762794494629 109.28556060791016 180.2762794494629 154.12580490112305 159.28839111328125 154.12580490112305
156.30679321289062 108.0243148803711 177.86593055725098 108.0243148803711 177.86593055725098 152.91254806518555 156.30679321289062 152.91254806518555
153.66331481933594 106.9627685546875 174.97790336608887 106.9627685546875 174.97790336608887 152.96239471435547 153.66331481933594 152.96239471435547
150.3103790283203 105.02894592285156 171.78045272827148 105.02894592285156 171.78045272827148 150.87943267822266 150.3103790283203 150.87943267822266
148.20138549804688 101.30147552490234 169.47724533081055 101.30147552490234 169.47724533081055 148.36340713500977 148.20138549804688 148.36340713500977
146.21853637695312 98.54322814941406 166.89922332763672 98.54322814941406 166.89922332763672 145.30393981933594 146.21853637695312 145.30393981933594
146.35902404785156 98.46749114990234 166.98811721801758 98.46749114990234 166.98811721801758 145.28702926635742 146.35902404785156 145.28702926635742
143.00050354003906 97.31375122070312 164.5549774169922 97.31375122070312 164.5549774169922 144.5304946899414 143.00050354003906 144.5304946899414
141.54043579101562 96.0017318725586 163.51361465454102 96.0017318725586 163.51361465454102 143.2531280517578 141.54043579101562 143.2531280517578
139.52992248535156 91.2325439453125 160.27052307128906 91.2325439453125 160.27052307128906 140.18989944458008 139.52992248535156 140.18989944458008
137.60342407226562 88.70984649658203 157.9065647125244 88.70984649658203 157.9065647125244 137.24912643432617 137.60342407226562 137.24912643432617
135.17965698242188 88.4117660522461 156.1785488128662 88.4117660522461 156.1785488128662 135.5402488708496 135.17965698242188 135.5402488708496
133.79318237304688 85.91437530517578 155.2348518371582 85.91437530517578 155.2348518371582 131.47116088867188 133.79318237304688 131.47116088867188
134.18331909179688 85.71468353271484 155.57599449157715 85.71468353271484 155.57599449157715 131.7427978515625 134.18331909179688 131.7427978515625
132.12905883789062 81.00545501708984 153.64116287231445 81.00545501708984 153.64116287231445 128.605712890625 132.12905883789062 128.605712890625
131.45632934570312 79.82283020019531 152.76034545898438 79.82283020019531 152.76034545898438 126.38471984863281 131.45632934570312 126.38471984863281
130.38259887695312 79.50416564941406 151.84031677246094 79.50416564941406 151.84031677246094 125.11427307128906 130.38259887695312 125.11427307128906
129.42428588867188 74.8633041381836 150.3878631591797 74.8633041381836 150.3878631591797 121.33279800415039 129.42428588867188 121.33279800415039
127.63980865478516 72.59969329833984 147.80418586730957 72.59969329833984 147.80418586730957 118.32597351074219 127.63980865478516 118.32597351074219
127.2638931274414 70.58649444580078 147.15620803833008 70.58649444580078 147.15620803833008 116.73095321655273 127.2638931274414 116.73095321655273
126.59800720214844 71.09938049316406 146.6421127319336 71.09938049316406 146.6421127319336 116.37337493896484 126.59800720214844 116.37337493896484
125.32832336425781 70.04606628417969 145.41025161743164 70.04606628417969 145.41025161743164 114.80342864990234 125.32832336425781 114.80342864990234
124.1955337524414 66.03260803222656 145.39861679077148 66.03260803222656 145.39861679077148 114.04499435424805 124.1955337524414 114.04499435424805
124.024658203125 63.99439239501953 145.65432739257812 63.99439239501953 145.65432739257812 110.75511169433594 124.024658203125 110.75511169433594
124.2021484375 63.759033203125 144.4482479095459 63.759033203125 144.4482479095459 106.78327178955078 124.2021484375 106.78327178955078
123.25553131103516 62.562477111816406 143.72474479675293 62.562477111816406 143.72474479675293 107.37303161621094 123.25553131103516 107.37303161621094
122.7368392944336 62.09443283081055 143.27943992614746 62.09443283081055 143.27943992614746 108.0319709777832 122.7368392944336 108.0319709777832
123.16850280761719 61.02581024169922 143.76244354248047 61.02581024169922 143.76244354248047 105.36846160888672 123.16850280761719 105.36846160888672
122.3078384399414 58.84772491455078 143.5238208770752 58.84772491455078 143.5238208770752 102.28243255615234 122.3078384399414 102.28243255615234
121.90495300292969 56.515228271484375 142.70926475524902 56.515228271484375 142.70926475524902 101.56529235839844 121.90495300292969 101.56529235839844
121.04032897949219 56.496673583984375 141.4211368560791 56.496673583984375 141.4211368560791 98.93972778320312 121.04032897949219 98.93972778320312
120.35420989990234 55.11484909057617 140.7954044342041 55.11484909057617 140.7954044342041 98.55354690551758 120.35420989990234 98.55354690551758
119.78041076660156 52.894935607910156 140.4289779663086 52.894935607910156 140.4289779663086 97.24954986572266 119.78041076660156 97.24954986572266
119.84864807128906 52.5178337097168 140.63000106811523 52.5178337097168 140.63000106811523 97.8868637084961 119.84864807128906 97.8868637084961
119.85489654541016 50.73606491088867 140.41392517089844 50.73606491088867 140.41392517089844 93.88485717773438 119.85489654541016 93.88485717773438
119.5198745727539 49.93377685546875 139.954252243042 49.93377685546875 139.954252243042 92.82810974121094 119.5198745727539 92.82810974121094
119.32075500488281 48.3906135559082 139.72410202026367 48.3906135559082 139.72410202026367 91.91603088378906 119.32075500488281 91.91603088378906
119.5233383178711 46.427703857421875 139.6860008239746 46.427703857421875 139.6860008239746 90.11586380004883 119.5233383178711 90.11586380004883
117.1263427734375 44.37291717529297 138.39277267456055 44.37291717529297 138.39277267456055 88.17373275756836 117.1263427734375 88.17373275756836
117.20545959472656 44.38552474975586 138.51026725769043 44.38552474975586 138.51026725769043 88.53251266479492 117.20545959472656 88.53251266479492
117.10887145996094 42.98772430419922 137.0255069732666 42.98772430419922 137.0255069732666 87.32353210449219 117.10887145996094 87.32353210449219
116.57856750488281 42.83726501464844 135.81531715393066 42.83726501464844 135.81531715393066 85.92596817016602 116.57856750488281 85.92596817016602
115.21705627441406 42.6381950378418 134.31544494628906 42.6381950378418 134.31544494628906 84.85820770263672 115.21705627441406 84.85820770263672
114.36369323730469 39.503273010253906 133.95666313171387 39.503273010253906 133.95666313171387 84.3502426147461 114.36369323730469 84.3502426147461
113.32913970947266 37.612831115722656 134.05035591125488 37.612831115722656 134.05035591125488 82.05336380004883 113.32913970947266 82.05336380004883
112.93338775634766 37.830665588378906 133.48086166381836 37.830665588378906 133.48086166381836 81.06886672973633 112.93338775634766 81.06886672973633
112.90937805175781 36.124427795410156 132.96082496643066 36.124427795410156 132.96082496643066 81.21124649047852 112.90937805175781 81.21124649047852
112.6371841430664 36.19264602661133 132.0246810913086 36.19264602661133 132.0246810913086 79.60966110229492 112.6371841430664 79.60966110229492
112.27793884277344 35.41084289550781 131.97158813476562 35.41084289550781 131.97158813476562 78.90094375610352 112.27793884277344 78.90094375610352
112.1427993774414 34.077880859375 131.92564582824707 34.077880859375 131.92564582824707 77.2961196899414 112.1427993774414 77.2961196899414
111.6400375366211 31.897592544555664 131.82579231262207 31.897592544555664 131.82579231262207 76.0268726348877 111.6400375366211 76.0268726348877
111.0699234008789 31.01133155822754 130.32518196105957 31.01133155822754 130.32518196105957 75.8687915802002 111.0699234008789 75.8687915802002
111.0943374633789 31.529943466186523 129.8729953765869 31.529943466186523 129.8729953765869 76.34982872009277 111.0943374633789 76.34982872009277
110.8513412475586 31.6010799407959 129.6317253112793 31.6010799407959 129.6317253112793 76.5639476776123 110.8513412475586 76.5639476776123
110.430419921875 29.823162078857422 129.221435546875 29.823162078857422 129.221435546875 74.67340087890625 110.430419921875 74.67340087890625
110.93043518066406 28.302846908569336 130.18635368347168 28.302846908569336 130.18635368347168 72.38761329650879 110.93043518066406 72.38761329650879
111.1534652709961 26.91855812072754 131.0038948059082 26.91855812072754 131.0038948059082 72.59684944152832 111.1534652709961 72.59684944152832
112.05694580078125 27.17364501953125 131.10660362243652 27.17364501953125 131.10660362243652 72.1737289428711 112.05694580078125 72.1737289428711
113.38985443115234 27.288497924804688 132.46984100341797 27.288497924804688 132.46984100341797 71.40917587280273 113.38985443115234 71.40917587280273
113.53907775878906 27.336246490478516 132.69708442687988 27.336246490478516 132.69708442687988 71.27209091186523 113.53907775878906 71.27209091186523
114.13203430175781 26.175777435302734 133.17077827453613 26.175777435302734 133.17077827453613 71.50993347167969 114.13203430175781 71.50993347167969
115.81340026855469 24.609237670898438 135.01353454589844 24.609237670898438 135.01353454589844 70.42597961425781 115.81340026855469 70.42597961425781
116.1854248046875 25.314775466918945 134.79476928710938 25.314775466918945 134.79476928710938 69.99916648864746 116.1854248046875 69.99916648864746
116.67649841308594 25.277210235595703 135.2237663269043 25.277210235595703 135.2237663269043 69.35848617553711 116.67649841308594 69.35848617553711
118.40185546875 24.6833553314209 136.98083877563477 24.6833553314209 136.98083877563477 68.50860786437988 118.40185546875 68.50860786437988
120.15135192871094 22.784873962402344 138.69543075561523 22.784873962402344 138.69543075561523 66.02359008789062 120.15135192871094 66.02359008789062
119.4738998413086 23.223939895629883 137.6959457397461 23.223939895629883 137.6959457397461 66.03743171691895 119.4738998413086 66.03743171691895
121.19355773925781 22.368619918823242 139.08454513549805 22.368619918823242 139.08454513549805 66.26003074645996 121.19355773925781 66.26003074645996
122.64915466308594 20.874420166015625 140.3639087677002 20.874420166015625 140.3639087677002 65.8616828918457 122.64915466308594 65.8616828918457
123.54545593261719 21.04821014404297 141.236328125 21.04821014404297 141.236328125 65.54347229003906 123.54545593261719 65.54347229003906
124.23457336425781 20.168392181396484 142.18213272094727 20.168392181396484 142.18213272094727 65.88737869262695 124.23457336425781 65.88737869262695
124.9852523803711 21.028322219848633 143.1174144744873 21.028322219848633 143.1174144744873 65.92624855041504 124.9852523803711 65.92624855041504
125.5296630859375 21.18306541442871 143.38763809204102 21.18306541442871 143.38763809204102 66.22404289245605 125.5296630859375 66.22404289245605
125.82855224609375 20.467866897583008 143.7024917602539 20.467866897583008 143.7024917602539 65.25031471252441 125.82855224609375 65.25031471252441
125.86634826660156 20.78788185119629 143.96171760559082 20.78788185119629 143.96171760559082 66.10782814025879 125.86634826660156 66.10782814025879
126.17496490478516 19.590389251708984 144.56845474243164 19.590389251708984 144.56845474243164 65.18537521362305 126.17496490478516 65.18537521362305
125.60652923583984 18.24054718017578 143.93789291381836 18.24054718017578 143.93789291381836 65.3924331665039 125.60652923583984 65.3924331665039
125.458740234375 18.109201431274414 143.92203903198242 18.109201431274414 143.92203903198242 65.02530479431152 125.458740234375 65.02530479431152
125.07904052734375 19.756107330322266 143.19918251037598 19.756107330322266 143.19918251037598 66.33882522583008 125.07904052734375 66.33882522583008
125.55516052246094 18.853342056274414 144.07645797729492 18.853342056274414 144.07645797729492 65.20691871643066 125.55516052246094 65.20691871643066
125.7685317993164 19.729074478149414 144.02741622924805 19.729074478149414 144.02741622924805 64.88565254211426 125.7685317993164 64.88565254211426
125.3594970703125 19.346942901611328 143.20087814331055 19.346942901611328 143.20087814331055 64.13838958740234 125.3594970703125 64.13838958740234
125.17828369140625 20.503681182861328 142.83000373840332 20.503681182861328 142.83000373840332 65.35231399536133 125.17828369140625 65.35231399536133
124.74000549316406 19.736309051513672 142.25262451171875 19.736309051513672 142.25262451171875 63.94448471069336 124.74000549316406 63.94448471069336
124.725830078125 21.94930076599121 142.2353057861328 21.94930076599121 142.2353057861328 65.53181266784668 124.725830078125 65.53181266784668
125.04107666015625 20.810544967651367 142.7010097503662 20.810544967651367 142.7010097503662 64.36623954772949 125.04107666015625 64.36623954772949
124.40644836425781 21.340801239013672 142.30828666687012 21.340801239013672 142.30828666687012 65.39933395385742 124.40644836425781 65.39933395385742
123.96240234375 20.541418075561523 142.00205993652344 20.541418075561523 142.00205993652344 66.47604179382324 123.96240234375 66.47604179382324
124.45584869384766 20.05963706970215 142.74420166015625 20.05963706970215 142.74420166015625 65.53518104553223 124.45584869384766 65.53518104553223
124.43385314941406 21.172863006591797 142.63909530639648 21.172863006591797 142.63909530639648 66.3709602355957 124.43385314941406 66.3709602355957
124.72489166259766 22.135807037353516 142.77831268310547 22.135807037353516 142.77831268310547 66.29966735839844 124.72489166259766 66.29966735839844
125.22467041015625 22.167898178100586 142.81925582885742 22.167898178100586 142.81925582885742 65.90586280822754 125.22467041015625 65.90586280822754
124.6199951171875 21.784740447998047 142.25854110717773 21.784740447998047 142.25854110717773 66.40281677246094 124.6199951171875 66.40281677246094
125.14695739746094 22.52254867553711 142.67810440063477 22.52254867553711 142.67810440063477 66.48241424560547 125.14695739746094 66.48241424560547
125.7565689086914 22.122867584228516 142.64167594909668 22.122867584228516 142.64167594909668 65.96505737304688 125.7565689086914 65.96505737304688
125.829833984375 23.051198959350586 142.3003044128418 23.051198959350586 142.3003044128418 67.07068824768066 125.829833984375 67.07068824768066
125.29951477050781 22.993724822998047 142.1233425140381 22.993724822998047 142.1233425140381 67.51436996459961 125.29951477050781 67.51436996459961
125.40589904785156 22.51332664489746 142.3825225830078 22.51332664489746 142.3825225830078 66.69901847839355 125.40589904785156 66.69901847839355
124.87632751464844 22.690292358398438 142.07494735717773 22.690292358398438 142.07494735717773 67.222900390625 124.87632751464844 67.222900390625
124.15128326416016 21.733951568603516 141.78034210205078 21.733951568603516 141.78034210205078 66.90073776245117 124.15128326416016 66.90073776245117
124.4358139038086 21.831117630004883 141.8966007232666 21.831117630004883 141.8966007232666 66.74899482727051 124.4358139038086 66.74899482727051
124.28471374511719 22.62572479248047 141.68085289001465 22.62572479248047 141.68085289001465 67.48155975341797 124.28471374511719 67.48155975341797
124.42415618896484 22.17007827758789 141.92962265014648 22.17007827758789 141.92962265014648 67.00436019897461 124.42415618896484 67.00436019897461
124.0204086303711 21.013919830322266 141.91845321655273 21.013919830322266 141.91845321655273 67.34983825683594 124.0204086303711 67.34983825683594
124.02081298828125 21.196041107177734 141.7250270843506 21.196041107177734 141.7250270843506 68.01458358764648 124.02081298828125 68.01458358764648
123.88362121582031 21.27179527282715 141.10026931762695 21.27179527282715 141.10026931762695 68.42688941955566 123.88362121582031 68.42688941955566
123.74803161621094 20.132938385009766 141.02142715454102 20.132938385009766 141.02142715454102 67.55783081054688 123.74803161621094 67.55783081054688
123.66932678222656 20.968982696533203 140.6569004058838 20.968982696533203 140.6569004058838 67.62759780883789 123.66932678222656 67.62759780883789
123.7011489868164 20.323410034179688 140.79291915893555 20.323410034179688 140.79291915893555 66.90692901611328 123.7011489868164 66.90692901611328
122.87550354003906 21.490985870361328 140.38319778442383 21.490985870361328 140.38319778442383 68.03458404541016 122.87550354003906 68.03458404541016
122.74576568603516 22.274961471557617 140.4492950439453 22.274961471557617 140.4492950439453 68.78608894348145 122.74576568603516 68.78608894348145
122.40202331542969 20.648487091064453 140.35548400878906 20.648487091064453 140.35548400878906 68.544677734375 122.40202331542969 68.544677734375
120.86732482910156 22.570690155029297 139.26108741760254 22.570690155029297 139.26108741760254 70.41955947875977 120.86732482910156 70.41955947875977
121.24955749511719 22.039941787719727 139.5752067565918 22.039941787719727 139.5752067565918 69.97293281555176 121.24955749511719 69.97293281555176
120.8807373046875 22.334735870361328 139.22253036499023 22.334735870361328 139.22253036499023 69.96725082397461 120.8807373046875 69.96725082397461
120.14320373535156 21.993562698364258 138.38579940795898 21.993562698364258 138.38579940795898 70.48398780822754 120.14320373535156 70.48398780822754
119.98453521728516 20.968830108642578 138.03566360473633 20.968830108642578 138.03566360473633 69.47053146362305 119.98453521728516 69.47053146362305
119.89427185058594 21.206586837768555 137.892972946167 21.206586837768555 137.892972946167 69.25888633728027 119.89427185058594 69.25888633728027
119.58113098144531 21.747385025024414 138.0218391418457 21.747385025024414 138.0218391418457 70.22569465637207 119.58113098144531 70.22569465637207
118.8963623046875 20.73788833618164 137.3412685394287 20.73788833618164 137.3412685394287 69.32101058959961 118.8963623046875 69.32101058959961
118.60614013671875 21.70553970336914 137.10942268371582 21.70553970336914 137.10942268371582 70.3406753540039 118.60614013671875 70.3406753540039
118.49327087402344 21.383163452148438 136.94610786437988 21.383163452148438 136.94610786437988 69.66549301147461 118.49327087402344 69.66549301147461
119.42694091796875 21.645248413085938 137.4292449951172 21.645248413085938 137.4292449951172 69.07609558105469 119.42694091796875 69.07609558105469
119.73087310791016 21.350955963134766 137.70275115966797 21.350955963134766 137.70275115966797 68.97864532470703 119.73087310791016 68.97864532470703
119.07820129394531 22.163639068603516 137.3177947998047 22.163639068603516 137.3177947998047 69.22425842285156 119.07820129394531 69.22425842285156
118.6584243774414 21.45809555053711 137.07960319519043 21.45809555053711 137.07960319519043 69.27293395996094 118.6584243774414 69.27293395996094
119.31675720214844 22.348003387451172 137.21059226989746 22.348003387451172 137.21059226989746 69.47739791870117 119.31675720214844 69.47739791870117
119.14249420166016 22.594627380371094 136.88733100891113 22.594627380371094 136.88733100891113 70.05455017089844 119.14249420166016 70.05455017089844
118.081787109375 22.322851181030273 135.71749305725098 22.322851181030273 135.71749305725098 70.59247398376465 118.081787109375 70.59247398376465
116.42094421386719 22.486848831176758 134.2214469909668 22.486848831176758 134.2214469909668 70.45547676086426 116.42094421386719 70.45547676086426
114.57511901855469 23.093692779541016 132.63723373413086 23.093692779541016 132.63723373413086 70.91111373901367 114.57511901855469 70.91111373901367
114.63032531738281 23.07671546936035 132.74723052978516 23.07671546936035 132.74723052978516 70.38257026672363 114.63032531738281 70.38257026672363
114.26461029052734 22.84243392944336 132.46498489379883 22.84243392944336 132.46498489379883 70.19067001342773 114.26461029052734 70.19067001342773
113.66416931152344 23.77835464477539 131.8988914489746 23.77835464477539 131.8988914489746 69.93755722045898 113.66416931152344 69.93755722045898
113.27008056640625 24.292339324951172 131.7567024230957 24.292339324951172 131.7567024230957 70.67448806762695 113.27008056640625 70.67448806762695
112.94681549072266 24.651952743530273 131.4813938140869 24.651952743530273 131.4813938140869 71.49446296691895 112.94681549072266 71.49446296691895
112.8250732421875 25.155733108520508 131.20122718811035 25.155733108520508 131.20122718811035 72.17170906066895 112.8250732421875 72.17170906066895
113.0009765625 26.590927124023438 131.29138565063477 26.590927124023438 131.29138565063477 73.55735778808594 113.0009765625 73.55735778808594
113.21699523925781 25.90352439880371 130.9992332458496 25.90352439880371 130.9992332458496 72.07031440734863 113.21699523925781 72.07031440734863
113.29024505615234 26.651554107666016 131.14830207824707 26.651554107666016 131.14830207824707 71.75959396362305 113.29024505615234 71.75959396362305
112.51252746582031 26.46109962463379 130.35937118530273 26.46109962463379 130.35937118530273 71.67577934265137 112.51252746582031 71.67577934265137
112.83927154541016 26.97603416442871 131.66135025024414 26.97603416442871 131.66135025024414 73.6151180267334 112.83927154541016 73.6151180267334
110.43524169921875 28.135944366455078 129.97340393066406 28.135944366455078 129.97340393066406 74.66855239868164 110.43524169921875 74.66855239868164
111.30027770996094 27.108285903930664 130.80380821228027 27.108285903930664 130.80380821228027 73.56395149230957 111.30027770996094 73.56395149230957
109.8389663696289 27.3322811126709 129.05612564086914 27.3322811126709 129.05612564086914 73.75690269470215 109.8389663696289 73.75690269470215
109.55622863769531 28.315643310546875 128.49259185791016 28.315643310546875 128.49259185791016 74.1997299194336 109.55622863769531 74.1997299194336
110.1209716796875 29.424875259399414 128.97790718078613 29.424875259399414 128.97790718078613 75.16331672668457 110.1209716796875 75.16331672668457
110.13629150390625 30.081172943115234 128.56086540222168 30.081172943115234 128.56086540222168 75.5659065246582 110.13629150390625 75.5659065246582
108.6927261352539 30.93667984008789 127.1397533416748 30.93667984008789 127.1397533416748 75.67106628417969 108.6927261352539 75.67106628417969
107.01982116699219 31.64984130859375 125.38455200195312 31.64984130859375 125.38455200195312 75.59497833251953 107.01982116699219 75.59497833251953
106.36775207519531 32.072181701660156 124.87096214294434 32.072181701660156 124.87096214294434 75.68955993652344 106.36775207519531 75.68955993652344
106.19185638427734 32.83241653442383 125.22290802001953 32.83241653442383 125.22290802001953 77.39070510864258 106.19185638427734 77.39070510864258
106.31578063964844 33.0232048034668 125.37227439880371 33.0232048034668 125.37227439880371 77.94099807739258 106.31578063964844 77.94099807739258
104.79435729980469 33.42393112182617 123.65146255493164 33.42393112182617 123.65146255493164 77.62127304077148 104.79435729980469 77.62127304077148
103.9739990234375 34.16139221191406 122.48048973083496 34.16139221191406 122.48048973083496 79.2560043334961 103.9739990234375 79.2560043334961
104.49112701416016 35.176849365234375 122.86834335327148 35.176849365234375 122.86834335327148 79.89021682739258 104.49112701416016 79.89021682739258
103.65116119384766 35.29486083984375 122.21023941040039 35.29486083984375 122.21023941040039 79.89365005493164 103.65116119384766 79.89365005493164
104.58152770996094 35.67721939086914 123.4418830871582 35.67721939086914 123.4418830871582 80.8348159790039 104.58152770996094 80.8348159790039
101.8389892578125 35.970096588134766 121.13825225830078 35.970096588134766 121.13825225830078 80.18218612670898 101.8389892578125 80.18218612670898
102.2941665649414 36.8709602355957 122.09106826782227 36.8709602355957 122.09106826782227 80.3483657836914 102.2941665649414 80.3483657836914
101.46238708496094 37.96962356567383 120.85801315307617 37.96962356567383 120.85801315307617 81.7447624206543 101.46238708496094 81.7447624206543
101.6573486328125 39.29119873046875 120.12351036071777 39.29119873046875 120.12351036071777 82.6566390991211 101.6573486328125 82.6566390991211
101.06307220458984 40.73883819580078 119.31079483032227 40.73883819580078 119.31079483032227 83.86899185180664 101.06307220458984 83.86899185180664
99.9071044921875 40.92473220825195 118.68565368652344 40.92473220825195 118.68565368652344 84.5286979675293 99.9071044921875 84.5286979675293
100.20539855957031 40.81726837158203 118.80609130859375 40.81726837158203 118.80609130859375 83.80807495117188 100.20539855957031 83.80807495117188
100.50157165527344 41.82124328613281 118.74766731262207 41.82124328613281 118.74766731262207 84.69167709350586 100.50157165527344 84.69167709350586
100.2480697631836 42.52943801879883 118.12979507446289 42.52943801879883 118.12979507446289 85.9386100769043 100.2480697631836 85.9386100769043
101.79934692382812 43.55556869506836 119.21548843383789 43.55556869506836 119.21548843383789 87.25398254394531 101.79934692382812 87.25398254394531
102.17252349853516 43.68619155883789 119.27622604370117 43.68619155883789 119.27622604370117 88.76876068115234 102.17252349853516 88.76876068115234
102.89449310302734 43.764930725097656 120.13119888305664 43.764930725097656 120.13119888305664 89.65021514892578 102.89449310302734 89.65021514892578
103.18096923828125 44.22664260864258 120.47503662109375 44.22664260864258 120.47503662109375 90.02865219116211 103.18096923828125 90.02865219116211
103.90037536621094 44.80558776855469 121.22729110717773 44.80558776855469 121.22729110717773 90.19614028930664 103.90037536621094 90.19614028930664
103.95304870605469 45.166770935058594 121.21640014648438 45.166770935058594 121.21640014648438 90.45296478271484 103.95304870605469 90.45296478271484
104.46207427978516 45.12837600708008 121.59983253479004 45.12837600708008 121.59983253479004 91.24624633789062 104.46207427978516 91.24624633789062
104.53947448730469 44.750267028808594 122.08772850036621 44.750267028808594 122.08772850036621 90.88935470581055 104.53947448730469 90.88935470581055
104.53022766113281 45.41221237182617 122.92557144165039 45.41221237182617 122.92557144165039 91.26955032348633 104.53022766113281 91.26955032348633
104.9967269897461 46.425086975097656 123.64011764526367 46.425086975097656 123.64011764526367 90.50920104980469 104.9967269897461 90.50920104980469
104.39982604980469 45.87438201904297 123.37047576904297 45.87438201904297 123.37047576904297 91.71726989746094 104.39982604980469 91.71726989746094
104.86871337890625 47.39619064331055 124.42707824707031 47.39619064331055 124.42707824707031 89.89534759521484 104.86871337890625 89.89534759521484
104.36991882324219 47.924171447753906 123.46465110778809 47.924171447753906 123.46465110778809 90.99522399902344 104.36991882324219 90.99522399902344
103.9296875 48.5793342590332 123.00062370300293 48.5793342590332 123.00062370300293 92.08602523803711 103.9296875 92.08602523803711
103.70108795166016 48.73104476928711 122.4690113067627 48.73104476928711 122.4690113067627 93.14796447753906 103.70108795166016 93.14796447753906
103.2866439819336 49.397884368896484 121.82977867126465 49.397884368896484 121.82977867126465 95.45146560668945 103.2866439819336 95.45146560668945
104.28407287597656 49.879512786865234 122.12945556640625 49.879512786865234 122.12945556640625 94.90699005126953 104.28407287597656 94.90699005126953
104.40547180175781 51.22285842895508 121.71366882324219 51.22285842895508 121.71366882324219 95.89330291748047 104.40547180175781 95.89330291748047
104.41773986816406 51.151878356933594 121.81454086303711 51.151878356933594 121.81454086303711 95.32285690307617 104.41773986816406 95.32285690307617
105.09892272949219 51.799583435058594 122.23948097229004 51.799583435058594 122.23948097229004 96.1977653503418 105.09892272949219 96.1977653503418
105.33380126953125 52.701202392578125 122.95933723449707 52.701202392578125 122.95933723449707 97.19015121459961 105.33380126953125 97.19015121459961
105.7487564086914 52.558738708496094 123.88564682006836 52.558738708496094 123.88564682006836 96.05872344970703 105.7487564086914 96.05872344970703
104.89006042480469 53.38493728637695 123.08988380432129 53.38493728637695 123.08988380432129 96.22805786132812 104.89006042480469 96.22805786132812
105.04606628417969 54.164207458496094 123.15417861938477 54.164207458496094 123.15417861938477 96.05410766601562 105.04606628417969 96.05410766601562
104.69659423828125 55.14947509765625 122.73208618164062 55.14947509765625 122.73208618164062 97.3082046508789 104.69659423828125 97.3082046508789
104.57679748535156 55.38946533203125 122.54712867736816 55.38946533203125 122.54712867736816 98.03191757202148 104.57679748535156 98.03191757202148
104.3036880493164 55.565818786621094 122.22076034545898 55.565818786621094 122.22076034545898 98.615966796875 104.3036880493164 98.615966796875
103.37353515625 56.61914825439453 121.09200477600098 56.61914825439453 121.09200477600098 98.7807502746582 103.37353515625 98.7807502746582
102.7166519165039 57.0337028503418 120.46160697937012 57.0337028503418 120.46160697937012 99.10653305053711 102.7166519165039 99.10653305053711
101.7834243774414 57.095924377441406 119.83712768554688 57.095924377441406 119.83712768554688 99.58641052246094 101.7834243774414 99.58641052246094
102.02348327636719 56.010284423828125 120.63800621032715 56.010284423828125 120.63800621032715 100.41870880126953 102.02348327636719 100.41870880126953
101.56622314453125 55.7551155090332 120.00979042053223 55.7551155090332 120.00979042053223 100.4490966796875 101.56622314453125 100.4490966796875
101.90946197509766 57.409141540527344 120.43623161315918 57.409141540527344 120.43623161315918 101.29837417602539 101.90946197509766 101.29837417602539
101.72821044921875 58.338890075683594 119.70112991333008 58.338890075683594 119.70112991333008 101.569091796875 101.72821044921875 101.569091796875
102.9181137084961 58.177024841308594 121.3276596069336 58.177024841308594 121.3276596069336 103.65135192871094 102.9181137084961 103.65135192871094
102.52125549316406 58.4455451965332 120.7494068145752 58.4455451965332 120.7494068145752 104.01623153686523 102.52125549316406 104.01623153686523
103.8028793334961 58.162940979003906 122.44149971008301 58.162940979003906 122.44149971008301 104.66519165039062 103.8028793334961 104.66519165039062
103.8204345703125 58.622291564941406 122.3448657989502 58.622291564941406 122.3448657989502 104.92672729492188 103.8204345703125 104.92672729492188
103.3166275024414 58.46333694458008 121.94167900085449 58.46333694458008 121.94167900085449 105.48052978515625 103.3166275024414 105.48052978515625
104.7935562133789 59.315406799316406 123.00118637084961 59.315406799316406 123.00118637084961 105.52323913574219 104.7935562133789 105.52323913574219
104.38470458984375 59.54793167114258 122.44684600830078 59.54793167114258 122.44684600830078 106.15289306640625 104.38470458984375 106.15289306640625
104.44051361083984 59.422874450683594 122.85085678100586 59.422874450683594 122.85085678100586 106.7386360168457 104.44051361083984 106.7386360168457
103.531005859375 60.06572341918945 121.84550285339355 60.06572341918945 121.84550285339355 107.31351470947266 103.531005859375 107.31351470947266
103.63175201416016 60.2100830078125 122.14435768127441 60.2100830078125 122.14435768127441 105.68677520751953 103.63175201416016 105.68677520751953
103.26283264160156 60.810203552246094 121.88931274414062 60.810203552246094 121.88931274414062 106.28694152832031 103.26283264160156 106.28694152832031
103.25907897949219 60.79283905029297 121.87642860412598 60.79283905029297 121.87642860412598 106.28594970703125 103.25907897949219 106.28594970703125
103.0887222290039 61.931060791015625 121.22617149353027 61.931060791015625 121.22617149353027 106.7538070678711 103.0887222290039 106.7538070678711
102.96650695800781 62.5251579284668 121.04973983764648 62.5251579284668 121.04973983764648 106.6731185913086 102.96650695800781 106.6731185913086
102.8255844116211 63.32159423828125 120.66714096069336 63.32159423828125 120.66714096069336 106.26161575317383 102.8255844116211 106.26161575317383
102.5207290649414 64.89244079589844 120.39192199707031 64.89244079589844 120.39192199707031 109.10841751098633 102.5207290649414 109.10841751098633
100.97765350341797 65.97108459472656 119.23431396484375 65.97108459472656 119.23431396484375 109.23843765258789 100.97765350341797 109.23843765258789
101.44747161865234 65.98589324951172 119.81113815307617 65.98589324951172 119.81113815307617 110.0214614868164 101.44747161865234 110.0214614868164
100.35823059082031 66.7513427734375 118.78158950805664 66.7513427734375 118.78158950805664 109.38922119140625 100.35823059082031 109.38922119140625
100.4242172241211 67.31809997558594 118.94658279418945 67.31809997558594 118.94658279418945 111.31728744506836 100.4242172241211 111.31728744506836
101.18305969238281 68.4697036743164 119.45544052124023 68.4697036743164 119.45544052124023 113.34260940551758 101.18305969238281 113.34260940551758
102.31275939941406 68.97321319580078 119.9509391784668 68.97321319580078 119.9509391784668 113.30841064453125 102.31275939941406 113.30841064453125
102.63311767578125 72.05494689941406 120.30873489379883 72.05494689941406 120.30873489379883 113.21836853027344 102.63311767578125 113.21836853027344
103.21290588378906 71.74768829345703 121.10512161254883 71.74768829345703 121.10512161254883 113.2436294555664 103.21290588378906 113.2436294555664
103.31058502197266 71.66524505615234 121.09316062927246 71.66524505615234 121.09316062927246 112.8216781616211 103.31058502197266 112.8216781616211
103.24267578125 72.75575256347656 121.32011985778809 72.75575256347656 121.32011985778809 114.32001495361328 103.24267578125 114.32001495361328
104.93875885009766 73.47480010986328 122.68984794616699 73.47480010986328 122.68984794616699 116.37918853759766 104.93875885009766 116.37918853759766
104.94173431396484 74.60908508300781 122.86006355285645 74.60908508300781 122.86006355285645 118.5555305480957 104.94173431396484 118.5555305480957
106.433837890625 75.79151916503906 124.13147354125977 75.79151916503906 124.13147354125977 120.30062103271484 106.433837890625 120.30062103271484
104.811279296875 76.65892028808594 122.61731338500977 76.65892028808594 122.61731338500977 121.08017349243164 104.811279296875 121.08017349243164
103.80586242675781 78.16991424560547 121.78765678405762 78.16991424560547 121.78765678405762 121.79027938842773 103.80586242675781 121.79027938842773
103.3779067993164 78.5287094116211 121.50670623779297 78.5287094116211 121.50670623779297 122.1974868774414 103.3779067993164 122.1974868774414
103.11607360839844 81.77268981933594 121.1177978515625 81.77268981933594 121.1177978515625 123.85111999511719 103.11607360839844 123.85111999511719
103.90623474121094 83.21551513671875 121.8432788848877 83.21551513671875 121.8432788848877 125.94848251342773 103.90623474121094 125.94848251342773
104.49578857421875 84.00093078613281 122.68741416931152 84.00093078613281 122.68741416931152 127.3525619506836 104.49578857421875 127.3525619506836
105.23018646240234 84.56697082519531 123.9186840057373 84.56697082519531 123.9186840057373 128.51624298095703 105.23018646240234 128.51624298095703
105.5477066040039 85.230712890625 124.27440071105957 85.230712890625 124.27440071105957 130.06551361083984 105.5477066040039 130.06551361083984
105.57037353515625 85.30049133300781 124.18467330932617 85.30049133300781 124.18467330932617 129.44205474853516 105.57037353515625 129.44205474853516
105.80799865722656 86.49166870117188 124.57002639770508 86.49166870117188 124.57002639770508 130.72449493408203 105.80799865722656 130.72449493408203
106.61433410644531 88.37022399902344 125.36470413208008 88.37022399902344 125.36470413208008 132.9149284362793 106.61433410644531 132.9149284362793
106.81166076660156 89.22091674804688 125.40239906311035 89.22091674804688 125.40239906311035 134.83095169067383 106.81166076660156 134.83095169067383
106.39847564697266 90.80721282958984 125.21347618103027 90.80721282958984 125.21347618103027 136.9536361694336 106.39847564697266 136.9536361694336
106.74229431152344 91.9571533203125 125.40401268005371 91.9571533203125 125.40401268005371 136.49047088623047 106.74229431152344 136.49047088623047
106.0189208984375 92.36048126220703 124.76846885681152 92.36048126220703 124.76846885681152 136.81958770751953 106.0189208984375 136.81958770751953
106.68363952636719 93.53886413574219 124.98336219787598 93.53886413574219 124.98336219787598 138.1835060119629 106.68363952636719 138.1835060119629
107.86582946777344 95.82200622558594 125.85436630249023 95.82200622558594 125.85436630249023 140.64989471435547 107.86582946777344 140.64989471435547
109.39765930175781 96.71652221679688 126.82461929321289 96.71652221679688 126.82461929321289 142.67875289916992 109.39765930175781 142.67875289916992
109.40910339355469 98.0195541381836 127.5695743560791 98.0195541381836 127.5695743560791 143.927734375 109.40910339355469 143.927734375
110.08308410644531 99.01072692871094 128.4608612060547 99.01072692871094 128.4608612060547 143.78904724121094 110.08308410644531 143.78904724121094
109.97869873046875 99.638916015625 129.03338623046875 99.638916015625 129.03338623046875 145.71874618530273 109.97869873046875 145.71874618530273
110.369384765625 101.27848815917969 129.50627899169922 101.27848815917969 129.50627899169922 147.1337547302246 110.369384765625 147.1337547302246
110.58406066894531 101.0957260131836 129.80239486694336 101.0957260131836 129.80239486694336 147.2313117980957 110.58406066894531 147.2313117980957
111.30351257324219 103.6120834350586 130.02796173095703 103.6120834350586 130.02796173095703 149.38055801391602 111.30351257324219 149.38055801391602
110.11402893066406 104.81546783447266 129.28895568847656 104.81546783447266 129.28895568847656 151.1409797668457 110.11402893066406 151.1409797668457
109.8697509765625 105.74919128417969 129.1859016418457 105.74919128417969 129.1859016418457 152.28723526000977 109.8697509765625 152.28723526000977
110.283203125 107.27915954589844 129.44011878967285 107.27915954589844 129.44011878967285 153.03147506713867 110.283203125 153.03147506713867
109.9138412475586 107.48392486572266 129.27937698364258 107.48392486572266 129.27937698364258 153.38102340698242 109.9138412475586 153.38102340698242
110.02986145019531 110.05647277832031 129.31203842163086 110.05647277832031 129.31203842163086 155.84088516235352 110.02986145019531 155.84088516235352
111.31758117675781 111.58894348144531 129.93735313415527 111.58894348144531 129.93735313415527 156.71280670166016 111.31758117675781 156.71280670166016
113.1646499633789 112.72794342041016 131.7885913848877 112.72794342041016 131.7885913848877 159.13543319702148 113.1646499633789 159.13543319702148
113.0141372680664 114.06986236572266 131.68941688537598 114.06986236572266 131.68941688537598 159.51602172851562 113.0141372680664 159.51602172851562
114.75758361816406 114.2083511352539 133.5828399658203 114.2083511352539 133.5828399658203 161.30216217041016 114.75758361816406 161.30216217041016
115.20869445800781 115.2507095336914 134.4800796508789 115.2507095336914 134.4800796508789 164.16858673095703 115.20869445800781 164.16858673095703
114.88653564453125 117.74345397949219 134.31383895874023 117.74345397949219 134.31383895874023 165.71899795532227 114.88653564453125 165.71899795532227
116.0806655883789 120.6438980102539 134.73311805725098 120.6438980102539 134.73311805725098 168.91520309448242 116.0806655883789 168.91520309448242
115.70268249511719 120.56392669677734 134.4460792541504 120.56392669677734 134.4460792541504 168.06660079956055 115.70268249511719 168.06660079956055
115.60009765625 122.92681884765625 134.25677108764648 122.92681884765625 134.25677108764648 169.96636962890625 115.60009765625 169.96636962890625
115.7079849243164 124.1561050415039 134.3136386871338 124.1561050415039 134.3136386871338 170.95579147338867 115.7079849243164 170.95579147338867
115.53243255615234 126.44465637207031 134.26081657409668 126.44465637207031 134.26081657409668 172.72825622558594 115.53243255615234 172.72825622558594
116.24278259277344 127.98085021972656 134.55942153930664 127.98085021972656 134.55942153930664 174.0428581237793 116.24278259277344 174.0428581237793
117.18702697753906 129.7666473388672 135.48907852172852 129.7666473388672 135.48907852172852 177.24893951416016 117.18702697753906 177.24893951416016
116.9388656616211 130.02882385253906 135.1549015045166 130.02882385253906 135.1549015045166 176.6995391845703 116.9388656616211 176.6995391845703
118.97203063964844 133.33987426757812 136.70775604248047 133.33987426757812 136.70775604248047 178.64960098266602 118.97203063964844 178.64960098266602
117.94515228271484 135.79727172851562 136.33453941345215 135.79727172851562 136.33453941345215 180.38811492919922 117.94515228271484 180.38811492919922
119.11478424072266 136.8431854248047 137.68791580200195 136.8431854248047 137.68791580200195 181.44100189208984 119.11478424072266 181.44100189208984
119.4168701171875 136.9715576171875 138.02689743041992 136.9715576171875 138.02689743041992 184.75352478027344 119.4168701171875 184.75352478027344
120.3019027709961 138.71424865722656 138.41620445251465 138.71424865722656 138.41620445251465 187.24613189697266 120.3019027709961 187.24613189697266
119.25838470458984 141.17774963378906 137.353422164917 141.17774963378906 137.353422164917 190.10221099853516 119.25838470458984 190.10221099853516
119.06593322753906 140.70716857910156 137.37251663208008 140.70716857910156 137.37251663208008 189.76590728759766 119.06593322753906 189.76590728759766
117.64530944824219 144.27572631835938 136.3333034515381 144.27572631835938 136.3333034515381 192.8565902709961 117.64530944824219 192.8565902709961
117.7064437866211 145.51220703125 136.39616775512695 145.51220703125 136.39616775512695 193.54066467285156 117.7064437866211 193.54066467285156
117.31689453125 147.35142517089844 136.09807968139648 147.35142517089844 136.09807968139648 194.96763229370117 117.31689453125 194.96763229370117
117.5150375366211 150.05410766601562 136.0056667327881 150.05410766601562 136.0056667327881 196.9962158203125 117.5150375366211 196.9962158203125
118.74592590332031 152.18109130859375 137.2817897796631 152.18109130859375 137.2817897796631 199.33578872680664 118.74592590332031 199.33578872680664
118.77767181396484 152.1873779296875 137.4830207824707 152.1873779296875 137.4830207824707 199.81846237182617 118.77767181396484 199.81846237182617
119.552490234375 156.46896362304688 137.74916076660156 156.46896362304688 137.74916076660156 202.04212188720703 119.552490234375 202.04212188720703
120.14689636230469 158.17330932617188 138.39037132263184 158.17330932617188 138.39037132263184 203.93992233276367 120.14689636230469 203.93992233276367
120.60966491699219 159.37986755371094 139.4537868499756 159.37986755371094 139.4537868499756 205.43021392822266 120.60966491699219 205.43021392822266
120.73331451416016 160.70974731445312 139.99107933044434 160.70974731445312 139.99107933044434 208.33060836791992 120.73331451416016 208.33060836791992
121.545166015625 160.49754333496094 140.6524600982666 160.49754333496094 140.6524600982666 209.76739883422852 121.545166015625 209.76739883422852
121.19642639160156 162.82289123535156 140.4145450592041 162.82289123535156 140.4145450592041 211.7607650756836 121.19642639160156 211.7607650756836
121.1213150024414 166.93331909179688 140.26501083374023 166.93331909179688 140.26501083374023 214.45732879638672 121.1213150024414 214.45732879638672
120.88359069824219 170.12460327148438 140.15398788452148 170.12460327148438 140.15398788452148 217.54991912841797 120.88359069824219 217.54991912841797
120.5806655883789 170.7294921875 139.81535148620605 170.7294921875 139.81535148620605 218.2611427307129 120.5806655883789 218.2611427307129
121.20079040527344 171.08651733398438 140.8284568786621 171.08651733398438 140.8284568786621 220.52501678466797 121.20079040527344 220.52501678466797
120.47430419921875 171.6215362548828 140.37832832336426 171.6215362548828 140.37832832336426 219.98096084594727 120.47430419921875 219.98096084594727
122.0478286743164 172.27745056152344 141.9240894317627 172.27745056152344 141.9240894317627 221.9322853088379 122.0478286743164 221.9322853088379
123.48081970214844 173.70309448242188 142.53915405273438 173.70309448242188 142.53915405273438 225.16605377197266 123.48081970214844 225.16605377197266
124.4698715209961 174.87380981445312 143.3738307952881 174.87380981445312 143.3738307952881 226.67517852783203 124.4698715209961 226.67517852783203
123.8838882446289 176.99362182617188 143.48138809204102 176.99362182617188 143.48138809204102 229.24644088745117 123.8838882446289 229.24644088745117
123.06014251708984 178.1678924560547 143.2649803161621 178.1678924560547 143.2649803161621 230.66938018798828 123.06014251708984 230.66938018798828
124.34730529785156 177.8813934326172 144.13232040405273 177.8813934326172 144.13232040405273 230.98484802246094 124.34730529785156 230.98484802246094
124.27616882324219 179.8231964111328 144.5882568359375 179.8231964111328 144.5882568359375 233.6663475036621 124.27616882324219 233.6663475036621
123.32332611083984 182.72848510742188 144.10265350341797 182.72848510742188 144.10265350341797 236.09782028198242 123.32332611083984 236.09782028198242
123.27565002441406 184.98802185058594 143.56182861328125 184.98802185058594 143.56182861328125 237.46570205688477 123.27565002441406 237.46570205688477
123.34638977050781 186.25051879882812 144.36682510375977 186.25051879882812 144.36682510375977 239.67218780517578 123.34638977050781 239.67218780517578
122.56807708740234 189.16897583007812 143.6321964263916 189.16897583007812 143.6321964263916 240.22466278076172 122.56807708740234 240.22466278076172
123.00715637207031 191.0399169921875 143.63985061645508 191.0399169921875 143.63985061645508 242.62358474731445 123.00715637207031 242.62358474731445
123.49961853027344 194.2203826904297 143.86171340942383 194.2203826904297 143.86171340942383 244.22195434570312 123.49961853027344 244.22195434570312
123.47652435302734 194.5236358642578 143.67366409301758 194.5236358642578 143.67366409301758 243.83853149414062 123.47652435302734 243.83853149414062
125.6861801147461 198.0694122314453 145.45564079284668 198.0694122314453 145.45564079284668 247.4934959411621 125.6861801147461 247.4934959411621
125.26788330078125 199.35671997070312 145.88742446899414 199.35671997070312 145.88742446899414 248.67881393432617 125.26788330078125 248.67881393432617
124.67594146728516 201.55221557617188 145.6783218383789 201.55221557617188 145.6783218383789 249.72940063476562 124.67594146728516 249.72940063476562
125.49578857421875 201.5256805419922 146.09143447875977 201.5256805419922 146.09143447875977 252.1482162475586 125.49578857421875 252.1482162475586
125.35636138916016 203.20950317382812 146.30964279174805 203.20950317382812 146.30964279174805 254.91791915893555 125.35636138916016 254.91791915893555
125.8378677368164 205.3260498046875 146.31294059753418 205.3260498046875 146.31294059753418 255.27205657958984 125.8378677368164 255.27205657958984
125.71705627441406 205.51254272460938 146.10937881469727 205.51254272460938 146.10937881469727 256.9833679199219 125.71705627441406 256.9833679199219
124.96407318115234 207.106689453125 145.5875301361084 207.106689453125 145.5875301361084 257.50329208374023 124.96407318115234 257.50329208374023
123.57340240478516 207.5811309814453 144.5620822906494 207.5811309814453 144.5620822906494 256.93317794799805 123.57340240478516 256.93317794799805
123.69798278808594 208.2566375732422 144.29127883911133 208.2566375732422 144.29127883911133 258.00807189941406 123.69798278808594 258.00807189941406
125.59288024902344 208.20687866210938 146.3043975830078 208.20687866210938 146.3043975830078 261.30223846435547 125.59288024902344 261.30223846435547
125.3398208618164 207.61337280273438 146.23687362670898 207.61337280273438 146.23687362670898 261.56671142578125 125.3398208618164 261.56671142578125
124.8848876953125 207.67269897460938 145.90499687194824 207.67269897460938 145.90499687194824 262.0767402648926 124.8848876953125 262.0767402648926
124.8184814453125 208.98184204101562 145.68027687072754 208.98184204101562 145.68027687072754 261.83222579956055 124.8184814453125 261.83222579956055
124.68989562988281 209.56387329101562 145.29827499389648 209.56387329101562 145.29827499389648 260.9443550109863 124.68989562988281 260.9443550109863
124.3290786743164 210.750244140625 144.06005668640137 210.750244140625 144.06005668640137 259.6361999511719 124.3290786743164 259.6361999511719
125.2473373413086 210.7852325439453 145.14829444885254 210.7852325439453 145.14829444885254 262.4694137573242 125.2473373413086 262.4694137573242
125.6089859008789 212.135986328125 146.1383171081543 212.135986328125 146.1383171081543 263.32457733154297 125.6089859008789 263.32457733154297
126.30757141113281 211.6156768798828 146.74601554870605 211.6156768798828 146.74601554870605 263.37950134277344 126.30757141113281 263.37950134277344
125.55643463134766 212.8167724609375 146.93305587768555 212.8167724609375 146.93305587768555 263.5370635986328 125.55643463134766 263.5370635986328
126.86534118652344 212.16983032226562 148.51048278808594 212.16983032226562 148.51048278808594 264.4629325866699 126.86534118652344 264.4629325866699
127.03897857666016 211.66690063476562 148.4889793395996 211.66690063476562 148.4889793395996 264.73137283325195 127.03897857666016 264.73137283325195
127.29249572753906 212.2410125732422 148.86891555786133 212.2410125732422 148.86891555786133 265.9977149963379 127.29249572753906 265.9977149963379
127.84415435791016 211.75588989257812 149.02012062072754 211.75588989257812 149.02012062072754 265.6053047180176 127.84415435791016 265.6053047180176
127.360595703125 211.9027099609375 148.60319137573242 211.9027099609375 148.60319137573242 265.29840087890625 127.360595703125 265.29840087890625
127.50040435791016 211.6430206298828 148.92074584960938 211.6430206298828 148.92074584960938 266.14000701904297 127.50040435791016 266.14000701904297
125.9798583984375 212.4020538330078 147.32554244995117 212.4020538330078 147.32554244995117 265.6486473083496 125.9798583984375 265.6486473083496
125.2545394897461 212.48916625976562 146.92627143859863 212.48916625976562 146.92627143859863 266.6648750305176 125.2545394897461 266.6648750305176
125.0089111328125 212.66946411132812 146.44332313537598 212.66946411132812 146.44332313537598 267.7482109069824 125.0089111328125 267.7482109069824
124.86585998535156 212.8363800048828 146.25107955932617 212.8363800048828 146.25107955932617 265.97459411621094 124.86585998535156 265.97459411621094
123.85001373291016 213.9735870361328 145.2999153137207 213.9735870361328 145.2999153137207 267.5131301879883 123.85001373291016 267.5131301879883
123.81834411621094 213.6665802001953 145.23674392700195 213.6665802001953 145.23674392700195 267.44491958618164 123.81834411621094 267.44491958618164
123.85916900634766 214.44921875 145.2460823059082 214.44921875 145.2460823059082 267.73261642456055 123.85916900634766 267.73261642456055
124.53739929199219 214.29525756835938 145.60635375976562 214.29525756835938 145.60635375976562 268.7912826538086 124.53739929199219 268.7912826538086
