104.0 114.0 121.0 114.0 121.0 147.0 104.0 147.0
105.16398620605469 114.66007995605469 121.76454544067383 114.66007995605469 121.76454544067383 147.72736358642578 105.16398620605469 147.72736358642578
106.65059661865234 115.0626220703125 122.4919843673706 115.0626220703125 122.4919843673706 149.19646072387695 106.65059661865234 149.19646072387695
107.6004867553711 114.98020935058594 123.35906505584717 114.98020935058594 123.35906505584717 149.4230842590332 107.6004867553711 149.4230842590332
108.7158203125 114.9687271118164 124.22805309295654 114.9687271118164 124.22805309295654 148.39795684814453 108.7158203125 148.39795684814453
109.70540618896484 115.5307388305664 125.12049674987793 115.5307388305664 125.12049674987793 149.23140335083008 109.70540618896484 149.23140335083008
110.8172607421875 116.3382568359375 126.56583881378174 116.3382568359375 126.56583881378174 149.94608306884766 110.8172607421875 149.94608306884766
111.86822509765625 117.02552795410156 127.56864356994629 117.02552795410156 127.56864356994629 150.14436721801758 111.86822509765625 150.14436721801758
112.88480377197266 117.372314453125 128.82544994354248 117.372314453125 128.82544994354248 150.27195358276367 112.88480377197266 150.27195358276367
114.25523376464844 117.5784683227539 129.92355060577393 117.5784683227539 129.92355060577393 150.98416137695312 114.25523376464844 150.98416137695312
115.42430114746094 117.25196838378906 131.5914134979248 117.25196838378906 131.5914134979248 151.04173278808594 115.42430114746094 151.04173278808594
116.3366470336914 117.52372741699219 132.66276741027832 117.52372741699219 132.66276741027832 151.6911735534668 116.3366470336914 151.6911735534668
117.90361022949219 117.22880554199219 133.33259296417236 117.22880554199219 133.33259296417236 152.0008201599121 117.90361022949219 152.0008201599121
118.83292388916016 117.33724212646484 134.39356803894043 117.33724212646484 134.39356803894043 152.05377197265625 118.83292388916016 152.05377197265625
120.07395935058594 118.12288665771484 135.88469982147217 118.12288665771484 135.88469982147217 151.4139289855957 120.07395935058594 151.4139289855957
121.34820556640625 118.3895492553711 137.44565200805664 118.3895492553711 137.44565200805664 151.4625701904297 121.34820556640625 151.4625701904297
122.63761138916016 118.7490463256836 138.7811737060547 118.7490463256836 138.7811737060547 151.54811096191406 122.63761138916016 151.54811096191406
124.28947448730469 118.2851333618164 140.24070739746094 118.2851333618164 140.24070739746094 152.5987434387207 124.28947448730469 152.5987434387207
125.52349853515625 118.6045150756836 141.45898151397705 118.6045150756836 141.45898151397705 154.02725982666016 125.52349853515625 154.02725982666016
127.0992431640625 118.62947082519531 142.7815065383911 118.62947082519531 142.7815065383911 153.8386688232422 127.0992431640625 153.8386688232422
128.31814575195312 119.152587890625 143.84853839874268 119.152587890625 143.84853839874268 152.99433517456055 128.31814575195312 152.99433517456055
129.3259735107422 119.9061279296875 145.0715274810791 119.9061279296875 145.0715274810791 153.79010772705078 129.3259735107422 153.79010772705078
130.46229553222656 120.04576110839844 146.4442195892334 120.04576110839844 146.4442195892334 153.74787139892578 130.46229553222656 153.74787139892578
131.8630828857422 120.89768981933594 147.8216953277588 120.89768981933594 147.8216953277588 154.37902450561523 131.8630828857422 154.37902450561523
132.8502960205078 121.1668930053711 149.34035301208496 121.1668930053711 149.34035301208496 154.1852684020996 132.8502960205078 154.1852684020996
134.3253936767578 121.4553451538086 150.6471996307373 121.4553451538086 150.6471996307373 155.24654388427734 134.3253936767578 155.24654388427734
136.19825744628906 121.58702087402344 151.94531536102295 121.58702087402344 151.94531536102295 155.92865753173828 136.19825744628906 155.92865753173828
137.35867309570312 121.3008804321289 153.52999114990234 121.3008804321289 153.52999114990234 156.2786521911621 137.35867309570312 156.2786521911621
139.088623046875 120.97979736328125 155.04942321777344 120.97979736328125 155.04942321777344 156.58870315551758 139.088623046875 156.58870315551758
140.17861938476562 121.68359375 156.8954563140869 121.68359375 156.8954563140869 156.36053848266602 140.17861938476562 156.36053848266602
141.2441864013672 122.134521484375 158.53654098510742 122.134521484375 158.53654098510742 155.76148223876953 141.2441864013672 155.76148223876953
142.9099884033203 122.80143737792969 160.10871124267578 122.80143737792969 160.10871124267578 156.00185012817383 142.9099884033203 156.00185012817383
144.45065307617188 122.80216979980469 161.795747756958 122.80216979980469 161.795747756958 156.0801010131836 144.45065307617188 156.0801010131836
145.96315002441406 123.1529541015625 163.27165603637695 123.1529541015625 163.27165603637695 157.1382942199707 145.96315002441406 157.1382942199707
147.4861602783203 122.9115982055664 164.27807998657227 122.9115982055664 164.27807998657227 158.46054077148438 147.4861602783203 158.46054077148438
148.7235107421875 122.51817321777344 165.5763645172119 122.51817321777344 165.5763645172119 158.11077117919922 148.7235107421875 158.11077117919922
150.12864685058594 123.4986572265625 166.02663135528564 123.4986572265625 166.02663135528564 158.24890899658203 150.12864685058594 158.24890899658203
151.68350219726562 124.05960845947266 167.5971269607544 124.05960845947266 167.5971269607544 159.91267013549805 151.68350219726562 159.91267013549805
152.5302276611328 124.7740249633789 169.1213665008545 124.7740249633789 169.1213665008545 159.7891387939453 152.5302276611328 159.7891387939453
153.93551635742188 125.45623779296875 170.52910995483398 125.45623779296875 170.52910995483398 160.45475387573242 153.93551635742188 160.45475387573242
155.1427459716797 125.72108459472656 171.92338752746582 125.72108459472656 171.92338752746582 160.75171661376953 155.1427459716797 160.75171661376953
156.56651306152344 125.88687896728516 173.2077522277832 125.88687896728516 173.2077522277832 161.23162841796875 156.56651306152344 161.23162841796875
157.9410400390625 124.7913818359375 175.36437606811523 124.7913818359375 175.36437606811523 161.50597381591797 157.9410400390625 161.50597381591797
159.62582397460938 124.43446350097656 176.4130516052246 124.43446350097656 176.4130516052246 162.43573760986328 159.62582397460938 162.43573760986328
160.37046813964844 124.74794006347656 177.54122352600098 124.74794006347656 177.54122352600098 162.91614151000977 160.37046813964844 162.91614151000977
161.36279296875 125.35929870605469 179.1139793395996 125.35929870605469 179.1139793395996 162.8863410949707 161.36279296875 162.8863410949707
162.62924194335938 126.04219818115234 180.38517951965332 126.04219818115234 180.38517951965332 162.69142150878906 162.62924194335938 162.69142150878906
164.07241821289062 126.1963119506836 182.1120719909668 126.1963119506836 182.1120719909668 162.91519165039062 164.07241821289062 162.91519165039062
165.3728790283203 126.31285095214844 183.60895347595215 126.31285095214844 183.60895347595215 163.79596710205078 165.3728790283203 163.79596710205078
166.9195098876953 126.28646087646484 184.64971351623535 126.28646087646484 184.64971351623535 164.67096710205078 166.9195098876953 164.67096710205078
167.9886016845703 126.4399642944336 185.43198013305664 126.4399642944336 185.43198013305664 165.39666748046875 167.9886016845703 165.39666748046875
169.32611083984375 126.98078918457031 186.50656700134277 126.98078918457031 186.50656700134277 163.89902114868164 169.32611083984375 163.89902114868164
170.3511199951172 128.00680541992188 187.4326286315918 128.00680541992188 187.4326286315918 164.60242462158203 170.3511199951172 164.60242462158203
171.69210815429688 129.13685607910156 188.5526123046875 129.13685607910156 188.5526123046875 166.21084213256836 171.69210815429688 166.21084213256836
172.921875 129.4626007080078 189.8617763519287 129.4626007080078 189.8617763519287 165.98812103271484 172.921875 165.98812103271484
174.21517944335938 129.94126892089844 191.29685401916504 129.94126892089844 191.29685401916504 166.77472686767578 174.21517944335938 166.77472686767578
175.62887573242188 130.17616271972656 192.6824436187744 130.17616271972656 192.6824436187744 167.2713851928711 175.62887573242188 167.2713851928711
176.8127899169922 129.7587127685547 194.61988830566406 129.7587127685547 194.61988830566406 168.25577926635742 176.8127899169922 168.25577926635742
178.2641143798828 128.90953063964844 196.2003059387207 128.90953063964844 196.2003059387207 168.60308074951172 178.2641143798828 168.60308074951172
179.6890106201172 129.06271362304688 197.11931037902832 129.06271362304688 197.11931037902832 169.40839767456055 179.6890106201172 169.40839767456055
180.4535675048828 129.50558471679688 198.12285041809082 129.50558471679688 198.12285041809082 169.64099884033203 180.4535675048828 169.64099884033203
181.64842224121094 130.06564331054688 199.5511589050293 130.06564331054688 199.5511589050293 169.45152282714844 181.64842224121094 169.45152282714844
182.9145050048828 131.07937622070312 201.20770454406738 131.07937622070312 201.20770454406738 169.58989715576172 182.9145050048828 169.58989715576172
184.54833984375 131.1825408935547 203.12378692626953 131.1825408935547 203.12378692626953 169.8583526611328 184.54833984375 169.8583526611328
186.31715393066406 130.51394653320312 204.45951652526855 130.51394653320312 204.45951652526855 171.6113166809082 186.31715393066406 171.6113166809082
187.6401824951172 131.08456420898438 205.6970672607422 131.08456420898438 205.6970672607422 172.4083137512207 187.6401824951172 172.4083137512207
188.95928955078125 131.39572143554688 206.65285682678223 131.39572143554688 206.65285682678223 172.72304916381836 188.95928955078125 172.72304916381836
189.76644897460938 132.15408325195312 207.6465950012207 132.15408325195312 207.6465950012207 171.51633834838867 189.76644897460938 171.51633834838867
191.1325225830078 133.0491485595703 208.57058334350586 133.0491485595703 208.57058334350586 172.08313369750977 191.1325225830078 172.08313369750977
192.15003967285156 133.68894958496094 209.5712833404541 133.68894958496094 209.5712833404541 173.05389785766602 192.15003967285156 173.05389785766602
193.53988647460938 134.53536987304688 210.95580673217773 134.53536987304688 210.95580673217773 173.35294342041016 193.53988647460938 173.35294342041016
194.69003295898438 135.30247497558594 212.39027786254883 135.30247497558594 212.39027786254883 173.33184432983398 194.69003295898438 173.33184432983398
195.90603637695312 136.0612030029297 213.37825202941895 136.0612030029297 213.37825202941895 174.3446388244629 195.90603637695312 174.3446388244629
197.2904510498047 136.42190551757812 215.03452491760254 136.42190551757812 215.03452491760254 175.25777435302734 197.2904510498047 175.25777435302734
198.12594604492188 134.89064025878906 216.94649696350098 134.89064025878906 216.94649696350098 175.5112533569336 198.12594604492188 175.5112533569336
199.1743927001953 135.3466339111328 217.61342811584473 135.3466339111328 217.61342811584473 176.7385139465332 199.1743927001953 176.7385139465332
200.3197479248047 135.772216796875 218.75845909118652 135.772216796875 218.75845909118652 176.79438018798828 200.3197479248047 176.79438018798828
201.32803344726562 136.84774780273438 220.07684326171875 136.84774780273438 220.07684326171875 177.17589950561523 201.32803344726562 177.17589950561523
202.3116455078125 137.79200744628906 220.6012306213379 137.79200744628906 220.6012306213379 177.50177764892578 202.3116455078125 177.50177764892578
203.17974853515625 138.767333984375 221.7390480041504 138.767333984375 221.7390480041504 177.78034210205078 203.17974853515625 177.78034210205078
204.33602905273438 139.0051727294922 223.3069305419922 139.0051727294922 223.3069305419922 178.50777053833008 204.33602905273438 178.50777053833008
205.48220825195312 139.15869140625 224.13035011291504 139.15869140625 224.13035011291504 179.47241973876953 205.48220825195312 179.47241973876953
206.3408660888672 138.94400024414062 224.988431930542 138.94400024414062 224.988431930542 180.92512130737305 206.3408660888672 180.92512130737305
207.15182495117188 139.4297332763672 225.86982345581055 139.4297332763672 225.86982345581055 180.57717895507812 207.15182495117188 180.57717895507812
207.3832550048828 140.94110107421875 226.04413604736328 140.94110107421875 226.04413604736328 181.13219451904297 207.3832550048828 181.13219451904297
207.8969268798828 142.44003295898438 226.5630989074707 142.44003295898438 226.5630989074707 180.83673095703125 207.8969268798828 180.83673095703125
208.086669921875 143.38990783691406 226.5248146057129 143.38990783691406 226.5248146057129 181.84903717041016 208.086669921875 181.84903717041016
208.72695922851562 144.68157958984375 226.4547176361084 144.68157958984375 226.4547176361084 182.88614654541016 208.72695922851562 182.88614654541016
209.5005645751953 145.06332397460938 227.74309730529785 145.06332397460938 227.74309730529785 183.8148956298828 209.5005645751953 183.8148956298828
209.5481719970703 144.50509643554688 228.39627838134766 144.50509643554688 228.39627838134766 184.73140716552734 209.5481719970703 184.73140716552734
209.66952514648438 144.51351928710938 228.7363395690918 144.51351928710938 228.7363395690918 185.40475463867188 209.66952514648438 185.40475463867188
210.09835815429688 144.85281372070312 229.10279273986816 144.85281372070312 229.10279273986816 185.9453125 210.09835815429688 185.9453125
210.0290069580078 145.07992553710938 229.42136192321777 145.07992553710938 229.42136192321777 186.7934455871582 210.0290069580078 186.7934455871582
210.2819366455078 145.9402313232422 229.63582801818848 145.9402313232422 229.63582801818848 188.39851760864258 210.2819366455078 188.39851760864258
210.0859375 146.1740264892578 229.99807357788086 146.1740264892578 229.99807357788086 189.46644592285156 210.0859375 189.46644592285156
210.39730834960938 147.56666564941406 230.2004108428955 147.56666564941406 230.2004108428955 189.79712677001953 210.39730834960938 189.79712677001953
211.0167999267578 148.06228637695312 230.58220100402832 148.06228637695312 230.58220100402832 190.77422714233398 211.0167999267578 190.77422714233398
211.3155517578125 148.4015655517578 231.03174209594727 148.4015655517578 231.03174209594727 191.5280990600586 211.3155517578125 191.5280990600586
211.1940460205078 148.15577697753906 231.35272979736328 148.15577697753906 231.35272979736328 191.9362030029297 211.1940460205078 191.9362030029297
211.0918426513672 148.6681671142578 231.47570419311523 148.6681671142578 231.47570419311523 192.6985206604004 211.0918426513672 192.6985206604004
210.9232635498047 149.07301330566406 231.6573143005371 149.07301330566406 231.6573143005371 193.33783340454102 210.9232635498047 193.33783340454102
210.6798095703125 150.44937133789062 231.3293914794922 150.44937133789062 231.3293914794922 194.76554107666016 210.6798095703125 194.76554107666016
210.3535614013672 150.93399047851562 231.08721923828125 150.93399047851562 231.08721923828125 195.48796463012695 210.3535614013672 195.48796463012695
210.3330841064453 152.0032958984375 230.6494655609131 152.0032958984375 230.6494655609131 196.46104049682617 210.3330841064453 196.46104049682617
210.37814331054688 152.17044067382812 230.5965919494629 152.17044067382812 230.5965919494629 196.8384552001953 210.37814331054688 196.8384552001953
210.25491333007812 151.8251953125 230.23417282104492 151.8251953125 230.23417282104492 197.65800094604492 210.25491333007812 197.65800094604492
209.9755401611328 151.80886840820312 230.45541381835938 151.80886840820312 230.45541381835938 197.82218170166016 209.9755401611328 197.82218170166016
210.53646850585938 153.0842742919922 231.04005432128906 153.0842742919922 231.04005432128906 198.36536407470703 210.53646850585938 198.36536407470703
210.031982421875 153.6999053955078 230.88923263549805 153.6999053955078 230.88923263549805 200.34302139282227 210.031982421875 200.34302139282227
209.80636596679688 154.16159057617188 230.8867530822754 154.16159057617188 230.8867530822754 201.54061889648438 209.80636596679688 201.54061889648438
210.3871612548828 154.5857696533203 231.405029296875 154.5857696533203 231.405029296875 201.75341033935547 210.3871612548828 201.75341033935547
210.3628692626953 155.51162719726562 231.59074592590332 155.51162719726562 231.59074592590332 203.00028228759766 210.3628692626953 203.00028228759766
211.08078002929688 156.12841796875 232.13649368286133 156.12841796875 232.13649368286133 203.2982635498047 211.08078002929688 203.2982635498047
211.12515258789062 156.14480590820312 232.4504051208496 156.14480590820312 232.4504051208496 203.94594192504883 211.12515258789062 203.94594192504883
211.661376953125 156.699462890625 232.67999267578125 156.699462890625 232.67999267578125 204.5576057434082 211.661376953125 204.5576057434082
212.0799560546875 156.65597534179688 232.95408630371094 156.65597534179688 232.95408630371094 204.80655670166016 212.0799560546875 204.80655670166016
211.7151336669922 157.06381225585938 232.55425643920898 157.06381225585938 232.55425643920898 206.2169189453125 211.7151336669922 206.2169189453125
211.34487915039062 157.0514678955078 232.2807388305664 157.0514678955078 232.2807388305664 206.53826904296875 211.34487915039062 206.53826904296875
211.4399871826172 158.1897735595703 232.3425750732422 158.1897735595703 232.3425750732422 207.29515838623047 211.4399871826172 207.29515838623047
211.6394805908203 158.54312133789062 232.44800186157227 158.54312133789062 232.44800186157227 207.71026611328125 211.6394805908203 207.71026611328125
211.01889038085938 156.9789581298828 232.35084533691406 156.9789581298828 232.35084533691406 208.38877868652344 211.01889038085938 208.38877868652344
211.5679931640625 157.63047790527344 232.45883750915527 157.63047790527344 232.45883750915527 208.87364196777344 211.5679931640625 208.87364196777344
211.7602081298828 157.48928833007812 232.55741691589355 157.48928833007812 232.55741691589355 208.9717903137207 211.7602081298828 208.9717903137207
211.8314971923828 157.0542755126953 232.76920127868652 157.0542755126953 232.76920127868652 209.60494232177734 211.8314971923828 209.60494232177734
212.4811553955078 158.5150146484375 233.39101028442383 158.5150146484375 233.39101028442383 210.46746063232422 212.4811553955078 210.46746063232422
213.05941772460938 158.72348022460938 233.7499179840088 158.72348022460938 233.7499179840088 210.52428436279297 213.05941772460938 210.52428436279297
213.37564086914062 158.88131713867188 234.09875679016113 158.88131713867188 234.09875679016113 209.9012680053711 213.37564086914062 209.9012680053711
213.28466796875 158.9464111328125 234.26339530944824 158.9464111328125 234.26339530944824 210.0126953125 213.28466796875 210.0126953125
213.5928192138672 159.55697631835938 234.68284225463867 159.55697631835938 234.68284225463867 210.55080032348633 213.5928192138672 210.55080032348633
214.0577392578125 160.01231384277344 234.9383602142334 160.01231384277344 234.9383602142334 210.39521026611328 214.0577392578125 210.39521026611328
214.2003173828125 160.6296844482422 235.25238800048828 160.6296844482422 235.25238800048828 210.5143699645996 214.2003173828125 210.5143699645996
214.44387817382812 160.4935302734375 235.39468002319336 160.4935302734375 235.39468002319336 210.78104400634766 214.44387817382812 210.78104400634766
214.676025390625 161.7178955078125 235.57843589782715 161.7178955078125 235.57843589782715 211.35725784301758 214.676025390625 211.35725784301758
214.619384765625 163.3513641357422 235.22826194763184 163.3513641357422 235.22826194763184 211.70526123046875 214.619384765625 211.70526123046875
214.2783966064453 165.01539611816406 235.0354347229004 165.01539611816406 235.0354347229004 212.19818878173828 214.2783966064453 212.19818878173828
214.0700225830078 166.2413787841797 234.90606117248535 166.2413787841797 234.90606117248535 213.0359878540039 214.0700225830078 213.0359878540039
213.546142578125 166.13217163085938 234.6632957458496 166.13217163085938 234.6632957458496 214.0721435546875 213.546142578125 214.0721435546875
213.95150756835938 166.6193084716797 234.87092971801758 166.6193084716797 234.87092971801758 214.07752227783203 213.95150756835938 214.07752227783203
213.48709106445312 166.32522583007812 235.12420272827148 166.32522583007812 235.12420272827148 214.31279373168945 213.48709106445312 214.31279373168945
213.4249725341797 167.31675720214844 234.8948631286621 167.31675720214844 234.8948631286621 215.04476165771484 213.4249725341797 215.04476165771484
213.6420135498047 168.1868133544922 235.48809432983398 168.1868133544922 235.48809432983398 215.98827362060547 213.6420135498047 215.98827362060547
213.75015258789062 169.1658172607422 235.72998428344727 169.1658172607422 235.72998428344727 217.1127700805664 213.75015258789062 217.1127700805664
213.39810180664062 170.27154541015625 235.89300537109375 170.27154541015625 235.89300537109375 218.77094650268555 213.39810180664062 218.77094650268555
213.61904907226562 171.20809936523438 236.49774551391602 171.20809936523438 236.49774551391602 219.52301788330078 213.61904907226562 219.52301788330078
214.4329376220703 171.70333862304688 236.99347114562988 171.70333862304688 236.99347114562988 219.99744415283203 214.4329376220703 219.99744415283203
215.0665740966797 172.1001739501953 237.34531784057617 172.1001739501953 237.34531784057617 220.28765106201172 215.0665740966797 220.28765106201172
215.4174346923828 171.74169921875 238.05318069458008 171.74169921875 238.05318069458008 220.92356491088867 215.4174346923828 220.92356491088867
215.60202026367188 171.71522521972656 238.21918296813965 171.71522521972656 238.21918296813965 221.8926010131836 215.60202026367188 221.8926010131836
215.88650512695312 172.53683471679688 238.33566665649414 172.53683471679688 238.33566665649414 221.87767791748047 215.88650512695312 221.87767791748047
215.66845703125 174.506591796875 238.1407871246338 174.506591796875 238.1407871246338 223.7094383239746 215.66845703125 223.7094383239746
215.3560028076172 176.3853302001953 237.54676246643066 176.3853302001953 237.54676246643066 225.5374984741211 215.3560028076172 225.5374984741211
215.3445281982422 177.62826538085938 237.33591079711914 177.62826538085938 237.33591079711914 226.78178787231445 215.3445281982422 226.78178787231445
215.37301635742188 177.89938354492188 237.80688858032227 177.89938354492188 237.80688858032227 228.18098068237305 215.37301635742188 228.18098068237305
215.2761688232422 177.74118041992188 237.68099975585938 177.74118041992188 237.68099975585938 229.04444122314453 215.2761688232422 229.04444122314453
215.4576873779297 177.85121154785156 238.0186710357666 177.85121154785156 238.0186710357666 229.53134536743164 215.4576873779297 229.53134536743164
216.5211639404297 179.86643981933594 238.78627395629883 179.86643981933594 238.78627395629883 230.03577423095703 216.5211639404297 230.03577423095703
216.25833129882812 180.65090942382812 238.72739601135254 180.65090942382812 238.72739601135254 231.76189804077148 216.25833129882812 231.76189804077148
216.00326538085938 182.29405212402344 238.60418128967285 182.29405212402344 238.60418128967285 233.34565353393555 216.00326538085938 233.34565353393555
215.72787475585938 183.47390747070312 238.7192726135254 183.47390747070312 238.7192726135254 234.6742172241211 215.72787475585938 234.6742172241211
216.2480010986328 185.1042022705078 238.92061614990234 185.1042022705078 238.92061614990234 235.4789581298828 216.2480010986328 235.4789581298828
216.8428497314453 185.60211181640625 239.55424690246582 185.60211181640625 239.55424690246582 235.9841194152832 216.8428497314453 235.9841194152832
216.8431396484375 186.162109375 239.76389503479004 186.162109375 239.76389503479004 237.48944854736328 216.8431396484375 237.48944854736328
216.57553100585938 186.9344024658203 239.0561408996582 186.9344024658203 239.0561408996582 239.43677520751953 216.57553100585938 239.43677520751953
