199.0 108.0 216.0 108.0 216.0 153.0 199.0 153.0
199.2137908935547 107.36505126953125 214.88856506347656 107.36505126953125 214.88856506347656 156.3004035949707 199.2137908935547 156.3004035949707
197.31723022460938 110.6586685180664 211.6034517288208 110.6586685180664 211.6034517288208 160.53352737426758 197.31723022460938 160.53352737426758
195.36654663085938 113.97945404052734 210.8949098587036 113.97945404052734 210.8949098587036 162.08448791503906 195.36654663085938 162.08448791503906
193.92478942871094 116.39454650878906 210.15720558166504 116.39454650878906 210.15720558166504 163.55182647705078 193.92478942871094 163.55182647705078
192.84671020507812 121.4610824584961 208.8301820755005 121.4610824584961 208.8301820755005 165.90328979492188 192.84671020507812 165.90328979492188
189.40673828125 124.39974212646484 206.04600715637207 124.39974212646484 206.04600715637207 170.07627868652344 189.40673828125 170.07627868652344
188.22389221191406 124.8938217163086 203.80495643615723 124.8938217163086 203.80495643615723 172.31957244873047 188.22389221191406 172.31957244873047
184.14834594726562 127.46061706542969 199.20066261291504 127.46061706542969 199.20066261291504 174.8015022277832 184.14834594726562 174.8015022277832
180.9911651611328 129.9738311767578 196.4766492843628 129.9738311767578 196.4766492843628 175.09344100952148 180.9911651611328 175.09344100952148
178.90707397460938 131.3896942138672 194.47635459899902 131.3896942138672 194.47635459899902 176.46368026733398 178.90707397460938 176.46368026733398
176.36203002929688 134.0110321044922 191.46093940734863 134.0110321044922 191.46093940734863 178.97942352294922 176.36203002929688 178.97942352294922
172.44699096679688 135.77064514160156 186.79051685333252 135.77064514160156 186.79051685333252 181.15700149536133 172.44699096679688 181.15700149536133
169.66586303710938 136.4532012939453 185.12302589416504 136.4532012939453 185.12302589416504 182.05834197998047 169.66586303710938 182.05834197998047
164.6527862548828 136.6837921142578 180.80481910705566 136.6837921142578 180.80481910705566 186.25052642822266 164.6527862548828 186.25052642822266
159.44810485839844 138.04171752929688 175.69476890563965 138.04171752929688 175.69476890563965 188.33168029785156 159.44810485839844 188.33168029785156
158.3405303955078 138.955322265625 173.3501148223877 138.955322265625 173.3501148223877 189.20140075683594 158.3405303955078 189.20140075683594
153.76483154296875 142.8504638671875 169.2145538330078 142.8504638671875 169.2145538330078 192.34089279174805 153.76483154296875 192.34089279174805
149.64865112304688 142.01095581054688 164.63998889923096 142.01095581054688 164.63998889923096 193.70599365234375 149.64865112304688 193.70599365234375
145.7487335205078 145.15481567382812 162.17171669006348 145.15481567382812 162.17171669006348 191.87555694580078 145.7487335205078 191.87555694580078
143.006103515625 145.06076049804688 159.91391372680664 145.06076049804688 159.91391372680664 192.77567672729492 143.006103515625 192.77567672729492
137.57931518554688 146.304443359375 156.28882217407227 146.304443359375 156.28882217407227 195.44878387451172 137.57931518554688 195.44878387451172
134.9453125 145.55587768554688 153.89672470092773 145.55587768554688 153.89672470092773 194.94395446777344 134.9453125 194.94395446777344
133.28158569335938 143.10366821289062 151.96655464172363 143.10366821289062 151.96655464172363 196.85084915161133 133.28158569335938 196.85084915161133
132.14088439941406 144.11386108398438 150.6863784790039 144.11386108398438 150.6863784790039 197.02103805541992 132.14088439941406 197.02103805541992
132.40499877929688 144.038330078125 151.0402946472168 144.038330078125 151.0402946472168 196.97838592529297 132.40499877929688 196.97838592529297
133.18780517578125 145.15658569335938 152.65447998046875 145.15658569335938 152.65447998046875 195.20527267456055 133.18780517578125 195.20527267456055
135.5576934814453 146.30538940429688 155.05845260620117 146.30538940429688 155.05845260620117 194.37237548828125 135.5576934814453 194.37237548828125
141.57400512695312 148.06509399414062 161.63259315490723 148.06509399414062 161.63259315490723 195.6232795715332 141.57400512695312 195.6232795715332
143.6283721923828 147.15927124023438 163.8342056274414 147.15927124023438 163.8342056274414 194.94791412353516 143.6283721923828 194.94791412353516
149.6332550048828 147.40443420410156 166.51687049865723 147.40443420410156 166.51687049865723 193.1009178161621 149.6332550048828 193.1009178161621
154.93313598632812 145.7880401611328 173.95683479309082 145.7880401611328 173.95683479309082 192.49646377563477 154.93313598632812 192.49646377563477
161.55889892578125 145.92054748535156 180.16037559509277 145.92054748535156 180.16037559509277 191.8994026184082 161.55889892578125 191.8994026184082
165.82601928710938 144.91993713378906 181.37333393096924 144.91993713378906 181.37333393096924 192.00152969360352 165.82601928710938 192.00152969360352
171.58676147460938 141.64659118652344 188.38250350952148 141.64659118652344 188.38250350952148 188.89737701416016 171.58676147460938 188.89737701416016
177.06985473632812 141.30374145507812 195.66181564331055 141.30374145507812 195.66181564331055 187.4580955505371 177.06985473632812 187.4580955505371
180.90994262695312 141.5752410888672 198.79373931884766 141.5752410888672 198.79373931884766 186.9925765991211 180.90994262695312 186.9925765991211
183.37637329101562 138.92808532714844 201.1261978149414 138.92808532714844 201.1261978149414 185.41164779663086 183.37637329101562 185.41164779663086
189.44891357421875 134.42625427246094 207.63163375854492 134.42625427246094 207.63163375854492 183.58605194091797 189.44891357421875 183.58605194091797
194.87811279296875 131.3649444580078 212.25856018066406 131.3649444580078 212.25856018066406 179.8000373840332 194.87811279296875 179.8000373840332
196.2976531982422 129.41346740722656 214.2380714416504 129.41346740722656 214.2380714416504 177.38858032226562 196.2976531982422 177.38858032226562
199.23635864257812 126.26020812988281 217.15507316589355 126.26020812988281 217.15507316589355 174.8498764038086 199.23635864257812 174.8498764038086
202.37319946289062 122.68795013427734 220.68288612365723 122.68795013427734 220.68288612365723 170.76864624023438 202.37319946289062 170.76864624023438
203.45388793945312 120.85577392578125 221.69206047058105 120.85577392578125 221.69206047058105 168.90172576904297 203.45388793945312 168.90172576904297
205.5768280029297 116.91361999511719 223.41516494750977 116.91361999511719 223.41516494750977 165.96506118774414 205.5768280029297 165.96506118774414
206.56478881835938 114.22330474853516 224.46699333190918 114.22330474853516 224.46699333190918 163.44532775878906 206.56478881835938 163.44532775878906
206.1180419921875 109.73976135253906 224.96102714538574 109.73976135253906 224.96102714538574 161.2973175048828 206.1180419921875 161.2973175048828
206.4660186767578 108.32039642333984 225.01659202575684 108.32039642333984 225.01659202575684 160.05795669555664 206.4660186767578 160.05795669555664
206.7236785888672 106.79852294921875 224.65989303588867 106.79852294921875 224.65989303588867 155.74390411376953 206.7236785888672 155.74390411376953
204.67391967773438 102.2489013671875 222.71609497070312 102.2489013671875 222.71609497070312 154.2120590209961 204.67391967773438 154.2120590209961
203.32525634765625 101.38606262207031 221.74049377441406 101.38606262207031 221.74049377441406 152.99402236938477 203.32525634765625 152.99402236938477
199.35458374023438 100.44770812988281 216.91658210754395 100.44770812988281 216.91658210754395 151.50447845458984 199.35458374023438 151.50447845458984
198.3443145751953 98.57366180419922 214.84914016723633 98.57366180419922 214.84914016723633 151.23825073242188 198.3443145751953 151.23825073242188
195.8636016845703 97.2798843383789 212.3072566986084 97.2798843383789 212.3072566986084 148.25275421142578 195.8636016845703 148.25275421142578
191.39942932128906 93.22151947021484 208.93545532226562 93.22151947021484 208.93545532226562 147.93338012695312 191.39942932128906 147.93338012695312
188.69644165039062 90.31800842285156 205.5025291442871 90.31800842285156 205.5025291442871 144.75732040405273 188.69644165039062 144.75732040405273
186.477294921875 88.44306945800781 204.4576759338379 88.44306945800781 204.4576759338379 142.9823760986328 186.477294921875 142.9823760986328
184.43502807617188 87.55281066894531 202.03470611572266 87.55281066894531 202.03470611572266 139.43199157714844 184.43502807617188 139.43199157714844
181.32791137695312 84.10330963134766 199.34688186645508 84.10330963134766 199.34688186645508 138.1562271118164 181.32791137695312 138.1562271118164
180.25607299804688 82.49534606933594 197.95792770385742 82.49534606933594 197.95792770385742 136.02530670166016 180.25607299804688 136.02530670166016
178.08853149414062 80.32533264160156 196.54249000549316 80.32533264160156 196.54249000549316 133.13758087158203 178.08853149414062 133.13758087158203
176.28573608398438 75.67357635498047 194.82739639282227 75.67357635498047 194.82739639282227 130.87364959716797 176.28573608398438 130.87364959716797
175.37106323242188 73.75992584228516 193.84587478637695 73.75992584228516 193.84587478637695 129.04014587402344 175.37106323242188 129.04014587402344
174.75411987304688 72.60125732421875 193.5583667755127 72.60125732421875 193.5583667755127 128.7867431640625 174.75411987304688 128.7867431640625
172.84109497070312 70.42044830322266 191.8366985321045 70.42044830322266 191.8366985321045 123.88246154785156 172.84109497070312 123.88246154785156
171.20660400390625 66.04328918457031 189.7388401031494 66.04328918457031 189.7388401031494 122.69986343383789 171.20660400390625 122.69986343383789
168.17630004882812 63.497230529785156 188.24291801452637 63.497230529785156 188.24291801452637 119.71352005004883 168.17630004882812 119.71352005004883
167.36288452148438 62.7966423034668 186.98656463623047 62.7966423034668 186.98656463623047 117.0861930847168 167.36288452148438 117.0861930847168
165.3369598388672 61.65924072265625 184.9043483734131 61.65924072265625 184.9043483734131 117.07268524169922 165.3369598388672 117.07268524169922
162.03671264648438 60.48915481567383 181.90484809875488 60.48915481567383 181.90484809875488 113.74480819702148 162.03671264648438 113.74480819702148
159.39913940429688 59.282936096191406 179.46096420288086 59.282936096191406 179.46096420288086 114.0487060546875 159.39913940429688 114.0487060546875
155.27291870117188 55.00410079956055 174.6692237854004 55.00410079956055 174.6692237854004 116.47961807250977 155.27291870117188 116.47961807250977
152.4486083984375 53.35530471801758 172.4012622833252 53.35530471801758 172.4012622833252 113.11328125 152.4486083984375 113.11328125
150.26968383789062 52.70635986328125 170.6491355895996 52.70635986328125 170.6491355895996 109.76188278198242 150.26968383789062 109.76188278198242
147.0913543701172 51.00234603881836 167.24377822875977 51.00234603881836 167.24377822875977 108.04275131225586 147.0913543701172 108.04275131225586
144.9034881591797 49.229454040527344 164.60341453552246 49.229454040527344 164.60341453552246 104.6946029663086 144.9034881591797 104.6946029663086
142.1869659423828 47.194541931152344 161.95207595825195 47.194541931152344 161.95207595825195 103.49106216430664 142.1869659423828 103.49106216430664
138.48294067382812 44.3092041015625 158.52949905395508 44.3092041015625 158.52949905395508 103.76367950439453 138.48294067382812 103.76367950439453
136.36276245117188 42.482757568359375 155.47813034057617 42.482757568359375 155.47813034057617 100.40336227416992 136.36276245117188 100.40336227416992
134.65625 41.702239990234375 154.17345809936523 41.702239990234375 154.17345809936523 100.92815399169922 134.65625 100.92815399169922
130.9231719970703 39.336708068847656 151.30966567993164 39.336708068847656 151.30966567993164 98.51626586914062 130.9231719970703 98.51626586914062
129.34774780273438 36.28740692138672 149.68418312072754 36.28740692138672 149.68418312072754 96.55364227294922 129.34774780273438 96.55364227294922
127.583984375 36.60090637207031 147.68921279907227 36.60090637207031 147.68921279907227 93.88024520874023 127.583984375 93.88024520874023
126.7108383178711 33.56010818481445 147.04394149780273 33.56010818481445 147.04394149780273 93.47138214111328 126.7108383178711 93.47138214111328
125.7831039428711 32.49894332885742 146.36335563659668 32.49894332885742 146.36335563659668 91.2744369506836 125.7831039428711 91.2744369506836
124.9104232788086 30.911590576171875 146.68796157836914 30.911590576171875 146.68796157836914 89.15939331054688 124.9104232788086 89.15939331054688
125.40599060058594 29.597585678100586 146.75192260742188 29.597585678100586 146.75192260742188 88.20886421203613 125.40599060058594 88.20886421203613
126.54881286621094 28.010889053344727 146.69812965393066 28.010889053344727 146.69812965393066 87.44873237609863 126.54881286621094 87.44873237609863
128.3715057373047 26.319507598876953 147.7563133239746 26.319507598876953 147.7563133239746 85.6629753112793 128.3715057373047 85.6629753112793
129.16134643554688 29.230213165283203 148.29879570007324 29.230213165283203 148.29879570007324 86.60074615478516 129.16134643554688 86.60074615478516
130.4164276123047 28.383041381835938 149.99551391601562 28.383041381835938 149.99551391601562 85.14513397216797 130.4164276123047 85.14513397216797
130.99032592773438 26.139629364013672 150.2805938720703 26.139629364013672 150.2805938720703 84.73236465454102 130.99032592773438 84.73236465454102
132.24746704101562 27.217132568359375 150.93463325500488 27.217132568359375 150.93463325500488 84.22151565551758 132.24746704101562 84.22151565551758
134.49496459960938 26.350723266601562 153.7105598449707 26.350723266601562 153.7105598449707 84.41015243530273 134.49496459960938 84.41015243530273
136.37135314941406 27.552745819091797 155.2359848022461 27.552745819091797 155.2359848022461 84.39720916748047 136.37135314941406 84.39720916748047
137.90432739257812 28.87343978881836 156.6946792602539 28.87343978881836 156.6946792602539 84.91920471191406 137.90432739257812 84.91920471191406
138.39247131347656 27.849660873413086 157.27863693237305 27.849660873413086 157.27863693237305 84.21705055236816 138.39247131347656 84.21705055236816
138.3599853515625 27.26540184020996 158.0259494781494 27.26540184020996 158.0259494781494 83.9821605682373 138.3599853515625 83.9821605682373
138.3663330078125 28.418933868408203 158.8254051208496 28.418933868408203 158.8254051208496 84.56477737426758 138.3663330078125 84.56477737426758
138.71673583984375 29.675872802734375 159.3946762084961 29.675872802734375 159.3946762084961 84.48943328857422 138.71673583984375 84.48943328857422
140.87155151367188 30.806079864501953 161.30939102172852 30.806079864501953 161.30939102172852 83.76154327392578 140.87155151367188 83.76154327392578
140.9164276123047 34.43974685668945 162.28920364379883 34.43974685668945 162.28920364379883 87.74950790405273 140.9164276123047 87.74950790405273
140.77218627929688 37.046592712402344 163.06089973449707 37.046592712402344 163.06089973449707 89.52809143066406 140.77218627929688 89.52809143066406
145.90032958984375 37.41915512084961 166.09721755981445 37.41915512084961 166.09721755981445 91.29155349731445 145.90032958984375 91.29155349731445
151.52516174316406 43.09393310546875 171.72835159301758 43.09393310546875 171.72835159301758 94.56393432617188 151.52516174316406 94.56393432617188
152.94847106933594 44.70885467529297 173.57991790771484 44.70885467529297 173.57991790771484 96.40510559082031 152.94847106933594 96.40510559082031
157.25059509277344 49.223175048828125 178.5054473876953 49.223175048828125 178.5054473876953 101.63448333740234 157.25059509277344 101.63448333740234
163.7829132080078 56.04334259033203 182.48787307739258 56.04334259033203 182.48787307739258 107.25536727905273 163.7829132080078 107.25536727905273
166.5946502685547 60.40936279296875 185.5129909515381 60.40936279296875 185.5129909515381 110.34643173217773 166.5946502685547 110.34643173217773
170.41542053222656 63.6286506652832 191.1526584625244 63.6286506652832 191.1526584625244 111.85768508911133 170.41542053222656 111.85768508911133
177.89964294433594 70.33500671386719 197.37555313110352 70.33500671386719 197.37555313110352 120.4989128112793 177.89964294433594 120.4989128112793
183.61656188964844 73.86773681640625 201.30767059326172 73.86773681640625 201.30767059326172 123.59001922607422 183.61656188964844 123.59001922607422
188.33526611328125 80.61521911621094 205.32906532287598 80.61521911621094 205.32906532287598 129.34996795654297 188.33526611328125 129.34996795654297
192.20013427734375 84.30561065673828 208.72005081176758 84.30561065673828 208.72005081176758 133.15341567993164 192.20013427734375 133.15341567993164
196.50076293945312 93.84326171875 215.837251663208 93.84326171875 215.837251663208 140.1024284362793 196.50076293945312 140.1024284362793
199.8086395263672 96.59515380859375 217.2059841156006 96.59515380859375 217.2059841156006 143.27655029296875 199.8086395263672 143.27655029296875
204.2135467529297 102.26786041259766 220.2865104675293 102.26786041259766 220.2865104675293 149.9415740966797 204.2135467529297 149.9415740966797
208.16580200195312 109.95109558105469 224.7248821258545 109.95109558105469 224.7248821258545 156.79605865478516 208.16580200195312 156.79605865478516
210.80459594726562 116.39292907714844 228.3834934234619 116.39292907714844 228.3834934234619 160.92997360229492 210.80459594726562 160.92997360229492
212.5181121826172 123.65665435791016 229.49367904663086 123.65665435791016 229.49367904663086 167.0771255493164 212.5181121826172 167.0771255493164
216.1239013671875 131.12974548339844 232.08208656311035 131.12974548339844 232.08208656311035 174.43447494506836 216.1239013671875 174.43447494506836
219.02584838867188 141.2179412841797 234.48522663116455 141.2179412841797 234.48522663116455 184.88945770263672 219.02584838867188 184.88945770263672
219.6250457763672 144.09884643554688 236.12356567382812 144.09884643554688 236.12356567382812 189.19650268554688 219.6250457763672 189.19650268554688
220.5889129638672 149.24154663085938 237.15371322631836 149.24154663085938 237.15371322631836 196.24222946166992 220.5889129638672 196.24222946166992
219.9308624267578 160.70233154296875 237.90102005004883 160.70233154296875 237.90102005004883 205.55817413330078 219.9308624267578 205.55817413330078
219.7269287109375 163.1109161376953 236.06319046020508 163.1109161376953 236.06319046020508 209.08726501464844 219.7269287109375 209.08726501464844
217.3015899658203 170.78216552734375 235.10194778442383 170.78216552734375 235.10194778442383 217.93989181518555 217.3015899658203 217.93989181518555
213.45556640625 177.60409545898438 232.12105178833008 177.60409545898438 232.12105178833008 222.5528450012207 213.45556640625 222.5528450012207
207.71630859375 183.65841674804688 226.35345649719238 183.65841674804688 226.35345649719238 231.21860122680664 207.71630859375 231.21860122680664
204.8493194580078 186.36697387695312 222.92022705078125 186.36697387695312 222.92022705078125 234.99147415161133 204.8493194580078 234.99147415161133
196.9638671875 189.48867797851562 214.38832473754883 189.48867797851562 214.38832473754883 240.68986129760742 196.9638671875 240.68986129760742
189.91510009765625 195.76254272460938 207.0824851989746 195.76254272460938 207.0824851989746 246.12474060058594 189.91510009765625 246.12474060058594
184.35098266601562 195.80860900878906 202.09227180480957 195.80860900878906 202.09227180480957 245.47600555419922 184.35098266601562 245.47600555419922
173.0340576171875 201.73451232910156 189.6622714996338 201.73451232910156 189.6622714996338 248.0779151916504 173.0340576171875 248.0779151916504
165.30712890625 197.04373168945312 183.3086395263672 197.04373168945312 183.3086395263672 246.78182220458984 165.30712890625 246.78182220458984
161.4174346923828 196.27255249023438 179.85171127319336 196.27255249023438 179.85171127319336 245.84357833862305 161.4174346923828 245.84357833862305
151.92433166503906 196.44004821777344 170.13135147094727 196.44004821777344 170.13135147094727 247.71679306030273 151.92433166503906 247.71679306030273
144.97705078125 192.6704559326172 164.18731880187988 192.6704559326172 164.18731880187988 244.49122619628906 144.97705078125 244.49122619628906
142.30892944335938 191.35406494140625 162.53308486938477 191.35406494140625 162.53308486938477 242.12393951416016 142.30892944335938 242.12393951416016
134.58389282226562 188.705322265625 153.06864738464355 188.705322265625 153.06864738464355 240.1987419128418 134.58389282226562 240.1987419128418
131.00234985351562 186.72500610351562 148.9683895111084 186.72500610351562 148.9683895111084 236.62579345703125 131.00234985351562 236.62579345703125
128.00527954101562 182.17626953125 145.9607925415039 182.17626953125 145.9607925415039 234.20527267456055 128.00527954101562 234.20527267456055
126.25282287597656 180.38546752929688 144.72797203063965 180.38546752929688 144.72797203063965 231.91400146484375 126.25282287597656 231.91400146484375
123.12922668457031 174.5346221923828 142.5045509338379 174.5346221923828 142.5045509338379 226.13885116577148 123.12922668457031 226.13885116577148
121.9892807006836 168.3926544189453 140.63409614562988 168.3926544189453 140.63409614562988 221.4898910522461 121.9892807006836 221.4898910522461
121.6342544555664 166.77894592285156 140.7956600189209 166.77894592285156 140.7956600189209 219.25597381591797 121.6342544555664 219.25597381591797
120.74100494384766 161.4634246826172 139.5144805908203 161.4634246826172 139.5144805908203 213.80848693847656 120.74100494384766 213.80848693847656
120.72853088378906 158.50143432617188 139.23575973510742 158.50143432617188 139.23575973510742 209.09465408325195 120.72853088378906 209.09465408325195
120.32389068603516 153.0791015625 139.2044620513916 153.0791015625 139.2044620513916 205.77979278564453 120.32389068603516 205.77979278564453
120.29703521728516 150.59988403320312 139.91309928894043 150.59988403320312 139.91309928894043 202.00211715698242 120.29703521728516 202.00211715698242
121.01956939697266 146.74578857421875 139.92258834838867 146.74578857421875 139.92258834838867 198.15778732299805 121.01956939697266 198.15778732299805
121.08792877197266 142.7382354736328 140.51161766052246 142.7382354736328 140.51161766052246 193.19928741455078 121.08792877197266 193.19928741455078
120.39137268066406 139.94664001464844 140.39110374450684 139.94664001464844 140.39110374450684 191.7320899963379 120.39137268066406 191.7320899963379
120.52397155761719 135.50575256347656 138.58927536010742 135.50575256347656 138.58927536010742 187.8113021850586 120.52397155761719 187.8113021850586
119.43223571777344 132.0111083984375 137.67103576660156 132.0111083984375 137.67103576660156 182.9581184387207 119.43223571777344 182.9581184387207
118.9847412109375 130.3278350830078 137.3648223876953 130.3278350830078 137.3648223876953 181.01635360717773 118.9847412109375 181.01635360717773
118.20343017578125 124.19883728027344 136.81350135803223 124.19883728027344 136.81350135803223 176.13721466064453 118.20343017578125 176.13721466064453
117.60850524902344 121.02897644042969 136.2285919189453 121.02897644042969 136.2285919189453 171.6639175415039 117.60850524902344 171.6639175415039
116.5804443359375 118.4988021850586 135.67601585388184 118.4988021850586 135.67601585388184 169.88351440429688 116.5804443359375 169.88351440429688
115.86293029785156 114.17835998535156 134.79134368896484 114.17835998535156 134.79134368896484 167.47323989868164 115.86293029785156 167.47323989868164
115.34687805175781 111.0707015991211 134.39683151245117 111.0707015991211 134.39683151245117 165.02560806274414 115.34687805175781 165.02560806274414
115.08235168457031 107.79823303222656 134.29678344726562 107.79823303222656 134.29678344726562 160.66434478759766 115.08235168457031 160.66434478759766
114.91435241699219 102.86323547363281 134.08397483825684 102.86323547363281 134.08397483825684 158.66701889038086 114.91435241699219 158.66701889038086
114.65800476074219 101.38706970214844 134.1207675933838 101.38706970214844 134.1207675933838 156.20832061767578 114.65800476074219 156.20832061767578
115.2183609008789 99.15055847167969 135.10288047790527 99.15055847167969 135.10288047790527 152.5095558166504 115.2183609008789 152.5095558166504
115.96943664550781 98.2110824584961 135.20645141601562 98.2110824584961 135.20645141601562 151.1361846923828 115.96943664550781 151.1361846923828
117.04307556152344 96.10736083984375 134.8978385925293 96.10736083984375 134.8978385925293 150.9659309387207 117.04307556152344 150.9659309387207
118.80039978027344 92.97994232177734 137.02996253967285 92.97994232177734 137.02996253967285 146.09268188476562 118.80039978027344 146.09268188476562
119.49259185791016 91.6645278930664 138.39425086975098 91.6645278930664 138.39425086975098 146.65538024902344 119.49259185791016 146.65538024902344
122.35060119628906 86.30338287353516 140.52525901794434 86.30338287353516 140.52525901794434 142.4080467224121 122.35060119628906 142.4080467224121
123.43052673339844 85.53187561035156 141.13662338256836 85.53187561035156 141.13662338256836 139.20868682861328 123.43052673339844 139.20868682861328
124.2367172241211 82.6635513305664 141.9065170288086 82.6635513305664 141.9065170288086 139.17558670043945 124.2367172241211 139.17558670043945
124.70621490478516 81.2376708984375 143.0530128479004 81.2376708984375 143.0530128479004 137.45719528198242 124.70621490478516 137.45719528198242
124.92085266113281 78.33209991455078 143.14601516723633 78.33209991455078 143.14601516723633 135.55839920043945 124.92085266113281 135.55839920043945
125.03324127197266 80.73039245605469 144.50536727905273 80.73039245605469 144.50536727905273 133.86330795288086 125.03324127197266 133.86330795288086
125.6124038696289 79.61778259277344 144.46319961547852 79.61778259277344 144.46319961547852 131.72259140014648 125.6124038696289 131.72259140014648
127.06797790527344 79.74380493164062 144.92112350463867 79.74380493164062 144.92112350463867 131.07220458984375 127.06797790527344 131.07220458984375
128.80593872070312 77.72489166259766 145.9503517150879 77.72489166259766 145.9503517150879 132.9889678955078 128.80593872070312 132.9889678955078
130.05020141601562 80.50049591064453 147.61275100708008 80.50049591064453 147.61275100708008 132.17767333984375 130.05020141601562 132.17767333984375
130.6099395751953 81.35770416259766 149.1146583557129 81.35770416259766 149.1146583557129 133.23377990722656 130.6099395751953 133.23377990722656
131.68673706054688 80.97914123535156 149.8923397064209 80.97914123535156 149.8923397064209 130.41170501708984 131.68673706054688 130.41170501708984
131.73849487304688 81.11808013916016 149.32143020629883 81.11808013916016 149.32143020629883 129.51022338867188 131.73849487304688 129.51022338867188
130.40447998046875 76.63216400146484 148.92620468139648 76.63216400146484 148.92620468139648 125.66025161743164 130.40447998046875 125.66025161743164
131.2325897216797 76.09217834472656 149.76372528076172 76.09217834472656 149.76372528076172 125.14517974853516 131.2325897216797 125.14517974853516
135.10629272460938 84.67806243896484 153.46474838256836 84.67806243896484 153.46474838256836 133.2739715576172 135.10629272460938 133.2739715576172
132.27737426757812 92.68721008300781 149.66127395629883 92.68721008300781 149.66127395629883 136.10666275024414 132.27737426757812 136.10666275024414
131.19393920898438 94.17326354980469 148.4950408935547 94.17326354980469 148.4950408935547 138.32036209106445 131.19393920898438 138.32036209106445
131.1725311279297 93.781982421875 148.27154350280762 93.781982421875 148.27154350280762 141.51326370239258 131.1725311279297 141.51326370239258
131.3258819580078 94.16386413574219 148.51372909545898 94.16386413574219 148.51372909545898 142.96726989746094 131.3258819580078 142.96726989746094
133.10379028320312 93.80046081542969 150.15632438659668 93.80046081542969 150.15632438659668 143.3456573486328 133.10379028320312 143.3456573486328
134.04898071289062 93.5739517211914 152.2589626312256 93.5739517211914 152.2589626312256 144.1031951904297 134.04898071289062 144.1031951904297
136.79217529296875 96.81107330322266 152.6262617111206 96.81107330322266 152.6262617111206 144.81291580200195 136.79217529296875 144.81291580200195
137.20706176757812 97.1763687133789 153.57700729370117 97.1763687133789 153.57700729370117 144.63222122192383 137.20706176757812 144.63222122192383
137.72268676757812 96.6653060913086 154.02975463867188 96.6653060913086 154.02975463867188 146.05648803710938 137.72268676757812 146.05648803710938
137.61715698242188 98.89309692382812 153.6335105895996 98.89309692382812 153.6335105895996 145.14416885375977 137.61715698242188 145.14416885375977
137.82247924804688 100.23724365234375 153.70981788635254 100.23724365234375 153.70981788635254 145.03483963012695 137.82247924804688 145.03483963012695
138.01919555664062 102.18583679199219 154.12440872192383 102.18583679199219 154.12440872192383 148.40209197998047 138.01919555664062 148.40209197998047
134.76382446289062 102.329345703125 154.09105682373047 102.329345703125 154.09105682373047 148.42383575439453 134.76382446289062 148.42383575439453
134.633056640625 101.4789810180664 152.58941078186035 101.4789810180664 152.58941078186035 148.6622428894043 134.633056640625 148.6622428894043
130.7266845703125 103.59675598144531 148.99934768676758 103.59675598144531 148.99934768676758 149.26811981201172 130.7266845703125 149.26811981201172
125.5477066040039 107.16264343261719 144.5503158569336 107.16264343261719 144.5503158569336 152.3530044555664 125.5477066040039 152.3530044555664
124.58537292480469 105.39036560058594 141.66228866577148 105.39036560058594 141.66228866577148 153.23158645629883 124.58537292480469 153.23158645629883
120.94097900390625 105.59962463378906 140.23130226135254 105.59962463378906 140.23130226135254 154.59021377563477 120.94097900390625 154.59021377563477
118.32913970947266 101.99147033691406 136.02031707763672 101.99147033691406 136.02031707763672 152.04146194458008 118.32913970947266 152.04146194458008
117.34439849853516 100.18946838378906 136.07878494262695 100.18946838378906 136.07878494262695 149.62392807006836 117.34439849853516 149.62392807006836
114.4708251953125 100.82010650634766 134.69060897827148 100.82010650634766 134.69060897827148 149.71695709228516 114.4708251953125 149.71695709228516
112.57756042480469 98.626220703125 131.27277755737305 98.626220703125 131.27277755737305 151.24842071533203 112.57756042480469 151.24842071533203
112.03422546386719 98.55091094970703 131.20825958251953 98.55091094970703 131.20825958251953 152.1963882446289 112.03422546386719 152.1963882446289
110.34870910644531 98.51979064941406 130.9842185974121 98.51979064941406 130.9842185974121 152.84897232055664 110.34870910644531 152.84897232055664
109.2890625 97.59915924072266 129.493257522583 97.59915924072266 129.493257522583 152.8761978149414 109.2890625 152.8761978149414
109.71403503417969 97.14018249511719 128.36682319641113 97.14018249511719 128.36682319641113 151.9373435974121 109.71403503417969 151.9373435974121
109.05233001708984 93.88938903808594 126.8538703918457 93.88938903808594 126.8538703918457 152.8801727294922 109.05233001708984 152.8801727294922
108.69317626953125 92.77444458007812 125.98686599731445 92.77444458007812 125.98686599731445 152.1998291015625 108.69317626953125 152.1998291015625
107.68904876708984 91.8484115600586 126.95981979370117 91.8484115600586 126.95981979370117 148.60090255737305 107.68904876708984 148.60090255737305
107.54240417480469 87.96794128417969 127.30599594116211 87.96794128417969 127.30599594116211 148.11591339111328 107.54240417480469 148.11591339111328
107.80390930175781 85.20448303222656 127.29796409606934 85.20448303222656 127.29796409606934 145.24266815185547 107.80390930175781 145.24266815185547
109.12892150878906 84.28160095214844 128.47962951660156 84.28160095214844 128.47962951660156 139.71456146240234 109.12892150878906 139.71456146240234
108.50714111328125 83.05110931396484 129.68241691589355 83.05110931396484 129.68241691589355 138.23162078857422 108.50714111328125 138.23162078857422
109.50187683105469 77.11063385009766 128.21649169921875 77.11063385009766 128.21649169921875 137.55947875976562 109.50187683105469 137.55947875976562
